-3.000000000000000000e+01 6.391206768857898325e-03 5.076460107111564063e-03
-2.989999999999999858e+01 6.443011140307320674e-03 5.103192414860550745e-03
-2.979999999999999716e+01 6.495484602217198138e-03 5.130238493054545615e-03
-2.969999999999999574e+01 6.548639291965613340e-03 5.157604126764337403e-03
-2.959999999999999432e+01 6.602487634280423956e-03 5.185295245871923871e-03
-2.949999999999999289e+01 6.657042349694845297e-03 5.213317929635782715e-03
-2.939999999999999147e+01 6.712316463301709786e-03 5.241678411429528082e-03
-2.929999999999999005e+01 6.768323313818781425e-03 5.270383083661652271e-03
-2.919999999999998863e+01 6.825076562978021205e-03 5.299438502884460701e-03
-2.909999999999998721e+01 6.882590205252376789e-03 5.328851395100716801e-03
-2.899999999999998579e+01 6.940878577934290854e-03 5.358628661276928010e-03
-2.889999999999998437e+01 6.999956371580781656e-03 5.388777383072714151e-03
-2.879999999999998295e+01 7.059838640840730879e-03 5.419304828796143482e-03
-2.869999999999998153e+01 7.120540815680738954e-03 5.450218459595479459e-03
-2.859999999999998010e+01 7.182078713026686899e-03 5.481525935898314689e-03
-2.849999999999997868e+01 7.244468548839077052e-03 5.513235124109652253e-03
-2.839999999999997726e+01 7.307726950641005650e-03 5.545354103581118244e-03
-2.829999999999997584e+01 7.371870970518673225e-03 5.577891173864158066e-03
-2.819999999999997442e+01 7.436918098615277230e-03 5.610854862260735224e-03
-2.809999999999997300e+01 7.502886277140188680e-03 5.644253931685831033e-03
-2.799999999999997158e+01 7.569793914916477656e-03 5.678097388856787053e-03
-2.789999999999997016e+01 7.637659902490981020e-03 5.712394492825407198e-03
-2.779999999999996874e+01 7.706503627832365921e-03 5.747154763869587353e-03
-2.769999999999996732e+01 7.776344992644026143e-03 5.782387992762205720e-03
-2.759999999999996589e+01 7.847204429319930286e-03 5.818104250435996751e-03
-2.749999999999996447e+01 7.919102918573162758e-03 5.854313898064208814e-03
-2.739999999999996305e+01 7.992062007768346160e-03 5.891027597577955938e-03
-2.729999999999996163e+01 8.066103829990884863e-03 5.928256322642404784e-03
-2.719999999999996021e+01 8.141251123887700836e-03 5.966011370115237300e-03
-2.709999999999995879e+01 8.217527254315978510e-03 6.004304372012125336e-03
-2.699999999999995737e+01 8.294956233838524096e-03 6.043147308005525180e-03
-2.689999999999995595e+01 8.373562745106279820e-03 6.082552518484557122e-03
-2.679999999999995453e+01 8.453372164170976089e-03 6.122532718205465560e-03
-2.669999999999995310e+01 8.534410584773104158e-03 6.163101010563881189e-03
-2.659999999999995168e+01 8.616704843653089432e-03 6.204270902522045390e-03
-2.649999999999995026e+01 8.700282546936013994e-03 6.246056320226131033e-03
-2.639999999999994884e+01 8.785172097643362960e-03 6.288471625351020437e-03
-2.629999999999994742e+01 8.871402724388084693e-03 6.331531632212153773e-03
-2.619999999999994600e+01 8.959004511312609886e-03 6.375251625686566975e-03
-2.609999999999994458e+01 9.048008429332878022e-03 6.419647379987904537e-03
-2.599999999999994316e+01 9.138446368755138993e-03 6.464735178342993251e-03
-2.589999999999994174e+01 9.230351173336145271e-03 6.510531833620637754e-03
-2.579999999999994031e+01 9.323756675861591403e-03 6.557054709966555692e-03
-2.569999999999993889e+01 9.418697735322032610e-03 6.604321745501820669e-03
-2.559999999999993747e+01 9.515210275770388804e-03 6.652351476146061739e-03
-2.549999999999993605e+01 9.613331326950042693e-03 6.701163060630514930e-03
-2.539999999999993463e+01 9.713099066788161151e-03 6.750776306770548199e-03
-2.529999999999993321e+01 9.814552865854461738e-03 6.801211699071798428e-03
-2.519999999999993179e+01 9.917733333891995406e-03 6.852490427749125326e-03
-2.509999999999993037e+01 1.002268236853307709e-02 6.904634419243015943e-03
-2.499999999999992895e+01 1.012944320632062044e-02 6.957666368323773762e-03
-2.489999999999992752e+01 1.023806047616258180e-02 7.011609771880213636e-03
-2.479999999999992610e+01 1.034858025535568236e-02 7.066488964496231255e-03
-2.469999999999992468e+01 1.046105012832290390e-02 7.122329155925945059e-03
-2.459999999999992326e+01 1.057551924821891788e-02 7.179156470585938178e-03
-2.449999999999992184e+01 1.069203840156746771e-02 7.236997989191647218e-03
-2.439999999999992042e+01 1.081066007610560764e-02 7.295881792674081476e-03
-2.429999999999991900e+01 1.093143853202118224e-02 7.355837008522995296e-03
-2.419999999999991758e+01 1.105442987678247058e-02 7.416893859713383740e-03
-2.409999999999991616e+01 1.117969214377221958e-02 7.479083716383770966e-03
-2.399999999999991473e+01 1.130728537495276527e-02 7.542439150447397336e-03
-2.389999999999991331e+01 1.143727170780434871e-02 7.606993993331041815e-03
-2.379999999999991189e+01 1.156971546679556179e-02 7.672783397051094120e-03
-2.369999999999991047e+01 1.170468325966269978e-02 7.739843898852518181e-03
-2.359999999999990905e+01 1.184224407879440506e-02 7.808213489653980169e-03
-2.349999999999990763e+01 1.198246940803874248e-02 7.877931686561315955e-03
-2.339999999999990621e+01 1.212543333527265135e-02 7.949039609732326886e-03
-2.329999999999990479e+01 1.227121267109799671e-02 8.021580063898439000e-03
-2.319999999999990337e+01 1.241988707405513107e-02 8.095597624873371312e-03
-2.309999999999990195e+01 1.257153918277315735e-02 8.171138731405794969e-03
-2.299999999999990052e+01 1.272625475550732271e-02 8.248251782762276718e-03
-2.289999999999989910e+01 1.288412281754747202e-02 8.326987242458889008e-03
-2.279999999999989768e+01 1.304523581701772655e-02 8.407397748594797743e-03
-2.269999999999989626e+01 1.320968978962721099e-02 8.489538231279581890e-03
-2.259999999999989484e+01 1.337758453297439865e-02 8.573466037688036792e-03
-2.249999999999989342e+01 1.354902379105417908e-02 8.659241065322219669e-03
-2.239999999999989200e+01 1.372411544966741989e-02 8.746925904111173961e-03
-2.229999999999989058e+01 1.390297174348784776e-02 8.836585988034212705e-03
-2.219999999999988916e+01 1.408570947560101351e-02 8.928289757014779698e-03
-2.209999999999988773e+01 1.427245025039538401e-02 9.022108829899167654e-03
-2.199999999999988631e+01 1.446332072075699575e-02 9.118118189408341151e-03
-2.189999999999988489e+01 1.465845285059666839e-02 9.216396380032918292e-03
-2.179999999999988347e+01 1.485798419382384009e-02 9.317025719931475158e-03
-2.169999999999988205e+01 1.506205819097378162e-02 9.420092527991969292e-03
-2.159999999999988063e+01 1.527082448479662527e-02 9.525687367326429386e-03
-2.149999999999987921e+01 1.548443925622766323e-02 9.633905306591019832e-03
-2.139999999999987779e+01 1.570306558228029906e-02 9.744846200659037713e-03
-2.129999999999987637e+01 1.592687381753662632e-02 9.858614992324630372e-03
-2.119999999999987494e+01 1.615604200105718452e-02 9.975322036881941953e-03
-2.109999999999987352e+01 1.639075629069268458e-02 1.009508345161015848e-02
-2.099999999999987210e+01 1.663121142695753868e-02 1.021802149240180063e-02
-2.089999999999987068e+01 1.687761122882014062e-02 1.034426496000238026e-02
-2.079999999999986926e+01 1.713016912397955643e-02 1.047394963858703544e-02
-2.069999999999986784e+01 1.738910871643521705e-02 1.060721876968802324e-02
-2.059999999999986642e+01 1.765466439441747137e-02 1.074422356480918793e-02
-2.049999999999986500e+01 1.792708198203605413e-02 1.088512376042528353e-02
-2.039999999999986358e+01 1.820661943832217744e-02 1.103008821946960781e-02
-2.029999999999986215e+01 1.849354760769418571e-02 1.117929558386981936e-02
-2.019999999999986073e+01 1.878815102626782071e-02 1.133293498320528218e-02
-2.009999999999985931e+01 1.909072878886676483e-02 1.149120680513837991e-02
-1.999999999999985789e+01 1.940159548207121692e-02 1.165432353392600699e-02
-1.989999999999985647e+01 1.972108218917829545e-02 1.182251066405690630e-02
-1.979999999999985505e+01 2.004953757354406216e-02 1.199600769689797113e-02
-1.969999999999985363e+01 2.038732904744099822e-02 1.217506922918276148e-02
-1.959999999999985221e+01 2.073484403430462739e-02 1.235996614325535377e-02
-1.949999999999985079e+01 2.109249133306910495e-02 1.255098691021165787e-02
-1.939999999999984936e+01 2.146070259421372153e-02 1.274843901848211891e-02
-1.929999999999984794e+01 2.183993391817411200e-02 1.295265054200091248e-02
-1.919999999999984652e+01 2.223066758792653641e-02 1.316397186393944777e-02
-1.909999999999984510e+01 2.263341394884717250e-02 1.338277757408339042e-02
-1.899999999999984368e+01 2.304871345040000741e-02 1.360946856034687784e-02
-1.889999999999984226e+01 2.347713886583561657e-02 1.384447431769707075e-02
-1.879999999999984084e+01 2.391929770791443449e-02 1.408825550096843779e-02
-1.869999999999983942e+01 2.437583486072762012e-02 1.434130675175276232e-02
-1.859999999999983800e+01 2.484743545000737963e-02 1.460415983384498982e-02
-1.849999999999983658e+01 2.533482797693134905e-02 1.487738711671088114e-02
-1.839999999999983515e+01 2.583878774337203255e-02 1.516160545224493235e-02
-1.829999999999983373e+01 2.636014059986703170e-02 1.545748049685595135e-02
-1.819999999999983231e+01 2.689976705133981932e-02 1.576573153883261552e-02
-1.809999999999983089e+01 2.745860675984132526e-02 1.608713690022062215e-02
-1.799999999999982947e+01 2.803766348837456734e-02 1.642253999334872955e-02
-1.789999999999982805e+01 2.863801053527997159e-02 1.677285612499329268e-02
-1.779999999999982663e+01 2.926079671477834626e-02 1.713908015635792412e-02
-1.769999999999982521e+01 2.990725294618096566e-02 1.752229514504246438e-02
-1.759999999999982379e+01 3.057869952207792341e-02 1.792368211656494847e-02
-1.749999999999982236e+01 3.127655413461162548e-02 1.834453113849799505e-02
-1.739999999999982094e+01 3.200234074883949453e-02 1.878625390077040547e-02
-1.729999999999981952e+01 3.275769942329940371e-02 1.925039804225922579e-02
-1.719999999999981810e+01 3.354439719031731409e-02 1.973866350781737847e-02
-1.709999999999981668e+01 3.436434012242729763e-02 2.025292127304288356e-02
-1.699999999999981526e+01 3.521958672656832351e-02 2.079523483852237578e-02
-1.689999999999981384e+01 3.611236282448166551e-02 2.136788497364582040e-02
-1.679999999999981242e+01 3.704507809586700395e-02 2.197339828576345619e-02
-1.669999999999981100e+01 3.802034448012830969e-02 2.261458030771678826e-02
-1.659999999999980957e+01 3.904099665248566414e-02 2.329455394106843408e-02
-1.649999999999980815e+01 4.011011481002970530e-02 2.401680427064524156e-02
-1.639999999999980673e+01 4.123105002160343951e-02 2.478523098724268528e-02
-1.629999999999980531e+01 4.240745241006001198e-02 2.560420993106342011e-02
-1.619999999999980389e+01 4.364330244311540041e-02 2.647866561365217961e-02
-1.609999999999980247e+01 4.494294560453556547e-02 2.741415701024683613e-02
-1.599999999999980105e+01 4.631113069292201040e-02 2.841697946312208775e-02
-1.589999999999979963e+01 4.775305193899178485e-02 2.949428623323049198e-02
-1.579999999999979821e+01 4.927439502601559107e-02 3.065423412660445851e-02
-1.569999999999979678e+01 5.088138691483911485e-02 3.190615876244617954e-02
-1.559999999999979536e+01 5.258084907363187038e-02 3.326078652008022940e-02
-1.549999999999979394e+01 5.438025323100652286e-02 3.473049210701194267e-02
-1.539999999999979252e+01 5.628777801485908977e-02 3.632961317128497597e-02
-1.529999999999979110e+01 5.831236366372559432e-02 3.807483662813319902e-02
-1.519999999999978968e+01 6.046376018070769714e-02 3.998567563980234829e-02
-1.509999999999978826e+01 6.275256149908575720e-02 4.208506182392687811e-02
-1.499999999999978684e+01 6.519021390980932196e-02 4.440008473475031553e-02
-1.489999999999978542e+01 6.778898032722990852e-02 4.696292058368201072e-02
-1.479999999999978400e+01 7.056183161825316241e-02 4.981200535984971201e-02
-1.469999999999978257e+01 7.352222008472714121e-02 5.299352503086019600e-02
-1.459999999999978115e+01 7.668366488537586845e-02 5.656331864415935912e-02
-1.449999999999977973e+01 8.005903923307228220e-02 6.058932036204706106e-02
-1.439999999999977831e+01 8.365938567043051943e-02 6.515470503503537070e-02
-1.429999999999977689e+01 8.749198395351116819e-02 7.036194908477551302e-02
-1.419999999999977547e+01 9.155723193345655098e-02 7.633807124068146821e-02
-1.409999999999977405e+01 9.584363365217803132e-02 8.324136477992502559e-02
-1.399999999999977263e+01 1.003197560250597142e-01 9.126994335963423133e-02
-1.389999999999977121e+01 1.049213130984096021e-01 1.006723202076777179e-01
-1.379999999999976978e+01 1.095304097057580306e-01 1.117598488619990643e-01
-1.369999999999976836e+01 1.139422180254640454e-01 1.249197781868647827e-01
-1.359999999999976694e+01 1.178117892295882374e-01 1.406250618926082052e-01
-1.349999999999976552e+01 1.205704962193750590e-01 1.594311518297255870e-01
-1.339999999999976410e+01 1.212994138309212711e-01 1.819374508195158724e-01
-1.329999999999976268e+01 1.185520315354481324e-01 2.086666669492482917e-01
-1.319999999999976126e+01 1.101492011222988399e-01 2.397751180894954481e-01
-1.309999999999975984e+01 9.306593173634938876e-02 2.744664957995193166e-01
-1.299999999999975842e+01 6.374598548085227967e-02 3.100311779986928973e-01
-1.289999999999975699e+01 1.944920083205934139e-02 3.408194838764094237e-01
-1.279999999999975557e+01 -3.901308147103307866e-02 3.584004098840318231e-01
-1.269999999999975415e+01 -1.046200609899550493e-01 3.547386205361401368e-01
-1.259999999999975273e+01 -1.653413683390556888e-01 3.277175828751597852e-01
-1.249999999999975131e+01 -2.104124979655933314e-01 2.836386343716172376e-01
-1.239999999999974989e+01 -2.359523660048256644e-01 2.331429014634765484e-01
-1.229999999999974847e+01 -2.446576321027916778e-01 1.851020639081630004e-01
-1.219999999999974705e+01 -2.418925814816440256e-01 1.440411637710451720e-01
-1.209999999999974563e+01 -2.326050135760381887e-01 1.109882768389675728e-01
-1.199999999999974420e+01 -2.202637728261173933e-01 8.518939409900655457e-02
-1.189999999999974278e+01 -2.069618439833056656e-01 6.531897083988882913e-02
-1.179999999999974136e+01 -1.938364303709358694e-01 5.006285767143123927e-02
-1.169999999999973994e+01 -1.814436305316769193e-01 3.832006057972635327e-02
-1.159999999999973852e+01 -1.700122192113864561e-01 2.923187671447506977e-02
-1.149999999999973710e+01 -1.595967779210944182e-01 2.214991937701976665e-02
-1.139999999999973568e+01 -1.501647346352377732e-01 1.659105559496876908e-02
-1.129999999999973426e+01 -1.416440289652795281e-01 1.219640091136211038e-02
-1.119999999999973284e+01 -1.339484070978678443e-01 8.698698221783582318e-03
-1.109999999999973141e+01 -1.269903361754106119e-01 5.897807548788427598e-03
-1.099999999999972999e+01 -1.206871895719022758e-01 3.642760178387603395e-03
-1.089999999999972857e+01 -1.149638404149082166e-01 1.818757096577263820e-03
-1.079999999999972715e+01 -1.097533865237227818e-01 3.377713119243315812e-04
-1.069999999999972573e+01 -1.049969451950356625e-01 -8.682608603165758304e-04
-1.059999999999972431e+01 -1.006430234156920622e-01 -1.852397697396145591e-03
-1.049999999999972289e+01 -9.664673107947939490e-02 -2.656326067758371049e-03
-1.039999999999972147e+01 -9.296897437445790502e-02 -3.313044853601334380e-03
-1.029999999999972005e+01 -8.957569551552756193e-02 -3.848861978668842443e-03
-1.019999999999971863e+01 -8.643718684008745712e-02 -4.284892450935663157e-03
-1.009999999999971720e+01 -8.352748725924136197e-02 -4.638190992862296219e-03
-9.999999999999715783e+00 -8.082385900478993024e-02 -4.922615034793914254e-03
-9.899999999999714362e+00 -7.830633799492443814e-02 -5.149487212795128208e-03
-9.799999999999712941e+00 -7.595734943243097337e-02 -5.328107645074006693e-03
-9.699999999999711520e+00 -7.376138004470961240e-02 -5.466152812970479294e-03
-9.599999999999710099e+00 -7.170469890062966534e-02 -5.569988221964658134e-03
-9.499999999999708677e+00 -6.977511957397235232e-02 -5.644915044004472290e-03
-9.399999999999707256e+00 -6.796179734375969173e-02 -5.695365866300344804e-03
-9.299999999999705835e+00 -6.625505601539426193e-02 -5.725060950588745437e-03
-9.199999999999704414e+00 -6.464623976142604145e-02 -5.737133659722892798e-03
-9.099999999999702993e+00 -6.312758609803131860e-02 -5.734231666293953394e-03
-8.999999999999701572e+00 -6.169211673118681072e-02 -5.718599029629317654e-03
-8.899999999999700151e+00 -6.033354353164335077e-02 -5.692143076169679274e-03
-8.799999999999698730e+00 -5.904618734022984428e-02 -5.656489145371937366e-03
-8.699999999999697309e+00 -5.782490767575709095e-02 -5.613025597486710934e-03
-8.599999999999695888e+00 -5.666504172744898232e-02 -5.562940968684020743e-03
-8.499999999999694467e+00 -5.556235127202891616e-02 -5.507254764754915266e-03
-8.399999999999693046e+00 -5.451297637075067787e-02 -5.446843078696111951e-03
-8.299999999999691624e+00 -5.351339488099188940e-02 -5.382459978839506873e-03
-8.199999999999690203e+00 -5.256038696660687154e-02 -5.314755427071810208e-03
-8.099999999999688782e+00 -5.165100391614918518e-02 -5.244290339252283793e-03
-7.999999999999687361e+00 -5.078254068254830361e-02 -5.171549283213947197e-03
-7.899999999999685940e+00 -4.995251164535695343e-02 -5.096951216904699669e-03
-7.799999999999684519e+00 -4.915862917016461386e-02 -5.020858595074062514e-03
-7.699999999999683098e+00 -4.839878460158096585e-02 -4.943585113429512651e-03
-7.599999999999681677e+00 -4.767103137829564741e-02 -4.865402311277083544e-03
-7.499999999999680256e+00 -4.697357000273773286e-02 -4.786545214920777044e-03
-7.399999999999678835e+00 -4.630473463512736754e-02 -4.707217172650854202e-03
-7.299999999999677414e+00 -4.566298111333918358e-02 -4.627594006534951898e-03
-7.199999999999675993e+00 -4.504687622689554360e-02 -4.547827585284422436e-03
-7.099999999999674571e+00 -4.445508809633717806e-02 -4.468048905289883493e-03
-6.999999999999673150e+00 -4.388637752880748810e-02 -4.388370752782244470e-03
-6.899999999999671729e+00 -4.333959023745867500e-02 -4.308890008403426508e-03
-6.799999999999670308e+00 -4.281364982667974078e-02 -4.229689645804857526e-03
-6.699999999999668887e+00 -4.230755145752133212e-02 -4.150840467863360292e-03
-6.599999999999667466e+00 -4.182035611835728528e-02 -4.072402617416565930e-03
-6.499999999999666045e+00 -4.135118543503134292e-02 -3.994426893834280602e-03
-6.399999999999664624e+00 -4.089921696270575752e-02 -3.916955902064008302e-03
-6.299999999999663203e+00 -4.046367990853735885e-02 -3.840025056860772116e-03
-6.199999999999661782e+00 -4.004385124030827858e-02 -3.763663461604821198e-03
-6.099999999999660361e+00 -3.963905214136241584e-02 -3.687894678320608605e-03
-5.999999999999658939e+00 -3.924864477675395896e-02 -3.612737403150437059e-03
-5.899999999999657518e+00 -3.887202933949421291e-02 -3.538206059535650618e-03
-5.799999999999656097e+00 -3.850864134926622329e-02 -3.464311319658476204e-03
-5.699999999999654676e+00 -3.815794917903023165e-02 -3.391060563250430232e-03
-5.599999999999653255e+00 -3.781945178762573245e-02 -3.318458281638539138e-03
-5.499999999999651834e+00 -3.749267663883534829e-02 -3.246506433844975701e-03
-5.399999999999650413e+00 -3.717717778945531237e-02 -3.175204760651656726e-03
-5.299999999999648992e+00 -3.687253413075289310e-02 -3.104551061765267045e-03
-5.199999999999647571e+00 -3.657834776931366549e-02 -3.034541440551140248e-03
-5.099999999999646150e+00 -3.629424253471843359e-02 -2.965170520229762092e-03
-4.999999999999644729e+00 -3.601986260276360263e-02 -2.896431634933892448e-03
-4.899999999999643308e+00 -3.575487122407052659e-02 -2.828316998595855301e-03
-4.799999999999641886e+00 -3.549894954893532267e-02 -2.760817854263622560e-03
-4.699999999999640465e+00 -3.525179554016757977e-02 -2.693924606122745195e-03
-4.599999999999639044e+00 -3.501312296646529043e-02 -2.627626936221930370e-03
-4.499999999999637623e+00 -3.478266046958770896e-02 -2.561913907657209673e-03
-4.399999999999636202e+00 -3.456015069922625110e-02 -2.496774055758145278e-03
-4.299999999999634781e+00 -3.434534951004546838e-02 -2.432195468635048579e-03
-4.199999999999633360e+00 -3.413802521587885191e-02 -2.368165858285111152e-03
-4.099999999999631939e+00 -3.393795789652463007e-02 -2.304672623314415070e-03
-3.999999999999630518e+00 -3.374493875300048351e-02 -2.241702904209510582e-03
-3.899999999999629097e+00 -3.355876950748873377e-02 -2.179243631984010676e-03
-3.799999999999627676e+00 -3.337926184453899464e-02 -2.117281570930771781e-03
-3.699999999999626255e+00 -3.320623689039833154e-02 -2.055803356126786625e-03
-3.599999999999624833e+00 -3.303952472761227666e-02 -1.994795526264489614e-03
-3.499999999999623412e+00 -3.287896394228765479e-02 -1.934244552318541924e-03
-3.399999999999621991e+00 -3.272440120163192662e-02 -1.874136862500137488e-03
-3.299999999999620570e+00 -3.257569085958694766e-02 -1.814458863900533705e-03
-3.199999999999619149e+00 -3.243269458855900511e-02 -1.755196961181082309e-03
-3.099999999999617728e+00 -3.229528103541468020e-02 -1.696337572627674029e-03
-2.999999999999616307e+00 -3.216332550006396201e-02 -1.637867143852714778e-03
-2.899999999999614886e+00 -3.203670963509084452e-02 -1.579772159396899880e-03
-2.799999999999613465e+00 -3.191532116501792637e-02 -1.522039152455714056e-03
-2.699999999999612044e+00 -3.179905362390674645e-02 -1.464654712931244985e-03
-2.599999999999610623e+00 -3.168780611010105913e-02 -1.407605493988435801e-03
-2.499999999999609201e+00 -3.158148305701659331e-02 -1.350878217275640857e-03
-2.399999999999607780e+00 -3.147999401896898336e-02 -1.294459676952309287e-03
-2.299999999999606359e+00 -3.138325347111271119e-02 -1.238336742651504133e-03
-2.199999999999604938e+00 -3.129118062263799849e-02 -1.182496361491370152e-03
-2.099999999999603517e+00 -3.120369924244112761e-02 -1.126925559237662230e-03
-1.999999999999602096e+00 -3.112073749654639676e-02 -1.071611440708681879e-03
-1.899999999999600675e+00 -3.104222779661600096e-02 -1.016541189504417079e-03
-1.799999999999599254e+00 -3.096810665893775377e-02 -9.617020671331120464e-04
-1.699999999999597833e+00 -3.089831457333001158e-02 -9.070814116008819698e-04
-1.599999999999596412e+00 -3.083279588144900024e-02 -8.526666355231750719e-04
-1.499999999999594991e+00 -3.077149866402664746e-02 -7.984452238108358073e-04
-1.399999999999593570e+00 -3.071437463660620440e-02 -7.444047309780950535e-04
-1.299999999999592148e+00 -3.066137905338025410e-02 -6.905327781149680696e-04
-1.199999999999590727e+00 -3.061247061876991304e-02 -6.368170495622974339e-04
-1.099999999999589306e+00 -3.056761140641655813e-02 -5.832452893238175388e-04
-9.999999999995878852e-01 -3.052676678528744997e-02 -5.298052972462067613e-04
-8.999999999995864641e-01 -3.048990535262540574e-02 -4.764849249951404880e-04
-7.999999999995850430e-01 -3.045699887349950785e-02 -4.232720718526559144e-04
-6.999999999995836220e-01 -3.042802222673932425e-02 -3.701546803588028588e-04
-5.999999999995822009e-01 -3.040295335705942015e-02 -3.171207318185477637e-04
-4.999999999995807798e-01 -3.038177323320419287e-02 -2.641582416930631470e-04
-3.999999999995793587e-01 -3.036446581196498851e-02 -2.112552548930281618e-04
-2.999999999995779376e-01 -3.035101800794317087e-02 -1.583998409902835289e-04
-1.999999999995765165e-01 -3.034141966895309225e-02 -1.055800893630361517e-04
-9.999999999957509544e-02 -3.033566355697923586e-02 -5.278410428895090323e-05
4.263256414560601115e-13 -3.033374533462116288e-02 2.255140518769849223e-16
1.000000000004277467e-01 -3.033566355697927056e-02 5.278410428940106397e-05
2.000000000004291678e-01 -3.034141966895316164e-02 1.055800893634871798e-04
3.000000000004305889e-01 -3.035101800794326801e-02 1.583998409907354243e-04
4.000000000004320100e-01 -3.036446581196512035e-02 2.112552548934783225e-04
5.000000000004334311e-01 -3.038177323320435247e-02 2.641582416935141751e-04
6.000000000004348522e-01 -3.040295335705961791e-02 3.171207318190013939e-04
7.000000000004362732e-01 -3.042802222673954976e-02 3.701546803592551879e-04
8.000000000004376943e-01 -3.045699887349977153e-02 4.232720718531091109e-04
9.000000000004391154e-01 -3.048990535262570065e-02 4.764849249955941182e-04
1.000000000000440536e+00 -3.052676678528778303e-02 5.298052972466612588e-04
1.100000000000441958e+00 -3.056761140641692243e-02 5.832452893242742048e-04
1.200000000000443379e+00 -3.061247061877031550e-02 6.368170495627549672e-04
1.300000000000444800e+00 -3.066137905338068431e-02 6.905327781154256030e-04
1.400000000000446221e+00 -3.071437463660667971e-02 7.444047309785551889e-04
1.500000000000447642e+00 -3.077149866402715400e-02 7.984452238112981111e-04
1.600000000000449063e+00 -3.083279588144954148e-02 8.526666355236382430e-04
1.700000000000450484e+00 -3.089831457333059098e-02 9.070814116013468757e-04
1.800000000000451905e+00 -3.096810665893837133e-02 9.617020671335791207e-04
1.900000000000453326e+00 -3.104222779661664627e-02 1.016541189504885888e-03
2.000000000000454747e+00 -3.112073749654708371e-02 1.071611440709151989e-03
2.100000000000456168e+00 -3.120369924244185272e-02 1.126925559238134509e-03
2.200000000000457590e+00 -3.129118062263876177e-02 1.182496361491845033e-03
2.300000000000459011e+00 -3.138325347111351610e-02 1.238336742651980748e-03
2.400000000000460432e+00 -3.147999401896983684e-02 1.294459676952788938e-03
2.500000000000461853e+00 -3.158148305701748149e-02 1.350878217276124411e-03
2.600000000000463274e+00 -3.168780611010198894e-02 1.407605493988921090e-03
2.700000000000464695e+00 -3.179905362390771095e-02 1.464654712931731575e-03
2.800000000000466116e+00 -3.191532116501893945e-02 1.522039152456206284e-03
2.900000000000467537e+00 -3.203670963509190617e-02 1.579772159397394710e-03
3.000000000000468958e+00 -3.216332550006505836e-02 1.637867143853209608e-03
3.100000000000470379e+00 -3.229528103541583206e-02 1.696337572628173630e-03
3.200000000000471800e+00 -3.243269458856019860e-02 1.755196961181586246e-03
3.300000000000473221e+00 -3.257569085958819666e-02 1.814458863901041545e-03
3.400000000000474643e+00 -3.272440120163322419e-02 1.874136862500648364e-03
3.500000000000476064e+00 -3.287896394228900093e-02 1.934244552319057137e-03
3.600000000000477485e+00 -3.303952472761367831e-02 1.994795526265006995e-03
3.700000000000478906e+00 -3.320623689039978177e-02 2.055803356127308343e-03
3.800000000000480327e+00 -3.337926184454050038e-02 2.117281570931298269e-03
3.900000000000481748e+00 -3.355876950749028809e-02 2.179243631984541501e-03
4.000000000000483169e+00 -3.374493875300210027e-02 2.241702904210045311e-03
4.100000000000484590e+00 -3.393795789652630235e-02 2.304672623314954136e-03
4.200000000000486011e+00 -3.413802521588059358e-02 2.368165858285653253e-03
4.300000000000487432e+00 -3.434534951004726555e-02 2.432195468635598053e-03
4.400000000000488853e+00 -3.456015069922811767e-02 2.496774055758698655e-03
4.500000000000490274e+00 -3.478266046958963797e-02 2.561913907657768254e-03
4.600000000000491696e+00 -3.501312296646728883e-02 2.627626936222494155e-03
4.700000000000493117e+00 -3.525179554016964756e-02 2.693924606123312884e-03
4.800000000000494538e+00 -3.549894954893746679e-02 2.760817854264195018e-03
4.900000000000495959e+00 -3.575487122407275398e-02 2.828316998596433832e-03
5.000000000000497380e+00 -3.601986260276590635e-02 2.896431634934476182e-03
5.100000000000498801e+00 -3.629424253472080669e-02 2.965170520230351464e-03
5.200000000000500222e+00 -3.657834776931612880e-02 3.034541440551734390e-03
5.300000000000501643e+00 -3.687253413075544661e-02 3.104551061765866826e-03
5.400000000000503064e+00 -3.717717778945794915e-02 3.175204760652262145e-03
5.500000000000504485e+00 -3.749267663883808221e-02 3.246506433845586324e-03
5.600000000000505906e+00 -3.781945178762856352e-02 3.318458281639154097e-03
5.700000000000507328e+00 -3.815794917903317374e-02 3.391060563251052564e-03
5.800000000000508749e+00 -3.850864134926926946e-02 3.464311319659103307e-03
5.900000000000510170e+00 -3.887202933949737010e-02 3.538206059536282058e-03
6.000000000000511591e+00 -3.924864477675722718e-02 3.612737403151076304e-03
6.100000000000513012e+00 -3.963905214136581590e-02 3.687894678321253054e-03
6.200000000000514433e+00 -4.004385124031179660e-02 3.763663461605469985e-03
6.300000000000515854e+00 -4.046367990854099483e-02 3.840025056861424806e-03
6.400000000000517275e+00 -4.089921696270953921e-02 3.916955902064666629e-03
6.500000000000518696e+00 -4.135118543503527033e-02 3.994426893834945001e-03
6.600000000000520117e+00 -4.182035611836135841e-02 4.072402617417231196e-03
6.700000000000521538e+00 -4.230755145752556484e-02 4.150840467864029895e-03
6.800000000000522959e+00 -4.281364982668414698e-02 4.229689645805534068e-03
6.900000000000524381e+00 -4.333959023746324773e-02 4.308890008404101316e-03
7.000000000000525802e+00 -4.388637752881223431e-02 4.388370752782921880e-03
7.100000000000527223e+00 -4.445508809634212549e-02 4.468048905290565240e-03
7.200000000000528644e+00 -4.504687622690069226e-02 4.547827585285102447e-03
7.300000000000530065e+00 -4.566298111334454735e-02 4.627594006535630175e-03
7.400000000000531486e+00 -4.630473463513295335e-02 4.707217172651532479e-03
7.500000000000532907e+00 -4.697357000274356154e-02 4.786545214921453587e-03
7.600000000000534328e+00 -4.767103137830172588e-02 4.865402311277752280e-03
7.700000000000535749e+00 -4.839878460158730800e-02 4.943585113430177050e-03
7.800000000000537170e+00 -4.915862917017123357e-02 5.020858595074717372e-03
7.900000000000538591e+00 -4.995251164536386457e-02 5.096951216905343252e-03
8.000000000000540012e+00 -5.078254068255554088e-02 5.171549283214576034e-03
8.100000000000541434e+00 -5.165100391615676245e-02 5.244290339252895283e-03
8.200000000000542855e+00 -5.256038696661480270e-02 5.314755427072402616e-03
8.300000000000544276e+00 -5.351339488100020220e-02 5.382459978840072393e-03
8.400000000000545697e+00 -5.451297637075940006e-02 5.446843078696643643e-03
8.500000000000547118e+00 -5.556235127203808938e-02 5.507254764755409662e-03
8.600000000000548539e+00 -5.666504172745862045e-02 5.562940968684473506e-03
8.700000000000549960e+00 -5.782490767576722868e-02 5.613025597487111655e-03
8.800000000000551381e+00 -5.904618734024052323e-02 5.656489145372273902e-03
8.900000000000552802e+00 -6.033354353165462647e-02 5.692143076169944686e-03
9.000000000000554223e+00 -6.169211673119871786e-02 5.718599029629498065e-03
9.100000000000555644e+00 -6.312758609804389187e-02 5.734231666294034059e-03
9.200000000000557066e+00 -6.464623976143936412e-02 5.737133659722855501e-03
9.300000000000558487e+00 -6.625505601540838951e-02 5.725060950588571965e-03
9.400000000000559908e+00 -6.796179734377469361e-02 5.695365866300008267e-03
9.500000000000561329e+00 -6.977511957398831177e-02 5.644915044003943200e-03
9.600000000000562750e+00 -7.170469890064663787e-02 5.569988221963904397e-03
9.700000000000564171e+00 -7.376138004472772292e-02 5.466152812969457542e-03
9.800000000000565592e+00 -7.595734943245031900e-02 5.328107645072668354e-03
9.900000000000567013e+00 -7.830633799494515768e-02 5.149487212793409097e-03
1.000000000000056843e+01 -8.082385900481216245e-02 4.922615034791747585e-03
1.010000000000056986e+01 -8.352748725926527340e-02 4.638190992859595255e-03
1.020000000000057128e+01 -8.643718684011320041e-02 4.284892450932319477e-03
1.030000000000057270e+01 -8.957569551555538689e-02 3.848861978664724643e-03
1.040000000000057412e+01 -9.296897437448800594e-02 3.313044853596285033e-03
1.050000000000057554e+01 -9.664673107951206321e-02 2.656326067752183724e-03
1.060000000000057696e+01 -1.006430234157275894e-01 1.852397697388569620e-03
1.070000000000057838e+01 -1.049969451950744093e-01 8.682608603073050345e-04
1.080000000000057980e+01 -1.097533865237652062e-01 -3.377713119356979231e-04
1.090000000000058122e+01 -1.149638404149547211e-01 -1.818757096591244390e-03
1.100000000000058265e+01 -1.206871895719534293e-01 -3.642760178404847414e-03
1.110000000000058407e+01 -1.269903361754670668e-01 -5.897807548809792452e-03
1.120000000000058549e+01 -1.339484070979301555e-01 -8.698698221810192976e-03
1.130000000000058691e+01 -1.416440289653485285e-01 -1.219640091139542748e-02
1.140000000000058833e+01 -1.501647346353142121e-01 -1.659105559501077021e-02
1.150000000000058975e+01 -1.595967779211789617e-01 -2.214991937707306777e-02
1.160000000000059117e+01 -1.700122192114795761e-01 -2.923187671454322012e-02
1.170000000000059259e+01 -1.814436305317786435e-01 -3.832006057981410252e-02
1.180000000000059401e+01 -1.938364303710451431e-01 -5.006285767154495386e-02
1.190000000000059543e+01 -2.069618439834194634e-01 -6.531897084003684961e-02
1.200000000000059686e+01 -2.202637728262288319e-01 -8.518939409919928929e-02
1.210000000000059828e+01 -2.326050135761341953e-01 -1.109882768392167485e-01
1.220000000000059970e+01 -2.418925814817014519e-01 -1.440411637713608639e-01
1.230000000000060112e+01 -2.446576321027742473e-01 -1.851020639085463604e-01
1.240000000000060254e+01 -2.359523660046865534e-01 -2.331429014639062325e-01
1.250000000000060396e+01 -2.104124979652923499e-01 -2.836386343720356806e-01
1.260000000000060538e+01 -1.653413683385934196e-01 -3.277175828754768094e-01
1.270000000000060680e+01 -1.046200609893980921e-01 -3.547386205362741407e-01
1.280000000000060822e+01 -3.901308147048939551e-02 -3.584004098839637109e-01
1.290000000000060965e+01 1.944920083250253548e-02 -3.408194838761900436e-01
1.300000000000061107e+01 6.374598548116379437e-02 -3.100311779983996319e-01
1.310000000000061249e+01 9.306593173654213735e-02 -2.744664957992141163e-01
1.320000000000061391e+01 1.101492011224025902e-01 -2.397751180892127298e-01
1.330000000000061533e+01 1.185520315354919862e-01 -2.086666669490014614e-01
1.340000000000061675e+01 1.212994138309273356e-01 -1.819374508193065954e-01
1.350000000000061817e+01 1.205704962193586277e-01 -1.594311518295503105e-01
1.360000000000061959e+01 1.178117892295589414e-01 -1.406250618924618778e-01
1.370000000000062101e+01 1.139422180254281436e-01 -1.249197781867424778e-01
1.380000000000062244e+01 1.095304097057192005e-01 -1.117598488618962993e-01
1.390000000000062386e+01 1.049213130983701059e-01 -1.006723202075908569e-01
1.400000000000062528e+01 1.003197560250208981e-01 -9.126994335956033211e-02
1.410000000000062670e+01 9.584363365214060293e-02 -8.324136477986168736e-02
1.420000000000062812e+01 9.155723193342091282e-02 -7.633807124062681748e-02
1.430000000000062954e+01 8.749198395347747292e-02 -7.036194908472802323e-02
1.440000000000063096e+01 8.365938567039883644e-02 -6.515470503499384836e-02
1.450000000000063238e+01 8.005903923304254211e-02 -6.058932036201056248e-02
1.460000000000063380e+01 7.668366488534801573e-02 -5.656331864412707938e-02
1.470000000000063523e+01 7.352222008470105097e-02 -5.299352503083148980e-02
1.480000000000063665e+01 7.056183161822872363e-02 -4.981200535982407973e-02
1.490000000000063807e+01 6.778898032720703792e-02 -4.696292058365900135e-02
1.500000000000063949e+01 6.519021390978785302e-02 -4.440008473472955436e-02
1.510000000000064091e+01 6.275256149906564829e-02 -4.208506182390810146e-02
1.520000000000064233e+01 6.046376018068878172e-02 -3.998567563978527861e-02
1.530000000000064375e+01 5.831236366370780300e-02 -3.807483662811763508e-02
1.540000000000064517e+01 5.628777801484235316e-02 -3.632961317127074430e-02
1.550000000000064659e+01 5.438025323099072994e-02 -3.473049210699888367e-02
1.560000000000064801e+01 5.258084907361695870e-02 -3.326078652006819736e-02
1.570000000000064944e+01 5.088138691482502196e-02 -3.190615876243507731e-02
1.580000000000065086e+01 4.927439502600226839e-02 -3.065423412659419589e-02
1.590000000000065228e+01 4.775305193897916994e-02 -2.949428623322096488e-02
1.600000000000065370e+01 4.631113069291005468e-02 -2.841697946311323372e-02
1.610000000000065512e+01 4.494294560452419263e-02 -2.741415701023858578e-02
1.620000000000065654e+01 4.364330244310458962e-02 -2.647866561364447396e-02
1.630000000000065796e+01 4.240745241004974242e-02 -2.560420993105621060e-02
1.640000000000065938e+01 4.123105002159364874e-02 -2.478523098723592680e-02
1.650000000000066080e+01 4.011011481002038637e-02 -2.401680427063889248e-02
1.660000000000066223e+01 3.904099665247676154e-02 -2.329455394106245622e-02
1.670000000000066365e+01 3.802034448011981649e-02 -2.261458030771115735e-02
1.680000000000066507e+01 3.704507809585887851e-02 -2.197339828575815140e-02
1.690000000000066649e+01 3.611236282447388007e-02 -2.136788497364079664e-02
1.700000000000066791e+01 3.521958672656087808e-02 -2.079523483851762611e-02
1.710000000000066933e+01 3.436434012242015751e-02 -2.025292127303838369e-02
1.720000000000067075e+01 3.354439719031047235e-02 -1.973866350781310758e-02
1.730000000000067217e+01 3.275769942329282564e-02 -1.925039804225516654e-02
1.740000000000067359e+01 3.200234074883318014e-02 -1.878625390076655091e-02
1.750000000000067502e+01 3.127655413460556089e-02 -1.834453113849432090e-02
1.760000000000067644e+01 3.057869952207208086e-02 -1.792368211656144086e-02
1.770000000000067786e+01 2.990725294617534169e-02 -1.752229514503911637e-02
1.780000000000067928e+01 2.926079671477294433e-02 -1.713908015635472876e-02
1.790000000000068070e+01 2.863801053527476048e-02 -1.677285612499024303e-02
1.800000000000068212e+01 2.803766348836954359e-02 -1.642253999334580827e-02
1.810000000000068354e+01 2.745860675983647498e-02 -1.608713690021781884e-02
1.820000000000068496e+01 2.689976705133513904e-02 -1.576573153882993364e-02
1.830000000000068638e+01 2.636014059986251101e-02 -1.545748049685337876e-02
1.840000000000068781e+01 2.583878774336766104e-02 -1.516160545224245863e-02
1.850000000000068923e+01 2.533482797692712674e-02 -1.487738711670850630e-02
1.860000000000069065e+01 2.484743545000329262e-02 -1.460415983384270866e-02
1.870000000000069207e+01 2.437583486072366495e-02 -1.434130675175056616e-02
1.880000000000069349e+01 2.391929770791060075e-02 -1.408825550096631969e-02
1.890000000000069491e+01 2.347713886583190773e-02 -1.384447431769503245e-02
1.900000000000069633e+01 2.304871345039641653e-02 -1.360946856034491066e-02
1.910000000000069775e+01 2.263341394884368224e-02 -1.338277757408148916e-02
1.920000000000069917e+01 2.223066758792315370e-02 -1.316397186393761590e-02
1.930000000000070060e+01 2.183993391817083338e-02 -1.295265054199913959e-02
1.940000000000070202e+01 2.146070259421052964e-02 -1.274843901848040501e-02
1.950000000000070344e+01 2.109249133306601368e-02 -1.255098691021000294e-02
1.960000000000070486e+01 2.073484403430162284e-02 -1.235996614325375262e-02
1.970000000000070628e+01 2.038732904743807348e-02 -1.217506922918121064e-02
1.980000000000070770e+01 2.004953757354122415e-02 -1.199600769689646712e-02
1.990000000000070912e+01 1.972108218917553030e-02 -1.182251066405545260e-02
2.000000000000071054e+01 1.940159548206853157e-02 -1.165432353392459493e-02
2.010000000000071196e+01 1.909072878886414887e-02 -1.149120680513701122e-02
2.020000000000071338e+01 1.878815102626528108e-02 -1.133293498320395339e-02
2.030000000000071481e+01 1.849354760769171199e-02 -1.117929558386852873e-02
2.040000000000071623e+01 1.820661943831975924e-02 -1.103008821946835534e-02
2.050000000000071765e+01 1.792708198203370185e-02 -1.088512376042406402e-02
2.060000000000071907e+01 1.765466439441517460e-02 -1.074422356480800138e-02
2.070000000000072049e+01 1.738910871643297579e-02 -1.060721876968686965e-02
2.080000000000072191e+01 1.713016912397738456e-02 -1.047394963858591828e-02
2.090000000000072333e+01 1.687761122881801731e-02 -1.034426496000129085e-02
2.100000000000072475e+01 1.663121142695545701e-02 -1.021802149240074072e-02
2.110000000000072617e+01 1.639075629069065843e-02 -1.009508345160912285e-02
2.120000000000072760e+01 1.615604200105520694e-02 -9.975322036880935814e-03
2.130000000000072902e+01 1.592687381753469383e-02 -9.858614992323648518e-03
2.140000000000073044e+01 1.570306558227841515e-02 -9.744846200658081881e-03
2.150000000000073186e+01 1.548443925622581749e-02 -9.633905306590084816e-03
2.160000000000073328e+01 1.527082448479482463e-02 -9.525687367325516922e-03
2.170000000000073470e+01 1.506205819097202261e-02 -9.420092527991079379e-03
2.180000000000073612e+01 1.485798419382211751e-02 -9.317025719930606062e-03
2.190000000000073754e+01 1.465845285059498918e-02 -9.216396380032071747e-03
2.200000000000073896e+01 1.446332072075534950e-02 -9.118118189407511953e-03
2.210000000000074039e+01 1.427245025039377418e-02 -9.022108829898357538e-03
2.220000000000074181e+01 1.408570947559943665e-02 -8.928289757013988664e-03
2.230000000000074323e+01 1.390297174348630385e-02 -8.836585988033437283e-03
2.240000000000074465e+01 1.372411544966590895e-02 -8.746925904110417621e-03
2.250000000000074607e+01 1.354902379105270283e-02 -8.659241065321478942e-03
2.260000000000074749e+01 1.337758453297295536e-02 -8.573466037687313412e-03
2.270000000000074891e+01 1.320968978962579546e-02 -8.489538231278874122e-03
2.280000000000075033e+01 1.304523581701633531e-02 -8.407397748594105588e-03
2.290000000000075175e+01 1.288412281754611199e-02 -8.326987242458210731e-03
2.300000000000075318e+01 1.272625475550599045e-02 -8.248251782761612319e-03
2.310000000000075460e+01 1.257153918277184937e-02 -8.171138731405142713e-03
2.320000000000075602e+01 1.241988707405385604e-02 -8.095597624872736403e-03
2.330000000000075744e+01 1.227121267109674077e-02 -8.021580063897814500e-03
2.340000000000075886e+01 1.212543333527141970e-02 -7.949039609731714529e-03
2.350000000000076028e+01 1.198246940803753685e-02 -7.877931686560717475e-03
2.360000000000076170e+01 1.184224407879322025e-02 -7.808213489653391230e-03
2.370000000000076312e+01 1.170468325966153578e-02 -7.739843898851939651e-03
2.380000000000076454e+01 1.156971546679442034e-02 -7.672783397050526866e-03
2.390000000000076597e+01 1.143727170780322808e-02 -7.606993993330487570e-03
2.400000000000076739e+01 1.130728537495166545e-02 -7.542439150446850898e-03
2.410000000000076881e+01 1.117969214377114058e-02 -7.479083716383234069e-03
2.420000000000077023e+01 1.105442987678140719e-02 -7.416893859712858118e-03
2.430000000000077165e+01 1.093143853202014314e-02 -7.355837008522480083e-03
2.440000000000077307e+01 1.081066007610458415e-02 -7.295881792673574069e-03
2.450000000000077449e+01 1.069203840156646504e-02 -7.236997989191149352e-03
2.460000000000077591e+01 1.057551924821793082e-02 -7.179156470585448119e-03
2.470000000000077733e+01 1.046105012832193940e-02 -7.122329155925465408e-03
2.480000000000077875e+01 1.034858025535473174e-02 -7.066488964495760278e-03
2.490000000000078018e+01 1.023806047616164852e-02 -7.011609771879749597e-03
2.500000000000078160e+01 1.012944320631970103e-02 -6.957666368323317529e-03
2.510000000000078302e+01 1.002268236853217677e-02 -6.904634419242567517e-03
2.520000000000078444e+01 9.917733333891107228e-03 -6.852490427748685574e-03
2.530000000000078586e+01 9.814552865853587438e-03 -6.801211699071363012e-03
2.540000000000078728e+01 9.713099066787305932e-03 -6.750776306770122324e-03
2.550000000000078870e+01 9.613331326949203087e-03 -6.701163060630096861e-03
2.560000000000079012e+01 9.515210275769556136e-03 -6.652351476145648874e-03
2.570000000000079154e+01 9.418697735321215556e-03 -6.604321745501414744e-03
2.580000000000079297e+01 9.323756675860788226e-03 -6.557054709966154103e-03
2.590000000000079439e+01 9.230351173335357706e-03 -6.510531833620245706e-03
2.600000000000079581e+01 9.138446368754363572e-03 -6.464735178342605540e-03
2.610000000000079723e+01 9.048008429332114744e-03 -6.419647379987522898e-03
2.620000000000079865e+01 8.959004511311860486e-03 -6.375251625686191408e-03
2.630000000000080007e+01 8.871402724387349170e-03 -6.331531632211784277e-03
2.640000000000080149e+01 8.785172097642634376e-03 -6.288471625350657013e-03
2.650000000000080291e+01 8.700282546935292349e-03 -6.246056320225771077e-03
2.660000000000080433e+01 8.616704843652383400e-03 -6.204270902521690639e-03
2.670000000000080576e+01 8.534410584772410269e-03 -6.163101010563533377e-03
2.680000000000080718e+01 8.453372164170289138e-03 -6.122532718205122085e-03
2.690000000000080860e+01 8.373562745105606747e-03 -6.082552518484218851e-03
2.700000000000081002e+01 8.294956233837857962e-03 -6.043147308005190378e-03
2.710000000000081144e+01 8.217527254315324520e-03 -6.004304372011795739e-03
2.720000000000081286e+01 8.141251123887050314e-03 -5.966011370114912907e-03
2.730000000000081428e+01 8.066103829990248220e-03 -5.928256322642086462e-03
2.740000000000081570e+01 7.992062007767718190e-03 -5.891027597577640218e-03
2.750000000000081712e+01 7.919102918572545197e-03 -5.854313898063899166e-03
2.760000000000081855e+01 7.847204429319319663e-03 -5.818104250435690572e-03
2.770000000000081997e+01 7.776344992643425928e-03 -5.782387992761903010e-03
2.780000000000082139e+01 7.706503627831776115e-03 -5.747154763869288981e-03
2.790000000000082281e+01 7.637659902490398153e-03 -5.712394492825113163e-03
2.800000000000082423e+01 7.569793914915903463e-03 -5.678097388856496487e-03
2.810000000000082565e+01 7.502886277139620558e-03 -5.644253931685543069e-03
2.820000000000082707e+01 7.436918098614716047e-03 -5.610854862260450729e-03
2.830000000000082849e+01 7.371870970518124185e-03 -5.577891173863877908e-03
2.840000000000082991e+01 7.307726950640463549e-03 -5.545354103580842423e-03
2.850000000000083134e+01 7.244468548838539287e-03 -5.513235124109379902e-03
2.860000000000083276e+01 7.182078713026159543e-03 -5.481525935898047541e-03
2.870000000000083418e+01 7.120540815680215935e-03 -5.450218459595214046e-03
2.880000000000083560e+01 7.059838640840217401e-03 -5.419304828795880671e-03
2.890000000000083702e+01 6.999956371580274249e-03 -5.388777383072454810e-03
2.900000000000083844e+01 6.940878577933791253e-03 -5.358628661276671271e-03
2.910000000000083986e+01 6.882590205251883260e-03 -5.328851395100463531e-03
2.920000000000084128e+01 6.825076562977533748e-03 -5.299438502884210901e-03
2.930000000000084270e+01 6.768323313818300040e-03 -5.270383083661405940e-03
2.940000000000084412e+01 6.712316463301233604e-03 -5.241678411429284354e-03
2.950000000000084555e+01 6.657042349694375187e-03 -5.213317929635542455e-03
2.960000000000084697e+01 6.602487634279959917e-03 -5.185295245871685346e-03
2.970000000000084839e+01 6.548639291965155373e-03 -5.157604126764102348e-03
2.980000000000084981e+01 6.495484602216749712e-03 -5.130238493054314897e-03
2.990000000000085123e+01 6.443011140306875717e-03 -5.103192414860321761e-03
