-3.200000000000000000e+01 1.236287523754393478e-02 2.587992915507587172e-03
-3.189999999999999858e+01 1.252546111652277569e-02 2.651991242499460427e-03
-3.179999999999999716e+01 1.269178646657212126e-02 2.718347790642424659e-03
-3.169999999999999574e+01 1.286197418253365830e-02 2.787178503301282993e-03
-3.159999999999999432e+01 1.303615222325552742e-02 2.858606442042848153e-03
-3.149999999999999289e+01 1.321445384504885828e-02 2.932762309352617957e-03
-3.139999999999999147e+01 1.339701784504558624e-02 3.009785015870480775e-03
-3.129999999999999005e+01 1.358398881456513926e-02 3.089822296458662621e-03
-3.119999999999998863e+01 1.377551740245518477e-02 3.173031379853915885e-03
-3.109999999999998721e+01 1.397176058825734188e-02 3.259579717168153718e-03
-3.099999999999998579e+01 1.417288196497117070e-02 3.349645775103050373e-03
-3.089999999999998437e+01 1.437905203092286477e-02 3.443419900345438909e-03
-3.079999999999998295e+01 1.459044849012973953e-02 3.541105262371495744e-03
-3.069999999999998153e+01 1.480725656023204086e-02 3.642918882667008258e-03
-3.059999999999998010e+01 1.502966928674299811e-02 3.749092759270900369e-03
-3.049999999999997868e+01 1.525788786205127881e-02 3.859875096593721761e-03
-3.039999999999997726e+01 1.549212194703239107e-02 3.975531651547241536e-03
-3.029999999999997584e+01 1.573258999266431354e-02 4.096347208346413221e-03
-3.019999999999997442e+01 1.597951955828306320e-02 4.222627195743009973e-03
-3.009999999999997300e+01 1.623314762227261870e-02 4.354699462052608050e-03
-2.999999999999997158e+01 1.649372088005045256e-02 4.492916225180661888e-03
-2.989999999999997016e+01 1.676149602286217816e-02 4.637656216816323125e-03
-2.979999999999996874e+01 1.703673998954377544e-02 4.789327042301384091e-03
-2.969999999999996732e+01 1.731973018154336907e-02 4.948367780196246540e-03
-2.959999999999996589e+01 1.761075462932924773e-02 5.115251848426450101e-03
-2.949999999999996447e+01 1.791011209579066940e-02 5.290490167158106924e-03
-2.939999999999996305e+01 1.821811209894140526e-02 5.474634652071560734e-03
-2.929999999999996163e+01 1.853507483256395041e-02 5.668282075809175091e-03
-2.919999999999996021e+01 1.886133095872884191e-02 5.872078339818381093e-03
-2.909999999999995879e+01 1.919722124053566820e-02 6.086723203810343215e-03
-2.899999999999995737e+01 1.954309597676840218e-02 6.312975525676388019e-03
-2.889999999999995595e+01 1.989931419181038136e-02 6.551659070746090885e-03
-2.879999999999995453e+01 2.026624252440848567e-02 6.803668956129263132e-03
-2.869999999999995310e+01 2.064425374674456332e-02 7.069978803199710067e-03
-2.859999999999995168e+01 2.103372483067124030e-02 7.351648679259211935e-03
-2.849999999999995026e+01 2.143503446037485494e-02 7.649833918055571648e-03
-2.839999999999994884e+01 2.184855986902634051e-02 7.965794917702408856e-03
-2.829999999999994742e+01 2.227467285103368680e-02 8.300908023962700819e-03
-2.819999999999994600e+01 2.271373476962894322e-02 8.656677616034641476e-03
-2.809999999999994458e+01 2.316609034091507424e-02 9.034749520753603338e-03
-2.799999999999994316e+01 2.363205992873561312e-02 9.436925888882962549e-03
-2.789999999999994174e+01 2.411193002754127498e-02 9.865181672514565514e-03
-2.779999999999994031e+01 2.460594154150097176e-02 1.032168284478434533e-02
-2.769999999999993889e+01 2.511427538413695329e-02 1.080880649950437603e-02
-2.759999999999993747e+01 2.563703482130105099e-02 1.132916295653116530e-02
-2.749999999999993605e+01 2.617422385798611612e-02 1.188561997496524747e-02
-2.739999999999993463e+01 2.672572082182544939e-02 1.248132913472942140e-02
-2.729999999999993321e+01 2.729124611982669535e-02 1.311975438131475491e-02
-2.719999999999993179e+01 2.787032293448305637e-02 1.380470262772868703e-02
-2.709999999999993037e+01 2.846222937705595105e-02 1.454035615905064499e-02
-2.699999999999992895e+01 2.906594032584654957e-02 1.533130637062348096e-02
-2.689999999999992752e+01 2.968005684297330554e-02 1.618258806598043067e-02
-2.679999999999992610e+01 3.030272068692875867e-02 1.709971311468371641e-02
-2.669999999999992468e+01 3.093151102624072321e-02 1.808870168072088808e-02
-2.659999999999992326e+01 3.156332002985964835e-02 1.915610842649421997e-02
-2.649999999999992184e+01 3.219420359585024871e-02 2.030904000885451477e-02
-2.639999999999992042e+01 3.281920313930336564e-02 2.155515872858961707e-02
-2.629999999999991900e+01 3.343213419064686165e-02 2.290266527800160004e-02
-2.619999999999991758e+01 3.402533770792495749e-02 2.436025104331829977e-02
-2.609999999999991616e+01 3.458939071427244438e-02 2.593700725399962145e-02
-2.599999999999991473e+01 3.511277447779181243e-02 2.764227434766421826e-02
-2.589999999999991331e+01 3.558150144393125436e-02 2.948541022217211760e-02
-2.579999999999991189e+01 3.597870718155547071e-02 3.147545070893062458e-02
-2.569999999999991047e+01 3.628422158388487639e-02 3.362063001816803509e-02
-2.559999999999990905e+01 3.647414552779287833e-02 3.592772392544419519e-02
-2.549999999999990763e+01 3.652047626302755423e-02 3.840117563755546942e-02
-2.539999999999990621e+01 3.639084789447617763e-02 4.104196615475943360e-02
-2.529999999999990479e+01 3.604848259741151584e-02 4.384620141458912823e-02
-2.519999999999990337e+01 3.545248212599919763e-02 4.680341289403661120e-02
-2.509999999999990195e+01 3.455862308203626332e-02 4.989461309833589236e-02
-2.499999999999990052e+01 3.332084376854382857e-02 5.309021868247397469e-02
-2.489999999999989910e+01 3.169360929045354769e-02 5.634805480352453322e-02
-2.479999999999989768e+01 2.963529240891425026e-02 5.961177931938806129e-02
-2.469999999999989626e+01 2.711258512498387202e-02 6.281019409325608316e-02
-2.459999999999989484e+01 2.410574156744500068e-02 6.585800112896036951e-02
-2.449999999999989342e+01 2.061415190811324155e-02 6.865855058385977872e-02
-2.439999999999989200e+01 1.666140952766441419e-02 7.110894572703303773e-02
-2.429999999999989058e+01 1.229876557146708516e-02 7.310747261110300821e-02
-2.419999999999988916e+01 7.605813329365948908e-03 7.456273853709773081e-02
-2.409999999999988773e+01 2.687540873983360057e-03 7.540327081819186983e-02
-2.399999999999988631e+01 -2.332436873434274791e-03 7.558587814063931487e-02
-2.389999999999988489e+01 -7.321747881099629866e-03 7.510105050355843359e-02
-2.379999999999988347e+01 -1.215067192416142625e-02 7.397418248850275158e-02
-2.369999999999988205e+01 -1.670307812126454322e-02 7.226233445034696556e-02
-2.359999999999988063e+01 -2.088501960565212687e-02 7.004727930510160072e-02
-2.349999999999987921e+01 -2.462977966240539190e-02 6.742634858896501271e-02
-2.339999999999987779e+01 -2.789907996408379220e-02 6.450285394571340924e-02
-2.329999999999987637e+01 -3.068099061424009802e-02 6.137761494093591647e-02
-2.319999999999987494e+01 -3.298558790271097912e-02 5.814255854045448368e-02
-2.309999999999987352e+01 -3.483953016606870789e-02 5.487672117719082088e-02
-2.299999999999987210e+01 -3.628055205603425426e-02 5.164447611633657398e-02
-2.289999999999987068e+01 -3.735256097712476298e-02 4.849551230818807679e-02
-2.279999999999986926e+01 -3.810168905797790828e-02 4.546599561823864294e-02
-2.269999999999986784e+01 -3.857338980429697584e-02 4.258038789266809648e-02
-2.259999999999986642e+01 -3.881049759425188317e-02 3.985351397719701094e-02
-2.249999999999986500e+01 -3.885208235638650670e-02 3.729259758754449594e-02
-2.239999999999986358e+01 -3.873290776512258726e-02 3.489910232171792442e-02
-2.229999999999986215e+01 -3.848331426801860494e-02 3.267030141746388172e-02
-2.219999999999986073e+01 -3.812937856709466833e-02 3.060055832299396830e-02
-2.209999999999985931e+01 -3.769323593613187195e-02 2.868233472445140195e-02
-2.199999999999985789e+01 -3.719348389641419922e-02 2.690695992278432924e-02
-2.189999999999985647e+01 -3.664561227217728173e-02 2.526520140441176551e-02
-2.179999999999985505e+01 -3.606242489109529048e-02 2.374767577099250182e-02
-2.169999999999985363e+01 -3.545443278380724927e-02 2.234513512548666481e-02
-2.159999999999985221e+01 -3.483020873184490551e-02 2.104865861191902027e-02
-2.149999999999985079e+01 -3.419669952755345632e-02 1.984977326200640380e-02
-2.139999999999984936e+01 -3.355949632017393713e-02 1.874052322896319761e-02
-2.129999999999984794e+01 -3.292306570705127999e-02 1.771350214161979825e-02
-2.119999999999984652e+01 -3.229094537118983033e-02 1.676185974348552016e-02
-2.109999999999984510e+01 -3.166590848443088385e-02 1.587929114053749854e-02
-2.099999999999984368e+01 -3.105010107631796246e-02 1.506001476885134895e-02
-2.089999999999984226e+01 -3.044515630564599562e-02 1.429874350155695660e-02
-2.079999999999984084e+01 -2.985228918809466891e-02 1.359065203904907988e-02
-2.069999999999983942e+01 -2.927237490632177142e-02 1.293134277658673954e-02
-2.059999999999983800e+01 -2.870601340472867663e-02 1.231681164494532847e-02
-2.049999999999983658e+01 -2.815358257378650086e-02 1.174341491077296115e-02
-2.039999999999983515e+01 -2.761528197151923159e-02 1.120783755763441435e-02
-2.029999999999983373e+01 -2.709116871593241979e-02 1.070706360883981988e-02
-2.019999999999983231e+01 -2.658118691142545217e-02 1.023834857126793528e-02
-2.009999999999983089e+01 -2.608519174216607922e-02 9.799194055023859387e-03
-1.999999999999982947e+01 -2.560296917091940336e-02 9.387324540213503113e-03
-1.989999999999982805e+01 -2.513425201937589254e-02 9.000666208674738128e-03
-1.979999999999982663e+01 -2.467873307056397958e-02 8.637327725947224408e-03
-1.969999999999982521e+01 -2.423607572140706878e-02 8.295582840885164580e-03
-1.959999999999982379e+01 -2.380592262075123533e-02 7.973854662951092298e-03
-1.949999999999982236e+01 -2.338790265120481437e-02 7.670701476357956808e-03
-1.939999999999982094e+01 -2.298163655000899988e-02 7.384803954178248246e-03
-1.929999999999981952e+01 -2.258674141204025654e-02 7.114953642167375081e-03
-1.919999999999981810e+01 -2.220283427502559373e-02 6.860042590229992708e-03
-1.909999999999981668e+01 -2.182953495196133034e-02 6.619054018675372096e-03
-1.899999999999981526e+01 -2.146646824648014082e-02 6.391053915580473255e-03
-1.889999999999981384e+01 -2.111326566313952505e-02 6.175183470854495038e-03
-1.879999999999981242e+01 -2.076956670491899790e-02 5.970652261402757850e-03
-1.869999999999981100e+01 -2.043501983389589896e-02 5.776732110022657352e-03
-1.859999999999980957e+01 -2.010928315789294388e-02 5.592751548486765527e-03
-1.849999999999980815e+01 -1.979202489470555798e-02 5.418090822254146254e-03
-1.839999999999980673e+01 -1.948292365654796104e-02 5.252177380792517544e-03
-1.829999999999980531e+01 -1.918166858985522957e-02 5.094481803356865068e-03
-1.819999999999980389e+01 -1.888795939929056866e-02 4.944514115317390733e-03
-1.809999999999980247e+01 -1.860150627984740249e-02 4.801820454979953932e-03
-1.799999999999980105e+01 -1.832202977655408849e-02 4.665980055034751189e-03
-1.789999999999979963e+01 -1.804926058789084811e-02 4.536602506648188503e-03
-1.779999999999979821e+01 -1.778293932613036685e-02 4.413325277626044610e-03
-1.769999999999979678e+01 -1.752281624533422871e-02 4.295811459085615083e-03
-1.759999999999979536e+01 -1.726865094589190991e-02 4.183747717859188572e-03
-1.749999999999979394e+01 -1.702021206271469786e-02 4.076842434209521429e-03
-1.739999999999979252e+01 -1.677727694292606431e-02 3.974824006637241169e-03
-1.729999999999979110e+01 -1.653963131776363046e-02 3.877439307477348156e-03
-1.719999999999978968e+01 -1.630706897240270445e-02 3.784452274660630826e-03
-1.709999999999978826e+01 -1.607939141676570718e-02 3.695642626590622988e-03
-1.699999999999978684e+01 -1.585640755962784004e-02 3.610804688392736488e-03
-1.689999999999978542e+01 -1.563793338788407178e-02 3.529746319033951439e-03
-1.679999999999978400e+01 -1.542379165240934102e-02 3.452287929885982515e-03
-1.669999999999978257e+01 -1.521381156152091033e-02 3.378261586240450740e-03
-1.659999999999978115e+01 -1.500782848287191343e-02 3.307510184183054709e-03
-1.649999999999977973e+01 -1.480568365425890924e-02 3.239886695959075941e-03
-1.639999999999977831e+01 -1.460722390370309057e-02 3.175253477672739313e-03
-1.629999999999977689e+01 -1.441230137900535203e-02 3.113481633772306745e-03
-1.619999999999977547e+01 -1.422077328678585106e-02 3.054450433299832866e-03
-1.609999999999977405e+01 -1.403250164101720043e-02 2.998046773407266052e-03
-1.599999999999977263e+01 -1.384735302088045510e-02 2.944164686047783235e-03
-1.589999999999977121e+01 -1.366519833777296057e-02 2.892704884166057925e-03
-1.579999999999976978e+01 -1.348591261124544929e-02 2.843574344063093742e-03
-1.569999999999976836e+01 -1.330937475354996256e-02 2.796685920913084648e-03
-1.559999999999976694e+01 -1.313546736254373425e-02 2.751957994721732255e-03
-1.549999999999976552e+01 -1.296407652258212834e-02 2.709314144247439507e-03
-1.539999999999976410e+01 -1.279509161307844194e-02 2.668682846655421464e-03
-1.529999999999976268e+01 -1.262840512439681977e-02 2.629997200882810623e-03
-1.519999999999976126e+01 -1.246391248068672540e-02 2.593194672869245185e-03
-1.509999999999975984e+01 -1.230151186934984146e-02 2.558216860999137747e-03
-1.499999999999975842e+01 -1.214110407674771908e-02 2.525009280236657598e-03
-1.489999999999975699e+01 -1.198259232981465326e-02 2.493521163588099075e-03
-1.479999999999975557e+01 -1.182588214324380854e-02 2.463705279652661333e-03
-1.469999999999975415e+01 -1.167088117186986657e-02 2.435517765128940564e-03
-1.459999999999975273e+01 -1.151749906795722020e-02 2.408917971266104872e-03
-1.449999999999975131e+01 -1.136564734303081164e-02 2.383868323329712754e-03
-1.439999999999974989e+01 -1.121523923394436052e-02 2.360334192250519714e-03
-1.429999999999974847e+01 -1.106618957288706302e-02 2.338283777704502388e-03
-1.419999999999974705e+01 -1.091841466098926287e-02 2.317688001939272567e-03
-1.409999999999974563e+01 -1.077183214527048169e-02 2.298520413742502141e-03
-1.399999999999974420e+01 -1.062636089860457232e-02 2.280757101999568957e-03
-1.389999999999974278e+01 -1.048192090243151194e-02 2.264376618353874417e-03
-1.379999999999974136e+01 -1.033843313195053314e-02 2.249359908536848439e-03
-1.369999999999973994e+01 -1.019581944348897651e-02 2.235690251980416380e-03
-1.359999999999973852e+01 -1.005400246381908148e-02 2.223353209380818634e-03
-1.349999999999973710e+01 -9.912905481126697144e-03 2.212336577919527415e-03
-1.339999999999973568e+01 -9.772452337386451290e-03 2.202630353894965108e-03
-1.329999999999973426e+01 -9.632567321900598056e-03 2.194226702558268148e-03
-1.319999999999973284e+01 -9.493175065716365907e-03 2.187119934982285560e-03
-1.309999999999973141e+01 -9.354200436709866201e-03 2.181306491835366748e-03
-1.299999999999972999e+01 -9.215568435055032301e-03 2.176784933963096282e-03
-1.289999999999972857e+01 -9.077204088842034599e-03 2.173555939719887600e-03
-1.279999999999972715e+01 -8.939032349609025291e-03 2.171622309026358978e-03
-1.269999999999972573e+01 -8.800977987506725456e-03 2.170988974162204460e-03
-1.259999999999972431e+01 -8.662965485882887645e-03 2.171663017340663519e-03
-1.249999999999972289e+01 -8.524918935002803733e-03 2.173653695144099618e-03
-1.239999999999972147e+01 -8.386761924662885712e-03 2.176972469936705110e-03
-1.229999999999972005e+01 -8.248417435449725832e-03 2.181633048405695781e-03
-1.219999999999971863e+01 -8.109807728358890688e-03 2.187651427420295863e-03
-1.209999999999971720e+01 -7.970854232516373650e-03 2.195045947436176023e-03
-1.199999999999971578e+01 -7.831477430741477092e-03 2.203837353712232404e-03
-1.189999999999971436e+01 -7.691596742638990430e-03 2.214048865651068766e-03
-1.179999999999971294e+01 -7.551130404970626125e-03 2.225706254615402585e-03
-1.169999999999971152e+01 -7.409995348978411223e-03 2.238837930623245164e-03
-1.159999999999971010e+01 -7.268107074367730069e-03 2.253475038372536494e-03
-1.149999999999970868e+01 -7.125379519648623872e-03 2.269651563098129456e-03
-1.139999999999970726e+01 -6.981724928478660191e-03 2.287404446825969714e-03
-1.129999999999970584e+01 -6.837053711710110171e-03 2.306773715643661328e-03
-1.119999999999970441e+01 -6.691274304761917618e-03 2.327802618680279226e-03
-1.109999999999970299e+01 -6.544293019968849129e-03 2.350537779555657205e-03
-1.099999999999970157e+01 -6.396013893548522372e-03 2.375029361135938717e-03
-1.089999999999970015e+01 -6.246338526765846805e-03 2.401331244524206043e-03
-1.079999999999969873e+01 -6.095165920934206977e-03 2.429501223295814707e-03
-1.069999999999969731e+01 -5.942392305803956276e-03 2.459601214100146094e-03
-1.059999999999969589e+01 -5.787910960920919501e-03 2.491697484853266659e-03
-1.049999999999969447e+01 -5.631612029523218321e-03 2.525860901864923451e-03
-1.039999999999969305e+01 -5.473382324480729338e-03 2.562167197385523901e-03
-1.029999999999969162e+01 -5.313105125843597953e-03 2.600697259187605311e-03
-1.019999999999969020e+01 -5.150659969474731537e-03 2.641537443971603196e-03
-1.009999999999968878e+01 -4.985922426276552522e-03 2.684779916550884219e-03
-9.999999999999687361e+00 -4.818763871511921870e-03 2.730523016962302547e-03
-9.899999999999685940e+00 -4.649051243656027177e-03 2.778871657875243897e-03
-9.799999999999684519e+00 -4.476646792290595034e-03 2.829937754885680692e-03
-9.699999999999683098e+00 -4.301407814464270479e-03 2.883840692563172971e-03
-9.599999999999681677e+00 -4.123186378994541518e-03 2.940707829392625629e-03
-9.499999999999680256e+00 -3.941829038192949664e-03 3.000675045068660566e-03
-9.399999999999678835e+00 -3.757176526449336473e-03 3.063887333971442462e-03
-9.299999999999677414e+00 -3.569063445218203373e-03 3.130499449015629494e-03
-9.199999999999675993e+00 -3.377317933890067181e-03 3.200676600527184792e-03
-9.099999999999674571e+00 -3.181761326127081901e-03 3.274595215267689027e-03
-8.999999999999673150e+00 -2.982207791300549998e-03 3.352443761260148758e-03
-8.899999999999671729e+00 -2.778463960678365097e-03 3.434423644691752056e-03
-8.799999999999670308e+00 -2.570328538203402180e-03 3.520750185798115182e-03
-8.699999999999668887e+00 -2.357591895726596221e-03 3.611653681413379974e-03
-8.599999999999667466e+00 -2.140035652773944475e-03 3.707380562675859602e-03
-8.499999999999666045e+00 -1.917432241121390379e-03 3.808194657301165742e-03
-8.399999999999664624e+00 -1.689544454619437003e-03 3.914378566899680452e-03
-8.299999999999663203e+00 -1.456124985112251802e-03 4.026235170924352333e-03
-8.199999999999661782e+00 -1.216915945547084044e-03 4.144089270177928747e-03
-8.099999999999660361e+00 -9.716483818796584071e-04 4.268289384228896727e-03
-7.999999999999658939e+00 -7.200417759242114246e-04 4.399209718706752377e-03
-7.899999999999657518e+00 -4.618035418724047991e-04 4.537252320309968952e-03
-7.799999999999656097e+00 -1.966285201227269130e-04 4.682849439343991088e-03
-7.699999999999654676e+00 7.580152709846244008e-05 4.836466121965980053e-03
-7.599999999999653255e+00 3.558184126007529757e-04 4.998603056854004911e-03
-7.499999999999651834e+00 6.437680064418083159e-04 5.169799703912333899e-03
-7.399999999999650413e+00 9.400106947400413415e-04 5.350637735935210443e-03
-7.299999999999648992e+00 1.244921804149617950e-03 5.541744827735639069e-03
-7.199999999999647571e+00 1.558891978722998228e-03 5.743798831447780896e-03
-7.099999999999646150e+00 1.882327492813758163e-03 5.957532381294814924e-03
-6.999999999999644729e+00 2.215650480064057515e-03 6.183737976315891761e-03
-6.899999999999643308e+00 2.559299054282121455e-03 6.423273595469804718e-03
-6.799999999999641886e+00 2.913727292615374276e-03 6.677068906003523485e-03
-6.699999999999640465e+00 3.279405045265332275e-03 6.946132133463218603e-03
-6.599999999999639044e+00 3.656817528258402006e-03 7.231557669933765149e-03
-6.499999999999637623e+00 4.046464646564107426e-03 7.534534506344887743e-03
-6.399999999999636202e+00 4.448859983838024390e-03 7.856355585120849971e-03
-6.299999999999634781e+00 4.864529381419568921e-03 8.198428180837786378e-03
-6.199999999999633360e+00 5.294009013119313489e-03 8.562285429499848222e-03
-6.099999999999631939e+00 5.737842842501721108e-03 8.949599141114119444e-03
-5.999999999999630518e+00 6.196579325483682343e-03 9.362194045800329573e-03
-5.899999999999629097e+00 6.670767192272650248e-03 9.802063640800854835e-03
-5.799999999999627676e+00 7.160950107349954574e-03 1.027138782396671071e-02
-5.699999999999626255e+00 7.667659963835962711e-03 1.077255251916578796e-02
-5.599999999999624833e+00 8.191408516719261845e-03 1.130817151963134370e-02
-5.499999999999623412e+00 8.732676996604529784e-03 1.188111079651610162e-02
-5.399999999999621991e+00 9.291903269474266480e-03 1.249451554122514400e-02
-5.299999999999620570e+00 9.869466014944067167e-03 1.315184022975517467e-02
-5.199999999999619149e+00 1.046566528304325450e-02 1.385688201463276814e-02
-5.099999999999617728e+00 1.108069865246812807e-02 1.461381776180848552e-02
-4.999999999999616307e+00 1.171463204703167282e-02 1.542724505325272950e-02
-4.899999999999614886e+00 1.236736406567682384e-02 1.630222746642677467e-02
-4.799999999999613465e+00 1.303858243710130649e-02 1.724434441175787258e-02
-4.699999999999612044e+00 1.372771091561278411e-02 1.825974575091868224e-02
-4.599999999999610623e+00 1.443384457975650792e-02 1.935521131805434392e-02
-4.499999999999609201e+00 1.515567106977543099e-02 2.053821530655356234e-02
-4.399999999999607780e+00 1.589137479302669964e-02 2.181699524209493313e-02
-4.299999999999606359e+00 1.663852052624260891e-02 2.320062490520952148e-02
-4.199999999999604938e+00 1.739391214168443944e-02 2.469909005244209921e-02
-4.099999999999603517e+00 1.815342137370319631e-02 2.632336505494442536e-02
-3.999999999999602096e+00 1.891178062557684336e-02 2.808548755219402587e-02
-3.899999999999600675e+00 1.966233280925506338e-02 2.999862680750235711e-02
-3.799999999999599254e+00 2.039673015052610033e-02 3.207713952103152105e-02
-3.699999999999597833e+00 2.110457285645894743e-02 3.433660424601221728e-02
-3.599999999999596412e+00 2.177297766382656208e-02 3.679382206181300297e-02
-3.499999999999594991e+00 2.238606579085654358e-02 3.946676654741872875e-02
-3.399999999999593570e+00 2.292436005513979330e-02 4.237446010433477961e-02
-3.299999999999592148e+00 2.336408244170407045e-02 4.553674602452474629e-02
-3.199999999999590727e+00 2.367634701656828183e-02 4.897391616804745718e-02
-3.099999999999589306e+00 2.382624994086386672e-02 5.270614262737462197e-02
-2.999999999999587885e+00 2.377187005006282938e-02 5.675264856105897981e-02
-2.899999999999586464e+00 2.346321212458123140e-02 6.113053933187488631e-02
-2.799999999999585043e+00 2.284115317085101682e-02 6.585320206705916335e-02
-2.699999999999583622e+00 2.183649258598953369e-02 7.092817330540902854e-02
-2.599999999999582201e+00 2.036926247140614932e-02 7.635437643042486400e-02
-2.499999999999580780e+00 1.834852547576783233e-02 8.211865223382319723e-02
-2.399999999999579359e+00 1.567297149364461906e-02 8.819155998339305025e-02
-2.299999999999577938e+00 1.223271131387537736e-02 9.452252862313995085e-02
-2.199999999999576517e+00 7.912733437495753086e-03 1.010346043169306346e-01
-2.099999999999575095e+00 2.598502685282291780e-03 1.076192811234615576e-01
-1.999999999999573674e+00 -3.815917980177122026e-03 1.141322075324239516e-01
-1.899999999999572253e+00 -1.141711149296598116e-02 1.203908893178246980e-01
-1.799999999999570832e+00 -2.025930153118156440e-02 1.261757637573295288e-01
-1.699999999999569411e+00 -3.035020501164723689e-02 1.312360516848852798e-01
-1.599999999999567990e+00 -4.163769476901352240e-02 1.353014245183594144e-01
-1.499999999999566569e+00 -5.399995268477265215e-02 1.380996233394609363e-01
-1.399999999999565148e+00 -6.724204508438363925e-02 1.393787685353755357e-01
-1.299999999999563727e+00 -8.110127636665699635e-02 1.389314968580499521e-01
-1.199999999999562306e+00 -9.526213988321707848e-02 1.366168103096934705e-01
-1.099999999999560885e+00 -1.093794631443914811e-01 1.323752396832609812e-01
-9.999999999995594635e-01 -1.231061338782265674e-01 1.262339767122482581e-01
-8.999999999995580424e-01 -1.361204456704923071e-01 1.183008325028474389e-01
-7.999999999995566213e-01 -1.481481880264651219e-01 1.087485079405714206e-01
-6.999999999995552002e-01 -1.589760909063426819e-01 9.779277165751032452e-02
-5.999999999995537792e-01 -1.684554984581848880e-01 8.566905277053310508e-02
-4.999999999995523581e-01 -1.764973388078595329e-01 7.261155327601366560e-02
-3.999999999995509370e-01 -1.830609204611673424e-01 5.883767332025761909e-02
-2.999999999995495159e-01 -1.881395975462104020e-01 4.453894668279137492e-02
-1.999999999995480948e-01 -1.917460767218495676e-01 2.987832790415227702e-02
-9.999999999954667373e-02 -1.938994504252100071e-01 1.499281210654887508e-02
4.547473508864641190e-13 -1.946152815065336217e-01 -1.365157986654708111e-13
1.000000000004561684e-01 -1.938994504251970175e-01 -1.499281210668490516e-02
2.000000000004575895e-01 -1.917460767218234219e-01 -2.987832790428682217e-02
3.000000000004590106e-01 -1.881395975461709613e-01 -4.453894668292329717e-02
4.000000000004604317e-01 -1.830609204611144403e-01 -5.883767332038554454e-02
5.000000000004618528e-01 -1.764973388077930583e-01 -7.261155327613599830e-02
6.000000000004632739e-01 -1.684554984581050907e-01 -8.566905277064792990e-02
7.000000000004646949e-01 -1.589760909062501448e-01 -9.779277165761564306e-02
8.000000000004661160e-01 -1.481481880263608997e-01 -1.087485079406650262e-01
9.000000000004675371e-01 -1.361204456703780652e-01 -1.183008325029272223e-01
1.000000000000468958e+00 -1.231061338781045122e-01 -1.262339767123125123e-01
1.100000000000470379e+00 -1.093794631442643606e-01 -1.323752396833083045e-01
1.200000000000471800e+00 -9.526213988308793179e-02 -1.366168103097232800e-01
1.300000000000473221e+00 -8.110127636652905703e-02 -1.389314968580623866e-01
1.400000000000474643e+00 -6.724204508425993265e-02 -1.393787685353714834e-01
1.500000000000476064e+00 -5.399995268465586362e-02 -1.380996233394420347e-01
1.600000000000477485e+00 -4.163769476890572668e-02 -1.353014245183278008e-01
1.700000000000478906e+00 -3.035020501154988420e-02 -1.312360516848433689e-01
1.800000000000480327e+00 -2.025930153109542498e-02 -1.261757637572797630e-01
1.900000000000481748e+00 -1.141711149289126315e-02 -1.203908893177695894e-01
2.000000000000483169e+00 -3.815917980113492369e-03 -1.141322075323655261e-01
2.100000000000484590e+00 2.598502685335429829e-03 -1.076192811234017166e-01
2.200000000000486011e+00 7.912733437539398729e-03 -1.010346043168708907e-01
2.300000000000487432e+00 1.223271131391047428e-02 -9.452252862308140047e-02
2.400000000000488853e+00 1.567297149367226361e-02 -8.819155998333652602e-02
2.500000000000490274e+00 1.834852547578905146e-02 -8.211865223376933753e-02
2.600000000000491696e+00 2.036926247142183122e-02 -7.635437643037391864e-02
2.700000000000493117e+00 2.183649258600060816e-02 -7.092817330536124731e-02
2.800000000000494538e+00 2.284115317085831653e-02 -6.585320206701461565e-02
2.900000000000495959e+00 2.346321212458535310e-02 -6.113053933183351663e-02
3.000000000000497380e+00 2.377187005006438369e-02 -5.675264856102069100e-02
3.100000000000498801e+00 2.382624994086335324e-02 -5.270614262733928218e-02
3.200000000000500222e+00 2.367634701656610996e-02 -4.897391616801489989e-02
3.300000000000501643e+00 2.336408244170061488e-02 -4.553674602449477027e-02
3.400000000000503064e+00 2.292436005513531078e-02 -4.237446010430721138e-02
3.500000000000504485e+00 2.238606579085129084e-02 -3.946676654739338097e-02
3.600000000000505906e+00 2.177297766382072647e-02 -3.679382206178970216e-02
3.700000000000507328e+00 2.110457285645265385e-02 -3.433660424599078304e-02
3.800000000000508749e+00 2.039673015051952920e-02 -3.207713952101182153e-02
3.900000000000510170e+00 1.966233280924829102e-02 -2.999862680748423271e-02
4.000000000000511591e+00 1.891178062556995998e-02 -2.808548755217732742e-02
4.100000000000513012e+00 1.815342137369628517e-02 -2.632336505492905224e-02
4.200000000000514433e+00 1.739391214167752830e-02 -2.469909005242791611e-02
4.300000000000515854e+00 1.663852052623577410e-02 -2.320062490519641391e-02
4.400000000000517275e+00 1.589137479301995504e-02 -2.181699524208283864e-02
4.500000000000518696e+00 1.515567106976878353e-02 -2.053821530654238031e-02
4.600000000000520117e+00 1.443384457975001312e-02 -1.935521131804399803e-02
4.700000000000521538e+00 1.372771091560643503e-02 -1.825974575090909616e-02
4.800000000000522959e+00 1.303858243709510312e-02 -1.724434441174896998e-02
4.900000000000524381e+00 1.236736406567081475e-02 -1.630222746641852433e-02
5.000000000000525802e+00 1.171463204702581640e-02 -1.542724505324506550e-02
5.100000000000527223e+00 1.108069865246245900e-02 -1.461381776180135754e-02
5.200000000000528644e+00 1.046566528303774501e-02 -1.385688201462612068e-02
5.300000000000530065e+00 9.869466014938745035e-03 -1.315184022974898691e-02
5.400000000000531486e+00 9.291903269469090065e-03 -1.249451554121936911e-02
5.500000000000532907e+00 8.732676996599526842e-03 -1.188111079651071184e-02
5.600000000000534328e+00 8.191408516714418497e-03 -1.130817151962630607e-02
5.700000000000535749e+00 7.667659963831265080e-03 -1.077255251916107819e-02
5.800000000000537170e+00 7.160950107345430415e-03 -1.027138782396230104e-02
5.900000000000538591e+00 6.670767192268257928e-03 -9.802063640796719254e-03
6.000000000000540012e+00 6.196579325479442679e-03 -9.362194045796459405e-03
6.100000000000541434e+00 5.737842842497613283e-03 -8.949599141110479994e-03
6.200000000000542855e+00 5.294009013115337503e-03 -8.562285429496434286e-03
6.300000000000544276e+00 4.864529381415731712e-03 -8.198428180834577139e-03
6.400000000000545697e+00 4.448859983834312082e-03 -7.856355585117835022e-03
6.500000000000547118e+00 4.046464646560499201e-03 -7.534534506342046266e-03
6.600000000000548539e+00 3.656817528254918681e-03 -7.231557669931089338e-03
6.700000000000549960e+00 3.279405045261939156e-03 -6.946132133460698049e-03
6.800000000000551381e+00 2.913727292612106057e-03 -6.677068906001145179e-03
6.900000000000552802e+00 2.559299054278957319e-03 -6.423273595467563456e-03
7.000000000000554223e+00 2.215650480060976646e-03 -6.183737976313771062e-03
7.100000000000555644e+00 1.882327492810774439e-03 -5.957532381292811319e-03
7.200000000000557066e+00 1.558891978720090832e-03 -5.743798831445890048e-03
7.300000000000558487e+00 1.244921804146800759e-03 -5.541744827733853171e-03
7.400000000000559908e+00 9.400106947373143562e-04 -5.350637735933523424e-03
7.500000000000561329e+00 6.437680064391368417e-04 -5.169799703910732749e-03
7.600000000000562750e+00 3.558184125981786461e-04 -4.998603056852490498e-03
7.700000000000564171e+00 7.580152709594362159e-05 -4.836466121964543702e-03
7.800000000000565592e+00 -1.966285201251694037e-04 -4.682849439342630198e-03
7.900000000000567013e+00 -4.618035418747848397e-04 -4.537252320308678318e-03
8.000000000000568434e+00 -7.200417759265220763e-04 -4.399209718705528530e-03
8.100000000000569855e+00 -9.716483818819135476e-04 -4.268289384227738799e-03
8.200000000000571276e+00 -1.216915945549283673e-03 -4.144089270176828932e-03
8.300000000000572697e+00 -1.456124985114399389e-03 -4.026235170923307162e-03
8.400000000000574119e+00 -1.689544454621532549e-03 -3.914378566898689057e-03
8.500000000000575540e+00 -1.917432241123444292e-03 -3.808194657300225522e-03
8.600000000000576961e+00 -2.140035652775956754e-03 -3.707380562674965352e-03
8.700000000000578382e+00 -2.357591895728546050e-03 -3.611653681412531694e-03
8.800000000000579803e+00 -2.570328538205320784e-03 -3.520750185797309403e-03
8.900000000000581224e+00 -2.778463960680242067e-03 -3.434423644690987043e-03
9.000000000000582645e+00 -2.982207791302385336e-03 -3.352443761259422776e-03
9.100000000000584066e+00 -3.181761326128875605e-03 -3.274595215267000342e-03
9.200000000000585487e+00 -3.377317933891822721e-03 -3.200676600526529934e-03
9.300000000000586908e+00 -3.569063445219931158e-03 -3.130499449015008463e-03
9.400000000000588329e+00 -3.757176526451022625e-03 -3.063887333970853524e-03
9.500000000000589750e+00 -3.941829038194628876e-03 -3.000675045068099383e-03
9.600000000000591172e+00 -4.123186378996172158e-03 -2.940707829392093936e-03
9.700000000000592593e+00 -4.301407814465887242e-03 -2.883840692562667733e-03
9.800000000000594014e+00 -4.476646792292173632e-03 -2.829937754885203643e-03
9.900000000000595435e+00 -4.649051243657581489e-03 -2.778871657874791134e-03
1.000000000000059686e+01 -4.818763871513451896e-03 -2.730523016961874938e-03
1.010000000000059828e+01 -4.985922426278065200e-03 -2.684779916550478727e-03
1.020000000000059970e+01 -5.150659969476212990e-03 -2.641537443971221123e-03
1.030000000000060112e+01 -5.313105125845065529e-03 -2.600697259187244922e-03
1.040000000000060254e+01 -5.473382324482169159e-03 -2.562167197385183896e-03
1.050000000000060396e+01 -5.631612029524654672e-03 -2.525860901864602093e-03
1.060000000000060538e+01 -5.787910960922328096e-03 -2.491697484852966119e-03
1.070000000000060680e+01 -5.942392305805350994e-03 -2.459601214099863768e-03
1.080000000000060822e+01 -6.095165920935584347e-03 -2.429501223295550162e-03
1.090000000000060965e+01 -6.246338526767220706e-03 -2.401331244523958412e-03
1.100000000000061107e+01 -6.396013893549878926e-03 -2.375029361135706264e-03
1.110000000000061249e+01 -6.544293019970195274e-03 -2.350537779555443400e-03
1.120000000000061391e+01 -6.691274304763249886e-03 -2.327802618680080166e-03
1.130000000000061533e+01 -6.837053711711428561e-03 -2.306773715643476580e-03
1.140000000000061675e+01 -6.981724928479968173e-03 -2.287404446825801446e-03
1.150000000000061817e+01 -7.125379519649931853e-03 -2.269651563097975066e-03
1.160000000000061959e+01 -7.268107074369017234e-03 -2.253475038372398584e-03
1.170000000000062101e+01 -7.409995348979694918e-03 -2.238837930623119830e-03
1.180000000000062244e+01 -7.551130404971902882e-03 -2.225706254615289828e-03
1.190000000000062386e+01 -7.691596742640260248e-03 -2.214048865650969020e-03
1.200000000000062528e+01 -7.831477430742750379e-03 -2.203837353712144800e-03
1.210000000000062670e+01 -7.970854232517636528e-03 -2.195045947436101864e-03
1.220000000000062812e+01 -8.109807728360153567e-03 -2.187651427420234281e-03
1.230000000000062954e+01 -8.248417435450981772e-03 -2.181633048405647209e-03
1.240000000000063096e+01 -8.386761924664143386e-03 -2.176972469936669548e-03
1.250000000000063238e+01 -8.524918935004057938e-03 -2.173653695144075765e-03
1.260000000000063380e+01 -8.662965485884141850e-03 -2.171663017340651810e-03
1.270000000000063523e+01 -8.800977987507979661e-03 -2.170988974162203593e-03
1.280000000000063665e+01 -8.939032349609025291e-03 -2.171622309026358978e-03
1.290000000000063807e+01 -9.077204088843288804e-03 -2.173555939719911019e-03
1.300000000000063949e+01 -9.215568435056295180e-03 -2.176784933963130976e-03
1.310000000000064091e+01 -9.354200436711127345e-03 -2.181306491835413586e-03
1.320000000000064233e+01 -9.493175065717637459e-03 -2.187119934982344541e-03
1.330000000000064375e+01 -9.632567321901871343e-03 -2.194226702558338404e-03
1.340000000000064517e+01 -9.772452337387724577e-03 -2.202630353895047074e-03
1.350000000000064659e+01 -9.912905481127966961e-03 -2.212336577919622391e-03
1.360000000000064801e+01 -1.005400246382037212e-02 -2.223353209380924452e-03
1.370000000000064944e+01 -1.019581944349027235e-02 -2.235690251980534341e-03
1.380000000000065086e+01 -1.033843313195182897e-02 -2.249359908536978977e-03
1.390000000000065228e+01 -1.048192090243282686e-02 -2.264376618354017965e-03
1.400000000000065370e+01 -1.062636089860589245e-02 -2.280757101999724215e-03
1.410000000000065512e+01 -1.077183214527181222e-02 -2.298520413742671711e-03
1.420000000000065654e+01 -1.091841466099060035e-02 -2.317688001939452978e-03
1.430000000000065796e+01 -1.106618957288841264e-02 -2.338283777704694942e-03
1.440000000000065938e+01 -1.121523923394572575e-02 -2.360334192250726146e-03
1.450000000000066080e+01 -1.136564734303218034e-02 -2.383868323329933932e-03
1.460000000000066223e+01 -1.151749906795860451e-02 -2.408917971266339494e-03
1.470000000000066365e+01 -1.167088117187126996e-02 -2.435517765129189063e-03
1.480000000000066507e+01 -1.182588214324522928e-02 -2.463705279652925878e-03
1.490000000000066649e+01 -1.198259232981608267e-02 -2.493521163588377065e-03
1.500000000000066791e+01 -1.214110407674917277e-02 -2.525009280236949899e-03
1.510000000000066933e+01 -1.230151186935130904e-02 -2.558216860999447395e-03
1.520000000000067075e+01 -1.246391248068820685e-02 -2.593194672869572615e-03
1.530000000000067217e+01 -1.262840512439833071e-02 -2.629997200883154099e-03
1.540000000000067359e+01 -1.279509161307997023e-02 -2.668682846655782287e-03
1.550000000000067502e+01 -1.296407652258368091e-02 -2.709314144247818978e-03
1.560000000000067644e+01 -1.313546736254530244e-02 -2.751957994722130374e-03
1.570000000000067786e+01 -1.330937475355155157e-02 -2.796685920913499247e-03
1.580000000000067928e+01 -1.348591261124706259e-02 -2.843574344063530893e-03
1.590000000000068070e+01 -1.366519833777460509e-02 -2.892704884166515458e-03
1.600000000000068212e+01 -1.384735302088212563e-02 -2.944164686048262453e-03
1.610000000000068354e+01 -1.403250164101889179e-02 -2.998046773407767387e-03
1.620000000000068496e+01 -1.422077328678757885e-02 -3.054450433300357620e-03
1.630000000000068638e+01 -1.441230137900711278e-02 -3.113481633772856652e-03
1.640000000000068781e+01 -1.460722390370488080e-02 -3.175253477673314374e-03
1.650000000000068923e+01 -1.480568365426073243e-02 -3.239886695959676155e-03
1.660000000000069065e+01 -1.500782848287377132e-02 -3.307510184183683980e-03
1.670000000000069207e+01 -1.521381156152279944e-02 -3.378261586241109067e-03
1.680000000000069349e+01 -1.542379165241127004e-02 -3.452287929886670766e-03
1.690000000000069491e+01 -1.563793338788604242e-02 -3.529746319034673084e-03
1.700000000000069633e+01 -1.585640755962984538e-02 -3.610804688393490225e-03
1.710000000000069775e+01 -1.607939141676775416e-02 -3.695642626591412287e-03
1.720000000000069917e+01 -1.630706897240479999e-02 -3.784452274661456988e-03
1.730000000000070060e+01 -1.653963131776577458e-02 -3.877439307478212048e-03
1.740000000000070202e+01 -1.677727694292825006e-02 -3.974824006638147562e-03
1.750000000000070344e+01 -1.702021206271693912e-02 -4.076842434210469455e-03
1.760000000000070486e+01 -1.726865094589419627e-02 -4.183747717860184304e-03
1.770000000000070628e+01 -1.752281624533656712e-02 -4.295811459086659387e-03
1.780000000000070770e+01 -1.778293932613276424e-02 -4.413325277627139220e-03
1.790000000000070912e+01 -1.804926058789329407e-02 -4.536602506649337757e-03
1.800000000000071054e+01 -1.832202977655660384e-02 -4.665980055035955087e-03
1.810000000000071196e+01 -1.860150627984997335e-02 -4.801820454981221148e-03
1.820000000000071338e+01 -1.888795939929320544e-02 -4.944514115318720399e-03
1.830000000000071481e+01 -1.918166858985793921e-02 -5.094481803358264123e-03
1.840000000000071623e+01 -1.948292365655072966e-02 -5.252177380793988590e-03
1.850000000000071765e+01 -1.979202489470840987e-02 -5.418090822255692759e-03
1.860000000000071907e+01 -2.010928315789587209e-02 -5.592751548488397034e-03
1.870000000000072049e+01 -2.043501983389890003e-02 -5.776732110024373860e-03
1.880000000000072191e+01 -2.076956670492207876e-02 -5.970652261404567167e-03
1.890000000000072333e+01 -2.111326566314268918e-02 -6.175183470856404969e-03
1.900000000000072475e+01 -2.146646824648339516e-02 -6.391053915582489003e-03
1.910000000000072617e+01 -2.182953495196467489e-02 -6.619054018677501469e-03
1.920000000000072760e+01 -2.220283427502903889e-02 -6.860042590232245246e-03
1.930000000000072902e+01 -2.258674141204379537e-02 -7.114953642169757723e-03
1.940000000000073044e+01 -2.298163655001264280e-02 -7.384803954180773136e-03
1.950000000000073186e+01 -2.338790265120855444e-02 -7.670701476360633486e-03
1.960000000000073328e+01 -2.380592262075508642e-02 -7.973854662953932040e-03
1.970000000000073470e+01 -2.423607572141103783e-02 -8.295582840888177795e-03
1.980000000000073612e+01 -2.467873307056806312e-02 -8.637327725950426707e-03
1.990000000000073754e+01 -2.513425201938009404e-02 -9.000666208678148594e-03
2.000000000000073896e+01 -2.560296917092372976e-02 -9.387324540217130420e-03
2.010000000000074039e+01 -2.608519174217052705e-02 -9.799194055027724351e-03
2.020000000000074181e+01 -2.658118691143002144e-02 -1.023834857127206045e-02
2.030000000000074323e+01 -2.709116871593712089e-02 -1.070706360884422607e-02
2.040000000000074465e+01 -2.761528197152404718e-02 -1.120783755763912239e-02
2.050000000000074607e+01 -2.815358257379145870e-02 -1.174341491077799879e-02
2.060000000000074749e+01 -2.870601340473376631e-02 -1.231681164495072693e-02
2.070000000000074891e+01 -2.927237490632698252e-02 -1.293134277659252832e-02
2.080000000000075033e+01 -2.985228918810000492e-02 -1.359065203905529193e-02
2.090000000000075175e+01 -3.044515630565144612e-02 -1.429874350156363355e-02
2.100000000000075318e+01 -3.105010107632351357e-02 -1.506001476885853070e-02
2.110000000000075460e+01 -3.166590848443653211e-02 -1.587929114054523194e-02
2.120000000000075602e+01 -3.229094537119554797e-02 -1.676185974349385030e-02
2.130000000000075744e+01 -3.292306570705705315e-02 -1.771350214162878758e-02
2.140000000000075886e+01 -3.355949632017973111e-02 -1.874052322897290512e-02
2.150000000000076028e+01 -3.419669952755925030e-02 -1.984977326201689540e-02
2.160000000000076170e+01 -3.483020873185062316e-02 -2.104865861193034801e-02
2.170000000000076312e+01 -3.545443278381286978e-02 -2.234513512549893277e-02
2.180000000000076454e+01 -3.606242489110073057e-02 -2.374767577100576899e-02
2.190000000000076597e+01 -3.664561227218244427e-02 -2.526520140442611514e-02
2.200000000000076739e+01 -3.719348389641899399e-02 -2.690695992279985502e-02
2.210000000000076881e+01 -3.769323593613616019e-02 -2.868233472446818366e-02
2.220000000000077023e+01 -3.812937856709829737e-02 -3.060055832301209269e-02
2.230000000000077165e+01 -3.848331426802138744e-02 -3.267030141748341471e-02
2.240000000000077307e+01 -3.873290776512430811e-02 -3.489910232173894233e-02
2.250000000000077449e+01 -3.885208235638690916e-02 -3.729259758756701959e-02
2.260000000000077591e+01 -3.881049759425066192e-02 -3.985351397722106115e-02
2.270000000000077733e+01 -3.857338980429381170e-02 -4.258038789269363161e-02
2.280000000000077875e+01 -3.810168905797241962e-02 -4.546599561826557279e-02
2.290000000000078018e+01 -3.735256097711655426e-02 -4.849551230821622094e-02
2.300000000000078160e+01 -3.628055205602288835e-02 -5.164447611636566182e-02
2.310000000000078302e+01 -3.483953016605379621e-02 -5.487672117722045689e-02
2.320000000000078444e+01 -3.298558790269211921e-02 -5.814255854048414746e-02
2.330000000000078586e+01 -3.068099061421699497e-02 -6.137761494096496961e-02
2.340000000000078728e+01 -2.789907996405627602e-02 -6.450285394574106768e-02
2.350000000000078870e+01 -2.462977966237345911e-02 -6.742634858899038131e-02
2.360000000000079012e+01 -2.088501960561600646e-02 -7.004727930512374967e-02
2.370000000000079154e+01 -1.670307812122470009e-02 -7.226233445036497893e-02
2.380000000000079297e+01 -1.215067192411860807e-02 -7.397418248851578282e-02
2.390000000000079439e+01 -7.321747881054789867e-03 -7.510105050356583045e-02
2.400000000000079581e+01 -2.332436873388554419e-03 -7.558587814064070265e-02
2.410000000000079723e+01 2.687540874028750831e-03 -7.540327081818717914e-02
2.420000000000079865e+01 7.605813329409830473e-03 -7.456273853708721144e-02
2.430000000000080007e+01 1.229876557150840627e-02 -7.310747261108717365e-02
2.440000000000080149e+01 1.666140952770232830e-02 -7.110894572701266514e-02
2.450000000000080291e+01 2.061415190814714846e-02 -6.865855058383572851e-02
2.460000000000080433e+01 2.410574156747456731e-02 -6.585800112893361313e-02
2.470000000000080576e+01 2.711258512500899082e-02 -6.281019409322753655e-02
2.480000000000080718e+01 2.963529240893503919e-02 -5.961177931935854324e-02
2.490000000000080860e+01 3.169360929047025655e-02 -5.634805480349477924e-02
2.500000000000081002e+01 3.332084376855679042e-02 -5.309021868244455378e-02
2.510000000000081144e+01 3.455862308204589450e-02 -4.989461309830724167e-02
2.520000000000081286e+01 3.545248212600590754e-02 -4.680341289400907767e-02
2.530000000000081428e+01 3.604848259741571387e-02 -4.384620141456291309e-02
2.540000000000081570e+01 3.639084789447825929e-02 -4.104196615473466175e-02
2.550000000000081712e+01 3.652047626302787342e-02 -3.840117563753221719e-02
2.560000000000081855e+01 3.647414552779063707e-02 -3.592772392540072302e-02
2.570000000000081997e+01 3.628422158388260044e-02 -3.362063001814780822e-02
2.580000000000082139e+01 3.597870718155223024e-02 -3.147545070891184099e-02
2.590000000000082281e+01 3.558150144392728531e-02 -2.948541022215470792e-02
2.600000000000082423e+01 3.511277447778727440e-02 -2.764227434764809227e-02
2.610000000000082565e+01 3.458939071426748307e-02 -2.593700725398470630e-02
2.620000000000082707e+01 3.402533770791966311e-02 -2.436025104330451219e-02
2.630000000000082849e+01 3.343213419064136604e-02 -2.290266527798886370e-02
2.640000000000082991e+01 3.281920313929773125e-02 -2.155515872857784176e-02
2.650000000000083134e+01 3.219420359584453106e-02 -2.030904000884361724e-02
2.660000000000083276e+01 3.156332002985388907e-02 -1.915610842648413081e-02
2.670000000000083418e+01 3.093151102623498822e-02 -1.808870168071154833e-02
2.680000000000083560e+01 3.030272068692306531e-02 -1.709971311467506014e-02
2.690000000000083702e+01 2.968005684296768157e-02 -1.618258806597240237e-02
2.700000000000083844e+01 2.906594032584099846e-02 -1.533130637061601992e-02
2.710000000000083986e+01 2.846222937705051095e-02 -1.454035615904370957e-02
2.720000000000084128e+01 2.787032293447772036e-02 -1.380470262772223212e-02
2.730000000000084270e+01 2.729124611982150159e-02 -1.311975438130874409e-02
2.740000000000084412e+01 2.672572082182037706e-02 -1.248132913472381478e-02
2.750000000000084555e+01 2.617422385798115481e-02 -1.188561997496001207e-02
2.760000000000084697e+01 2.563703482129622846e-02 -1.132916295652627164e-02
2.770000000000084839e+01 2.511427538413226954e-02 -1.080880649949980156e-02
2.780000000000084981e+01 2.460594154149640944e-02 -1.032168284478005536e-02
2.790000000000085123e+01 2.411193002753684797e-02 -9.865181672510546160e-03
2.800000000000085265e+01 2.363205992873131100e-02 -9.436925888879187790e-03
2.810000000000085407e+01 2.316609034091090050e-02 -9.034749520750057564e-03
2.820000000000085549e+01 2.271373476962488744e-02 -8.656677616031307337e-03
2.830000000000085691e+01 2.227467285102975245e-02 -8.300908023959559234e-03
2.840000000000085834e+01 2.184855986902251718e-02 -7.965794917699452887e-03
2.850000000000085976e+01 2.143503446037114263e-02 -7.649833918052780478e-03
2.860000000000086118e+01 2.103372483066764595e-02 -7.351648679256576890e-03
2.870000000000086260e+01 2.064425374674107999e-02 -7.069978803197219872e-03
2.880000000000086402e+01 2.026624252440509602e-02 -6.803668956126909112e-03
2.890000000000086544e+01 1.989931419180709579e-02 -6.551659070743860898e-03
2.900000000000086686e+01 1.954309597676521376e-02 -6.312975525674275126e-03
2.910000000000086828e+01 1.919722124053256651e-02 -6.086723203808337875e-03
2.920000000000086970e+01 1.886133095872582696e-02 -5.872078339816479836e-03
2.930000000000087113e+01 1.853507483256102567e-02 -5.668282075807367509e-03
2.940000000000087255e+01 1.821811209893856726e-02 -5.474634652069845092e-03
2.950000000000087397e+01 1.791011209578790425e-02 -5.290490167156473682e-03
2.960000000000087539e+01 1.761075462932656238e-02 -5.115251848424894054e-03
2.970000000000087681e+01 1.731973018154075311e-02 -4.948367780194765086e-03
2.980000000000087823e+01 1.703673998954124275e-02 -4.789327042299972026e-03
2.990000000000087965e+01 1.676149602285970791e-02 -4.637656216814976112e-03
3.000000000000088107e+01 1.649372088004804823e-02 -4.492916225179374723e-03
3.010000000000088249e+01 1.623314762227028377e-02 -4.354699462051379866e-03
3.020000000000088392e+01 1.597951955828078030e-02 -4.222627195741834698e-03
3.030000000000088534e+01 1.573258999266209657e-02 -4.096347208345289988e-03
3.040000000000088676e+01 1.549212194703023307e-02 -3.975531651546166875e-03
3.050000000000088818e+01 1.525788786204917286e-02 -3.859875096592691335e-03
3.060000000000088960e+01 1.502966928674094940e-02 -3.749092759269915046e-03
3.070000000000089102e+01 1.480725656023004072e-02 -3.642918882666062400e-03
3.080000000000089244e+01 1.459044849012778970e-02 -3.541105262370588484e-03
3.090000000000089386e+01 1.437905203092096698e-02 -3.443419900344568945e-03
3.100000000000089528e+01 1.417288196496932148e-02 -3.349645775102214670e-03
3.110000000000089670e+01 1.397176058825553777e-02 -3.259579717167350975e-03
3.120000000000089813e+01 1.377551740245341709e-02 -3.173031379853143499e-03
3.130000000000089955e+01 1.358398881456341495e-02 -3.089822296457920593e-03
3.140000000000090097e+01 1.339701784504390703e-02 -3.009785015869766503e-03
3.150000000000090239e+01 1.321445384504721723e-02 -2.932762309351929705e-03
3.160000000000090381e+01 1.303615222325392106e-02 -2.858606442042185922e-03
3.170000000000090523e+01 1.286197418253209358e-02 -2.787178503300645482e-03
3.180000000000090665e+01 1.269178646657059470e-02 -2.718347790641810133e-03
3.190000000000090807e+01 1.252546111652128036e-02 -2.651991242498867585e-03
