-3.200000000000000000e+01 1.076072973459211990e-02 8.221189385138244271e-04
-3.189999999999999858e+01 1.091227035300190371e-02 8.431807085988262231e-04
-3.179999999999999716e+01 1.106768012100456215e-02 8.650536165761834066e-04
-3.169999999999999574e+01 1.122710701127357588e-02 8.877798065166543498e-04
-3.159999999999999432e+01 1.139070660109103676e-02 9.114041924779616192e-04
-3.149999999999999289e+01 1.155864256460518297e-02 9.359746795416081042e-04
-3.139999999999999147e+01 1.173108720356135989e-02 9.615424056632793526e-04
-3.129999999999999005e+01 1.190822202007622670e-02 9.881620066087013279e-04
-3.119999999999998863e+01 1.209023833534730169e-02 1.015891906520576590e-03
-3.109999999999998721e+01 1.227733795860339906e-02 1.044794636981535157e-03
-3.099999999999998579e+01 1.246973391112694667e-02 1.074937187812155786e-03
-3.089999999999998437e+01 1.266765121061270635e-02 1.106391393246862562e-03
-3.079999999999998295e+01 1.287132772180744206e-02 1.139234357622650930e-03
-3.069999999999998153e+01 1.308101507998050625e-02 1.173548925255562874e-03
-3.059999999999998010e+01 1.329697969451728266e-02 1.209424199809522619e-03
-3.049999999999997868e+01 1.351950384083695084e-02 1.246956119199512693e-03
-3.039999999999997726e+01 1.374888684968263164e-02 1.286248092892167735e-03
-3.029999999999997584e+01 1.398544640401389386e-02 1.327411709453361205e-03
-3.019999999999997442e+01 1.422951995488503166e-02 1.370567523304634270e-03
-3.009999999999997300e+01 1.448146626907179449e-02 1.415845930953131635e-03
-2.999999999999997158e+01 1.474166712286026706e-02 1.463388148491199733e-03
-2.989999999999997016e+01 1.501052915808076017e-02 1.513347303910552713e-03
-2.979999999999996874e+01 1.528848591863346713e-02 1.565889659867296434e-03
-2.969999999999996732e+01 1.557600008800668831e-02 1.621195984946037245e-03
-2.959999999999996589e+01 1.587356595094766704e-02 1.679463094319127558e-03
-2.949999999999996447e+01 1.618171210559143924e-02 1.740905584071133745e-03
-2.939999999999996305e+01 1.650100445571283519e-02 1.805757787394737801e-03
-2.929999999999996163e+01 1.683204951693623858e-02 1.874275985585625815e-03
-2.919999999999996021e+01 1.717549807527972427e-02 1.946740912319838354e-03
-2.909999999999995879e+01 1.753204924174127377e-02 2.023460596331546138e-03
-2.899999999999995737e+01 1.790245495290858357e-02 2.104773595559743769e-03
-2.889999999999995595e+01 1.828752497452950862e-02 2.191052685293903412e-03
-2.879999999999995453e+01 1.868813247340251477e-02 2.282709074300155825e-03
-2.869999999999995310e+01 1.910522023240368572e-02 2.380197236651437724e-03
-2.859999999999995168e+01 1.953980759455714589e-02 2.484020463635217002e-03
-2.849999999999995026e+01 1.999299823508951524e-02 2.594737260363861285e-03
-2.839999999999994884e+01 2.046598887520389987e-02 2.712968736303626206e-03
-2.829999999999994742e+01 2.096007906897921769e-02 2.839407169124265329e-03
-2.819999999999994600e+01 2.147668221499716631e-02 2.974825958244638104e-03
-2.809999999999994458e+01 2.201733796794955178e-02 3.120091230061914148e-03
-2.799999999999994316e+01 2.258372625317968396e-02 3.276175413365950938e-03
-2.789999999999994174e+01 2.317768311885316096e-02 3.444173173579117252e-03
-2.779999999999994031e+01 2.380121869782111238e-02 3.625320182201071956e-03
-2.769999999999993889e+01 2.445653759396440585e-02 3.821015307780724173e-03
-2.759999999999993747e+01 2.514606205710540054e-02 4.032846953364551019e-03
-2.749999999999993605e+01 2.587245836708119626e-02 4.262624441045724695e-03
-2.739999999999993463e+01 2.663866691081477958e-02 4.512415567727304927e-03
-2.729999999999993321e+01 2.744793650718616029e-02 4.784591742476406243e-03
-2.719999999999993179e+01 2.830386361088376226e-02 5.081882484034567007e-03
-2.709999999999993037e+01 2.921043710621895259e-02 5.407441533566348900e-03
-2.699999999999992895e+01 3.017208947986184386e-02 5.764927458027072418e-03
-2.689999999999992752e+01 3.119375522676769846e-02 6.158602431335952199e-03
-2.679999999999992610e+01 3.228093738058535056e-02 6.593453950074404553e-03
-2.669999999999992468e+01 3.343978303779045202e-02 7.075345657371194183e-03
-2.659999999999992326e+01 3.467716861562802899e-02 7.611205337855645597e-03
-2.649999999999992184e+01 3.600079526658734458e-02 8.209260680949478570e-03
-2.639999999999992042e+01 3.741929423077253181e-02 8.879336829315994176e-03
-2.629999999999991900e+01 3.894234072215513320e-02 9.633234370680946942e-03
-2.619999999999991758e+01 4.058077284549828356e-02 1.048521276271005900e-02
-2.609999999999991616e+01 4.234670841814563297e-02 1.145261285648781560e-02
-2.599999999999991473e+01 4.425364640535280059e-02 1.255666410965138730e-02
-2.589999999999991331e+01 4.631652925450788216e-02 1.382353848879963425e-02
-2.579999999999991189e+01 4.855172483909586667e-02 1.528573559010559975e-02
-2.569999999999991047e+01 5.097685706449316123e-02 1.698391420486318470e-02
-2.559999999999990905e+01 5.361036400258196305e-02 1.896932668997125537e-02
-2.549999999999990763e+01 5.647057718330653064e-02 2.130706578471557380e-02
-2.539999999999990621e+01 5.957397034304928729e-02 2.408039787068636320e-02
-2.529999999999990479e+01 6.293197756863100345e-02 2.739652247440943836e-02
-2.519999999999990337e+01 6.654535679047604568e-02 3.139413272555754281e-02
-2.509999999999990195e+01 7.039435662150940465e-02 3.625306702879502879e-02
-2.499999999999990052e+01 7.442175491555722000e-02 4.220591723507914617e-02
-2.489999999999989910e+01 7.850396178990878826e-02 4.955017184968089211e-02
-2.479999999999989768e+01 8.240274704781765103e-02 5.865616540513095278e-02
-2.469999999999989626e+01 8.568753993449368389e-02 6.995841791142935751e-02
-2.459999999999989484e+01 8.761946555220409549e-02 8.390188227393345632e-02
-2.449999999999989342e+01 8.700552026392632810e-02 1.007865192139819066e-01
-2.439999999999989200e+01 8.209326770516996163e-02 1.204230302790260804e-01
-2.429999999999989058e+01 7.072002941374008755e-02 1.415429403512873663e-01
-2.419999999999988916e+01 5.109859129001632916e-02 1.611660877603658115e-01
-2.409999999999988773e+01 2.340676287753737372e-02 1.747205347323399494e-01
-2.399999999999988631e+01 -8.828801100655965170e-03 1.779062582271344339e-01
-2.389999999999988489e+01 -3.963161568701863841e-02 1.695687403648858393e-01
-2.379999999999988347e+01 -6.383949127983376548e-02 1.526125093024127688e-01
-2.369999999999988205e+01 -7.953419465296021618e-02 1.318112292682240838e-01
-2.359999999999988063e+01 -8.766803184850249786e-02 1.111175748920939926e-01
-2.349999999999987921e+01 -9.035409922088187551e-02 9.266887848477980971e-02
-2.339999999999987779e+01 -8.961595807914422840e-02 7.715186073269951483e-02
-2.329999999999987637e+01 -8.694509916433065810e-02 6.447275295631535452e-02
-2.319999999999987494e+01 -8.330767354857612772e-02 5.423594980526113413e-02
-2.309999999999987352e+01 -7.928412182291087740e-02 4.598986018198567005e-02
-2.299999999999987210e+01 -7.520476565279668457e-02 3.932640911075665352e-02
-2.289999999999987068e+01 -7.124759655077557430e-02 3.390905436210830959e-02
-2.279999999999986926e+01 -6.750112419166898192e-02 2.947150874496832010e-02
-2.269999999999986784e+01 -6.400264264583235829e-02 2.580692945010711753e-02
-2.259999999999986642e+01 -6.076089942565764124e-02 2.275570043958249217e-02
-2.249999999999986500e+01 -5.776931960626492668e-02 2.019465308029661302e-02
-2.239999999999986358e+01 -5.501363395436173476e-02 1.802839535978333074e-02
-2.229999999999986215e+01 -5.247622439147344581e-02 1.618262371944245367e-02
-2.219999999999986073e+01 -5.013855284143300256e-02 1.459906401774448657e-02
-2.209999999999985931e+01 -4.798247481061820863e-02 1.323167537678875995e-02
-2.199999999999985789e+01 -4.599090719838907354e-02 1.204380622492821906e-02
-2.189999999999985647e+01 -4.414812566072177924e-02 1.100605914850300709e-02
-2.179999999999985505e+01 -4.243985313775965745e-02 1.009468091696154833e-02
-2.169999999999985363e+01 -4.085323434878920801e-02 9.290341635923914793e-03
-2.159999999999985221e+01 -3.937675165567959545e-02 8.577203051574949430e-03
-2.149999999999985079e+01 -3.800011437475532550e-02 7.942202700424508960e-03
-2.139999999999984936e+01 -3.671413978942289491e-02 7.374500087873111544e-03
-2.129999999999984794e+01 -3.551063592055656026e-02 6.865045252273872974e-03
-2.119999999999984652e+01 -3.438229127507479166e-02 6.406240373242788784e-03
-2.109999999999984510e+01 -3.332257396765337526e-02 5.991672587602228130e-03
-2.099999999999984368e+01 -3.232564098833679012e-02 5.615901663059448892e-03
-2.089999999999984226e+01 -3.138625748865952331e-02 5.274290211253235446e-03
-2.079999999999984084e+01 -3.049972548760661317e-02 4.962867099872703136e-03
-2.069999999999983942e+01 -2.966182118016759059e-02 4.678216936378978494e-03
-2.059999999999983800e+01 -2.886873995963663841e-02 4.417390150362796204e-03
-2.049999999999983658e+01 -2.811704827401937182e-02 4.177829445731758885e-03
-2.039999999999983515e+01 -2.740364148994075405e-02 3.957309335716991533e-03
-2.029999999999983373e+01 -2.672570701024960110e-02 3.753886190649341915e-03
-2.019999999999983231e+01 -2.608069197087092492e-02 3.565856777534719829e-03
-2.009999999999983089e+01 -2.546627492163208023e-02 3.391723693626136696e-03
-1.999999999999982947e+01 -2.488034096950631283e-02 3.230166423850815149e-03
-1.989999999999982805e+01 -2.432095993040896131e-02 3.080017007370120137e-03
-1.979999999999982663e+01 -2.378636709587826983e-02 2.940239498534823540e-03
-1.969999999999982521e+01 -2.327494627383437306e-02 2.809912564905391041e-03
-1.959999999999982379e+01 -2.278521480918192094e-02 2.688214689667077321e-03
-1.949999999999982236e+01 -2.231581032989336799e-02 2.574411544750069680e-03
-1.939999999999982094e+01 -2.186547899906951531e-02 2.467845180139976047e-03
-1.929999999999981952e+01 -2.143306508332988927e-02 2.367924738352276872e-03
-1.919999999999981810e+01 -2.101750167343333781e-02 2.274118454185177201e-03
-1.909999999999981668e+01 -2.061780241532554236e-02 2.185946741337605262e-03
-1.899999999999981526e+01 -2.023305412854325969e-02 2.102976201086108159e-03
-1.889999999999981384e+01 -1.986241020533326823e-02 2.024814415711144976e-03
-1.879999999999981242e+01 -1.950508469782910939e-02 1.951105411851195796e-03
-1.869999999999981100e+01 -1.916034701255118350e-02 1.881525697427666611e-03
-1.859999999999980957e+01 -1.882751714204778173e-02 1.815780791075638067e-03
-1.849999999999980815e+01 -1.850596137224578414e-02 1.753602175602813912e-03
-1.839999999999980673e+01 -1.819508841191028875e-02 1.694744617510940583e-03
-1.829999999999980531e+01 -1.789434589726950076e-02 1.638983803349368254e-03
-1.819999999999980389e+01 -1.760321723053262510e-02 1.586114250955841624e-03
-1.809999999999980247e+01 -1.732121871618583220e-02 1.535947459792791911e-03
-1.799999999999980105e+01 -1.704789696313840919e-02 1.488310269706987713e-03
-1.789999999999979963e+01 -1.678282652466576638e-02 1.443043401801021247e-03
-1.779999999999979821e+01 -1.652560775137726368e-02 1.400000158774306839e-03
-1.769999999999979678e+01 -1.627586483522111549e-02 1.359045265189638176e-03
-1.759999999999979536e+01 -1.603324402517717490e-02 1.320053830789870777e-03
-1.749999999999979394e+01 -1.579741199734878074e-02 1.282910422221347248e-03
-1.739999999999979252e+01 -1.556805436417097593e-02 1.247508230461169716e-03
-1.729999999999979110e+01 -1.534487430913344941e-02 1.213748322893113893e-03
-1.719999999999978968e+01 -1.512759133482712362e-02 1.181538970381278359e-03
-1.709999999999978826e+01 -1.491594011354326239e-02 1.150795040925861688e-03
-1.699999999999978684e+01 -1.470966943069101050e-02 1.121437452517394517e-03
-1.689999999999978542e+01 -1.450854121238856487e-02 1.093392678723767398e-03
-1.679999999999978400e+01 -1.431232962947810369e-02 1.066592301328206632e-03
-1.669999999999978257e+01 -1.412082027094662545e-02 1.040972605008386523e-03
-1.659999999999978115e+01 -1.393380938054184989e-02 1.016474209652684386e-03
-1.649999999999977973e+01 -1.375110315089883573e-02 9.930417364109140818e-04
-1.639999999999977831e+01 -1.357251707011421053e-02 9.706235040353730029e-04
-1.629999999999977689e+01 -1.339787531619842514e-02 9.491712524601055110e-04
-1.619999999999977547e+01 -1.322701019522167648e-02 9.286398909032438477e-04
-1.609999999999977405e+01 -1.305976161945427740e-02 9.089872680903041775e-04
-1.599999999999977263e+01 -1.289597662206551018e-02 8.901739624502521620e-04
-1.589999999999977121e+01 -1.273550890531816547e-02 8.721630903766483490e-04
-1.579999999999976978e+01 -1.257821841947586589e-02 8.549201308512108417e-04
-1.569999999999976836e+01 -1.242397096984340470e-02 8.384127649030736823e-04
-1.559999999999976694e+01 -1.227263784966801247e-02 8.226107285466951807e-04
-1.549999999999976552e+01 -1.212409549675450525e-02 8.074856779746704752e-04
-1.539999999999976410e+01 -1.197822517188197079e-02 7.930110659136956584e-04
-1.529999999999976268e+01 -1.183491265727347301e-02 7.791620281635738138e-04
-1.519999999999976126e+01 -1.169404797347306686e-02 7.659152794344110905e-04
-1.509999999999975984e+01 -1.155552511319224603e-02 7.532490176934131384e-04
-1.499999999999975842e+01 -1.141924179073635151e-02 7.411428363049398773e-04
-1.489999999999975699e+01 -1.128509920577768291e-02 7.295776433231240723e-04
-1.479999999999975557e+01 -1.115300182033946742e-02 7.185355873595913748e-04
-1.469999999999975415e+01 -1.102285714790140862e-02 7.079999895022450699e-04
-1.459999999999975273e+01 -1.089457555368597910e-02 6.979552808182242461e-04
-1.449999999999975131e+01 -1.076807006519044443e-02 6.883869450145856063e-04
-1.439999999999974989e+01 -1.064325619213862470e-02 6.792814658756441640e-04
-1.429999999999974847e+01 -1.052005175508454599e-02 6.706262791332349852e-04
-1.419999999999974705e+01 -1.039837672191452553e-02 6.624097284574199072e-04
-1.409999999999974563e+01 -1.027815305160550627e-02 6.546210252907498335e-04
-1.399999999999974420e+01 -1.015930454457865395e-02 6.472502122728897344e-04
-1.389999999999974278e+01 -1.004175669906683457e-02 6.402881300310774102e-04
-1.379999999999974136e+01 -9.925436572948663494e-03 6.337263871351798538e-04
-1.369999999999973994e+01 -9.810272650496415503e-03 6.275573330355810418e-04
-1.359999999999973852e+01 -9.696194713572046930e-03 6.217740338256263957e-04
-1.349999999999973710e+01 -9.583133716772374716e-03 6.163702506853884454e-04
-1.339999999999973568e+01 -9.471021666083562912e-03 6.113404208829614425e-04
-1.329999999999973426e+01 -9.359791500624336374e-03 6.066796412252664032e-04
-1.319999999999973284e+01 -9.249376977037988834e-03 6.023836538639117544e-04
-1.309999999999973141e+01 -9.139712556164285989e-03 5.984488343784193434e-04
-1.299999999999972999e+01 -9.030733291578055960e-03 5.948721820702607566e-04
-1.289999999999972857e+01 -8.922374719627305939e-03 5.916513124157377068e-04
-1.279999999999972715e+01 -8.814572750609560303e-03 5.887844516379680919e-04
-1.269999999999972573e+01 -8.707263560702224042e-03 5.862704333700003226e-04
-1.259999999999972431e+01 -8.600383484302344395e-03 5.841086973927057165e-04
-1.249999999999972289e+01 -8.493868906414261261e-03 5.822992904452410894e-04
-1.239999999999972147e+01 -8.387656154713641482e-03 5.808428691138278147e-04
-1.229999999999972005e+01 -8.281681390947950167e-03 5.797407048200784157e-04
-1.219999999999971863e+01 -8.175880501285641422e-03 5.789946909397724033e-04
-1.209999999999971720e+01 -8.070188985250952712e-03 5.786073520963664653e-04
-1.199999999999971578e+01 -7.964541842873117117e-03 5.785818556858441167e-04
-1.189999999999971436e+01 -7.858873459634575787e-03 5.789220257025539610e-04
-1.179999999999971294e+01 -7.753117488842713179e-03 5.796323589496625919e-04
-1.169999999999971152e+01 -7.647206730981633005e-03 5.807180437320980538e-04
-1.159999999999971010e+01 -7.541073009616552913e-03 5.821849811453647366e-04
-1.149999999999970868e+01 -7.434647043402815153e-03 5.840398090896233799e-04
-1.139999999999970726e+01 -7.327858313695201353e-03 5.862899291564041982e-04
-1.129999999999970584e+01 -7.220634927279485915e-03 5.889435365533865485e-04
-1.119999999999970441e+01 -7.112903473666443155e-03 5.920096532537261810e-04
-1.109999999999970299e+01 -7.004588876389047231e-03 5.954981645779884678e-04
-1.099999999999970157e+01 -6.895614237707268362e-03 5.994198594403636181e-04
-1.089999999999970015e+01 -6.785900676050116154e-03 6.037864745181242658e-04
-1.079999999999969873e+01 -6.675367155533101782e-03 6.086107426301297970e-04
-1.069999999999969731e+01 -6.563930306785505792e-03 6.139064456433566356e-04
-1.059999999999969589e+01 -6.451504238300428268e-03 6.196884722598505497e-04
-1.049999999999969447e+01 -6.338000337460257538e-03 6.259728810741858624e-04
-1.039999999999969305e+01 -6.223327060286519552e-03 6.327769693354294567e-04
-1.029999999999969162e+01 -6.107389708944505058e-03 6.401193478911795971e-04
-1.019999999999969020e+01 -5.990090195894116898e-03 6.480200228457619772e-04
-1.009999999999968878e+01 -5.871326793522382848e-03 6.565004845200366878e-04
-9.999999999999687361e+00 -5.750993867993443864e-03 6.655838043635564204e-04
-9.899999999999685940e+00 -5.628981595901964841e-03 6.752947405433882243e-04
-9.799999999999684519e+00 -5.505175662251719781e-03 6.856598530088251712e-04
-9.699999999999683098e+00 -5.379456938085135087e-03 6.967076289238073161e-04
-9.599999999999681677e+00 -5.251701135975235524e-03 7.084686194550990530e-04
-9.499999999999680256e+00 -5.121778441425590966e-03 7.209755890145207527e-04
-9.399999999999678835e+00 -4.989553117996446685e-03 7.342636781815753237e-04
-9.299999999999677414e+00 -4.854883083832688129e-03 7.483705816666318990e-04
-9.199999999999675993e+00 -4.717619456975644110e-03 7.633367428378145733e-04
-9.099999999999674571e+00 -4.577606066626160874e-03 7.792055665081874111e-04
-8.999999999999673150e+00 -4.434678927243737578e-03 7.960236518789322140e-04
-8.899999999999671729e+00 -4.288665672006163054e-03 8.138410477651889831e-04
-8.799999999999670308e+00 -4.139384941870223600e-03 8.327115324788152487e-04
-8.699999999999668887e+00 -3.986645726010859536e-03 8.526929210400536335e-04
-8.599999999999667466e+00 -3.830246649019153349e-03 8.738474027139781289e-04
-8.499999999999666045e+00 -3.669975199750541428e-03 8.962419122407285811e-04
-8.399999999999664624e+00 -3.505606896111783388e-03 9.199485385612015710e-04
-8.299999999999663203e+00 -3.336904379535279852e-03 9.450449753151289253e-04
-8.199999999999661782e+00 -3.163616432115851085e-03 9.716150179541744973e-04
-8.099999999999660361e+00 -2.985476908652764938e-03 9.997491129414138970e-04
-7.999999999999658939e+00 -2.802203574964724775e-03 1.029544965235909288e-03
-7.899999999999657518e+00 -2.613496842796374231e-03 1.061108211106849726e-03
-7.799999999999656097e+00 -2.419038390605678102e-03 1.094553164270475540e-03
-7.699999999999654676e+00 -2.218489658167753509e-03 1.130003644467247013e-03
-7.599999999999653255e+00 -2.011490201555637958e-03 1.167593898870052799e-03
-7.499999999999651834e+00 -1.797655893441642283e-03 1.207469628196930315e-03
-7.399999999999650413e+00 -1.576576951755850886e-03 1.249789131134861932e-03
-7.299999999999648992e+00 -1.347815777750102639e-03 1.294724582662839553e-03
-7.199999999999647571e+00 -1.110904582030246279e-03 1.342463464211024991e-03
-7.099999999999646150e+00 -8.653427744708883096e-04 1.393210166300460143e-03
-6.999999999999644729e+00 -6.105940908338394757e-04 1.447187787487383848e-03
-6.899999999999643308e+00 -3.460834252892106000e-04 1.504640157183313037e-03
-6.799999999999641886e+00 -7.119333410415817909e-05 1.565834114282467493e-03
-6.699999999999640465e+00 2.147398290130581033e-04 1.631062078721961205e-03
-6.599999999999639044e+00 5.124301906939549012e-04 1.700644959190201512e-03
-6.499999999999637623e+00 8.226470997364024318e-04 1.774935447429208321e-03
-6.399999999999636202e+00 1.146220391078908718e-03 1.854321758190178096e-03
-6.299999999999634781e+00 1.484046238051039968e-03 1.939231884100517216e-03
-6.199999999999633360e+00 1.837093668625923437e-03 2.030138446960765182e-03
-6.099999999999631939e+00 2.206411832241884918e-03 2.127564241616022520e-03
-5.999999999999630518e+00 2.593138116420437567e-03 2.232088586147739848e-03
-5.899999999999629097e+00 2.998507227230370886e-03 2.344354613390516213e-03
-5.799999999999627676e+00 3.423861364548017039e-03 2.465077664410208688e-03
-5.699999999999626255e+00 3.870661643118333828e-03 2.595054975801195339e-03
-5.599999999999624833e+00 4.340500933436845787e-03 2.735176890604446714e-03
-5.499999999999623412e+00 4.835118323402359808e-03 2.886439869070420855e-03
-5.399999999999621991e+00 5.356415433242889268e-03 3.049961632517425060e-03
-5.299999999999620570e+00 5.906474852578405543e-03 3.226998843674215578e-03
-5.199999999999619149e+00 6.487581011350718185e-03 3.418967813822318749e-03
-5.099999999999617728e+00 7.102243845808667300e-03 3.627468834914846472e-03
-4.999999999999616307e+00 7.753225678325259551e-03 3.854314869477839731e-03
-4.899999999999614886e+00 8.443571796722892930e-03 4.101565499924548532e-03
-4.799999999999613465e+00 9.176645295355487231e-03 4.371567251321701979e-03
-4.699999999999612044e+00 9.956166828512774680e-03 4.667001670659842380e-03
-4.599999999999610623e+00 1.078626002627744440e-02 4.990942887592194135e-03
-4.499999999999609201e+00 1.167150343437498017e-02 5.346926818743989382e-03
-4.399999999999607780e+00 1.261698996160350028e-02 5.739034739612963384e-03
-4.299999999999606359e+00 1.362839494656065131e-02 6.171994673933093450e-03
-4.199999999999604938e+00 1.471205408371475953e-02 6.651304994067271451e-03
-4.099999999999603517e+00 1.587505256213041227e-02 7.183385859263310275e-03
-3.999999999999602096e+00 1.712532684496134716e-02 7.775765740429976466e-03
-3.899999999999600675e+00 1.847178051281693489e-02 8.437312425889719955e-03
-3.799999999999599254e+00 1.992441543805149873e-02 9.178520758230172133e-03
-3.699999999999597833e+00 2.149447913575729119e-02 1.001187317724622043e-02
-3.599999999999596412e+00 2.319462825614708457e-02 1.095229429640671472e-02
-3.499999999999594991e+00 2.503910652511182056e-02 1.201772772202394819e-02
-3.399999999999593570e+00 2.704393247872295680e-02 1.322987283547934906e-02
-3.299999999999592148e+00 2.922708719697655888e-02 1.461513227415648861e-02
-3.199999999999590727e+00 3.160868346678179230e-02 1.620583872059848385e-02
-3.099999999999589306e+00 3.421108294406580153e-02 1.804185419154335362e-02
-2.999999999999587885e+00 3.705890280956614102e-02 2.017266878081705114e-02
-2.899999999999586464e+00 4.017881109820471697e-02 2.266017189284687955e-02
-2.799999999999585043e+00 4.359893830714521579e-02 2.558233099653801565e-02
-2.699999999999583622e+00 4.734761139643314798e-02 2.903809390940844185e-02
-2.599999999999582201e+00 5.145090928571184608e-02 3.315393023238616399e-02
-2.499999999999580780e+00 5.592818527375119364e-02 3.809253436820968231e-02
-2.399999999999579359e+00 6.078409773459739207e-02 4.406428516529620198e-02
-2.299999999999577938e+00 6.599466538095505319e-02 5.134197928686295292e-02
-2.199999999999576517e+00 7.148315597326013182e-02 6.027883210797854718e-02
-2.099999999999575095e+00 7.707889301816459038e-02 7.132806925184750901e-02
-1.999999999999573674e+00 8.244812771666445994e-02 8.505803452288951405e-02
-1.899999999999572253e+00 8.698180022462459471e-02 1.021463369500811014e-01
-1.799999999999570832e+00 8.962498804248372752e-02 1.233143346602260382e-01
-1.699999999999569411e+00 8.865294535535889198e-02 1.491227267523516364e-01
-1.599999999999567990e+00 8.147850866663394753e-02 1.794984803545401353e-01
-1.499999999999566569e+00 6.477550126180592338e-02 2.128800265215031462e-01
-1.399999999999565148e+00 3.548293429551677147e-02 2.451863510062886053e-01
-1.299999999999563727e+00 -6.898515751257910944e-03 2.696732701017722778e-01
-1.199999999999562306e+00 -5.787560207865358186e-02 2.793307336437101940e-01
-1.099999999999560885e+00 -1.085820810654280488e-01 2.713825094426727258e-01
-9.999999999995594635e-01 -1.505265488330997103e-01 2.495665958662644235e-01
-8.999999999995580424e-01 -1.800470229047899662e-01 2.213810628985106166e-01
-7.999999999995566213e-01 -1.985162717886497230e-01 1.936359415572139753e-01
-6.999999999995552002e-01 -2.098942094592401442e-01 1.703027099232463371e-01
-5.999999999995537792e-01 -2.186833484261191118e-01 1.526328031087395287e-01
-4.999999999995523581e-01 -2.290994207375615099e-01 1.397662184559821108e-01
-3.999999999995509370e-01 -2.446826070718124135e-01 1.288129010269466468e-01
-2.999999999995495159e-01 -2.672537140916320664e-01 1.145575120957817439e-01
-1.999999999995480948e-01 -2.946452710871313441e-01 9.016755874493281864e-02
-9.999999999954667373e-02 -3.188060374347116976e-01 5.092892575356811058e-02
4.547473508864641190e-13 -3.286772907964302659e-01 -4.844458167951870564e-13
1.000000000004561684e-01 -3.188060374345414449e-01 -5.092892575399071697e-02
2.000000000004575895e-01 -2.946452710868804337e-01 -9.016755874521947822e-02
3.000000000004590106e-01 -2.672537140913972542e-01 -1.145575120959470561e-01
4.000000000004604317e-01 -2.446826070716394685e-01 -1.288129010270515629e-01
5.000000000004618528e-01 -2.290994207374478786e-01 -1.397662184560842513e-01
6.000000000004632739e-01 -2.186833484260378435e-01 -1.526328031088756976e-01
7.000000000004646949e-01 -2.098942094591550733e-01 -1.703027099234330211e-01
8.000000000004661160e-01 -1.985162717885209371e-01 -1.936359415574499809e-01
9.000000000004675371e-01 -1.800470229045765813e-01 -2.213810628987733231e-01
1.000000000000468958e+00 -1.505265488327735823e-01 -2.495665958665037598e-01
1.100000000000470379e+00 -1.085820810649967133e-01 -2.713825094428180540e-01
1.200000000000471800e+00 -5.787560207817621372e-02 -2.793307336437031996e-01
1.300000000000473221e+00 -6.898515750822259429e-03 -2.696732701016081868e-01
1.400000000000474643e+00 3.548293429584523095e-02 -2.451863510060186546e-01
1.500000000000476064e+00 6.477550126201150893e-02 -2.128800265211959475e-01
1.600000000000477485e+00 8.147850866673719827e-02 -1.794984803542462315e-01
1.700000000000478906e+00 8.865294535539136600e-02 -1.491227267520951749e-01
1.800000000000480327e+00 8.962498804247290285e-02 -1.233143346600130141e-01
1.900000000000481748e+00 8.698180022458998351e-02 -1.021463369499081841e-01
2.000000000000483169e+00 8.244812771661816364e-02 -8.505803452275045862e-02
2.100000000000484590e+00 7.707889301811399196e-02 -7.132806925173576507e-02
2.200000000000486011e+00 7.148315597320936687e-02 -6.027883210788842483e-02
2.300000000000487432e+00 6.599466538090623113e-02 -5.134197928678981004e-02
2.400000000000488853e+00 6.078409773455159537e-02 -4.406428516523643035e-02
2.500000000000490274e+00 5.592818527370876924e-02 -3.809253436816043004e-02
2.600000000000491696e+00 5.145090928567283561e-02 -3.315393023234526615e-02
2.700000000000493117e+00 4.734761139639742655e-02 -2.903809390937422616e-02
2.800000000000494538e+00 4.359893830711264462e-02 -2.558233099650917067e-02
2.900000000000495959e+00 4.017881109817501850e-02 -2.266017189282241995e-02
3.000000000000497380e+00 3.705890280953900995e-02 -2.017266878079615466e-02
3.100000000000498801e+00 3.421108294404108519e-02 -1.804185419152539230e-02
3.200000000000500222e+00 3.160868346675918539e-02 -1.620583872058296848e-02
3.300000000000501643e+00 2.922708719695585322e-02 -1.461513227414300807e-02
3.400000000000503064e+00 2.704393247870394423e-02 -1.322987283546758763e-02
3.500000000000504485e+00 2.503910652509433454e-02 -1.201772772201362138e-02
3.600000000000505906e+00 2.319462825613101409e-02 -1.095229429639762130e-02
3.700000000000507328e+00 2.149447913574242808e-02 -1.001187317723817999e-02
3.800000000000508749e+00 1.992441543803780135e-02 -9.178520758223032011e-03
3.900000000000510170e+00 1.847178051280418121e-02 -8.437312425883356989e-03
4.000000000000511591e+00 1.712532684494955104e-02 -7.775765740424286573e-03
4.100000000000513012e+00 1.587505256211947657e-02 -7.183385859258206718e-03
4.200000000000514433e+00 1.471205408370454548e-02 -6.651304994062683107e-03
4.300000000000515854e+00 1.362839494655114503e-02 -6.171994673928954400e-03
4.400000000000517275e+00 1.261698996159461850e-02 -5.739034739609218116e-03
4.500000000000518696e+00 1.167150343436665350e-02 -5.346926818740594528e-03
4.600000000000520117e+00 1.078626002626964508e-02 -4.990942887589108062e-03
4.700000000000521538e+00 9.956166828505474964e-03 -4.667001670657027791e-03
4.800000000000522959e+00 9.176645295348617726e-03 -4.371567251319135455e-03
4.900000000000524381e+00 8.443571796716453637e-03 -4.101565499922200583e-03
5.000000000000525802e+00 7.753225678319167202e-03 -3.854314869475683469e-03
5.100000000000527223e+00 7.102243845802894140e-03 -3.627468834912873225e-03
5.200000000000528644e+00 6.487581011345250337e-03 -3.418967813820500759e-03
5.300000000000530065e+00 5.906474852573256884e-03 -3.226998843672539835e-03
5.400000000000531486e+00 5.356415433238045920e-03 -3.049961632515881156e-03
5.500000000000532907e+00 4.835118323397752382e-03 -2.886439869068993178e-03
5.600000000000534328e+00 4.340500933432474284e-03 -2.735176890603125723e-03
5.700000000000535749e+00 3.870661643114177430e-03 -2.595054975799968890e-03
5.800000000000537170e+00 3.423861364544061869e-03 -2.465077664409069842e-03
5.900000000000538591e+00 2.998507227226616945e-03 -2.344354613389458032e-03
6.000000000000540012e+00 2.593138116416836281e-03 -2.232088586146754525e-03
6.100000000000541434e+00 2.206411832238450166e-03 -2.127564241615105718e-03
6.200000000000542855e+00 1.837093668622627463e-03 -2.030138446959909096e-03
6.300000000000544276e+00 1.484046238047896649e-03 -1.939231884099717508e-03
6.400000000000545697e+00 1.146220391075911116e-03 -1.854321758189431298e-03
6.500000000000547118e+00 8.226470997335227908e-04 -1.774935447428510095e-03
6.600000000000548539e+00 5.124301906911932214e-04 -1.700644959189547521e-03
6.700000000000549960e+00 2.147398290104074459e-04 -1.631062078721349281e-03
6.800000000000551381e+00 -7.119333410671863094e-05 -1.565834114281892432e-03
6.900000000000552802e+00 -3.460834252916530906e-04 -1.504640157182773538e-03
7.000000000000554223e+00 -6.105940908361986996e-04 -1.447187787486878176e-03
7.100000000000555644e+00 -8.653427744731712057e-04 -1.393210166299983527e-03
7.200000000000557066e+00 -1.110904582032438970e-03 -1.342463464210576132e-03
7.300000000000558487e+00 -1.347815777752232880e-03 -1.294724582662417581e-03
7.400000000000559908e+00 -1.576576951757890921e-03 -1.249789131134465114e-03
7.500000000000561329e+00 -1.797655893443619868e-03 -1.207469628196556483e-03
7.600000000000562750e+00 -2.011490201557560031e-03 -1.167593898869700216e-03
7.700000000000564171e+00 -2.218489658169606193e-03 -1.130003644466914380e-03
7.800000000000565592e+00 -2.419038390607461397e-03 -1.094553164270163290e-03
7.900000000000567013e+00 -2.613496842798095077e-03 -1.061108211106555690e-03
8.000000000000568434e+00 -2.802203574966417865e-03 -1.029544965235631299e-03
8.100000000000569855e+00 -2.985476908654402517e-03 -9.997491129411497854e-04
8.200000000000571276e+00 -3.163616432117453969e-03 -9.716150179539259982e-04
8.300000000000572697e+00 -3.336904379536841103e-03 -9.450449753148938703e-04
8.400000000000574119e+00 -3.505606896113289128e-03 -9.199485385609803938e-04
8.500000000000575540e+00 -3.669975199752026351e-03 -8.962419122405195469e-04
8.600000000000576961e+00 -3.830246649020603578e-03 -8.738474027137808041e-04
8.700000000000578382e+00 -3.986645726012261193e-03 -8.526929210398662834e-04
8.800000000000579803e+00 -4.139384941871597501e-03 -8.327115324786383069e-04
8.900000000000581224e+00 -4.288665672007502261e-03 -8.138410477650220159e-04
9.000000000000582645e+00 -4.434678927245062907e-03 -7.960236518787739204e-04
9.100000000000584066e+00 -4.577606066627444570e-03 -7.792055665080377912e-04
9.200000000000585487e+00 -4.717619456976913928e-03 -7.633367428376744944e-04
9.300000000000586908e+00 -4.854883083833916313e-03 -7.483705816664996263e-04
9.400000000000588329e+00 -4.989553117997660991e-03 -7.342636781814512910e-04
9.500000000000589750e+00 -5.121778441426784456e-03 -7.209755890144036589e-04
9.600000000000591172e+00 -5.251701135976408197e-03 -7.084686194549893318e-04
9.700000000000592593e+00 -5.379456938086293882e-03 -6.967076289237030158e-04
9.800000000000594014e+00 -5.505175662252850821e-03 -6.856598530087275930e-04
9.900000000000595435e+00 -5.628981595903082003e-03 -6.752947405432971513e-04
1.000000000000059686e+01 -5.750993867994554087e-03 -6.655838043634712022e-04
1.010000000000059828e+01 -5.871326793523472254e-03 -6.565004845199571074e-04
1.020000000000059970e+01 -5.990090195895192426e-03 -6.480200228456869504e-04
1.030000000000060112e+01 -6.107389708945570178e-03 -6.401193478911104250e-04
1.040000000000060254e+01 -6.223327060287560386e-03 -6.327769693353654887e-04
1.050000000000060396e+01 -6.338000337461305311e-03 -6.259728810741266650e-04
1.060000000000060538e+01 -6.451504238301462163e-03 -6.196884722597950385e-04
1.070000000000060680e+01 -6.563930306786525809e-03 -6.139064456433065455e-04
1.080000000000060822e+01 -6.675367155534097513e-03 -6.086107426300836100e-04
1.090000000000060965e+01 -6.785900676051104946e-03 -6.037864745180828493e-04
1.100000000000061107e+01 -6.895614237708271033e-03 -5.994198594403263216e-04
1.110000000000061249e+01 -7.004588876390036023e-03 -5.954981645779544239e-04
1.120000000000061391e+01 -7.112903473667428478e-03 -5.920096532536962570e-04
1.130000000000061533e+01 -7.220634927280450421e-03 -5.889435365533605277e-04
1.140000000000061675e+01 -7.327858313696169329e-03 -5.862899291563825142e-04
1.150000000000061817e+01 -7.434647043403783129e-03 -5.840398090896049485e-04
1.160000000000061959e+01 -7.541073009617517420e-03 -5.821849811453499914e-04
1.170000000000062101e+01 -7.647206730982597511e-03 -5.807180437320861276e-04
1.180000000000062244e+01 -7.753117488843670746e-03 -5.796323589496541352e-04
1.190000000000062386e+01 -7.858873459635540293e-03 -5.789220257025494074e-04
1.200000000000062528e+01 -7.964541842874078154e-03 -5.785818556858430325e-04
1.210000000000062670e+01 -8.070188985251920688e-03 -5.786073520963686337e-04
1.220000000000062812e+01 -8.175880501286595520e-03 -5.789946909397776075e-04
1.230000000000062954e+01 -8.281681390948904264e-03 -5.797407048200866556e-04
1.240000000000063096e+01 -8.387656154714605988e-03 -5.808428691138397409e-04
1.250000000000063238e+01 -8.493868906415232706e-03 -5.822992904452558346e-04
1.260000000000063380e+01 -8.600383484303312370e-03 -5.841086973927239311e-04
1.270000000000063523e+01 -8.707263560703198957e-03 -5.862704333700215729e-04
1.280000000000063665e+01 -8.814572750610816243e-03 -5.887844516381068698e-04
1.290000000000063807e+01 -8.922374719628284323e-03 -5.916513124157656792e-04
1.300000000000063949e+01 -9.030733291579048222e-03 -5.948721820702919817e-04
1.310000000000064091e+01 -9.139712556165271312e-03 -5.984488343784536042e-04
1.320000000000064233e+01 -9.249376977038988035e-03 -6.023836538639494847e-04
1.330000000000064375e+01 -9.359791500625342514e-03 -6.066796412253076028e-04
1.340000000000064517e+01 -9.471021666084572521e-03 -6.113404208830050274e-04
1.350000000000064659e+01 -9.583133716773391264e-03 -6.163702506854361503e-04
1.360000000000064801e+01 -9.696194713573091234e-03 -6.217740338256771363e-04
1.370000000000064944e+01 -9.810272650497463276e-03 -6.275573330356350350e-04
1.380000000000065086e+01 -9.925436572949721675e-03 -6.337263871352375334e-04
1.390000000000065228e+01 -1.004175669906789969e-02 -6.402881300311389929e-04
1.400000000000065370e+01 -1.015930454457973295e-02 -6.472502122729547865e-04
1.410000000000065512e+01 -1.027815305160659221e-02 -6.546210252908188972e-04
1.420000000000065654e+01 -1.039837672191562534e-02 -6.624097284574923319e-04
1.430000000000065796e+01 -1.052005175508565274e-02 -6.706262791333120719e-04
1.440000000000065938e+01 -1.064325619213975227e-02 -6.792814658757249371e-04
1.450000000000066080e+01 -1.076807006519158588e-02 -6.883869450146702824e-04
1.460000000000066223e+01 -1.089457555368713096e-02 -6.979552808183132591e-04
1.470000000000066365e+01 -1.102285714790257783e-02 -7.079999895023385281e-04
1.480000000000066507e+01 -1.115300182034065397e-02 -7.185355873596897119e-04
1.490000000000066649e+01 -1.128509920577889375e-02 -7.295776433232267462e-04
1.500000000000066791e+01 -1.141924179073758316e-02 -7.411428363050474302e-04
1.510000000000066933e+01 -1.155552511319349676e-02 -7.532490176935258954e-04
1.520000000000067075e+01 -1.169404797347434015e-02 -7.659152794345286180e-04
1.530000000000067217e+01 -1.183491265727475497e-02 -7.791620281636973044e-04
1.540000000000067359e+01 -1.197822517188328918e-02 -7.930110659138242448e-04
1.550000000000067502e+01 -1.212409549675585139e-02 -8.074856779748045910e-04
1.560000000000067644e+01 -1.227263784966937943e-02 -8.226107285468359101e-04
1.570000000000067786e+01 -1.242397096984479248e-02 -8.384127649032204832e-04
1.580000000000067928e+01 -1.257821841947728315e-02 -8.549201308513641479e-04
1.590000000000068070e+01 -1.273550890531960529e-02 -8.721630903768084857e-04
1.600000000000068212e+01 -1.289597662206698990e-02 -8.901739624504195628e-04
1.610000000000068354e+01 -1.305976161945578487e-02 -9.089872680904791677e-04
1.620000000000068496e+01 -1.322701019522321345e-02 -9.286398909034266442e-04
1.630000000000068638e+01 -1.339787531619999854e-02 -9.491712524602966558e-04
1.640000000000068781e+01 -1.357251707011582903e-02 -9.706235040355724961e-04
1.650000000000068923e+01 -1.375110315090047677e-02 -9.930417364111222486e-04
1.660000000000069065e+01 -1.393380938054353604e-02 -1.016474209652902310e-03
1.670000000000069207e+01 -1.412082027094834283e-02 -1.040972605008614856e-03
1.680000000000069349e+01 -1.431232962947986617e-02 -1.066592301328445156e-03
1.690000000000069491e+01 -1.450854121239037245e-02 -1.093392678724016331e-03
1.700000000000069633e+01 -1.470966943069286145e-02 -1.121437452517655593e-03
1.710000000000069775e+01 -1.491594011354516885e-02 -1.150795040926134473e-03
1.720000000000069917e+01 -1.512759133482906825e-02 -1.181538970381564588e-03
1.730000000000070060e+01 -1.534487430913545128e-02 -1.213748322893414434e-03
1.740000000000070202e+01 -1.556805436417303332e-02 -1.247508230461484135e-03
1.750000000000070344e+01 -1.579741199735089710e-02 -1.282910422221677279e-03
1.760000000000070486e+01 -1.603324402517935371e-02 -1.320053830790217072e-03
1.770000000000070628e+01 -1.627586483522335675e-02 -1.359045265190002034e-03
1.780000000000070770e+01 -1.652560775137956739e-02 -1.400000158774688478e-03
1.790000000000070912e+01 -1.678282652466813601e-02 -1.443043401801422619e-03
1.800000000000071054e+01 -1.704789696314085862e-02 -1.488310269707409685e-03
1.810000000000071196e+01 -1.732121871618835796e-02 -1.535947459793236651e-03
1.820000000000071338e+01 -1.760321723053522372e-02 -1.586114250956309783e-03
1.830000000000071481e+01 -1.789434589727218958e-02 -1.638983803349862434e-03
1.840000000000071623e+01 -1.819508841191307125e-02 -1.694744617511461434e-03
1.850000000000071765e+01 -1.850596137224865337e-02 -1.753602175603363820e-03
1.860000000000071907e+01 -1.882751714205075852e-02 -1.815780791076219199e-03
1.870000000000072049e+01 -1.916034701255426090e-02 -1.881525697428281570e-03
1.880000000000072191e+01 -1.950508469783230822e-02 -1.951105411851847184e-03
1.890000000000072333e+01 -1.986241020533658155e-02 -2.024814415711836263e-03
1.900000000000072475e+01 -2.023305412854669791e-02 -2.102976201086840646e-03
1.910000000000072617e+01 -2.061780241532910202e-02 -2.185946741338382418e-03
1.920000000000072760e+01 -2.101750167343703971e-02 -2.274118454186003797e-03
1.930000000000072902e+01 -2.143306508333375077e-02 -2.367924738353157678e-03
1.940000000000073044e+01 -2.186547899907352946e-02 -2.467845180140914099e-03
1.950000000000073186e+01 -2.231581032989755561e-02 -2.574411544751071482e-03
1.960000000000073328e+01 -2.278521480918627509e-02 -2.688214689668147212e-03
1.970000000000073470e+01 -2.327494627383893191e-02 -2.809912564906536393e-03
1.980000000000073612e+01 -2.378636709588302645e-02 -2.940239498536050423e-03
1.990000000000073754e+01 -2.432095993041392956e-02 -3.080017007371436358e-03
2.000000000000073896e+01 -2.488034096951151006e-02 -3.230166423852230684e-03
2.010000000000074039e+01 -2.546627492163753767e-02 -3.391723693627662385e-03
2.020000000000074181e+01 -2.608069197087663910e-02 -3.565856777536364781e-03
2.030000000000074323e+01 -2.672570701025561365e-02 -3.753886190651120006e-03
2.040000000000074465e+01 -2.740364148994707538e-02 -3.957309335718917943e-03
2.050000000000074607e+01 -2.811704827402602275e-02 -4.177829445733848360e-03
2.060000000000074749e+01 -2.886873995964366058e-02 -4.417390150365067825e-03
2.070000000000074891e+01 -2.966182118017499786e-02 -4.678216936381456546e-03
2.080000000000075033e+01 -3.049972548761444371e-02 -4.962867099875409305e-03
2.090000000000075175e+01 -3.138625748866782916e-02 -5.274290211256199221e-03
2.100000000000075318e+01 -3.232564098834558863e-02 -5.615901663062704101e-03
2.110000000000075460e+01 -3.332257396766270807e-02 -5.991672587605814670e-03
2.120000000000075602e+01 -3.438229127508473509e-02 -6.406240373246752627e-03
2.130000000000075744e+01 -3.551063592056714902e-02 -6.865045252278267028e-03
2.140000000000075886e+01 -3.671413978943419837e-02 -7.374500087877996525e-03
2.150000000000076028e+01 -3.800011437476741305e-02 -7.942202700429962930e-03
2.160000000000076170e+01 -3.937675165569255731e-02 -8.577203051581060861e-03
2.170000000000076312e+01 -4.085323434880311355e-02 -9.290341635930794706e-03
2.180000000000076454e+01 -4.243985313777462465e-02 -1.009468091696932336e-02
2.190000000000076597e+01 -4.414812566073789829e-02 -1.100605914851183684e-02
2.200000000000076739e+01 -4.599090719840649710e-02 -1.204380622493829954e-02
2.210000000000076881e+01 -4.798247481063702691e-02 -1.323167537680032882e-02
2.220000000000077023e+01 -5.013855284145341679e-02 -1.459906401775784394e-02
2.230000000000077165e+01 -5.247622439149558088e-02 -1.618262371945797251e-02
2.240000000000077307e+01 -5.501363395438577802e-02 -1.802839535980147595e-02
2.250000000000077449e+01 -5.776931960629104468e-02 -2.019465308031798134e-02
2.260000000000077591e+01 -6.076089942568596580e-02 -2.275570043960786076e-02
2.270000000000077733e+01 -6.400264264586301433e-02 -2.580692945013744050e-02
2.280000000000077875e+01 -6.750112419170196942e-02 -2.947150874500489501e-02
2.290000000000078018e+01 -7.124759655081069898e-02 -3.390905436215277402e-02
2.300000000000078160e+01 -7.520476565283341908e-02 -3.932640911081113078e-02
2.310000000000078302e+01 -7.928412182294808375e-02 -4.598986018205290099e-02
2.320000000000078444e+01 -8.330767354861162710e-02 -5.423594980534451188e-02
2.330000000000078586e+01 -8.694509916436045371e-02 -6.447275295641888282e-02
2.340000000000078728e+01 -8.961595807916157563e-02 -7.715186073282727375e-02
2.350000000000078870e+01 -9.035409922087572765e-02 -9.266887848493453317e-02
2.360000000000079012e+01 -8.766803184845667340e-02 -1.111175748922739182e-01
2.370000000000079154e+01 -7.953419465285468948e-02 -1.318112292684174014e-01
2.380000000000079297e+01 -6.383949127965204973e-02 -1.526125093025916535e-01
2.390000000000079439e+01 -3.963161568676282220e-02 -1.695687403650076863e-01
2.400000000000079581e+01 -8.828801100359742055e-03 -1.779062582271594417e-01
2.410000000000079723e+01 2.340676287781785769e-02 -1.747205347322588753e-01
2.420000000000079865e+01 5.109859129023407165e-02 -1.611660877602073549e-01
2.430000000000080007e+01 7.072002941387925401e-02 -1.415429403510961304e-01
2.440000000000080149e+01 8.209326770524065509e-02 -1.204230302788376616e-01
2.450000000000080291e+01 8.700552026394839378e-02 -1.007865192138149429e-01
2.460000000000080433e+01 8.761946555219587984e-02 -8.390188227379348496e-02
2.470000000000080576e+01 8.568753993446853734e-02 -6.995841791131518494e-02
2.480000000000080718e+01 8.240274704778410841e-02 -5.865616540503883203e-02
2.490000000000080860e+01 7.850396178987199824e-02 -4.955017184960672227e-02
2.500000000000081002e+01 7.442175491552009692e-02 -4.220591723501918024e-02
2.510000000000081144e+01 7.039435662147346118e-02 -3.625306702874626918e-02
2.520000000000081286e+01 6.654535679044205898e-02 -3.139413272551758172e-02
2.530000000000081428e+01 6.293197756859929271e-02 -2.739652247437641269e-02
2.540000000000081570e+01 5.957397034301991495e-02 -2.408039787065886089e-02
2.550000000000081712e+01 5.647057718327942039e-02 -2.130706578469247076e-02
2.560000000000081855e+01 5.361036400258187284e-02 -1.896932668997124843e-02
2.570000000000081997e+01 5.097685706447017961e-02 -1.698391420484652095e-02
2.580000000000082139e+01 4.855172483907470304e-02 -1.528573559009129175e-02
2.590000000000082281e+01 4.631652925448835612e-02 -1.382353848878727955e-02
2.600000000000082423e+01 4.425364640533478722e-02 -1.255666410964065109e-02
2.610000000000082565e+01 4.234670841812895881e-02 -1.145261285647843248e-02
2.620000000000082707e+01 4.058077284548283759e-02 -1.048521276270181733e-02
2.630000000000082849e+01 3.894234072214076969e-02 -9.633234370673669777e-03
2.640000000000082991e+01 3.741929423075916056e-02 -8.879336829309537535e-03
2.650000000000083134e+01 3.600079526657488233e-02 -8.209260680943726227e-03
2.660000000000083276e+01 3.467716861561640634e-02 -7.611205337850501275e-03
2.670000000000083418e+01 3.343978303777956490e-02 -7.075345657366577216e-03
2.680000000000083560e+01 3.228093738057514345e-02 -6.593453950070242084e-03
2.690000000000083702e+01 3.119375522675810891e-02 -6.158602431332191318e-03
2.700000000000083844e+01 3.017208947985284065e-02 -5.764927458023664554e-03
2.710000000000083986e+01 2.921043710621044898e-02 -5.407441533563248082e-03
2.720000000000084128e+01 2.830386361087575825e-02 -5.081882484031740276e-03
2.730000000000084270e+01 2.744793650717858996e-02 -4.784591742473820637e-03
2.740000000000084412e+01 2.663866691080761517e-02 -4.512415567724934427e-03
2.750000000000084555e+01 2.587245836707441349e-02 -4.262624441043547617e-03
2.760000000000084697e+01 2.514606205709896819e-02 -4.032846953362546547e-03
2.770000000000084839e+01 2.445653759395829269e-02 -3.821015307778873223e-03
2.780000000000084981e+01 2.380121869781530800e-02 -3.625320182199361519e-03
2.790000000000085123e+01 2.317768311884762025e-02 -3.444173173577530847e-03
2.800000000000085265e+01 2.258372625317441387e-02 -3.276175413364479025e-03
2.810000000000085407e+01 2.201733796794451761e-02 -3.120091230060544583e-03
2.820000000000085549e+01 2.147668221499236113e-02 -2.974825958243363083e-03
2.830000000000085691e+01 2.096007906897463108e-02 -2.839407169123075742e-03
2.840000000000085834e+01 2.046598887519950408e-02 -2.712968736302514682e-03
2.850000000000085976e+01 1.999299823508530333e-02 -2.594737260362821752e-03
2.860000000000086118e+01 1.953980759455310745e-02 -2.484020463634242955e-03
2.870000000000086260e+01 1.910522023239982076e-02 -2.380197236650523525e-03
2.880000000000086402e+01 1.868813247339879552e-02 -2.282709074299296270e-03
2.890000000000086544e+01 1.828752497452593856e-02 -2.191052685293094597e-03
2.900000000000086686e+01 1.790245495290514882e-02 -2.104773595558981792e-03
2.910000000000086828e+01 1.753204924173796739e-02 -2.023460596330827962e-03
2.920000000000086970e+01 1.717549807527654626e-02 -1.946740912319160945e-03
2.930000000000087113e+01 1.683204951693316465e-02 -1.874275985584985486e-03
2.940000000000087255e+01 1.650100445570987576e-02 -1.805757787394131515e-03
2.950000000000087397e+01 1.618171210558859083e-02 -1.740905584070559986e-03
2.960000000000087539e+01 1.587356595094490883e-02 -1.679463094318583722e-03
2.970000000000087681e+01 1.557600008800403071e-02 -1.621195984945520948e-03
2.980000000000087823e+01 1.528848591863090148e-02 -1.565889659866806158e-03
2.990000000000087965e+01 1.501052915807827084e-02 -1.513347303910086939e-03
3.000000000000088107e+01 1.474166712285786274e-02 -1.463388148490756728e-03
3.010000000000088249e+01 1.448146626906946476e-02 -1.415845930952709881e-03
3.020000000000088392e+01 1.422951995488277999e-02 -1.370567523304232248e-03
3.030000000000088534e+01 1.398544640401171157e-02 -1.327411709452978048e-03
3.040000000000088676e+01 1.374888684968051354e-02 -1.286248092891801925e-03
3.050000000000088818e+01 1.351950384083489519e-02 -1.246956119199163363e-03
3.060000000000088960e+01 1.329697969451528773e-02 -1.209424199809188902e-03
3.070000000000089102e+01 1.308101507997857550e-02 -1.173548925255243902e-03
3.080000000000089244e+01 1.287132772180556856e-02 -1.139234357622345619e-03
3.090000000000089386e+01 1.266765121061087622e-02 -1.106391393246570262e-03
3.100000000000089528e+01 1.246973391112516857e-02 -1.074937187811876062e-03
3.110000000000089670e+01 1.227733795860167301e-02 -1.044794636981266709e-03
3.120000000000089813e+01 1.209023833534562595e-02 -1.015891906520318983e-03
3.130000000000089955e+01 1.190822202007459085e-02 -9.881620066084543467e-04
3.140000000000090097e+01 1.173108720355976742e-02 -9.615424056630420208e-04
3.150000000000090239e+01 1.155864256460363906e-02 -9.359746795413802049e-04
3.160000000000090381e+01 1.139070660108952929e-02 -9.114041924777423935e-04
3.170000000000090523e+01 1.122710701127210831e-02 -8.877798065164439062e-04
3.180000000000090665e+01 1.106768012100312927e-02 -8.650536165759807692e-04
3.190000000000090807e+01 1.091227035300050725e-02 -8.431807085986311751e-04
