-3.200000000000000000e+01 1.393506256551737058e-02 1.088293795295648507e-03
-3.194999999999999929e+01 1.403472890172022605e-02 1.102255320145707589e-03
-3.189999999999999858e+01 1.413566570953096041e-02 1.116482597832619151e-03
-3.184999999999999787e+01 1.423789693436319087e-02 1.130982389289899789e-03
-3.179999999999999716e+01 1.434144712259950369e-02 1.145761671392339209e-03
-3.174999999999999645e+01 1.444634144043970871e-02 1.160827645269358254e-03
-3.169999999999999574e+01 1.455260569347804726e-02 1.176187744996288380e-03
-3.164999999999999503e+01 1.466026634701281597e-02 1.191849646679075773e-03
-3.159999999999999432e+01 1.476935054713012646e-02 1.207821277954279583e-03
-3.154999999999999361e+01 1.487988614260647192e-02 1.224110827927655512e-03
-3.149999999999999289e+01 1.499190170763644615e-02 1.240726757570055237e-03
-3.144999999999999218e+01 1.510542656546322304e-02 1.257677810600915397e-03
-3.139999999999999147e+01 1.522049081292219629e-02 1.274973024880949723e-03
-3.134999999999999076e+01 1.533712534594948440e-02 1.292621744342959756e-03
-3.129999999999999005e+01 1.545536188611036643e-02 1.310633631491607554e-03
-3.124999999999998934e+01 1.557523300816227724e-02 1.329018680498308264e-03
-3.119999999999998863e+01 1.569677216874378750e-02 1.347787230930541863e-03
-3.114999999999998792e+01 1.582001373620947268e-02 1.366949982145737900e-03
-3.109999999999998721e+01 1.594499302167529803e-02 1.386518008388402381e-03
-3.104999999999998650e+01 1.607174631134336562e-02 1.406502774631781475e-03
-3.099999999999998579e+01 1.620031090013231145e-02 1.426916153200678567e-03
-3.094999999999998508e+01 1.633072512672224114e-02 1.447770441227175589e-03
-3.089999999999998437e+01 1.646302841004740336e-02 1.469078378981474205e-03
-3.084999999999998366e+01 1.659726128731840722e-02 1.490853169130154209e-03
-3.079999999999998295e+01 1.673346545366116017e-02 1.513108496977801348e-03
-3.074999999999998224e+01 1.687168380341463533e-02 1.535858551743474231e-03
-3.069999999999998153e+01 1.701196047321956034e-02 1.559118048941162500e-03
-3.064999999999998082e+01 1.715434088694933051e-02 1.582902253923649432e-03
-3.059999999999998010e+01 1.729887180258821155e-02 1.607227006661383168e-03
-3.054999999999997939e+01 1.744560136116818719e-02 1.632108747833059320e-03
-3.049999999999997868e+01 1.759457913782904587e-02 1.657564546300748388e-03
-3.044999999999997797e+01 1.774585619516396914e-02 1.683612128063344780e-03
-3.039999999999997726e+01 1.789948513892760523e-02 1.710269906772559538e-03
-3.034999999999997655e+01 1.805552017624253991e-02 1.737557015910715270e-03
-3.029999999999997584e+01 1.821401717644893434e-02 1.765493342736879599e-03
-3.024999999999997513e+01 1.837503373469269105e-02 1.794099564105178539e-03
-3.019999999999997442e+01 1.853862923845518013e-02 1.823397184284451886e-03
-3.014999999999997371e+01 1.870486493713721665e-02 1.853408574899671887e-03
-3.009999999999997300e+01 1.887380401487534845e-02 1.884157017134562018e-03
-3.004999999999997229e+01 1.904551166678091628e-02 1.915666746345387732e-03
-2.999999999999997158e+01 1.922005517874054298e-02 1.947962999235380334e-03
-2.994999999999997087e+01 1.939750401103632060e-02 1.981072063770557366e-03
-2.989999999999997016e+01 1.957792988594820108e-02 2.015021332010859430e-03
-2.984999999999996945e+01 1.976140687957566450e-02 2.049839356055269818e-03
-2.979999999999996874e+01 1.994801151813132764e-02 2.085555907315078759e-03
-2.974999999999996803e+01 2.013782287890707179e-02 2.122202039332772398e-03
-2.969999999999996732e+01 2.033092269624610371e-02 2.159810154403763935e-03
-2.964999999999996660e+01 2.052739547275486687e-02 2.198414074255095659e-03
-2.959999999999996589e+01 2.072732859607311073e-02 2.238049115068446726e-03
-2.954999999999996518e+01 2.093081246154260971e-02 2.278752167157957823e-03
-2.949999999999996447e+01 2.113794060106263112e-02 2.320561779623326899e-03
-2.944999999999996376e+01 2.134880981857042309e-02 2.363518250350551703e-03
-2.939999999999996305e+01 2.156352033248181907e-02 2.407663721736632255e-03
-2.934999999999996234e+01 2.178217592552562920e-02 2.453042282560448026e-03
-2.929999999999996163e+01 2.200488410243560400e-02 2.499700076457512729e-03
-2.924999999999996092e+01 2.223175625591399668e-02 2.547685417477412069e-03
-2.919999999999996021e+01 2.246290784145204417e-02 2.597048913272973544e-03
-2.914999999999995950e+01 2.269845856148853397e-02 2.647843596486682514e-03
-2.909999999999995879e+01 2.293853255950362158e-02 2.700125064965590033e-03
-2.904999999999995808e+01 2.318325862468835485e-02 2.753951631491250926e-03
-2.899999999999995737e+01 2.343277040778511330e-02 2.809384483751429813e-03
-2.894999999999995666e+01 2.368720664889424621e-02 2.866487855378980348e-03
-2.889999999999995595e+01 2.394671141793881797e-02 2.925329208921780000e-03
-2.884999999999995524e+01 2.421143436862055118e-02 2.985979431705205588e-03
-2.879999999999995453e+01 2.448153100676100230e-02 3.048513045636563196e-03
-2.874999999999995381e+01 2.475716297388779949e-02 3.113008432074039315e-03
-2.869999999999995310e+01 2.503849834716195474e-02 3.179548073026734322e-03
-2.864999999999995239e+01 2.532571195664650235e-02 3.248218810029903595e-03
-2.859999999999995168e+01 2.561898572109076733e-02 3.319112122189539233e-03
-2.854999999999995097e+01 2.591850900349317380e-02 3.392324425033583796e-03
-2.849999999999995026e+01 2.622447898768930086e-02 3.467957391937732947e-03
-2.844999999999994955e+01 2.653710107749692251e-02 3.546118300112568490e-03
-2.839999999999994884e+01 2.685658931987050871e-02 3.626920403286218279e-03
-2.834999999999994813e+01 2.718316685373699942e-02 3.710483333455548427e-03
-2.829999999999994742e+01 2.751706638631396667e-02 3.796933534317850981e-03
-2.824999999999994671e+01 2.785853069872465393e-02 3.886404729227758894e-03
-2.819999999999994600e+01 2.820781318307646543e-02 3.979038426870783358e-03
-2.814999999999994529e+01 2.856517841311759925e-02 4.074984468118669073e-03
-2.809999999999994458e+01 2.893090275087130403e-02 4.174401617926213996e-03
-2.804999999999994387e+01 2.930527499183344792e-02 4.277458206538463890e-03
-2.799999999999994316e+01 2.968859705137883581e-02 4.384332824695555235e-03
-2.794999999999994245e+01 3.008118469546417623e-02 4.495215078094930150e-03
-2.789999999999994174e+01 3.048336831870783470e-02 4.610306406878205386e-03
-2.784999999999994102e+01 3.089549377329919161e-02 4.729820976585212035e-03
-2.779999999999994031e+01 3.131792325245608133e-02 4.853986647739374528e-03
-2.774999999999993960e+01 3.175103623227382849e-02 4.983046031992463022e-03
-2.769999999999993889e+01 3.219523047636807522e-02 5.117257643742731919e-03
-2.764999999999993818e+01 3.265092310776682855e-02 5.256897157090264366e-03
-2.759999999999993747e+01 3.311855175298950016e-02 5.402258779193290679e-03
-2.754999999999993676e+01 3.359857576361319209e-02 5.553656752401404766e-03
-2.749999999999993605e+01 3.409147752082699462e-02 5.711426998968096094e-03
-2.744999999999993534e+01 3.459776382916378290e-02 5.875928923915540308e-03
-2.739999999999993463e+01 3.511796740570843900e-02 6.047547393436126899e-03
-2.734999999999993392e+01 3.565264847166741552e-02 6.226694908430122424e-03
-2.729999999999993321e+01 3.620239645362120784e-02 6.413813995245565627e-03
-2.724999999999993250e+01 3.676783180201245727e-02 6.609379838425133435e-03
-2.719999999999993179e+01 3.734960793518414535e-02 6.813903183580489846e-03
-2.714999999999993108e+01 3.794841331734498391e-02 7.027933542059577876e-03
-2.709999999999993037e+01 3.856497367939742960e-02 7.252062733323538270e-03
-2.704999999999992966e+01 3.920005439188786744e-02 7.486928805756635358e-03
-2.699999999999992895e+01 3.985446299933961822e-02 7.733220382059901796e-03
-2.694999999999992824e+01 4.052905192573321574e-02 7.991681481858043529e-03
-2.689999999999992752e+01 4.122472136045379765e-02 8.263116881302734820e-03
-2.684999999999992681e+01 4.194242233396770075e-02 8.548398077948682686e-03
-2.679999999999992610e+01 4.268315999192819066e-02 8.848469938906235177e-03
-2.674999999999992539e+01 4.344799707516655563e-02 9.164358121410422567e-03
-2.669999999999992468e+01 4.423805761197965869e-02 9.497177368153603833e-03
-2.664999999999992397e+01 4.505453082647313534e-02 9.848140794661171954e-03
-2.659999999999992326e+01 4.589867526388283214e-02 1.021857030365264270e-02
-2.654999999999992255e+01 4.677182312954847321e-02 1.060990828178022885e-02
-2.649999999999992184e+01 4.767538483212044320e-02 1.102373075781571191e-02
-2.644999999999992113e+01 4.861085371437193214e-02 1.146176222938542766e-02
-2.639999999999992042e+01 4.957981094416882839e-02 1.192589239759099008e-02
-2.634999999999991971e+01 5.058393052488868724e-02 1.241819508696944720e-02
-2.629999999999991900e+01 5.162498436680855451e-02 1.294094967274504737e-02
-2.624999999999991829e+01 5.270484733734933508e-02 1.349666538927392703e-02
-2.619999999999991758e+01 5.382550217838364542e-02 1.408810895504129627e-02
-2.614999999999991687e+01 5.498904413872909847e-02 1.471833602100308495e-02
-2.609999999999991616e+01 5.619768511904911501e-02 1.539072703343070253e-02
-2.604999999999991545e+01 5.745375705986276171e-02 1.610902820122199833e-02
-2.599999999999991473e+01 5.875971421653123500e-02 1.687739837319153502e-02
-2.594999999999991402e+01 6.011813385371991142e-02 1.770046276685252606e-02
-2.589999999999991331e+01 6.153171474543418784e-02 1.858337464813737336e-02
-2.584999999999991260e+01 6.300327267790768737e-02 1.953188624611019997e-02
-2.579999999999991189e+01 6.453573190652253655e-02 2.055243040040359223e-02
-2.574999999999991118e+01 6.613211119696180140e-02 2.165221468464665830e-02
-2.569999999999991047e+01 6.779550266413891801e-02 2.283933003009873050e-02
-2.564999999999990976e+01 6.952904107672004674e-02 2.412287618843158427e-02
-2.559999999999990905e+01 7.133586058416162279e-02 2.551310672075365882e-02
-2.554999999999990834e+01 7.321903489307798885e-02 2.702159657225827391e-02
-2.549999999999990763e+01 7.518149570388822645e-02 2.866143567252406321e-02
-2.544999999999990692e+01 7.722592262709100652e-02 3.044745235839294364e-02
-2.539999999999990621e+01 7.935459571926793687e-02 3.239647069813206964e-02
-2.534999999999990550e+01 8.156919905993212372e-02 3.452760590929883355e-02
-2.529999999999990479e+01 8.387056024816164079e-02 3.686260186671321687e-02
-2.524999999999990408e+01 8.625830609617690659e-02 3.942621395875883783e-02
-2.519999999999990337e+01 8.873040885238175912e-02 4.224663890831681368e-02
-2.514999999999990266e+01 9.128258967617544628e-02 4.535599007448084391e-02
-2.509999999999990195e+01 9.390753646193425452e-02 4.879081133565148221e-02
-2.504999999999990123e+01 9.659388117625414272e-02 5.259261364473863387e-02
-2.499999999999990052e+01 9.932486750774550954e-02 5.680840383275660710e-02
-2.494999999999989981e+01 1.020766231531598511e-01 6.149115243692638427e-02
-2.489999999999989910e+01 1.048159337286396764e-01 6.670011230043104700e-02
-2.484999999999989839e+01 1.074974001264939749e-01 7.250084702442197160e-02
-2.479999999999989768e+01 1.100598544103265491e-01 7.896475110133412134e-02
-2.474999999999989697e+01 1.124219228823492428e-01 8.616773366387127375e-02
-2.469999999999989626e+01 1.144766796312148699e-01 9.418758790958567384e-02
-2.464999999999989555e+01 1.160854641678389088e-01 1.030993764717340749e-01
-2.459999999999989484e+01 1.170711954842677399e-01 1.129679427702597466e-01
-2.454999999999989413e+01 1.172119744825131649e-01 1.238364575383387733e-01
-2.449999999999989342e+01 1.162365086205771059e-01 1.357098414694642985e-01
-2.444999999999989271e+01 1.138239673746584274e-01 1.485321889385055050e-01
-2.439999999999989200e+01 1.096122091967954570e-01 1.621583121578149544e-01
-2.434999999999989129e+01 1.032195349373525167e-01 1.763216917514921211e-01
-2.429999999999989058e+01 9.428532013979472326e-02 1.906048080582674054e-01
-2.424999999999988987e+01 8.253253645365610236e-02 2.044227385568343214e-01
-2.419999999999988916e+01 6.784858838260848790e-02 2.170352612176588147e-01
-2.414999999999988844e+01 5.036968790910761884e-02 2.276026923824896186e-01
-2.409999999999988773e+01 3.054150920558003704e-02 2.352915934317062752e-01
-2.404999999999988702e+01 9.123374882752315757e-03 2.394167192943838784e-01
-2.399999999999988631e+01 -1.288576366624682654e-02 2.395819764767807281e-01
-2.394999999999988560e+01 -3.439230322507591531e-02 2.357710670060580438e-01
-2.389999999999988489e+01 -5.438332784487946714e-02 2.283513559255757330e-01
-2.384999999999988418e+01 -7.207598595982904477e-02 2.179893354078062118e-01
-2.379999999999988347e+01 -8.699807944245245561e-02 2.055119263352630232e-01
-2.374999999999988276e+01 -9.898976080303617531e-02 1.917629232978342868e-01
-2.369999999999988205e+01 -1.081462952593295890e-01 1.774934768377397776e-01
-2.364999999999988134e+01 -1.147344563625580793e-01 1.633021960554236207e-01
-2.359999999999988063e+01 -1.191106662549563516e-01 1.496199814218606150e-01
-2.354999999999987992e+01 -1.216567142391288686e-01 1.367247058285559480e-01
-2.349999999999987921e+01 -1.227373861833147145e-01 1.247702758860934347e-01
-2.344999999999987850e+01 -1.226773549420162035e-01 1.138187720017951599e-01
-2.339999999999987779e+01 -1.217520514415620092e-01 1.038693243830446922e-01
-2.334999999999987708e+01 -1.201872902619268574e-01 9.488119610860555608e-02
-2.329999999999987637e+01 -1.181635969053701912e-01 8.679082688093896214e-02
-2.324999999999987566e+01 -1.158225261122577954e-01 7.952366358675115598e-02
-2.319999999999987494e+01 -1.132733619767290617e-01 7.300193061539937689e-02
-2.314999999999987423e+01 -1.105993587888583762e-01 6.714944348782343753e-02
-2.309999999999987352e+01 -1.078631612619842112e-01 6.189437395948074738e-02
-2.304999999999987281e+01 -1.051113150279436997e-01 5.717065366517819908e-02
-2.299999999999987210e+01 -1.023779168437762149e-01 5.291850842961595691e-02
-2.294999999999987139e+01 -9.968751330934512433e-02 4.908446200971780526e-02
-2.289999999999987068e+01 -9.705737286825300014e-02 4.562103510435962239e-02
-2.284999999999986997e+01 -9.449925025704919435e-02 4.248628585251850581e-02
-2.279999999999986926e+01 -9.202074779822282113e-02 3.964328364171885999e-02
-2.274999999999986855e+01 -8.962636062709455897e-02 3.705957179692302011e-02
-2.269999999999986784e+01 -8.731827633414970813e-02 3.470665108634752444e-02
-2.264999999999986713e+01 -8.509698494432325899e-02 3.255950090377418560e-02
-2.259999999999986642e+01 -8.296174302369058173e-02 3.059614560882960299e-02
-2.254999999999986571e+01 -8.091092590023413189e-02 2.879726785217485291e-02
-2.249999999999986500e+01 -7.894229422174539601e-02 2.714586745842731061e-02
-2.244999999999986429e+01 -7.705319500691792944e-02 2.562696270376618735e-02
-2.239999999999986358e+01 -7.524071264387301172e-02 2.422733002750337983e-02
-2.234999999999986287e+01 -7.350178167149734598e-02 2.293527798721839428e-02
-2.229999999999986215e+01 -7.183327040046143253e-02 2.174045136193008404e-02
-2.224999999999986144e+01 -7.023204230421767336e-02 2.063366157903494258e-02
-2.219999999999986073e+01 -6.869500048459536989e-02 1.960673999476256896e-02
-2.214999999999986002e+01 -6.721911927235330042e-02 1.865241093710278547e-02
-2.209999999999985931e+01 -6.580146607356750221e-02 1.776418179479067813e-02
-2.204999999999985860e+01 -6.443921584490067134e-02 1.693624778568731878e-02
-2.199999999999985789e+01 -6.312966002402202459e-02 1.616340935608615026e-02
-2.194999999999985718e+01 -6.187021131515414718e-02 1.544100044598195783e-02
-2.189999999999985647e+01 -6.065840540140719772e-02 1.476482610346301245e-02
-2.184999999999985576e+01 -5.949190040492399745e-02 1.413110814809124399e-02
-2.179999999999985505e+01 -5.836847472199036685e-02 1.353643776947418761e-02
-2.174999999999985434e+01 -5.728602371151094580e-02 1.297773410763497330e-02
-2.169999999999985363e+01 -5.624255560108432778e-02 1.245220799931540806e-02
-2.164999999999985292e+01 -5.523618688594660042e-02 1.195733019128472630e-02
-2.159999999999985221e+01 -5.426513742877947521e-02 1.149080342218410621e-02
-2.154999999999985150e+01 -5.332772541559678559e-02 1.105053785951915293e-02
-2.149999999999985079e+01 -5.242236228264448433e-02 1.063462945112640147e-02
-2.144999999999985008e+01 -5.154754769859993396e-02 1.024134081254401106e-02
-2.139999999999984936e+01 -5.070186466198708941e-02 9.869084324255331109e-03
-2.134999999999984865e+01 -4.988397475613034343e-02 9.516407158116775913e-03
-2.129999999999984794e+01 -4.909261358975310074e-02 9.181977990596053990e-03
-2.124999999999984723e+01 -4.832658644082609561e-02 8.864575193353338087e-03
-2.119999999999984652e+01 -4.758476411362216885e-02 8.563076319963716307e-03
-2.114999999999984581e+01 -4.686607901250681302e-02 8.276448731486156854e-03
-2.109999999999984510e+01 -4.616952143212304377e-02 8.003741224491931969e-03
-2.104999999999984439e+01 -4.549413606015718231e-02 7.744076542821635642e-03
-2.099999999999984368e+01 -4.483901868662909518e-02 7.496644669650174946e-03
-2.094999999999984297e+01 -4.420331311233832022e-02 7.260696809715166088e-03
-2.089999999999984226e+01 -4.358620824765236518e-02 7.035539982777437931e-03
-2.084999999999984155e+01 -4.298693539264839686e-02 6.820532159382797568e-03
-2.079999999999984084e+01 -4.240476568907059624e-02 6.615077878411030135e-03
-2.074999999999984013e+01 -4.183900773450995036e-02 6.418624293287008772e-03
-2.069999999999983942e+01 -4.128900534952070073e-02 6.230657600210760989e-03
-2.064999999999983871e+01 -4.075413548823862697e-02 6.050699807206607640e-03
-2.059999999999983800e+01 -4.023380628374324114e-02 5.878305807777157131e-03
-2.054999999999983729e+01 -3.972745521955531323e-02 5.713060727106086985e-03
-2.049999999999983658e+01 -3.923454741907177190e-02 5.554577512458741019e-03
-2.044999999999983586e+01 -3.875457404534123074e-02 5.402494742724590904e-03
-2.039999999999983515e+01 -3.828705080368986768e-02 5.256474634776370052e-03
-2.034999999999983444e+01 -3.783151654045749379e-02 5.116201226914196543e-03
-2.029999999999983373e+01 -3.738753193133609320e-02 4.981378721787935691e-03
-2.024999999999983302e+01 -3.695467825322019256e-02 4.851729973119215354e-03
-2.019999999999983231e+01 -3.653255623402912322e-02 4.726995102287491306e-03
-2.014999999999983160e+01 -3.612078497505396418e-02 4.606930232254755758e-03
-2.009999999999983089e+01 -3.571900094102045675e-02 4.491306327710912691e-03
-2.004999999999983018e+01 -3.532685701323218935e-02 4.379908131441136686e-03
-1.999999999999982947e+01 -3.494402160148227243e-02 4.272533187955598367e-03
-1.994999999999982876e+01 -3.457017781086017122e-02 4.168990946380422835e-03
-1.989999999999982805e+01 -3.420502265960946586e-02 4.069101935353890143e-03
-1.984999999999982734e+01 -3.384826634470233797e-02 3.972697003468628890e-03
-1.979999999999982663e+01 -3.349963155189558672e-02 3.879616619405270792e-03
-1.974999999999982592e+01 -3.315885280726464657e-02 3.789710226481599054e-03
-1.969999999999982521e+01 -3.282567586754840672e-02 3.702835646888347383e-03
-1.964999999999982450e+01 -3.249985714661127179e-02 3.618858531282923008e-03
-1.959999999999982379e+01 -3.218116317573246205e-02 3.537651849882457109e-03
-1.954999999999982307e+01 -3.186937009547381738e-02 3.459095421531035476e-03
-1.949999999999982236e+01 -3.156426317703794199e-02 3.383075477547882026e-03
-1.944999999999982165e+01 -3.126563637128645934e-02 3.309484257487280319e-03
-1.939999999999982094e+01 -3.097329188352406643e-02 3.238219634157080227e-03
-1.934999999999982023e+01 -3.068703977247750833e-02 3.169184765531931486e-03
-1.929999999999981952e+01 -3.040669757189935068e-02 3.102287771383676132e-03
-1.924999999999981881e+01 -3.013208993333823735e-02 3.037441432647133063e-03
-1.919999999999981810e+01 -2.986304828881706369e-02 2.974562911738463412e-03
-1.914999999999981739e+01 -2.959941053207446743e-02 2.913573492158953813e-03
-1.909999999999981668e+01 -2.934102071728874467e-02 2.854398335902609291e-03
-1.904999999999981597e+01 -2.908772877417938052e-02 2.796966257290550099e-03
-1.899999999999981526e+01 -2.883939023845843996e-02 2.741209511973674920e-03
-1.894999999999981455e+01 -2.859586599676323948e-02 2.687063599971721995e-03
-1.889999999999981384e+01 -2.835702204510365254e-02 2.634467081676690730e-03
-1.884999999999981313e+01 -2.812272926007707008e-02 2.583361405872616496e-03
-1.879999999999981242e+01 -2.789286318206584542e-02 2.533690748881996680e-03
-1.874999999999981171e+01 -2.766730380968495870e-02 2.485401864022538342e-03
-1.869999999999981100e+01 -2.744593540487784769e-02 2.438443940641528418e-03
-1.864999999999981029e+01 -2.722864630795547580e-02 2.392768472023483212e-03
-1.859999999999980957e+01 -2.701532876206026029e-02 2.348329131553133966e-03
-1.854999999999980886e+01 -2.680587874649006941e-02 2.305081656547321774e-03
-1.849999999999980815e+01 -2.660019581835505742e-02 2.262983739215938990e-03
-1.844999999999980744e+01 -2.639818296214809651e-02 2.221994924269163514e-03
-1.839999999999980673e+01 -2.619974644670658090e-02 2.182076512698881855e-03
-1.834999999999980602e+01 -2.600479568920502707e-02 2.143191471324629518e-03
-1.829999999999980531e+01 -2.581324312576718794e-02 2.105304347710427407e-03
-1.824999999999980460e+01 -2.562500408831326973e-02 2.068381190088931353e-03
-1.819999999999980389e+01 -2.543999668734991601e-02 2.032389471969783899e-03
-1.814999999999980318e+01 -2.525814170030959288e-02 1.997298021109683228e-03
-1.809999999999980247e+01 -2.507936246518834705e-02 1.963076952568463141e-03
-1.804999999999980176e+01 -2.490358477917858568e-02 1.929697605582414476e-03
-1.799999999999980105e+01 -2.473073680201341717e-02 1.897132484005855518e-03
-1.794999999999980034e+01 -2.456074896381845590e-02 1.865355200101629892e-03
-1.789999999999979963e+01 -2.439355387717000861e-02 1.834340421456230000e-03
-1.784999999999979892e+01 -2.422908625318504622e-02 1.804063820831529330e-03
-1.779999999999979821e+01 -2.406728282141658987e-02 1.774502028766624783e-03
-1.774999999999979750e+01 -2.390808225334285081e-02 1.745632588756627001e-03
-1.769999999999979678e+01 -2.375142508930785934e-02 1.717433914857603499e-03
-1.764999999999979607e+01 -2.359725366867973517e-02 1.689885251559017018e-03
-1.759999999999979536e+01 -2.344551206310530739e-02 1.662966635793869906e-03
-1.754999999999979465e+01 -2.329614601269055368e-02 1.636658860955256777e-03
-1.749999999999979394e+01 -2.314910286494631028e-02 1.610943442797061484e-03
-1.744999999999979323e+01 -2.300433151640154245e-02 1.585802587114026321e-03
-1.739999999999979252e+01 -2.286178235669863307e-02 1.561219159087065544e-03
-1.734999999999979181e+01 -2.272140721508817893e-02 1.537176654203348952e-03
-1.729999999999979110e+01 -2.258315930919240974e-02 1.513659170657360954e-03
-1.724999999999979039e+01 -2.244699319591472383e-02 1.490651383145467131e-03
-1.719999999999978968e+01 -2.231286472442860214e-02 1.468138517980455311e-03
-1.714999999999978897e+01 -2.218073099109692248e-02 1.446106329442675134e-03
-1.709999999999978826e+01 -2.205055029626618035e-02 1.424541077304132802e-03
-1.704999999999978755e+01 -2.192228210283449219e-02 1.403429505457677324e-03
-1.699999999999978684e+01 -2.179588699649824893e-02 1.382758821587840503e-03
-1.694999999999978613e+01 -2.167132664763329539e-02 1.362516677831344253e-03
-1.689999999999978542e+01 -2.154856377468892734e-02 1.342691152365413062e-03
-1.684999999999978471e+01 -2.142756210905867598e-02 1.323270731878799841e-03
-1.679999999999978400e+01 -2.130828636134865159e-02 1.304244294875796500e-03
-1.674999999999978328e+01 -2.119070218896897118e-02 1.285601095766671000e-03
-1.669999999999978257e+01 -2.107477616502011902e-02 1.267330749707515358e-03
-1.664999999999978186e+01 -2.096047574837341804e-02 1.249423218142933778e-03
-1.659999999999978115e+01 -2.084776925492356353e-02 1.231868795019451426e-03
-1.654999999999978044e+01 -2.073662582995055431e-02 1.214658093632754081e-03
-1.649999999999977973e+01 -2.062701542153169004e-02 1.197782034074187582e-03
-1.644999999999977902e+01 -2.051890875498739095e-02 1.181231831250046911e-03
-1.639999999999977831e+01 -2.041227730827585227e-02 1.164998983438067515e-03
-1.634999999999977760e+01 -2.030709328832478594e-02 1.149075261358173655e-03
-1.629999999999977689e+01 -2.020332960824978985e-02 1.133452697729797837e-03
-1.624999999999977618e+01 -2.010095986541196589e-02 1.118123577289798810e-03
-1.619999999999977547e+01 -1.999995832030667525e-02 1.103080427252016958e-03
-1.614999999999977476e+01 -1.990029987621112773e-02 1.088316008180873059e-03
-1.609999999999977405e+01 -1.980196005958635708e-02 1.073823305262601663e-03
-1.604999999999977334e+01 -1.970491500119260497e-02 1.059595519953108545e-03
-1.599999999999977263e+01 -1.960914141787952272e-02 1.045626061982730167e-03
-1.594999999999977192e+01 -1.951461659504940063e-02 1.031908541704303593e-03
-1.589999999999977121e+01 -1.942131836973088818e-02 1.018436762762861721e-03
-1.584999999999977049e+01 -1.932922511426395096e-02 1.005204715075229491e-03
-1.579999999999976978e+01 -1.923831572056250092e-02 9.922065681034028962e-04
-1.574999999999976907e+01 -1.914856958492311065e-02 9.794366644065930893e-04
-1.569999999999976836e+01 -1.905996659338211885e-02 9.668895134621939514e-04
-1.564999999999976765e+01 -1.897248710756673298e-02 9.545597857384188886e-04
-1.559999999999976694e+01 -1.888611195104458740e-02 9.424423070102616552e-04
-1.554999999999976623e+01 -1.880082239614392497e-02 9.305320529062970471e-04
-1.549999999999976552e+01 -1.871660015121803800e-02 9.188241436745895295e-04
-1.544999999999976481e+01 -1.863342734835961995e-02 9.073138391607988781e-04
-1.539999999999976410e+01 -1.855128653151693827e-02 8.959965339845527878e-04
-1.534999999999976339e+01 -1.847016064501895427e-02 8.848677529082072529e-04
-1.529999999999976268e+01 -1.839003302248597149e-02 8.739231463882192290e-04
-1.524999999999976197e+01 -1.831088737610395839e-02 8.631584862999466465e-04
-1.519999999999976126e+01 -1.823270778627002209e-02 8.525696618310260339e-04
-1.514999999999976055e+01 -1.815547869156653241e-02 8.421526755319334347e-04
-1.509999999999975984e+01 -1.807918487907264615e-02 8.319036395196509337e-04
-1.504999999999975913e+01 -1.800381147499355294e-02 8.218187718267249125e-04
-1.499999999999975842e+01 -1.792934393558883593e-02 8.118943928884278082e-04
-1.494999999999975770e+01 -1.785576803840901658e-02 8.021269221647058271e-04
-1.489999999999975699e+01 -1.778306987380203624e-02 7.925128748874641152e-04
-1.484999999999975628e+01 -1.771123583669989565e-02 7.830488589304525349e-04
-1.479999999999975557e+01 -1.764025261866849353e-02 7.737315717955715530e-04
-1.474999999999975486e+01 -1.757010720020459743e-02 7.645577977097996018e-04
-1.469999999999975415e+01 -1.750078684329040707e-02 7.555244048305158290e-04
-1.464999999999975344e+01 -1.743227908417088745e-02 7.466283425513093068e-04
-1.459999999999975273e+01 -1.736457172636483165e-02 7.378666389065097284e-04
-1.454999999999975202e+01 -1.729765283389521693e-02 7.292363980694610429e-04
-1.449999999999975131e+01 -1.723151072472493481e-02 7.207347979398433246e-04
-1.444999999999975060e+01 -1.716613396440885148e-02 7.123590878186632312e-04
-1.439999999999974989e+01 -1.710151135993050880e-02 7.041065861641892598e-04
-1.434999999999974918e+01 -1.703763195373523415e-02 6.959746784277962830e-04
-1.429999999999974847e+01 -1.697448501794660697e-02 6.879608149656537110e-04
-1.424999999999974776e+01 -1.691206004875454860e-02 6.800625090224488066e-04
-1.419999999999974705e+01 -1.685034676098613737e-02 6.722773347863543339e-04
-1.414999999999974634e+01 -1.678933508283024859e-02 6.646029255094803917e-04
-1.409999999999974563e+01 -1.672901515072795428e-02 6.570369716933132168e-04
-1.404999999999974492e+01 -1.666937730441726828e-02 6.495772193357813402e-04
-1.399999999999974420e+01 -1.661041208212186288e-02 6.422214682368247501e-04
-1.394999999999974349e+01 -1.655211021589506060e-02 6.349675703621220687e-04
-1.389999999999974278e+01 -1.649446262709270208e-02 6.278134282599898228e-04
-1.384999999999974207e+01 -1.643746042198648144e-02 6.207569935313298837e-04
-1.379999999999974136e+01 -1.638109488750804851e-02 6.137962653498491928e-04
-1.374999999999974065e+01 -1.632535748711452100e-02 6.069292890299460026e-04
-1.369999999999973994e+01 -1.627023985678667170e-02 6.001541546422453936e-04
-1.364999999999973923e+01 -1.621573380113557755e-02 5.934689956724319712e-04
-1.359999999999973852e+01 -1.616183128962912080e-02 5.868719877235231827e-04
-1.354999999999973781e+01 -1.610852445292982812e-02 5.803613472592681569e-04
-1.349999999999973710e+01 -1.605580557933561012e-02 5.739353303864721135e-04
-1.344999999999973639e+01 -1.600366711133469066e-02 5.675922316764784670e-04
-1.339999999999973568e+01 -1.595210164225217137e-02 5.613303830219560243e-04
-1.334999999999973497e+01 -1.590110191299960035e-02 5.551481525293502526e-04
-1.329999999999973426e+01 -1.585066080891976356e-02 5.490439434450160479e-04
-1.324999999999973355e+01 -1.580077135671944383e-02 5.430161931131913516e-04
-1.319999999999973284e+01 -1.575142672150080941e-02 5.370633719661936905e-04
-1.314999999999973213e+01 -1.570262020387088592e-02 5.311839825434164870e-04
-1.309999999999973141e+01 -1.565434523714009235e-02 5.253765585396153077e-04
-1.304999999999973070e+01 -1.560659538460278974e-02 5.196396638808040798e-04
-1.299999999999972999e+01 -1.555936433689330579e-02 5.139718918261593650e-04
-1.294999999999972928e+01 -1.551264590942817538e-02 5.083718640964597245e-04
-1.289999999999972857e+01 -1.546643403991503421e-02 5.028382300259558830e-04
-1.284999999999972786e+01 -1.542072278593915359e-02 4.973696657382869818e-04
-1.279999999999972715e+01 -1.537550632262128097e-02 4.919648733449584260e-04
-1.274999999999972644e+01 -1.533077894034039039e-02 4.866225801650609891e-04
-1.269999999999972573e+01 -1.528653504253320132e-02 4.813415379666455534e-04
-1.264999999999972502e+01 -1.524276914354983671e-02 4.761205222272607996e-04
-1.259999999999972431e+01 -1.519947586657873981e-02 4.709583314140016559e-04
-1.254999999999972360e+01 -1.515664994163282153e-02 4.658537862818792463e-04
-1.249999999999972289e+01 -1.511428620359732931e-02 4.608057291898742846e-04
-1.244999999999972218e+01 -1.507237959033319412e-02 4.558130234334039884e-04
-1.239999999999972147e+01 -1.503092514084616339e-02 4.508745525938541183e-04
-1.234999999999972076e+01 -1.498991799350465892e-02 4.459892199026462651e-04
-1.229999999999972005e+01 -1.494935338431686335e-02 4.411559476205531398e-04
-1.224999999999971934e+01 -1.490922664526171844e-02 4.363736764311299584e-04
-1.219999999999971863e+01 -1.486953320266910447e-02 4.316413648472062353e-04
-1.214999999999971791e+01 -1.483026857565894474e-02 4.269579886311137672e-04
-1.209999999999971720e+01 -1.479142837462352547e-02 4.223225402263115335e-04
-1.204999999999971649e+01 -1.475300829976304746e-02 4.177340282011182074e-04
-1.199999999999971578e+01 -1.471500413966959388e-02 4.131914767035397423e-04
-1.194999999999971507e+01 -1.467741176995517906e-02 4.086939249262221043e-04
-1.189999999999971436e+01 -1.464022715193343503e-02 4.042404265822124171e-04
-1.184999999999971365e+01 -1.460344633134012110e-02 3.998300493893323579e-04
-1.179999999999971294e+01 -1.456706543710207385e-02 3.954618745638858839e-04
-1.174999999999971223e+01 -1.453108068015047070e-02 3.911349963227450221e-04
-1.169999999999971152e+01 -1.449548835227415858e-02 3.868485213929292316e-04
-1.164999999999971081e+01 -1.446028482502251765e-02 3.826015685293334117e-04
-1.159999999999971010e+01 -1.442546654864389905e-02 3.783932680385523797e-04
-1.154999999999970939e+01 -1.439103005106895546e-02 3.742227613094668663e-04
-1.149999999999970868e+01 -1.435697193693505694e-02 3.700892003497260538e-04
-1.144999999999970797e+01 -1.432328888664813511e-02 3.659917473272525715e-04
-1.139999999999970726e+01 -1.428997765549078203e-02 3.619295741174282776e-04
-1.134999999999970655e+01 -1.425703507276393847e-02 3.579018618539663282e-04
-1.129999999999970584e+01 -1.422445804097085230e-02 3.539078004841319808e-04
-1.124999999999970512e+01 -1.419224353503997088e-02 3.499465883274460731e-04
-1.119999999999970441e+01 -1.416038860158368162e-02 3.460174316370372063e-04
-1.114999999999970370e+01 -1.412889035820112660e-02 3.421195441642536916e-04
-1.109999999999970299e+01 -1.409774599281337672e-02 3.382521467246016929e-04
-1.104999999999970228e+01 -1.406695276303961649e-02 3.344144667656086950e-04
-1.099999999999970157e+01 -1.403650799561097576e-02 3.306057379357744269e-04
-1.094999999999970086e+01 -1.400640908581950693e-02 3.268251996537501185e-04
-1.089999999999970015e+01 -1.397665349701030305e-02 3.230720966783087907e-04
-1.084999999999969944e+01 -1.394723876010574293e-02 3.193456786772020696e-04
-1.079999999999969873e+01 -1.391816247317033926e-02 3.156451997954326169e-04
-1.074999999999969802e+01 -1.388942230101316427e-02 3.119699182220756796e-04
-1.069999999999969731e+01 -1.386101597482573486e-02 3.083190957547750268e-04
-1.064999999999969660e+01 -1.383294129186309410e-02 3.046919973623883702e-04
-1.059999999999969589e+01 -1.380519611515795483e-02 3.010878907438701690e-04
-1.054999999999969518e+01 -1.377777837327600306e-02 2.975060458838389450e-04
-1.049999999999969447e+01 -1.375068606011002614e-02 2.939457346039044995e-04
-1.044999999999969376e+01 -1.372391723471069573e-02 2.904062301088241368e-04
-1.039999999999969305e+01 -1.369747002116196086e-02 2.868868065278530523e-04
-1.034999999999969233e+01 -1.367134260849148068e-02 2.833867384493444792e-04
-1.029999999999969162e+01 -1.364553325062409402e-02 2.799053004489157441e-04
-1.024999999999969091e+01 -1.362004026637642778e-02 2.764417666101714934e-04
-1.019999999999969020e+01 -1.359486203949088548e-02 2.729954100369662382e-04
-1.014999999999968949e+01 -1.356999701871666568e-02 2.695655023574161212e-04
-1.009999999999968878e+01 -1.354544371792939725e-02 2.661513132176359167e-04
-1.004999999999968807e+01 -1.352120071629691993e-02 2.627521097653662784e-04
-9.999999999999687361e+00 -1.349726665849000293e-02 2.593671561223365608e-04
-9.949999999999686651e+00 -1.347364025493660855e-02 2.559957128442098395e-04
-9.899999999999685940e+00 -1.345032028212730935e-02 2.526370363681292117e-04
-9.849999999999685230e+00 -1.342730558296414967e-02 2.492903784457106350e-04
-9.799999999999684519e+00 -1.340459506716084118e-02 2.459549855614126968e-04
-9.749999999999683808e+00 -1.338218771169308666e-02 2.426300983349612399e-04
-9.699999999999683098e+00 -1.336008256129848221e-02 2.393149509064601468e-04
-9.649999999999682387e+00 -1.333827872903360634e-02 2.360087703039545279e-04
-9.599999999999681677e+00 -1.331677539688137443e-02 2.327107757910740812e-04
-9.549999999999680966e+00 -1.329557181641673191e-02 2.294201781944200848e-04
-9.499999999999680256e+00 -1.327466730952995069e-02 2.261361792090853338e-04
-9.449999999999679545e+00 -1.325406126920785840e-02 2.228579706806553453e-04
-9.399999999999678835e+00 -1.323375316038020999e-02 2.195847338631285676e-04
-9.349999999999678124e+00 -1.321374252082602174e-02 2.163156386500492048e-04
-9.299999999999677414e+00 -1.319402896214743465e-02 2.130498427781602876e-04
-9.249999999999676703e+00 -1.317461217081162400e-02 2.097864910015740346e-04
-9.199999999999675993e+00 -1.315549190926141448e-02 2.065247142343882431e-04
-9.149999999999675282e+00 -1.313666801710244164e-02 2.032636286607640390e-04
-9.099999999999674571e+00 -1.311814041236250561e-02 2.000023348092808996e-04
-9.049999999999673861e+00 -1.309990909283135357e-02 1.967399165903617984e-04
-8.999999999999673150e+00 -1.308197413748209831e-02 1.934754402942550754e-04
-8.949999999999672440e+00 -1.306433570797584098e-02 1.902079535469004736e-04
-8.899999999999671729e+00 -1.304699405025796372e-02 1.869364842221070324e-04
-8.849999999999671019e+00 -1.302994949624299015e-02 1.836600393061884988e-04
-8.799999999999670308e+00 -1.301320246559677096e-02 1.803776037131569511e-04
-8.749999999999669598e+00 -1.299675346761853395e-02 1.770881390471981762e-04
-8.699999999999668887e+00 -1.298060310322539726e-02 1.737905823089851576e-04
-8.649999999999668177e+00 -1.296475206704836639e-02 1.704838445433661497e-04
-8.599999999999667466e+00 -1.294920114963879834e-02 1.671668094236744128e-04
-8.549999999999666755e+00 -1.293395123979466932e-02 1.638383317697782345e-04
-8.499999999999666045e+00 -1.291900332701064608e-02 1.604972359955294386e-04
-8.449999999999665334e+00 -1.290435850405605156e-02 1.571423144810508814e-04
-8.399999999999664624e+00 -1.289001796969118860e-02 1.537723258661855344e-04
-8.349999999999663913e+00 -1.287598303152250392e-02 1.503859932590568757e-04
-8.299999999999663203e+00 -1.286225510900768781e-02 1.469820023554538682e-04
-8.249999999999662492e+00 -1.284883573661635414e-02 1.435589994632454659e-04
-8.199999999999661782e+00 -1.283572656715260135e-02 1.401155894255969904e-04
-8.149999999999661071e+00 -1.282292937525113252e-02 1.366503334376662458e-04
-8.099999999999660361e+00 -1.281044606105064682e-02 1.331617467487827312e-04
-8.049999999999659650e+00 -1.279827865405686743e-02 1.296482962439469110e-04
-7.999999999999658939e+00 -1.278642931720368192e-02 1.261083978965995590e-04
-7.949999999999658229e+00 -1.277490035112145705e-02 1.225404140841978955e-04
-7.899999999999657518e+00 -1.276369419862634358e-02 1.189426507587835850e-04
-7.849999999999656808e+00 -1.275281344943746120e-02 1.153133544618779524e-04
-7.799999999999656097e+00 -1.274226084513782609e-02 1.116507091746122941e-04
-7.749999999999655387e+00 -1.273203928439001903e-02 1.079528329920114403e-04
-7.699999999999654676e+00 -1.272215182841968106e-02 1.042177746095776340e-04
-7.649999999999653966e+00 -1.271260170678398943e-02 1.004435096107420336e-04
-7.599999999999653255e+00 -1.270339232343671229e-02 9.662793654063167592e-05
-7.549999999999652545e+00 -1.269452726310892066e-02 9.276887275282185222e-05
-7.499999999999651834e+00 -1.268601029802171945e-02 8.886405001347829832e-05
-7.449999999999651124e+00 -1.267784539494876822e-02 8.491110984600990647e-05
-7.399999999999650413e+00 -1.267003672265047329e-02 8.090759859961027187e-05
-7.349999999999649702e+00 -1.266258865969760450e-02 7.685096222120749512e-05
-7.299999999999648992e+00 -1.265550580270905986e-02 7.273854071133479052e-05
-7.249999999999648281e+00 -1.264879297502634337e-02 6.856756224149843093e-05
-7.199999999999647571e+00 -1.264245523584986777e-02 6.433513690879376357e-05
-7.149999999999646860e+00 -1.263649788986527175e-02 6.003825010324160757e-05
-7.099999999999646150e+00 -1.263092649738642784e-02 5.567375545856029923e-05
-7.049999999999645439e+00 -1.262574688504750076e-02 5.123836735757827596e-05
-6.999999999999644729e+00 -1.262096515707567326e-02 4.672865295956814616e-05
-6.949999999999644018e+00 -1.261658770717958081e-02 4.214102371408352810e-05
-6.899999999999643308e+00 -1.261262123109149411e-02 3.747172632472071246e-05
-6.849999999999642597e+00 -1.260907273980158352e-02 3.271683312018516115e-05
-6.799999999999641886e+00 -1.260594957352769233e-02 2.787223178956407116e-05
-6.749999999999641176e+00 -1.260325941646617265e-02 2.293361443329042584e-05
-6.699999999999640465e+00 -1.260101031237142663e-02 1.789646587725809632e-05
-6.649999999999639755e+00 -1.259921068101752667e-02 1.275605119480582514e-05
-6.599999999999639044e+00 -1.259786933559617350e-02 7.507402373376718258e-06
-6.549999999999638334e+00 -1.259699550111138128e-02 2.145304060426848208e-06
-6.499999999999637623e+00 -1.259659883383466850e-02 -3.335721684482283178e-06
-6.449999999999636913e+00 -1.259668944188891554e-02 -8.941431710860793525e-06
-6.399999999999636202e+00 -1.259727790703433700e-02 -1.467787925632816834e-05
-6.349999999999635492e+00 -1.259837530773524894e-02 -2.055143267920339287e-05
-6.299999999999634781e+00 -1.259999324359197675e-02 -2.656879554541798777e-05
-6.249999999999634070e+00 -1.260214386122843894e-02 -3.273702818179383481e-05
-6.199999999999633360e+00 -1.260483988173302650e-02 -3.906357081813818799e-05
-6.149999999999632649e+00 -1.260809462975626127e-02 -4.555626844961885302e-05
-6.099999999999631939e+00 -1.261192206437884711e-02 -5.222339756741660108e-05
-6.049999999999631228e+00 -1.261633681186970918e-02 -5.907369491541664130e-05
-5.999999999999630518e+00 -1.262135420046399392e-02 -6.611638844825681177e-05
-5.949999999999629807e+00 -1.262699029730138950e-02 -7.336123068298712122e-05
-5.899999999999629097e+00 -1.263326194767323829e-02 -8.081853465271172238e-05
-5.849999999999628386e+00 -1.264018681674201894e-02 -8.849921269571316834e-05
-5.799999999999627676e+00 -1.264778343390597637e-02 -9.641481833202927149e-05
-5.749999999999626965e+00 -1.265607123999660383e-02 -1.045775915074834139e-04
-5.699999999999626255e+00 -1.266507063751200202e-02 -1.130005075135323209e-04
-5.649999999999625544e+00 -1.267480304410096431e-02 -1.216973299197751310e-04
-5.599999999999624833e+00 -1.268529094953618763e-02 -1.306826678962019067e-04
-5.549999999999624123e+00 -1.269655797642620793e-02 -1.399720383360265538e-04
-5.499999999999623412e+00 -1.270862894494038942e-02 -1.495819332364457799e-04
-5.449999999999622702e+00 -1.272152994184150288e-02 -1.595298928434088492e-04
-5.399999999999621991e+00 -1.273528839413991948e-02 -1.698345851172391660e-04
-5.349999999999621281e+00 -1.274993314771590003e-02 -1.805158921428656749e-04
-5.299999999999620570e+00 -1.276549455127527072e-02 -1.915950041703317480e-04
-5.249999999999619860e+00 -1.278200454603761749e-02 -2.030945220510352311e-04
-5.199999999999619149e+00 -1.279949676158700228e-02 -2.150385689210377455e-04
-5.149999999999618439e+00 -1.281800661834361227e-02 -2.274529120748864860e-04
-5.099999999999617728e+00 -1.283757143715976573e-02 -2.403650960889599023e-04
-5.049999999999617017e+00 -1.285823055657330655e-02 -2.538045883681751963e-04
-4.999999999999616307e+00 -1.288002545829688983e-02 -2.678029384315583003e-04
-4.949999999999615596e+00 -1.290299990156702076e-02 -2.823939524079681698e-04
-4.899999999999614886e+00 -1.292720006701499752e-02 -2.976138843838070300e-04
-4.849999999999614175e+00 -1.295267471078485194e-02 -3.135016464523463983e-04
-4.799999999999613465e+00 -1.297947532966137185e-02 -3.300990395308381689e-04
-4.749999999999612754e+00 -1.300765633803358662e-02 -3.474510072724677073e-04
-4.699999999999612044e+00 -1.303727525757584355e-02 -3.656059156912812302e-04
-4.649999999999611333e+00 -1.306839292057669633e-02 -3.846158614427622191e-04
-4.599999999999610623e+00 -1.310107368792203658e-02 -4.045370120905446634e-04
-4.549999999999609912e+00 -1.313538568278055374e-02 -4.254299821089086928e-04
-4.499999999999609201e+00 -1.317140104110706839e-02 -4.473602488681343789e-04
-4.449999999999608491e+00 -1.320919618013483704e-02 -4.703986134126014393e-04
-4.399999999999607780e+00 -1.324885208606400855e-02 -4.946217114774106166e-04
-4.349999999999607070e+00 -1.329045462221729174e-02 -5.201125809422514276e-04
-4.299999999999606359e+00 -1.333409485893949364e-02 -5.469612927564843075e-04
-4.249999999999605649e+00 -1.337986942654181138e-02 -5.752656533540359551e-04
-4.199999999999604938e+00 -1.342788089257924283e-02 -6.051319877036515776e-04
-4.149999999999604228e+00 -1.347823816468764202e-02 -6.366760134288154335e-04
-4.099999999999603517e+00 -1.353105692014611172e-02 -6.700238179514258346e-04
-4.049999999999602807e+00 -1.358646006315297056e-02 -7.053129523336637910e-04
-3.999999999999602096e+00 -1.364457821059734954e-02 -7.426936575174718919e-04
-3.949999999999601386e+00 -1.370555020678543290e-02 -7.823302410014977559e-04
-3.899999999999600675e+00 -1.376952366710680609e-02 -8.244026247010687730e-04
-3.849999999999599964e+00 -1.383665555004192499e-02 -8.691080879267391868e-04
-3.799999999999599254e+00 -1.390711275603906394e-02 -9.166632330852610144e-04
-3.749999999999598543e+00 -1.398107275069106897e-02 -9.673062060297377834e-04
-3.699999999999597833e+00 -1.405872420816910856e-02 -1.021299208026868119e-03
-3.649999999999597122e+00 -1.414026766890220249e-02 -1.078931342188643727e-03
-3.599999999999596412e+00 -1.422591620300177329e-02 -1.140521844160762369e-03
-3.549999999999595701e+00 -1.431589606758020689e-02 -1.206423754938457105e-03
-3.499999999999594991e+00 -1.441044734184741827e-02 -1.277028103222450917e-03
-3.449999999999594280e+00 -1.450982451830936520e-02 -1.352768675924681530e-03
-3.399999999999593570e+00 -1.461429702115717155e-02 -1.434127468571516975e-03
-3.349999999999592859e+00 -1.472414961368007091e-02 -1.521640922884089780e-03
-3.299999999999592148e+00 -1.483968264443109863e-02 -1.615907076990883914e-03
-3.249999999999591438e+00 -1.496121206633201084e-02 -1.717593775180551591e-03
-3.199999999999590727e+00 -1.508906914275916222e-02 -1.827448109286906527e-03
-3.149999999999590017e+00 -1.522359972852586896e-02 -1.946307293303715935e-03
-3.099999999999589306e+00 -1.536516297996737279e-02 -2.075111207476885641e-03
-3.049999999999588596e+00 -1.551412930444123761e-02 -2.214916888406090814e-03
-2.999999999999587885e+00 -1.567087730270998180e-02 -2.366915288570779069e-03
-2.949999999999587175e+00 -1.583578938372501299e-02 -2.532450682727541494e-03
-2.899999999999586464e+00 -1.600924563501093800e-02 -2.713043160281470439e-03
-2.849999999999585754e+00 -1.619161540648854369e-02 -2.910414712380102881e-03
-2.799999999999585043e+00 -1.638324590175863071e-02 -3.126519499249311509e-03
-2.749999999999584332e+00 -1.658444685705527666e-02 -3.363578965842876911e-03
-2.699999999999583622e+00 -1.679547010847325106e-02 -3.624122558401341246e-03
-2.649999999999582911e+00 -1.701648248225515192e-02 -3.911034874175168749e-03
-2.599999999999582201e+00 -1.724752996466168142e-02 -4.227610139907373582e-03
-2.549999999999581490e+00 -1.748849048254511040e-02 -4.577614941451476488e-03
-2.499999999999580780e+00 -1.773901180993942006e-02 -4.965360085663578921e-03
-2.449999999999580069e+00 -1.799843005463684642e-02 -5.395782315229052939e-03
-2.399999999999579359e+00 -1.826566280466471182e-02 -5.874536237376163511e-03
-2.349999999999578648e+00 -1.853906924937383238e-02 -6.408096145354494344e-03
-2.299999999999577938e+00 -1.881626734685183655e-02 -7.003866216879556933e-03
-2.249999999999577227e+00 -1.909389530788044298e-02 -7.670295580934124308e-03
-2.199999999999576517e+00 -1.936730125661416391e-02 -8.416991525560198195e-03
-2.149999999999575806e+00 -1.963014094503526263e-02 -9.254819047454516945e-03
-2.099999999999575095e+00 -1.987385906401996361e-02 -1.019596712131614138e-02
-2.049999999999574385e+00 -2.008702559680680677e-02 -1.125395024391077914e-02
-1.999999999999573674e+00 -2.025449606879525799e-02 -1.244349633984413381e-02
-1.949999999999572964e+00 -2.035636591540561369e-02 -1.378024700760624444e-02
-1.899999999999572253e+00 -2.036669894085132992e-02 -1.528016130298328126e-02
-1.849999999999571543e+00 -2.025203545405312999e-02 -1.695846861617094498e-02
-1.799999999999570832e+00 -1.996973892974415743e-02 -1.882796134956616144e-02
-1.749999999999570122e+00 -1.946633785666838923e-02 -2.089636247949332865e-02
-1.699999999999569411e+00 -1.867618253467863421e-02 -2.316246870014610632e-02
-1.649999999999568701e+00 -1.752098262311993504e-02 -2.561080216300475054e-02
-1.599999999999567990e+00 -1.591111624172486527e-02 -2.820468180226762267e-02
-1.549999999999567279e+00 -1.374994262845480320e-02 -3.087806098073955785e-02
-1.499999999999566569e+00 -1.094253085609803167e-02 -3.352728213388453393e-02
-1.449999999999565858e+00 -7.409900344988035181e-03 -3.600507455732238071e-02
-1.399999999999565148e+00 -3.108607615319003425e-03 -3.812037118741901098e-02
-1.349999999999564437e+00 1.946970740467346417e-03 -3.964804999063674396e-02
-1.299999999999563727e+00 7.665563297650473951e-03 -4.035131236911488478e-02
-1.249999999999563016e+00 1.387136744823364021e-02 -4.001524774176206528e-02
-1.199999999999562306e+00 2.031494063133235106e-02 -3.848407810115266753e-02
-1.149999999999561595e+00 2.670369809369080305e-02 -3.568995639293245925e-02
-1.099999999999560885e+00 3.274431884614409372e-02 -3.166207446250450530e-02
-1.049999999999560174e+00 3.818315646734704583e-02 -2.651223874971758709e-02
-9.999999999995594635e-01 4.283157482213945100e-02 -2.040295330645285066e-02
-9.499999999995587530e-01 4.657035651467528181e-02 -1.351025380415420141e-02
-8.999999999995580424e-01 4.933587836693159590e-02 -5.993049226859156753e-03
-8.499999999995573319e-01 5.109575015735723369e-02 2.024455825265919495e-03
-7.999999999995566213e-01 5.182186959926698977e-02 1.045636269819649744e-02
-7.499999999995559108e-01 5.146627743947812528e-02 1.924713927828750060e-02
-6.999999999995552002e-01 4.994233919240342878e-02 2.835518353570026795e-02
-6.499999999995544897e-01 4.711214616758144236e-02 3.772990564469885788e-02
-5.999999999995537792e-01 4.278097638583450157e-02 4.728296724479444380e-02
-5.499999999995530686e-01 3.670093363638834982e-02 5.685354931978084392e-02
-4.999999999995523581e-01 2.858802814528049741e-02 6.616807083922854327e-02
-4.499999999995516475e-01 1.815928651247178394e-02 7.479733734915400278e-02
-3.999999999995509370e-01 5.197701237777074823e-03 8.211932761489693089e-02
-3.499999999995502264e-01 -1.034937893748361093e-02 8.730381147350108062e-02
-2.999999999995495159e-01 -2.824180902657491554e-02 8.934390030022520968e-02
-2.499999999995488054e-01 -4.781011977541807512e-02 8.716391758206676332e-02
-1.999999999995480948e-01 -6.785911029303837161e-02 7.982290787479878746e-02
-1.499999999995473843e-01 -8.668156441797870981e-02 6.679913746817844888e-02
-9.999999999954667373e-02 -1.022463257356205218e-01 4.828523391722133740e-02
-4.999999999954596319e-02 -1.125707243902904359e-01 2.537231918332488734e-02
4.547473508864641190e-13 -1.161923062006359197e-01 -4.952704912852823327e-13
5.000000000045190518e-02 -1.125707243901603871e-01 -2.537231918377091944e-02
1.000000000004561684e-01 -1.022463257353795479e-01 -4.828523391760275452e-02
1.500000000004604317e-01 -8.668156441765959008e-02 -6.679913746846732892e-02
2.000000000004575895e-01 -6.785911029267896466e-02 -7.982290787498336204e-02
2.500000000004547474e-01 -4.781011977505664201e-02 -8.716391758218078323e-02
3.000000000004590106e-01 -2.824180902623146805e-02 -8.934390030022332230e-02
3.500000000004632739e-01 -1.034937893717813306e-02 -8.730381147343202475e-02
4.000000000004604317e-01 5.197701238036700477e-03 -8.211932761478035747e-02
4.500000000004575895e-01 1.815928651268394756e-02 -7.479733734900673170e-02
5.000000000004618528e-01 2.858802814544841864e-02 -6.616807083906381393e-02
5.500000000004661160e-01 3.670093363651660834e-02 -5.685354931960803770e-02
6.000000000004632739e-01 4.278097638592848195e-02 -4.728296724461983347e-02
6.500000000004604317e-01 4.711214616764586305e-02 -3.772990564452641249e-02
7.000000000004646949e-01 4.994233919244242537e-02 -2.835518353553193038e-02
7.500000000004689582e-01 5.146627743949491740e-02 -1.924713927812465863e-02
8.000000000004661160e-01 5.182186959926340930e-02 -1.045636269803970619e-02
8.500000000004632739e-01 5.109575015733450187e-02 -2.024455825116067142e-03
9.000000000004675371e-01 4.933587836689040662e-02 5.993049227000779577e-03
9.500000000004718004e-01 4.657035651461596815e-02 1.351025380428570732e-02
1.000000000000468958e+00 4.283157482206295663e-02 2.040295330657160289e-02
1.050000000000466116e+00 3.818315646725492507e-02 2.651223874982047701e-02
1.100000000000470379e+00 3.274431884603898335e-02 3.166207446258843122e-02
1.150000000000474643e+00 2.670369809357694968e-02 3.568995639299475664e-02
1.200000000000471800e+00 2.031494063121472293e-02 3.848407810119194861e-02
1.250000000000468958e+00 1.387136744811781619e-02 4.001524774177865618e-02
1.300000000000473221e+00 7.665563297541366783e-03 4.035131236911095043e-02
1.350000000000477485e+00 1.946970740368980657e-03 3.964804999061571911e-02
1.400000000000474643e+00 -3.108607615404240798e-03 3.812037118738514918e-02
1.450000000000471800e+00 -7.409900345059200477e-03 3.600507455727998407e-02
1.500000000000476064e+00 -1.094253085615540244e-02 3.352728213383736333e-02
1.550000000000480327e+00 -1.374994262849962845e-02 3.087806098069076702e-02
1.600000000000477485e+00 -1.591111624175886585e-02 2.820468180221947369e-02
1.650000000000474643e+00 -1.752098262314477628e-02 2.561080216295877690e-02
1.700000000000478906e+00 -1.867618253469605083e-02 2.316246870010315456e-02
1.750000000000483169e+00 -1.946633785667997718e-02 2.089636247945387756e-02
1.800000000000480327e+00 -1.996973892975117959e-02 1.882796134953037062e-02
1.850000000000477485e+00 -2.025203545405657168e-02 1.695846861613871034e-02
1.900000000000481748e+00 -2.036669894085213484e-02 1.528016130295441893e-02
1.950000000000486011e+00 -2.035636591540444795e-02 1.378024700758048379e-02
2.000000000000483169e+00 -2.025449606879271836e-02 1.244349633982120076e-02
2.050000000000480327e+00 -2.008702559680328181e-02 1.125395024389038573e-02
2.100000000000484590e+00 -1.987385906401573088e-02 1.019596712129800312e-02
2.150000000000488853e+00 -1.963014094503064133e-02 9.254819047438380547e-03
2.200000000000486011e+00 -1.936730125660925117e-02 8.416991525545813868e-03
2.250000000000483169e+00 -1.909389530787540534e-02 7.670295580921301232e-03
2.300000000000487432e+00 -1.881626734684675728e-02 7.003866216868100819e-03
2.350000000000491696e+00 -1.853906924936880862e-02 6.408096145344252537e-03
2.400000000000488853e+00 -1.826566280465979908e-02 5.874536237366983354e-03
2.450000000000486011e+00 -1.799843005463207246e-02 5.395782315220806064e-03
2.500000000000490274e+00 -1.773901180993482651e-02 4.965360085656161243e-03
2.550000000000494538e+00 -1.748849048254064176e-02 4.577614941444783925e-03
2.600000000000491696e+00 -1.724752996465740706e-02 4.227610139901329805e-03
2.650000000000488853e+00 -1.701648248225098858e-02 3.911034874169685288e-03
2.700000000000493117e+00 -1.679547010846930977e-02 3.624122558396369528e-03
2.750000000000497380e+00 -1.658444685705150190e-02 3.363578965838359691e-03
2.800000000000494538e+00 -1.638324590175505024e-02 3.126519499245191541e-03
2.850000000000491696e+00 -1.619161540648517139e-02 2.910414712376345470e-03
2.900000000000495959e+00 -1.600924563500767672e-02 2.713043160278037422e-03
2.950000000000500222e+00 -1.583578938372198763e-02 2.532450682724405114e-03
3.000000000000497380e+00 -1.567087730270709522e-02 2.366915288567899428e-03
3.050000000000494538e+00 -1.551412930443846205e-02 2.214916888403441891e-03
3.100000000000498801e+00 -1.536516297996470826e-02 2.075111207474441416e-03
3.150000000000503064e+00 -1.522359972852337096e-02 1.946307293301464264e-03
3.200000000000500222e+00 -1.508906914275678912e-02 1.827448109284835268e-03
3.250000000000497380e+00 -1.496121206632974876e-02 1.717593775178632987e-03
3.300000000000501643e+00 -1.483968264442894758e-02 1.615907076989104088e-03
3.350000000000505906e+00 -1.472414961367804476e-02 1.521640922882443528e-03
3.400000000000503064e+00 -1.461429702115522866e-02 1.434127468569985214e-03
3.450000000000500222e+00 -1.450982451830751252e-02 1.352768675923248648e-03
3.500000000000504485e+00 -1.441044734184562803e-02 1.277028103221113445e-03
3.550000000000508749e+00 -1.431589606757850686e-02 1.206423754937215043e-03
3.600000000000505906e+00 -1.422591620300019816e-02 1.140521844159605308e-03
3.650000000000503064e+00 -1.414026766890069675e-02 1.078931342187559525e-03
3.700000000000507328e+00 -1.405872420816767221e-02 1.021299208025851571e-03
3.750000000000511591e+00 -1.398107275068968119e-02 9.673062060287854202e-04
3.800000000000508749e+00 -1.390711275603774555e-02 9.166632330843711013e-04
3.850000000000505906e+00 -1.383665555004067599e-02 8.691080879259030501e-04
3.900000000000510170e+00 -1.376952366710557790e-02 8.244026247002777391e-04
3.950000000000514433e+00 -1.370555020678429492e-02 7.823302410007570290e-04
4.000000000000511591e+00 -1.364457821059624626e-02 7.426936575167710636e-04
4.050000000000508749e+00 -1.358646006315194360e-02 7.053129523330054634e-04
4.100000000000513012e+00 -1.353105692014514028e-02 6.700238179508065384e-04
4.150000000000517275e+00 -1.347823816468671221e-02 6.366760134282264949e-04
4.200000000000514433e+00 -1.342788089257832690e-02 6.051319877030938640e-04
4.250000000000511591e+00 -1.337986942654096484e-02 5.752656533535059971e-04
4.300000000000515854e+00 -1.333409485893867485e-02 5.469612927559838397e-04
4.350000000000520117e+00 -1.329045462221650070e-02 5.201125809417743787e-04
4.400000000000517275e+00 -1.324885208606326609e-02 4.946217114769526496e-04
4.450000000000514433e+00 -1.320919618013412927e-02 4.703986134121755647e-04
4.500000000000518696e+00 -1.317140104110639531e-02 4.473602488677232494e-04
4.550000000000522959e+00 -1.313538568277990842e-02 4.254299821085192473e-04
4.600000000000520117e+00 -1.310107368792142596e-02 4.045370120901743000e-04
4.650000000000517275e+00 -1.306839292057612040e-02 3.846158614424074682e-04
4.700000000000521538e+00 -1.303727525757528150e-02 3.656059156909420918e-04
4.750000000000525802e+00 -1.300765633803305926e-02 3.474510072721450488e-04
4.800000000000522959e+00 -1.297947532966087225e-02 3.300990395305293881e-04
4.850000000000520117e+00 -1.295267471078438704e-02 3.135016464520523627e-04
4.900000000000524381e+00 -1.292720006701453955e-02 2.976138843835234027e-04
4.950000000000528644e+00 -1.290299990156658361e-02 2.823939524076949509e-04
5.000000000000525802e+00 -1.288002545829648043e-02 2.678029384312972244e-04
5.050000000000522959e+00 -1.285823055657293185e-02 2.538045883679253961e-04
5.100000000000527223e+00 -1.283757143715941185e-02 2.403650960887205104e-04
5.150000000000531486e+00 -1.281800661834326532e-02 2.274529120746549005e-04
5.200000000000528644e+00 -1.279949676158669003e-02 2.150385689208183029e-04
5.250000000000525802e+00 -1.278200454603729136e-02 2.030945220508192581e-04
5.300000000000530065e+00 -1.276549455127498622e-02 1.915950041701261833e-04
5.350000000000534328e+00 -1.274993314771562941e-02 1.805158921426679164e-04
5.400000000000531486e+00 -1.273528839413966274e-02 1.698345851170483464e-04
5.450000000000528644e+00 -1.272152994184126695e-02 1.595298928432267033e-04
5.500000000000532907e+00 -1.270862894494017431e-02 1.495819332362697054e-04
5.550000000000537170e+00 -1.269655797642599282e-02 1.399720383358539488e-04
5.600000000000534328e+00 -1.268529094953598640e-02 1.306826678960371080e-04
5.650000000000531486e+00 -1.267480304410077696e-02 1.216973299196146691e-04
5.700000000000535749e+00 -1.266507063751181467e-02 1.130005075133761958e-04
5.750000000000540012e+00 -1.265607123999645117e-02 1.045775915073316256e-04
5.800000000000537170e+00 -1.264778343390582371e-02 9.641481833188355471e-05
5.850000000000534328e+00 -1.264018681674188016e-02 8.849921269557178838e-05
5.900000000000538591e+00 -1.263326194767310645e-02 8.081853465257554658e-05
5.950000000000542855e+00 -1.262699029730128542e-02 7.336123068285484855e-05
6.000000000000540012e+00 -1.262135420046388290e-02 6.611638844812540647e-05
6.050000000000537170e+00 -1.261633681186961897e-02 5.907369491529044017e-05
6.100000000000541434e+00 -1.261192206437876384e-02 5.222339756729343571e-05
6.150000000000545697e+00 -1.260809462975619188e-02 4.555626844949915710e-05
6.200000000000542855e+00 -1.260483988173296405e-02 3.906357081802022679e-05
6.250000000000540012e+00 -1.260214386122840424e-02 3.273702818167977674e-05
6.300000000000544276e+00 -1.259999324359194206e-02 2.656879554530566442e-05
6.350000000000548539e+00 -1.259837530773522812e-02 2.055143267909540633e-05
6.400000000000545697e+00 -1.259727790703433700e-02 1.467787925622191653e-05
6.450000000000542855e+00 -1.259668944188890860e-02 8.941431710757577478e-06
6.500000000000547118e+00 -1.259659883383467197e-02 3.335721684381235536e-06
6.550000000000551381e+00 -1.259699550111139169e-02 -2.145304060522691680e-06
6.600000000000548539e+00 -1.259786933559618391e-02 -7.507402373474296453e-06
6.650000000000545697e+00 -1.259921068101756830e-02 -1.275605119489950021e-05
6.700000000000549960e+00 -1.260101031237147173e-02 -1.789646587735047034e-05
6.750000000000554223e+00 -1.260325941646621081e-02 -2.293361443338106515e-05
6.800000000000551381e+00 -1.260594957352774437e-02 -2.787223178965254206e-05
6.850000000000548539e+00 -1.260907273980163557e-02 -3.271683312027363205e-05
6.900000000000552802e+00 -1.261262123109157737e-02 -3.747172632480571391e-05
6.950000000000557066e+00 -1.261658770717964673e-02 -4.214102371416809587e-05
7.000000000000554223e+00 -1.262096515707576347e-02 -4.672865295965097920e-05
7.050000000000551381e+00 -1.262574688504758749e-02 -5.123836735766024164e-05
7.100000000000555644e+00 -1.263092649738652151e-02 -5.567375545864009651e-05
7.150000000000559908e+00 -1.263649788986536890e-02 -6.003825010332053749e-05
7.200000000000557066e+00 -1.264245523584998226e-02 -6.433513690887095876e-05
7.250000000000554223e+00 -1.264879297502647867e-02 -6.856756224157432508e-05
7.300000000000558487e+00 -1.265550580270917436e-02 -7.273854071141111835e-05
7.350000000000562750e+00 -1.266258865969774328e-02 -7.685096222128165455e-05
7.400000000000559908e+00 -1.267003672265060860e-02 -8.090759859968269657e-05
7.450000000000557066e+00 -1.267784539494891394e-02 -8.491110984608059645e-05
7.500000000000561329e+00 -1.268601029802187558e-02 -8.886405001354898830e-05
7.550000000000565592e+00 -1.269452726310908719e-02 -9.276887275289254220e-05
7.600000000000562750e+00 -1.270339232343688923e-02 -9.662793654070063118e-05
7.650000000000559908e+00 -1.271260170678415596e-02 -1.004435096108118562e-04
7.700000000000564171e+00 -1.272215182841985454e-02 -1.042177746096457219e-04
7.750000000000568434e+00 -1.273203928439020638e-02 -1.079528329920795282e-04
7.800000000000565592e+00 -1.274226084513802038e-02 -1.116507091746786473e-04
7.850000000000562750e+00 -1.275281344943766243e-02 -1.153133544619447393e-04
7.900000000000567013e+00 -1.276369419862654481e-02 -1.189426507588490708e-04
7.950000000000571276e+00 -1.277490035112168257e-02 -1.225404140842629476e-04
8.000000000000568434e+00 -1.278642931720388315e-02 -1.261083978966641775e-04
8.050000000000565592e+00 -1.279827865405708254e-02 -1.296482962440110957e-04
8.100000000000569855e+00 -1.281044606105086886e-02 -1.331617467488460486e-04
8.150000000000574119e+00 -1.282292937525136844e-02 -1.366503334377282622e-04
8.200000000000571276e+00 -1.283572656715283034e-02 -1.401155894256603078e-04
8.250000000000568434e+00 -1.284883573661660047e-02 -1.435589994633079160e-04
8.300000000000572697e+00 -1.286225510900793761e-02 -1.469820023555158846e-04
8.350000000000576961e+00 -1.287598303152275026e-02 -1.503859932591184584e-04
8.400000000000574119e+00 -1.289001796969144187e-02 -1.537723258662466834e-04
8.450000000000571276e+00 -1.290435850405631871e-02 -1.571423144811120304e-04
8.500000000000575540e+00 -1.291900332701090975e-02 -1.604972359955901540e-04
8.550000000000579803e+00 -1.293395123979495034e-02 -1.638383317698389498e-04
8.600000000000576961e+00 -1.294920114963908284e-02 -1.671668094237349113e-04
8.650000000000574119e+00 -1.296475206704865088e-02 -1.704838445434259976e-04
8.700000000000578382e+00 -1.298060310322568522e-02 -1.737905823090452224e-04
8.750000000000582645e+00 -1.299675346761882538e-02 -1.770881390472586747e-04
8.800000000000579803e+00 -1.301320246559707627e-02 -1.803776037132167991e-04
8.850000000000576961e+00 -1.302994949624328852e-02 -1.836600393062489973e-04
8.900000000000581224e+00 -1.304699405025827944e-02 -1.869364842221660130e-04
8.950000000000585487e+00 -1.306433570797616017e-02 -1.902079535469588037e-04
9.000000000000582645e+00 -1.308197413748242444e-02 -1.934754402943140560e-04
9.050000000000579803e+00 -1.309990909283168664e-02 -1.967399165904218632e-04
9.100000000000584066e+00 -1.311814041236283868e-02 -2.000023348093400970e-04
9.150000000000588329e+00 -1.313666801710277471e-02 -2.032636286608241038e-04
9.200000000000585487e+00 -1.315549190926175449e-02 -2.065247142344474405e-04
9.250000000000582645e+00 -1.317461217081197788e-02 -2.097864910016332320e-04
9.300000000000586908e+00 -1.319402896214779547e-02 -2.130498427782199188e-04
9.350000000000591172e+00 -1.321374252082638256e-02 -2.163156386501084022e-04
9.400000000000588329e+00 -1.323375316038057775e-02 -2.195847338631875482e-04
9.450000000000585487e+00 -1.325406126920822270e-02 -2.228579706807156269e-04
9.500000000000589750e+00 -1.327466730953033233e-02 -2.261361792091447481e-04
9.550000000000594014e+00 -1.329557181641710661e-02 -2.294201781944792823e-04
9.600000000000591172e+00 -1.331677539688176648e-02 -2.327107757911341460e-04
9.650000000000588329e+00 -1.333827872903400533e-02 -2.360087703040143758e-04
9.700000000000592593e+00 -1.336008256129888466e-02 -2.393149509065206453e-04
9.750000000000596856e+00 -1.338218771169348911e-02 -2.426300983350210879e-04
9.800000000000594014e+00 -1.340459506716126098e-02 -2.459549855614723279e-04
9.850000000000591172e+00 -1.342730558296456253e-02 -2.492903784457717840e-04
9.900000000000595435e+00 -1.345032028212771874e-02 -2.526370363681907944e-04
9.950000000000599698e+00 -1.347364025493703182e-02 -2.559957128442707716e-04
1.000000000000059686e+01 -1.349726665849042967e-02 -2.593671561223985771e-04
1.005000000000059401e+01 -1.352120071629735534e-02 -2.627521097654280779e-04
1.010000000000059828e+01 -1.354544371792984307e-02 -2.661513132176972826e-04
1.015000000000060254e+01 -1.356999701871712538e-02 -2.695655023574783545e-04
1.020000000000059970e+01 -1.359486203949134345e-02 -2.729954100370289051e-04
1.025000000000059686e+01 -1.362004026637689269e-02 -2.764417666102343771e-04
1.030000000000060112e+01 -1.364553325062455372e-02 -2.799053004489788447e-04
1.035000000000060538e+01 -1.367134260849194559e-02 -2.833867384494077966e-04
1.040000000000060254e+01 -1.369747002116244484e-02 -2.868868065279165866e-04
1.045000000000059970e+01 -1.372391723471118839e-02 -2.904062301088881047e-04
1.050000000000060396e+01 -1.375068606011052054e-02 -2.939457346039691180e-04
1.055000000000060822e+01 -1.377777837327650093e-02 -2.975060458839044308e-04
1.060000000000060538e+01 -1.380519611515845443e-02 -3.010878907439354379e-04
1.065000000000060254e+01 -1.383294129186359543e-02 -3.046919973624545065e-04
1.070000000000060680e+01 -1.386101597482625007e-02 -3.083190957548413800e-04
1.075000000000061107e+01 -1.388942230101368122e-02 -3.119699182221418159e-04
1.080000000000060822e+01 -1.391816247317086315e-02 -3.156451997954998374e-04
1.085000000000060538e+01 -1.394723876010627549e-02 -3.193456786772695070e-04
1.090000000000060965e+01 -1.397665349701083561e-02 -3.230720966783768786e-04
1.095000000000061391e+01 -1.400640908582004990e-02 -3.268251996538186401e-04
1.100000000000061107e+01 -1.403650799561152393e-02 -3.306057379358431653e-04
1.105000000000060822e+01 -1.406695276304017334e-02 -3.344144667656783008e-04
1.110000000000061249e+01 -1.409774599281394918e-02 -3.382521467246710819e-04
1.115000000000061675e+01 -1.412889035820169385e-02 -3.421195441643250321e-04
1.120000000000061391e+01 -1.416038860158425408e-02 -3.460174316371081131e-04
1.125000000000061107e+01 -1.419224353504055548e-02 -3.499465883275178473e-04
1.130000000000061533e+01 -1.422445804097143690e-02 -3.539078004842046224e-04
1.135000000000061959e+01 -1.425703507276454216e-02 -3.579018618540394034e-04
1.140000000000061675e+01 -1.428997765549138745e-02 -3.619295741175015697e-04
1.145000000000061391e+01 -1.432328888664874747e-02 -3.659917473273267309e-04
1.150000000000061817e+01 -1.435697193693567797e-02 -3.700892003498008637e-04
1.155000000000062244e+01 -1.439103005106958343e-02 -3.742227613095421099e-04
1.160000000000061959e+01 -1.442546654864452875e-02 -3.783932680386282738e-04
1.165000000000061675e+01 -1.446028482502315950e-02 -3.826015685294106069e-04
1.170000000000062101e+01 -1.449548835227480216e-02 -3.868485213930070773e-04
1.175000000000062528e+01 -1.453108068015112296e-02 -3.911349963228237352e-04
1.180000000000062244e+01 -1.456706543710273478e-02 -3.954618745639652475e-04
1.185000000000061959e+01 -1.460344633134078550e-02 -3.998300493894123720e-04
1.190000000000062386e+01 -1.464022715193410637e-02 -4.042404265822928649e-04
1.195000000000062812e+01 -1.467741176995586080e-02 -4.086939249263040700e-04
1.200000000000062528e+01 -1.471500413967028430e-02 -4.131914767036217080e-04
1.205000000000062244e+01 -1.475300829976374656e-02 -4.177340282012014742e-04
1.210000000000062670e+01 -1.479142837462422630e-02 -4.223225402263954507e-04
1.215000000000063096e+01 -1.483026857565965424e-02 -4.269579886311987687e-04
1.220000000000062812e+01 -1.486953320266982265e-02 -4.316413648472918873e-04
1.225000000000062528e+01 -1.490922664526244876e-02 -4.363736764312162609e-04
1.230000000000062954e+01 -1.494935338431759887e-02 -4.411559476206406349e-04
1.235000000000063380e+01 -1.498991799350539791e-02 -4.459892199027348444e-04
1.240000000000063096e+01 -1.503092514084691626e-02 -4.508745525939432397e-04
1.245000000000062812e+01 -1.507237959033396087e-02 -4.558130234334945192e-04
1.250000000000063238e+01 -1.511428620359809433e-02 -4.608057291899655744e-04
1.255000000000063665e+01 -1.515664994163352583e-02 -4.658537862819815949e-04
1.260000000000063380e+01 -1.519947586657951696e-02 -4.709583314140955478e-04
1.265000000000063096e+01 -1.524276914355062428e-02 -4.761205222273554504e-04
1.270000000000063523e+01 -1.528653504253400450e-02 -4.813415379667411800e-04
1.275000000000063949e+01 -1.533077894034119704e-02 -4.866225801651578083e-04
1.280000000000063665e+01 -1.537550632262114220e-02 -4.919648733449767490e-04
1.285000000000063380e+01 -1.542072278593997585e-02 -4.973696657383858610e-04
1.290000000000063807e+01 -1.546643403991587382e-02 -5.028382300260555212e-04
1.295000000000064233e+01 -1.551264590942902019e-02 -5.083718640965609889e-04
1.300000000000063949e+01 -1.555936433689416622e-02 -5.139718918262620390e-04
1.305000000000063665e+01 -1.560659538460272035e-02 -5.196396638808126450e-04
1.310000000000064091e+01 -1.565434523714096665e-02 -5.253765585397203669e-04
1.315000000000064517e+01 -1.570262020387176716e-02 -5.311839825435230641e-04
1.320000000000064233e+01 -1.575142672150170106e-02 -5.370633719663012434e-04
1.325000000000063949e+01 -1.580077135672033548e-02 -5.430161931133002055e-04
1.330000000000064375e+01 -1.585066080892068296e-02 -5.490439434451259860e-04
1.335000000000064801e+01 -1.590110191300052322e-02 -5.551481525294617086e-04
1.340000000000064517e+01 -1.595210164225311505e-02 -5.613303830220693234e-04
1.345000000000064233e+01 -1.600366711133563435e-02 -5.675922316765928503e-04
1.350000000000064659e+01 -1.605580557933655728e-02 -5.739353303865881231e-04
1.355000000000065086e+01 -1.610852445293078916e-02 -5.803613472593859013e-04
1.360000000000064801e+01 -1.616183128963009918e-02 -5.868719877236421197e-04
1.365000000000064517e+01 -1.621573380113656287e-02 -5.934689956725525345e-04
1.370000000000064944e+01 -1.627023985678767437e-02 -6.001541546423676916e-04
1.375000000000065370e+01 -1.632535748711552714e-02 -6.069292890300698184e-04
1.380000000000065086e+01 -1.638109488750906506e-02 -6.137962653499752855e-04
1.385000000000064801e+01 -1.643746042198751187e-02 -6.207569935314576027e-04
1.390000000000065228e+01 -1.649446262709374639e-02 -6.278134282601191682e-04
1.395000000000065654e+01 -1.655211021589611531e-02 -6.349675703622530403e-04
1.400000000000065370e+01 -1.661041208212292453e-02 -6.422214682369578901e-04
1.405000000000065086e+01 -1.666937730441835075e-02 -6.495772193359158897e-04
1.410000000000065512e+01 -1.672901515072905063e-02 -6.570369716934500431e-04
1.415000000000065938e+01 -1.678933508283135534e-02 -6.646029255096190611e-04
1.420000000000065654e+01 -1.685034676098724760e-02 -6.722773347864947381e-04
1.425000000000065370e+01 -1.691206004875567964e-02 -6.800625090225914876e-04
1.430000000000065796e+01 -1.697448501794774148e-02 -6.879608149657980183e-04
1.435000000000066223e+01 -1.703763195373638600e-02 -6.959746784279433008e-04
1.440000000000065938e+01 -1.710151135993168148e-02 -7.041065861643385545e-04
1.445000000000065654e+01 -1.716613396441003803e-02 -7.123590878188144774e-04
1.450000000000066080e+01 -1.723151072472613177e-02 -7.207347979399970645e-04
1.455000000000066507e+01 -1.729765283389642430e-02 -7.292363980696169512e-04
1.460000000000066223e+01 -1.736457172636605983e-02 -7.378666389066684556e-04
1.465000000000065938e+01 -1.743227908417212951e-02 -7.466283425514697687e-04
1.470000000000066365e+01 -1.750078684329166995e-02 -7.555244048306786761e-04
1.475000000000066791e+01 -1.757010720020586031e-02 -7.645577977099651595e-04
1.480000000000066507e+01 -1.764025261866977029e-02 -7.737315717957397128e-04
1.485000000000066223e+01 -1.771123583670119322e-02 -7.830488589306232967e-04
1.490000000000066649e+01 -1.778306987380334769e-02 -7.925128748876375875e-04
1.495000000000067075e+01 -1.785576803841035232e-02 -8.021269221648819015e-04
1.500000000000066791e+01 -1.792934393559018208e-02 -8.118943928886069184e-04
1.505000000000066507e+01 -1.800381147499491644e-02 -8.218187718269071669e-04
1.510000000000066933e+01 -1.807918487907402005e-02 -8.319036395198361154e-04
1.515000000000067359e+01 -1.815547869156793059e-02 -8.421526755321215437e-04
1.520000000000067075e+01 -1.823270778627144456e-02 -8.525696618312172872e-04
1.525000000000066791e+01 -1.831088737610538780e-02 -8.631584863001407187e-04
1.530000000000067217e+01 -1.839003302248741478e-02 -8.739231463884168790e-04
1.535000000000067644e+01 -1.847016064502041838e-02 -8.848677529084082640e-04
1.540000000000067359e+01 -1.855128653151842666e-02 -8.959965339847571599e-04
1.545000000000067075e+01 -1.863342734836112569e-02 -9.073138391610062860e-04
1.550000000000067502e+01 -1.871660015121956455e-02 -9.188241436748002984e-04
1.555000000000067928e+01 -1.880082239614545847e-02 -9.305320529065117191e-04
1.560000000000067644e+01 -1.888611195104614865e-02 -9.424423070104799051e-04
1.565000000000067359e+01 -1.897248710756831158e-02 -9.545597857386411500e-04
1.570000000000067786e+01 -1.905996659338372867e-02 -9.668895134624203328e-04
1.575000000000068212e+01 -1.914856958492473782e-02 -9.794366644068235907e-04
1.580000000000067928e+01 -1.923831572056414543e-02 -9.922065681036377344e-04
1.585000000000067644e+01 -1.932922511426561629e-02 -1.005204715075468016e-03
1.590000000000068070e+01 -1.942131836973258127e-02 -1.018436762763104799e-03
1.595000000000068496e+01 -1.951461659505111801e-02 -1.031908541704550791e-03
1.600000000000068212e+01 -1.960914141788125051e-02 -1.045626061982981919e-03
1.605000000000067928e+01 -1.970491500119436051e-02 -1.059595519953365067e-03
1.610000000000068354e+01 -1.980196005958813343e-02 -1.073823305262862739e-03
1.615000000000068781e+01 -1.990029987621292490e-02 -1.088316008181139556e-03
1.620000000000068496e+01 -1.999995832030850018e-02 -1.103080427252288226e-03
1.625000000000068212e+01 -2.010095986541382204e-02 -1.118123577290075499e-03
1.630000000000068638e+01 -2.020332960825167029e-02 -1.133452697730079513e-03
1.635000000000069065e+01 -2.030709328832668373e-02 -1.149075261358460318e-03
1.640000000000068781e+01 -2.041227730827777781e-02 -1.164998983438359816e-03
1.645000000000068496e+01 -2.051890875498934078e-02 -1.181231831250344633e-03
1.650000000000068923e+01 -2.062701542153366763e-02 -1.197782034074491592e-03
1.655000000000069349e+01 -2.073662582995255618e-02 -1.214658093633063946e-03
1.660000000000069065e+01 -2.084776925492559663e-02 -1.231868795019766928e-03
1.665000000000068781e+01 -2.096047574837547195e-02 -1.249423218143256870e-03
1.670000000000069207e+01 -2.107477616502221457e-02 -1.267330749707844522e-03
1.675000000000069633e+01 -2.119070218897108754e-02 -1.285601095767006886e-03
1.680000000000069349e+01 -2.130828636135080612e-02 -1.304244294876138891e-03
1.685000000000069065e+01 -2.142756210906086867e-02 -1.323270731879149171e-03
1.690000000000069491e+01 -2.154856377469114431e-02 -1.342691152365769764e-03
1.695000000000069917e+01 -2.167132664763554012e-02 -1.362516677831708762e-03
1.700000000000069633e+01 -2.179588699650052835e-02 -1.382758821588211950e-03
1.705000000000069349e+01 -2.192228210283680631e-02 -1.403429505458057228e-03
1.710000000000069775e+01 -2.205055029626853610e-02 -1.424541077304521380e-03
1.715000000000070202e+01 -2.218073099109930946e-02 -1.446106329443071301e-03
1.720000000000069917e+01 -2.231286472443102381e-02 -1.468138517980861020e-03
1.725000000000069633e+01 -2.244699319591718367e-02 -1.490651383145881080e-03
1.730000000000070060e+01 -2.258315930919490774e-02 -1.513659170657784443e-03
1.735000000000070486e+01 -2.272140721509071509e-02 -1.537176654203781549e-03
1.740000000000070202e+01 -2.286178235670120740e-02 -1.561219159087507899e-03
1.745000000000069917e+01 -2.300433151640415147e-02 -1.585802587114478650e-03
1.750000000000070344e+01 -2.314910286494896788e-02 -1.610943442797524005e-03
1.755000000000070770e+01 -2.329614601269325291e-02 -1.636658860955730139e-03
1.760000000000070486e+01 -2.344551206310805172e-02 -1.662966635794354327e-03
1.765000000000070202e+01 -2.359725366868250726e-02 -1.689885251559512282e-03
1.770000000000070628e+01 -2.375142508931068694e-02 -1.717433914858110906e-03
1.775000000000071054e+01 -2.390808225334571657e-02 -1.745632588757145467e-03
1.780000000000070770e+01 -2.406728282141951114e-02 -1.774502028767156476e-03
1.785000000000070486e+01 -2.422908625318801260e-02 -1.804063820832073600e-03
1.790000000000070912e+01 -2.439355387717302356e-02 -1.834340421456787497e-03
1.795000000000071338e+01 -2.456074896382152636e-02 -1.865355200102200833e-03
1.800000000000071054e+01 -2.473073680201653621e-02 -1.897132484006440554e-03
1.805000000000070770e+01 -2.490358477918175328e-02 -1.929697605583014040e-03
1.810000000000071196e+01 -2.507936246519157017e-02 -1.963076952569077667e-03
1.815000000000071623e+01 -2.525814170031287498e-02 -1.997298021110313366e-03
1.820000000000071338e+01 -2.543999668735324668e-02 -2.032389471970430083e-03
1.825000000000071054e+01 -2.562500408831666632e-02 -2.068381190089594451e-03
1.830000000000071481e+01 -2.581324312577064350e-02 -2.105304347711107853e-03
1.835000000000071907e+01 -2.600479568920854162e-02 -2.143191471325326877e-03
1.840000000000071623e+01 -2.619974644671015790e-02 -2.182076512699598295e-03
1.845000000000071338e+01 -2.639818296215173596e-02 -2.221994924269899904e-03
1.850000000000071765e+01 -2.660019581835876279e-02 -2.262983739216694462e-03
1.855000000000072191e+01 -2.680587874649385111e-02 -2.305081656548097629e-03
1.860000000000071907e+01 -2.701532876206411138e-02 -2.348329131553931505e-03
1.865000000000071623e+01 -2.722864630795938934e-02 -2.392768472024302435e-03
1.870000000000072049e+01 -2.744593540488183409e-02 -2.438443940642369759e-03
1.875000000000072475e+01 -2.766730380968901448e-02 -2.485401864023405270e-03
1.880000000000072191e+01 -2.789286318206999488e-02 -2.533690748882887027e-03
1.885000000000071907e+01 -2.812272926008129587e-02 -2.583361405873533297e-03
1.890000000000072333e+01 -2.835702204510794772e-02 -2.634467081677633552e-03
1.895000000000072760e+01 -2.859586599676763874e-02 -2.687063599972693007e-03
1.900000000000072475e+01 -2.883939023846291208e-02 -2.741209511974674121e-03
1.905000000000072191e+01 -2.908772877418394631e-02 -2.796966257291579223e-03
1.910000000000072617e+01 -2.934102071729339373e-02 -2.854398335903669641e-03
1.915000000000073044e+01 -2.959941053207921363e-02 -2.913573492160046255e-03
1.920000000000072760e+01 -2.986304828882190704e-02 -2.974562911739590115e-03
1.925000000000072475e+01 -3.013208993334318131e-02 -3.037441432648294460e-03
1.930000000000072902e+01 -3.040669757190440220e-02 -3.102287771384873959e-03
1.935000000000073328e+01 -3.068703977248266046e-02 -3.169184765533166609e-03
1.940000000000073044e+01 -3.097329188352932958e-02 -3.238219634158356550e-03
1.945000000000072760e+01 -3.126563637129183004e-02 -3.309484257488596974e-03
1.950000000000073186e+01 -3.156426317704344453e-02 -3.383075477549242916e-03
1.955000000000073612e+01 -3.186937009547943789e-02 -3.459095421532441036e-03
1.960000000000073328e+01 -3.218116317573820051e-02 -3.537651849883910373e-03
1.965000000000073044e+01 -3.249985714661712821e-02 -3.618858531284426146e-03
1.970000000000073470e+01 -3.282567586755441580e-02 -3.702835646889901262e-03
1.975000000000073896e+01 -3.315885280727076667e-02 -3.789710226483205841e-03
1.980000000000073612e+01 -3.349963155190185948e-02 -3.879616619406934825e-03
1.985000000000073328e+01 -3.384826634470874951e-02 -3.972697003470352338e-03
1.990000000000073754e+01 -3.420502265961602312e-02 -4.069101935355675173e-03
1.995000000000074181e+01 -3.457017781086690195e-02 -4.168990946382272050e-03
2.000000000000073896e+01 -3.494402160148914888e-02 -4.272533187957516972e-03
2.005000000000073612e+01 -3.532685701323923927e-02 -4.379908131443125546e-03
2.010000000000074039e+01 -3.571900094102768708e-02 -4.491306327712978747e-03
2.015000000000074465e+01 -3.612078497506136798e-02 -4.606930232256898142e-03
2.020000000000074181e+01 -3.653255623403671437e-02 -4.726995102289716089e-03
2.025000000000073896e+01 -3.695467825322796412e-02 -4.851729973121527741e-03
2.030000000000074323e+01 -3.738753193134406599e-02 -4.981378721790339151e-03
2.035000000000074749e+01 -3.783151654046568169e-02 -5.116201226916698014e-03
2.040000000000074465e+01 -3.828705080369826375e-02 -5.256474634778973871e-03
2.045000000000074181e+01 -3.875457404534984884e-02 -5.402494742727300542e-03
2.050000000000074607e+01 -3.923454741908062593e-02 -5.554577512461564281e-03
2.055000000000075033e+01 -3.972745521956440318e-02 -5.713060727109029076e-03
2.060000000000074749e+01 -4.023380628375258089e-02 -5.878305807780228459e-03
2.065000000000074465e+01 -4.075413548824823040e-02 -6.050699807209810807e-03
2.070000000000074891e+01 -4.128900534953056783e-02 -6.230657600214105536e-03
2.075000000000075318e+01 -4.183900773452008115e-02 -6.418624293290504240e-03
2.080000000000075033e+01 -4.240476568908103927e-02 -6.615077878414684330e-03
2.085000000000074749e+01 -4.298693539265914521e-02 -6.820532159386622634e-03
2.090000000000075175e+01 -4.358620824766341884e-02 -7.035539982781439071e-03
2.095000000000075602e+01 -4.420331311234971389e-02 -7.260696809719358047e-03
2.100000000000075318e+01 -4.483901868664084966e-02 -7.496644669654568133e-03
2.105000000000075033e+01 -4.549413606016928374e-02 -7.744076542826243935e-03
2.110000000000075460e+01 -4.616952143213552684e-02 -8.003741224496771847e-03
2.115000000000075886e+01 -4.686607901251967773e-02 -8.276448731491239594e-03
2.120000000000075602e+01 -4.758476411363544989e-02 -8.563076319969064459e-03
2.125000000000075318e+01 -4.832658644083981381e-02 -8.864575193358965530e-03
2.130000000000075744e+01 -4.909261358976726997e-02 -9.181977990601979805e-03
2.135000000000076170e+01 -4.988397475614497062e-02 -9.516407158123020918e-03
2.140000000000075886e+01 -5.070186466200221620e-02 -9.869084324261919589e-03
2.145000000000075602e+01 -5.154754769861557423e-02 -1.024134081255096904e-02
2.150000000000076028e+01 -5.242236228266066583e-02 -1.063462945113375323e-02
2.155000000000076454e+01 -5.332772541561353608e-02 -1.105053785952693490e-02
2.160000000000076170e+01 -5.426513742879682245e-02 -1.149080342219234788e-02
2.165000000000075886e+01 -5.523618688596458604e-02 -1.195733019129346410e-02
2.170000000000076312e+01 -5.624255560110295871e-02 -1.245220799932467842e-02
2.175000000000076739e+01 -5.728602371153028450e-02 -1.297773410764483000e-02
2.180000000000076454e+01 -5.836847472201042719e-02 -1.353643776948466534e-02
2.185000000000076170e+01 -5.949190040494480719e-02 -1.413110814810240694e-02
2.190000000000076597e+01 -6.065840540142881238e-02 -1.476482610347491613e-02
2.195000000000077023e+01 -6.187021131517661532e-02 -1.544100044599466814e-02
2.200000000000076739e+01 -6.312966002404538091e-02 -1.616340935609973314e-02
2.205000000000076454e+01 -6.443921584492498522e-02 -1.693624778570187311e-02
2.210000000000076881e+01 -6.580146607359277366e-02 -1.776418179480627330e-02
2.215000000000077307e+01 -6.721911927237961271e-02 -1.865241093711952555e-02
2.220000000000077023e+01 -6.869500048462277852e-02 -1.960673999478056845e-02
2.225000000000076739e+01 -7.023204230424621997e-02 -2.063366157905432291e-02
2.230000000000077165e+01 -7.183327040049114487e-02 -2.174045136195099093e-02
2.235000000000077591e+01 -7.350178167152832120e-02 -2.293527798724098385e-02
2.240000000000077307e+01 -7.524071264390531921e-02 -2.422733002752783249e-02
2.245000000000077023e+01 -7.705319500695159696e-02 -2.562696270379269392e-02
2.250000000000077449e+01 -7.894229422178046518e-02 -2.714586745845610008e-02
2.255000000000077875e+01 -8.091092590027068598e-02 -2.879726785220618201e-02
2.260000000000077591e+01 -8.296174302372864851e-02 -3.059614560886375276e-02
2.265000000000077307e+01 -8.509698494436289395e-02 -3.255950090381151685e-02
2.270000000000077733e+01 -8.731827633419089740e-02 -3.470665108638838064e-02
2.275000000000078160e+01 -8.962636062713733032e-02 -3.705957179696783843e-02
2.280000000000077875e+01 -9.202074779826714679e-02 -3.964328364176811920e-02
2.285000000000077591e+01 -9.449925025709501880e-02 -4.248628585257276796e-02
2.290000000000078018e+01 -9.705737286830019850e-02 -4.562103510441951199e-02
2.295000000000078444e+01 -9.968751330939354394e-02 -4.908446200978403701e-02
2.300000000000078160e+01 -1.023779168438256337e-01 -5.291850842968934265e-02
2.305000000000077875e+01 -1.051113150279936737e-01 -5.717065366525966169e-02
2.310000000000078302e+01 -1.078631612620342406e-01 -6.189437395957131383e-02
2.315000000000078728e+01 -1.105993587889077395e-01 -6.714944348792421802e-02
2.320000000000078444e+01 -1.132733619767767874e-01 -7.300193061551168983e-02
2.325000000000078160e+01 -1.158225261123025512e-01 -7.952366358687631975e-02
2.330000000000078586e+01 -1.181635969054102703e-01 -8.679082688107840615e-02
2.335000000000079012e+01 -1.201872902619600253e-01 -9.488119610876069587e-02
2.340000000000078728e+01 -1.217520514415852961e-01 -1.038693243832167490e-01
2.345000000000078444e+01 -1.226773549420259179e-01 -1.138187720019851745e-01
2.350000000000078870e+01 -1.227373861833063740e-01 -1.247702758863018374e-01
2.355000000000079297e+01 -1.216567142390969358e-01 -1.367247058287822670e-01
2.360000000000079012e+01 -1.191106662548945538e-01 -1.496199814221030044e-01
2.365000000000078728e+01 -1.147344563624595332e-01 -1.633021960556781949e-01
2.370000000000079154e+01 -1.081462952591873833e-01 -1.774934768380001804e-01
2.375000000000079581e+01 -9.898976080284446755e-02 -1.917629232980911924e-01
2.380000000000079297e+01 -8.699807944220760980e-02 -2.055119263355040526e-01
2.385000000000079012e+01 -7.207598595953149112e-02 -2.179893354080165713e-01
2.390000000000079439e+01 -5.438332784453481228e-02 -2.283513559257398240e-01
2.395000000000079865e+01 -3.439230322469570555e-02 -2.357710670061618219e-01
2.400000000000079581e+01 -1.288576366584775687e-02 -2.395819764768144233e-01
2.405000000000079297e+01 9.123374883150563164e-03 -2.394167192943442435e-01
2.410000000000079723e+01 3.054150920595791879e-02 -2.352915934315971680e-01
2.415000000000080149e+01 5.036968790944876262e-02 -2.276026923823211701e-01
2.420000000000079865e+01 6.784858838290187821e-02 -2.170352612174454021e-01
2.425000000000079581e+01 8.253253645389652116e-02 -2.044227385565914601e-01
2.430000000000080007e+01 9.428532013998222605e-02 -1.906048080580097503e-01
2.435000000000080433e+01 1.032195349374909199e-01 -1.763216917512318571e-01
2.440000000000080149e+01 1.096122091968907558e-01 -1.621583121575611852e-01
2.445000000000079865e+01 1.138239673747175329e-01 -1.485321889382643645e-01
2.450000000000080291e+01 1.162365086206068876e-01 -1.357098414692393396e-01
2.455000000000080718e+01 1.172119744825198678e-01 -1.238364575381318972e-01
2.460000000000080433e+01 1.170711954842567071e-01 -1.129679427700712169e-01
2.465000000000080149e+01 1.160854641678147475e-01 -1.030993764715634475e-01
2.470000000000080576e+01 1.144766796311810775e-01 -9.418758790943192183e-02
2.475000000000081002e+01 1.124219228823086641e-01 -8.616773366373305099e-02
2.480000000000080718e+01 1.100598544102814741e-01 -7.896475110121004004e-02
2.485000000000080433e+01 1.074974001264460827e-01 -7.250084702431064398e-02
2.490000000000080860e+01 1.048159337285902437e-01 -6.670011230033112692e-02
2.495000000000081286e+01 1.020766231531097940e-01 -6.149115243683660886e-02
2.500000000000081002e+01 9.932486750769556338e-02 -5.680840383267585225e-02
2.505000000000080718e+01 9.659388117620482106e-02 -5.259261364466586569e-02
2.510000000000081144e+01 9.390753646188590431e-02 -4.879081133558578476e-02
2.515000000000081570e+01 9.128258967612833119e-02 -4.535599007442144698e-02
2.520000000000081286e+01 8.873040885233604569e-02 -4.224663890826299562e-02
2.525000000000081002e+01 8.625830609613267808e-02 -3.942621395870996026e-02
2.530000000000081428e+01 8.387056024811899435e-02 -3.686260186666873162e-02
2.535000000000081855e+01 8.156919905984996721e-02 -3.452760590921773870e-02
2.540000000000081570e+01 7.935459571922842681e-02 -3.239647069809502289e-02
2.545000000000081286e+01 7.722592262705306465e-02 -3.044745235835903327e-02
2.550000000000081712e+01 7.518149570385178337e-02 -2.866143567249294921e-02
2.555000000000082139e+01 7.321903489304303070e-02 -2.702159657222969261e-02
2.560000000000081855e+01 7.133586058409452368e-02 -2.551310672070100996e-02
2.565000000000081570e+01 6.952904107668786415e-02 -2.412287618840730161e-02
2.570000000000081997e+01 6.779550266410801218e-02 -2.283933003007629012e-02
2.575000000000082423e+01 6.613211119693215845e-02 -2.165221468462588325e-02
2.580000000000082139e+01 6.453573190649407321e-02 -2.055243040038432639e-02
2.585000000000081855e+01 6.300327267788037588e-02 -1.953188624609231497e-02
2.590000000000082281e+01 6.153171474540794494e-02 -1.858337464812073389e-02
2.595000000000082707e+01 6.011813385369469548e-02 -1.770046276683703151e-02
2.600000000000082423e+01 5.875971421650700438e-02 -1.687739837317707436e-02
2.605000000000082139e+01 5.745375705983946091e-02 -1.610902820120849177e-02
2.610000000000082565e+01 5.619768511902671626e-02 -1.539072703341806680e-02
2.615000000000082991e+01 5.498904413870753238e-02 -1.471833602099125067e-02
2.620000000000082707e+01 5.382550217836288425e-02 -1.408810895503019578e-02
2.625000000000082423e+01 5.270484733732933025e-02 -1.349666538926350655e-02
2.630000000000082849e+01 5.162498436678928521e-02 -1.294094967273524792e-02
2.635000000000083276e+01 5.058393052487008407e-02 -1.241819508696022541e-02
2.640000000000082991e+01 4.957981094415088441e-02 -1.192589239758229912e-02
2.645000000000082707e+01 4.861085371435461960e-02 -1.146176222937722936e-02
2.650000000000083134e+01 4.767538483210373434e-02 -1.102373075780797157e-02
2.655000000000083560e+01 4.677182312953231946e-02 -1.060990828177291179e-02
2.660000000000083276e+01 4.589867526386721963e-02 -1.021857030364572115e-02
2.665000000000082991e+01 4.505453082645804325e-02 -9.848140794654614699e-03
2.670000000000083418e+01 4.423805761196503844e-02 -9.497177368147388318e-03
2.675000000000083844e+01 4.344799707515242804e-02 -9.164358121404524507e-03
2.680000000000083560e+01 4.268315999191449328e-02 -8.848469938900637224e-03
2.685000000000083276e+01 4.194242233395443359e-02 -8.548398077943360554e-03
2.690000000000083702e+01 4.122472136044093988e-02 -8.263116881297672897e-03
2.695000000000084128e+01 4.052905192572075349e-02 -7.991681481853227936e-03
2.700000000000083844e+01 3.985446299932752373e-02 -7.733220382055313452e-03
2.705000000000083560e+01 3.920005439187614071e-02 -7.486928805752261253e-03
2.710000000000083986e+01 3.856497367938604981e-02 -7.252062733319367127e-03
2.715000000000084412e+01 3.794841331733393719e-02 -7.027933542055595818e-03
2.720000000000084128e+01 3.734960793517341088e-02 -6.813903183576685597e-03
2.725000000000083844e+01 3.676783180200202117e-02 -6.609379838421495720e-03
2.730000000000084270e+01 3.620239645361106318e-02 -6.413813995242084905e-03
2.735000000000084697e+01 3.565264847165755535e-02 -6.226694908426792623e-03
2.740000000000084412e+01 3.511796740569885639e-02 -6.047547393432937610e-03
2.745000000000084128e+01 3.459776382915445703e-02 -5.875928923912485460e-03
2.750000000000084555e+01 3.409147752081791161e-02 -5.711426998965164412e-03
2.755000000000084981e+01 3.359857576360435194e-02 -5.553656752398594514e-03
2.760000000000084697e+01 3.311855175298088205e-02 -5.402258779190592317e-03
2.765000000000084412e+01 3.265092310775843248e-02 -5.256897157087670955e-03
2.770000000000084839e+01 3.219523047635990121e-02 -5.117257643740242591e-03
2.775000000000085265e+01 3.175103623226584182e-02 -4.983046031990068236e-03
2.780000000000084981e+01 3.131792325244830283e-02 -4.853986647737073418e-03
2.785000000000084697e+01 3.089549377329160046e-02 -4.729820976582995926e-03
2.790000000000085123e+01 3.048336831870043437e-02 -4.610306406876071676e-03
2.795000000000085549e+01 3.008118469545694937e-02 -4.495215078092874503e-03
2.800000000000085265e+01 2.968859705137177896e-02 -4.384332824693574181e-03
2.805000000000084981e+01 2.930527499182655760e-02 -4.277458206536555695e-03
2.810000000000085407e+01 2.893090275086458024e-02 -4.174401617924371720e-03
2.815000000000085834e+01 2.856517841311102465e-02 -4.074984468116892716e-03
2.820000000000085549e+01 2.820781318307003308e-02 -3.979038426869069452e-03
2.825000000000085265e+01 2.785853069871837076e-02 -3.886404729226103100e-03
2.830000000000085691e+01 2.751706638630782575e-02 -3.796933534316251566e-03
2.835000000000086118e+01 2.718316685373098687e-02 -3.710483333454002355e-03
2.840000000000085834e+01 2.685658931986463493e-02 -3.626920403284724682e-03
2.845000000000085549e+01 2.653710107749117364e-02 -3.546118300111122598e-03
2.850000000000085976e+01 2.622447898768367341e-02 -3.467957391936334760e-03
2.855000000000086402e+01 2.591850900348767819e-02 -3.392324425032230712e-03
2.860000000000086118e+01 2.561898572108536887e-02 -3.319112122188229083e-03
2.865000000000085834e+01 2.532571195664122532e-02 -3.248218810028634645e-03
2.870000000000086260e+01 2.503849834715678874e-02 -3.179548073025504837e-03
2.875000000000086686e+01 2.475716297388273757e-02 -3.113008432072847560e-03
2.880000000000086402e+01 2.448153100675603405e-02 -3.048513045635407870e-03
2.885000000000086118e+01 2.421143436861569742e-02 -2.985979431704086258e-03
2.890000000000086544e+01 2.394671141793404748e-02 -2.925329208920693629e-03
2.895000000000086970e+01 2.368720664888956592e-02 -2.866487855377926070e-03
2.900000000000086686e+01 2.343277040778053016e-02 -2.809384483750406326e-03
2.905000000000086402e+01 2.318325862468385151e-02 -2.753951631490257363e-03
2.910000000000086828e+01 2.293853255949920844e-02 -2.700125064964624226e-03
2.915000000000087255e+01 2.269845856148420410e-02 -2.647843596485744463e-03
2.920000000000086970e+01 2.246290784144779756e-02 -2.597048913272062814e-03
2.925000000000086686e+01 2.223175625590983334e-02 -2.547685417476526926e-03
2.930000000000087113e+01 2.200488410243151005e-02 -2.499700076456651873e-03
2.935000000000087539e+01 2.178217592552160464e-02 -2.453042282559610588e-03
2.940000000000087255e+01 2.156352033247787431e-02 -2.407663721735819103e-03
2.945000000000086970e+01 2.134880981856655813e-02 -2.363518250349759802e-03
2.950000000000087397e+01 2.113794060105882860e-02 -2.320561779622555380e-03
2.955000000000087823e+01 2.093081246153887312e-02 -2.278752167157207555e-03
2.960000000000087539e+01 2.072732859606944006e-02 -2.238049115067716408e-03
2.965000000000087255e+01 2.052739547275126558e-02 -2.198414074254384856e-03
2.970000000000087681e+01 2.033092269624256140e-02 -2.159810154403070913e-03
2.975000000000088107e+01 2.013782287890358846e-02 -2.122202039332097157e-03
2.980000000000087823e+01 1.994801151812790330e-02 -2.085555907314420865e-03
2.985000000000087539e+01 1.976140687957229566e-02 -2.049839356054627970e-03
2.990000000000087965e+01 1.957792988594489123e-02 -2.015021332010233195e-03
2.995000000000088392e+01 1.939750401103306626e-02 -1.981072063769946743e-03
3.000000000000088107e+01 1.922005517873734415e-02 -1.947962999234785757e-03
3.005000000000087823e+01 1.904551166677776255e-02 -1.915666746344807251e-03
3.010000000000088249e+01 1.887380401487225023e-02 -1.884157017133995630e-03
3.015000000000088676e+01 1.870486493713416701e-02 -1.853408574899118944e-03
3.020000000000088392e+01 1.853862923845218599e-02 -1.823397184283912821e-03
3.025000000000088107e+01 1.837503373468973508e-02 -1.794099564104652050e-03
3.030000000000088534e+01 1.821401717644602347e-02 -1.765493342736365687e-03
3.035000000000088960e+01 1.805552017623967762e-02 -1.737557015910212851e-03
3.040000000000088676e+01 1.789948513892478804e-02 -1.710269906772068828e-03
3.045000000000088392e+01 1.774585619516119706e-02 -1.683612128062865563e-03
3.050000000000088818e+01 1.759457913782632235e-02 -1.657564546300280446e-03
3.055000000000089244e+01 1.744560136116549837e-02 -1.632108747832601786e-03
3.060000000000088960e+01 1.729887180258555396e-02 -1.607227006660935393e-03
3.065000000000088676e+01 1.715434088694672149e-02 -1.582902253923211631e-03
3.070000000000089102e+01 1.701196047321698601e-02 -1.559118048940734457e-03
3.075000000000089528e+01 1.687168380341210611e-02 -1.535858551743056162e-03
3.080000000000089244e+01 1.673346545365866217e-02 -1.513108496977392170e-03
3.085000000000088960e+01 1.659726128731595085e-02 -1.490853169129753922e-03
3.090000000000089386e+01 1.646302841004498516e-02 -1.469078378981082808e-03
3.095000000000089813e+01 1.633072512671985416e-02 -1.447770441226792432e-03
3.100000000000089528e+01 1.620031090012995570e-02 -1.426916153200302999e-03
3.105000000000089244e+01 1.607174631134104803e-02 -1.406502774631414364e-03
3.110000000000089670e+01 1.594499302167300819e-02 -1.386518008388042643e-03
3.115000000000090097e+01 1.582001373620722795e-02 -1.366949982145385968e-03
3.120000000000089813e+01 1.569677216874156012e-02 -1.347787230930196870e-03
3.125000000000089528e+01 1.557523300816007761e-02 -1.329018680497970426e-03
3.130000000000089955e+01 1.545536188610820323e-02 -1.310633631491276872e-03
3.135000000000090381e+01 1.533712534594734202e-02 -1.292621744342634929e-03
3.140000000000090097e+01 1.522049081292008686e-02 -1.274973024880631835e-03
3.145000000000089813e+01 1.510542656546114484e-02 -1.257677810600604015e-03
3.150000000000090239e+01 1.499190170763439571e-02 -1.240726757569750142e-03
3.155000000000090665e+01 1.487988614260444750e-02 -1.224110827927356489e-03
3.160000000000090381e+01 1.476935054712812632e-02 -1.207821277953985981e-03
3.165000000000090097e+01 1.466026634701084186e-02 -1.191849646678788243e-03
3.170000000000090523e+01 1.455260569347610264e-02 -1.176187744996006704e-03
3.175000000000090949e+01 1.444634144043779010e-02 -1.160827645269081783e-03
3.180000000000090665e+01 1.434144712259760764e-02 -1.145761671392067724e-03
3.185000000000090381e+01 1.423789693436131910e-02 -1.130982389289633509e-03
3.190000000000090807e+01 1.413566570952910773e-02 -1.116482597832357641e-03
3.195000000000091234e+01 1.403472890171840112e-02 -1.102255320145450850e-03
