-3.200000000000000000e+01 -1.076481684752926202e-02 -9.134244653480715201e-04
-3.194999999999999929e+01 -1.084844597189516674e-02 -9.255995425663693680e-04
-3.189999999999999858e+01 -1.093318274369619800e-02 -9.380097449222901500e-04
-3.184999999999999787e+01 -1.101904834556385882e-02 -9.506610834309130002e-04
-3.179999999999999716e+01 -1.110606449439932586e-02 -9.635597613915090941e-04
-3.174999999999999645e+01 -1.119425345815680539e-02 -9.767121817935821640e-04
-3.169999999999999574e+01 -1.128363807327535662e-02 -9.901249550595832803e-04
-3.164999999999999503e+01 -1.137424176276360943e-02 -1.003804907138180179e-03
-3.159999999999999432e+01 -1.146608855497417007e-02 -1.017759087967547334e-03
-3.154999999999999361e+01 -1.155920310310702345e-02 -1.031994780329399024e-03
-3.149999999999999289e+01 -1.165361070544884692e-02 -1.046519509110535508e-03
-3.144999999999999218e+01 -1.174933732641581310e-02 -1.061341050998773714e-03
-3.139999999999999147e+01 -1.184640961841021065e-02 -1.076467444632593553e-03
-3.134999999999999076e+01 -1.194485494453681462e-02 -1.091907001230242504e-03
-3.129999999999999005e+01 -1.204470140222711413e-02 -1.107668315725753288e-03
-3.124999999999998934e+01 -1.214597784778663134e-02 -1.123760278435255444e-03
-3.119999999999998863e+01 -1.224871392194395309e-02 -1.140192087288501889e-03
-3.114999999999998792e+01 -1.235294007642145572e-02 -1.156973260652546798e-03
-3.109999999999998721e+01 -1.245868760158426458e-02 -1.174113650782009077e-03
-3.104999999999998650e+01 -1.256598865522860070e-02 -1.191623457932686290e-03
-3.099999999999998579e+01 -1.267487629253436984e-02 -1.209513245171226804e-03
-3.094999999999998508e+01 -1.278538449727689014e-02 -1.227793953926863959e-03
-3.089999999999998437e+01 -1.289754821432900767e-02 -1.246476920322906043e-03
-3.084999999999998366e+01 -1.301140338352588938e-02 -1.265573892334552041e-03
-3.079999999999998295e+01 -1.312698697496966077e-02 -1.285097047822866129e-03
-3.074999999999998224e+01 -1.324433702581301331e-02 -1.305059013490844633e-03
-3.069999999999998153e+01 -1.336349267863731413e-02 -1.325472884823088778e-03
-3.064999999999998082e+01 -1.348449422147258298e-02 -1.346352247062101125e-03
-3.059999999999998010e+01 -1.360738312955235216e-02 -1.367711197284976086e-03
-3.054999999999997939e+01 -1.373220210890207377e-02 -1.389564367648804446e-03
-3.049999999999997868e+01 -1.385899514182046405e-02 -1.411926949869772661e-03
-3.044999999999997797e+01 -1.398780753439572352e-02 -1.434814721019394331e-03
-3.039999999999997726e+01 -1.411868596612748591e-02 -1.458244070713009266e-03
-3.034999999999997655e+01 -1.425167854177449012e-02 -1.482232029778958807e-03
-3.029999999999997584e+01 -1.438683484555670564e-02 -1.506796300503336758e-03
-3.024999999999997513e+01 -1.452420599779851232e-02 -1.531955288542925005e-03
-3.019999999999997442e+01 -1.466384471419149640e-02 -1.557728136621287611e-03
-3.014999999999997371e+01 -1.480580536777907977e-02 -1.584134760115404276e-03
-3.009999999999997300e+01 -1.495014405382109543e-02 -1.611195884657056539e-03
-3.004999999999997229e+01 -1.509691865770717081e-02 -1.638933085882564485e-03
-2.999999999999997158e+01 -1.524618892604455433e-02 -1.667368831464135842e-03
-2.994999999999997087e+01 -1.539801654114794638e-02 -1.696526525583778172e-03
-2.989999999999997016e+01 -1.555246519907793612e-02 -1.726430556004817209e-03
-2.984999999999996945e+01 -1.570960069143878882e-02 -1.757106343918018662e-03
-2.979999999999996874e+01 -1.586949099115990761e-02 -1.788580396753099242e-03
-2.974999999999996803e+01 -1.603220634244171411e-02 -1.820880364149504368e-03
-2.969999999999996732e+01 -1.619781935516046226e-02 -1.854035097315502416e-03
-2.964999999999996660e+01 -1.636640510394219220e-02 -1.888074712002146480e-03
-2.959999999999996589e+01 -1.653804123218913583e-02 -1.923030655348059942e-03
-2.954999999999996518e+01 -1.671280806136083222e-02 -1.958935776871721657e-03
-2.949999999999996447e+01 -1.689078870576906852e-02 -1.995824403896846299e-03
-2.944999999999996376e+01 -1.707206919327407951e-02 -2.033732421742558312e-03
-2.939999999999996305e+01 -1.725673859218310874e-02 -2.072697359013721610e-03
-2.934999999999996234e+01 -1.744488914473645708e-02 -2.112758478367633870e-03
-2.929999999999996163e+01 -1.763661640759418142e-02 -2.153956873164846689e-03
-2.924999999999996092e+01 -1.783201939969386238e-02 -2.196335570430844701e-03
-2.919999999999996021e+01 -1.803120075799855698e-02 -2.239939640617681117e-03
-2.914999999999995950e+01 -1.823426690156573077e-02 -2.284816314669528992e-03
-2.909999999999995879e+01 -1.844132820446832757e-02 -2.331015108954584587e-03
-2.904999999999995808e+01 -1.865249917813817729e-02 -2.378587958675008017e-03
-2.899999999999995737e+01 -1.886789866366406568e-02 -2.427589360402541974e-03
-2.894999999999995666e+01 -1.908765003475022121e-02 -2.478076524475119648e-03
-2.889999999999995595e+01 -1.931188141195406757e-02 -2.530109538024311305e-03
-2.884999999999995524e+01 -1.954072588894447543e-02 -2.583751539490278856e-03
-2.879999999999995453e+01 -1.977432177157675830e-02 -2.639068905559242666e-03
-2.874999999999995381e+01 -2.001281283055241639e-02 -2.696131451523818383e-03
-2.869999999999995310e+01 -2.025634856863750902e-02 -2.755012646194592019e-03
-2.864999999999995239e+01 -2.050508450333289601e-02 -2.815789842560713872e-03
-2.859999999999995168e+01 -2.075918246604208442e-02 -2.878544525530748067e-03
-2.854999999999995097e+01 -2.101881091886127415e-02 -2.943362578212632870e-03
-2.849999999999995026e+01 -2.128414529010430253e-02 -3.010334568308137889e-03
-2.844999999999994955e+01 -2.155536832992487745e-02 -3.079556056391901352e-03
-2.839999999999994884e+01 -2.183267048733205165e-02 -3.151127927976777980e-03
-2.834999999999994813e+01 -2.211625031008797662e-02 -3.225156751479858665e-03
-2.829999999999994742e+01 -2.240631486909223577e-02 -3.301755164416449607e-03
-2.824999999999994671e+01 -2.270308020887118125e-02 -3.381042290356830061e-03
-2.819999999999994600e+01 -2.300677182610042296e-02 -3.463144189489254180e-03
-2.814999999999994529e+01 -2.331762517804655127e-02 -3.548194345876875926e-03
-2.809999999999994458e+01 -2.363588622306521739e-02 -3.636334194847580525e-03
-2.804999999999994387e+01 -2.396181199545916601e-02 -3.727713694320398605e-03
-2.799999999999994316e+01 -2.429567121705529520e-02 -3.822491944245056186e-03
-2.794999999999994245e+01 -2.463774494824896508e-02 -3.920837858841071111e-03
-2.789999999999994174e+01 -2.498832728126286484e-02 -4.022930896775269577e-03
-2.784999999999994102e+01 -2.534772607869555452e-02 -4.128961855018105365e-03
-2.779999999999994031e+01 -2.571626376067268765e-02 -4.239133732762209381e-03
-2.774999999999993960e+01 -2.609427814402738230e-02 -4.353662672467296588e-03
-2.769999999999993889e+01 -2.648212333742963609e-02 -4.472778985973918132e-03
-2.764999999999993818e+01 -2.688017069643655610e-02 -4.596728274475001333e-03
-2.759999999999993747e+01 -2.728880984286247147e-02 -4.725772652203264965e-03
-2.754999999999993676e+01 -2.770844975319088771e-02 -4.860192084861637840e-03
-2.749999999999993605e+01 -2.813951992093160354e-02 -5.000285855095120725e-03
-2.744999999999993534e+01 -2.858247159843527174e-02 -5.146374168879741355e-03
-2.739999999999993463e+01 -2.903777912377977083e-02 -5.298799918318702201e-03
-2.734999999999993392e+01 -2.950594133886264014e-02 -5.457930618309175287e-03
-2.729999999999993321e+01 -2.998748310522219435e-02 -5.624160536741105998e-03
-2.724999999999993250e+01 -3.048295692431931408e-02 -5.797913040329726563e-03
-2.719999999999993179e+01 -3.099294466968530865e-02 -5.979643181137641976e-03
-2.714999999999993108e+01 -3.151805943840230856e-02 -6.169840552001207117e-03
-2.709999999999993037e+01 -3.205894752987697299e-02 -6.369032442863802219e-03
-2.704999999999992966e+01 -3.261629056015737799e-02 -6.577787334301364239e-03
-2.699999999999992895e+01 -3.319080772004657370e-02 -6.796718769361642307e-03
-2.694999999999992824e+01 -3.378325818571053379e-02 -7.026489650611138227e-03
-2.689999999999992752e+01 -3.439444369008630431e-02 -7.267817015657958638e-03
-2.684999999999992681e+01 -3.502521126334314644e-02 -7.521477351986362303e-03
-2.679999999999992610e+01 -3.567645615014676530e-02 -7.788312520606048214e-03
-2.674999999999992539e+01 -3.634912491037368965e-02 -8.069236367942033208e-03
-2.669999999999992468e+01 -3.704421870898404884e-02 -8.365242117158552121e-03
-2.664999999999992397e+01 -3.776279679840550962e-02 -8.677410643415742544e-03
-2.659999999999992326e+01 -3.850598019424892465e-02 -9.006919753295832345e-03
-2.654999999999992255e+01 -3.927495554139179279e-02 -9.355054606856526636e-03
-2.649999999999992184e+01 -4.007097916203916643e-02 -9.723219441868035176e-03
-2.644999999999992113e+01 -4.089538127094294317e-02 -1.011295078476407219e-02
-2.639999999999992042e+01 -4.174957033332564460e-02 -1.052593236156223501e-02
-2.634999999999991971e+01 -4.263503752923557266e-02 -1.096401195597132561e-02
-2.629999999999991900e+01 -4.355336127222496356e-02 -1.142922050155212831e-02
-2.624999999999991829e+01 -4.450621170919019653e-02 -1.192379374108643204e-02
-2.619999999999991758e+01 -4.549535510176025421e-02 -1.245019684106931333e-02
-2.614999999999991687e+01 -4.652265795390909259e-02 -1.301115241288793543e-02
-2.609999999999991616e+01 -4.759009070511146383e-02 -1.360967246742260037e-02
-2.604999999999991545e+01 -4.869973074909048072e-02 -1.424909491784276047e-02
-2.599999999999991473e+01 -4.985376446083697455e-02 -1.493312534832854331e-02
-2.594999999999991402e+01 -5.105448781534359382e-02 -1.566588488762647724e-02
-2.589999999999991331e+01 -5.230430505105556488e-02 -1.645196516707165407e-02
-2.584999999999991260e+01 -5.360572466279428516e-02 -1.729649150719705583e-02
-2.579999999999991189e+01 -5.496135178963035273e-02 -1.820519566744321222e-02
-2.574999999999991118e+01 -5.637387577718568077e-02 -1.918449971225900594e-02
-2.569999999999991047e+01 -5.784605132258934662e-02 -2.024161279721408552e-02
-2.564999999999990976e+01 -5.938067112406053560e-02 -2.138464295917438113e-02
-2.559999999999990905e+01 -6.098052732366706502e-02 -2.262272630480163457e-02
-2.554999999999990834e+01 -6.264835820305997283e-02 -2.396617632335585821e-02
-2.549999999999990763e+01 -6.438677550862519083e-02 -2.542665638894369556e-02
-2.544999999999990692e+01 -6.619816636433492607e-02 -2.701737883535935969e-02
-2.539999999999990621e+01 -6.808456187792952252e-02 -2.875333423773786604e-02
-2.534999999999990550e+01 -7.004746212338222588e-02 -3.065155463656114854e-02
-2.529999999999990479e+01 -7.208760402643854537e-02 -3.273141426490385614e-02
-2.524999999999990408e+01 -7.420465457973146606e-02 -3.501497068206770036e-02
-2.519999999999990337e+01 -7.639680651716862503e-02 -3.752734775376834891e-02
-2.514999999999990266e+01 -7.866024679640817863e-02 -4.029715915672910098e-02
-2.509999999999990195e+01 -8.098845966223711113e-02 -4.335696626015780875e-02
-2.504999999999990123e+01 -8.337131543081235940e-02 -4.674375620858628455e-02
-2.499999999999990052e+01 -8.579388333536411282e-02 -5.049941309785117849e-02
-2.494999999999989981e+01 -8.823489209390947274e-02 -5.467113482052888412e-02
-2.489999999999989910e+01 -9.066474641365064591e-02 -5.931171694553016155e-02
-2.484999999999989839e+01 -9.304299413136016272e-02 -6.447957806947278436e-02
-2.479999999999989768e+01 -9.531513269462953131e-02 -7.023833224457770585e-02
-2.474999999999989697e+01 -9.740865575420040723e-02 -7.665561616916714838e-02
-2.469999999999989626e+01 -9.922828935382235760e-02 -8.380074528532334421e-02
-2.464999999999989555e+01 -1.006504833035565261e-01 -9.174060203970350880e-02
-2.459999999999989484e+01 -1.015174538545987049e-01 -1.005329633274969353e-01
-2.454999999999989413e+01 -1.016314833182780375e-01 -1.102162951879323838e-01
-2.449999999999989342e+01 -1.007508433218775590e-01 -1.207949820070334246e-01
-2.444999999999989271e+01 -9.858966602211437225e-02 -1.322192105412978713e-01
-2.439999999999989200e+01 -9.482527451082059522e-02 -1.443596151157230112e-01
-2.434999999999989129e+01 -8.911756560742600808e-02 -1.569787208589467908e-01
-2.429999999999989058e+01 -8.114521415460726472e-02 -1.697045082215571377e-01
-2.424999999999988987e+01 -7.066138101444094377e-02 -1.820157979102272894e-01
-2.419999999999988916e+01 -5.756574044331614487e-02 -1.932530352485320457e-01
-2.414999999999988844e+01 -4.197965979507267686e-02 -2.026680429933473415e-01
-2.409999999999988773e+01 -2.430024424354943618e-02 -2.095182083716692067e-01
-2.404999999999988702e+01 -5.204066824663046431e-03 -2.131929624208465102e-01
-2.399999999999988631e+01 1.441878475500223133e-02 -2.133393767872747704e-01
-2.394999999999988560e+01 3.359388587534101883e-02 -2.099429295350108970e-01
-2.389999999999988489e+01 5.141870610731887753e-02 -2.033309511717392160e-01
-2.384999999999988418e+01 6.719570760917718821e-02 -1.940973012570517131e-01
-2.379999999999988347e+01 8.050415180165951257e-02 -1.829787849669396727e-01
-2.374999999999988276e+01 9.120161161123982452e-02 -1.707272423322088450e-01
-2.369999999999988205e+01 9.937297117681065384e-02 -1.580119654361057946e-01
-2.364999999999988134e+01 1.052559324573546506e-01 -1.453663284783616727e-01
-2.359999999999988063e+01 1.091680763458494352e-01 -1.331742734671236272e-01
-2.354999999999987992e+01 1.114495864574878981e-01 -1.216833913672883127e-01
-2.349999999999987921e+01 1.124254959693803957e-01 -1.110308163762729755e-01
-2.344999999999987850e+01 1.123850964615657200e-01 -1.012718634617659902e-01
-2.339999999999987779e+01 1.115738038474050481e-01 -9.240575753525116787e-02
-2.334999999999987708e+01 1.101928247585927945e-01 -8.439620099179800938e-02
-2.329999999999987637e+01 1.084030122397062340e-01 -7.718656007971881616e-02
-2.324999999999987566e+01 1.063304955109309335e-01 -7.071040619818223794e-02
-2.319999999999987494e+01 1.040726499231039298e-01 -6.489843942703857338e-02
-2.314999999999987423e+01 1.017036576896548916e-01 -5.968277757929878191e-02
-2.309999999999987352e+01 9.927933743213057660e-02 -5.499941997051330939e-02
-2.304999999999987281e+01 9.684116313380218555e-02 -5.078949809811803690e-02
-2.299999999999987210e+01 9.441951655669260368e-02 -4.699975172422277137e-02
-2.294999999999987139e+01 9.203627006479606076e-02 -4.358253221009398409e-02
-2.289999999999987068e+01 8.970681102850942834e-02 -4.049553432698105998e-02
-2.284999999999986997e+01 8.744161398898699089e-02 -3.770138682953171755e-02
-2.279999999999986926e+01 8.524745360117079451e-02 -3.516718360717006886e-02
-2.274999999999986855e+01 8.312833595476318282e-02 -3.286400492769814274e-02
-2.269999999999986784e+01 8.108621107378956305e-02 -3.076645722924993553e-02
-2.264999999999986713e+01 7.912151642209053204e-02 -2.885224648285585405e-02
-2.259999999999986642e+01 7.723359043302609195e-02 -2.710179179178041561e-02
-2.254999999999986571e+01 7.542098634628743858e-02 -2.549788085547969110e-02
-2.249999999999986500e+01 7.368170971715740092e-02 -2.402536602653021838e-02
-2.244999999999986429e+01 7.201339755771887785e-02 -2.267089814218206656e-02
-2.239999999999986358e+01 7.041345288009528969e-02 -2.142269460144552093e-02
-2.234999999999986287e+01 6.887914518731132196e-02 -2.027033795396943755e-02
-2.229999999999986215e+01 6.740768498165020106e-02 -1.920460135150328998e-02
-2.224999999999986144e+01 6.599627846556216371e-02 -1.821729745443146503e-02
-2.219999999999986073e+01 6.464216716165489818e-02 -1.730114770130921145e-02
-2.214999999999986002e+01 6.334265606964420425e-02 -1.644966918720813451e-02
-2.209999999999985931e+01 6.209513313212376012e-02 -1.565707673048537946e-02
-2.204999999999985860e+01 6.089708213250343005e-02 -1.491819801922667811e-02
-2.199999999999985789e+01 5.974609065236487909e-02 -1.422840001212991728e-02
-2.194999999999985718e+01 5.863985433564061073e-02 -1.358352502120742551e-02
-2.189999999999985647e+01 5.757617841449654689e-02 -1.297983512476820478e-02
-2.184999999999985576e+01 5.655297722846359260e-02 -1.241396375223063550e-02
-2.179999999999985505e+01 5.556827229562927989e-02 -1.188287344834766668e-02
-2.174999999999985434e+01 5.462018936215588816e-02 -1.138381896734913870e-02
-2.169999999999985363e+01 5.370695475466150115e-02 -1.091431497004717588e-02
-2.164999999999985292e+01 5.282689128074095214e-02 -1.047210770114425163e-02
-2.159999999999985221e+01 5.197841386295146832e-02 -1.005515011349374793e-02
-2.154999999999985150e+01 5.116002504456362843e-02 -9.661579981872968348e-03
-2.149999999999985079e+01 5.037031046948915042e-02 -9.289700613617795158e-03
-2.144999999999985008e+01 4.960793441148107774e-02 -8.937963818805157515e-03
-2.139999999999984936e+01 4.887163540600025086e-02 -8.604954849481462331e-03
-2.134999999999984865e+01 4.816022202245349992e-02 -8.289379057837513790e-03
-2.129999999999984794e+01 4.747256880184843458e-02 -7.990050057369057698e-03
-2.124999999999984723e+01 4.680761237555333687e-02 -7.705879200382605154e-03
-2.119999999999984652e+01 4.616434777402834977e-02 -7.435866210392117967e-03
-2.114999999999984581e+01 4.554182492867987070e-02 -7.179090829252873784e-03
-2.109999999999984510e+01 4.493914536652863362e-02 -6.934705357508830909e-03
-2.104999999999984439e+01 4.435545909429555733e-02 -6.701927982161529074e-03
-2.099999999999984368e+01 4.378996166651065447e-02 -6.480036799710270877e-03
-2.094999999999984297e+01 4.324189143107424332e-02 -6.268364454143028099e-03
-2.089999999999984226e+01 4.271052694442458580e-02 -6.066293319548049859e-03
-2.084999999999984155e+01 4.219518454829685600e-02 -5.873251165927544613e-03
-2.079999999999984084e+01 4.169521609957781844e-02 -5.688707254293941251e-03
-2.074999999999984013e+01 4.121000684470964293e-02 -5.512168813712890053e-03
-2.069999999999983942e+01 4.073897343036403385e-02 -5.343177858733256548e-03
-2.064999999999983871e+01 4.028156204198716367e-02 -5.181308310493568277e-03
-2.059999999999983800e+01 3.983724666240648360e-02 -5.026163389237556407e-03
-2.054999999999983729e+01 3.940552744283120495e-02 -4.877373249676002914e-03
-2.049999999999983658e+01 3.898592917894339038e-02 -4.734592833933352202e-03
-2.044999999999983586e+01 3.857799988530547647e-02 -4.597499919754062525e-03
-2.039999999999983515e+01 3.818130946141806703e-02 -4.465793344075885858e-03
-2.034999999999983444e+01 3.779544844341595905e-02 -4.339191384389075312e-03
-2.029999999999983373e+01 3.742002683560707171e-02 -4.217430282193369677e-03
-2.024999999999983302e+01 3.705467301642807049e-02 -4.100262894582583709e-03
-2.019999999999983231e+01 3.669903271387615906e-02 -3.987457461540310985e-03
-2.014999999999983160e+01 3.635276804556974301e-02 -3.878796477785687643e-03
-2.009999999999983089e+01 3.601555661914918743e-02 -3.774075659263276782e-03
-2.004999999999983018e+01 3.568709068888774316e-02 -3.673102995367839071e-03
-1.999999999999982947e+01 3.536707636467378152e-02 -3.575697878920616486e-03
-1.994999999999982876e+01 3.505523286990706866e-02 -3.481690306768319039e-03
-1.989999999999982805e+01 3.475129184489130635e-02 -3.390920144538997483e-03
-1.984999999999982734e+01 3.445499669274715987e-02 -3.303236449799817377e-03
-1.979999999999982663e+01 3.416610196496416840e-02 -3.218496848400105755e-03
-1.974999999999982592e+01 3.388437278391841917e-02 -3.136566959298421001e-03
-1.969999999999982521e+01 3.360958429997296798e-02 -3.057319863660635378e-03
-1.964999999999982450e+01 3.334152118076904453e-02 -2.980635614371325223e-03
-1.959999999999982379e+01 3.307997713066241491e-02 -2.906400782520855361e-03
-1.954999999999982307e+01 3.282475443830231571e-02 -2.834508037726969892e-03
-1.949999999999982236e+01 3.257566355049541090e-02 -2.764855759445435449e-03
-1.944999999999982165e+01 3.233252267071744929e-02 -2.697347676713711655e-03
-1.939999999999982094e+01 3.209515738059350726e-02 -2.631892533962876778e-03
-1.934999999999982023e+01 3.186340028294051829e-02 -2.568403780792066771e-03
-1.929999999999981952e+01 3.163709066497582406e-02 -2.506799283764940024e-03
-1.924999999999981881e+01 3.141607418039437521e-02 -2.447001058462162492e-03
-1.919999999999981810e+01 3.120020254918687286e-02 -2.388935020201887055e-03
-1.914999999999981739e+01 3.098933327400958671e-02 -2.332530751941986735e-03
-1.909999999999981668e+01 3.078332937213633380e-02 -2.277721288044408550e-03
-1.904999999999981597e+01 3.058205912201083371e-02 -2.224442912674466036e-03
-1.899999999999981526e+01 3.038539582348540741e-02 -2.172634971713471516e-03
-1.894999999999981455e+01 3.019321757096655318e-02 -2.122239697176706713e-03
-1.889999999999981384e+01 3.000540703861403341e-02 -2.073202043180718233e-03
-1.884999999999981313e+01 2.982185127692232179e-02 -2.025469532615772894e-03
-1.879999999999981242e+01 2.964244151998685767e-02 -1.978992113730487432e-03
-1.874999999999981171e+01 2.946707300280471814e-02 -1.933722025901026898e-03
-1.869999999999981100e+01 2.929564478806749583e-02 -1.889613673932552399e-03
-1.864999999999981029e+01 2.912805960182650311e-02 -1.846623510264513296e-03
-1.859999999999980957e+01 2.896422367756265603e-02 -1.804709924529699586e-03
-1.854999999999980886e+01 2.880404660815986950e-02 -1.763833139944306384e-03
-1.849999999999980815e+01 2.864744120531464988e-02 -1.723955116047710392e-03
-1.844999999999980744e+01 2.849432336600171700e-02 -1.685039457362380545e-03
-1.839999999999980673e+01 2.834461194553982571e-02 -1.647051327552384158e-03
-1.834999999999980602e+01 2.819822863692970916e-02 -1.609957368716025562e-03
-1.829999999999980531e+01 2.805509785610003914e-02 -1.573725625461627796e-03
-1.824999999999980460e+01 2.791514663272225832e-02 -1.538325473442199182e-03
-1.819999999999980389e+01 2.777830450632533255e-02 -1.503727552061719965e-03
-1.814999999999980318e+01 2.764450342737166666e-02 -1.469903701064713712e-03
-1.809999999999980247e+01 2.751367766306191814e-02 -1.436826900764079417e-03
-1.804999999999980176e+01 2.738576370760197054e-02 -1.404471215667387396e-03
-1.799999999999980105e+01 2.726070019668211386e-02 -1.372811741279492690e-03
-1.794999999999980034e+01 2.713842782597884751e-02 -1.341824553886674732e-03
-1.789999999999979963e+01 2.701888927342201846e-02 -1.311486663121421651e-03
-1.784999999999979892e+01 2.690202912506402255e-02 -1.281775967140969062e-03
-1.779999999999979821e+01 2.678779380435228341e-02 -1.252671210253108883e-03
-1.774999999999979750e+01 2.667613150461913690e-02 -1.224151942834634946e-03
-1.769999999999979678e+01 2.656699212465533921e-02 -1.196198483408740434e-03
-1.764999999999979607e+01 2.646032720716872538e-02 -1.168791882738903862e-03
-1.759999999999979536e+01 2.635608988001340858e-02 -1.141913889824293501e-03
-1.754999999999979465e+01 2.625423480003961918e-02 -1.115546919679343127e-03
-1.749999999999979394e+01 2.615471809942473969e-02 -1.089674022788223893e-03
-1.744999999999979323e+01 2.605749733439043092e-02 -1.064278856141534935e-03
-1.739999999999979252e+01 2.596253143615171594e-02 -1.039345655752372003e-03
-1.734999999999979181e+01 2.586978066401678794e-02 -1.014859210571859762e-03
-1.729999999999979110e+01 2.577920656052399423e-02 -9.908048377201945055e-04
-1.724999999999979039e+01 2.569077190851010856e-02 -9.671683589548773444e-04
-1.719999999999978968e+01 2.560444069004178674e-02 -9.439360783113528823e-04
-1.714999999999978897e+01 2.552017804709006549e-02 -9.210947608405191823e-04
-1.709999999999978826e+01 2.543795024388967319e-02 -8.986316123871312348e-04
-1.704999999999978755e+01 2.535772463089662476e-02 -8.765342603482266948e-04
-1.699999999999978684e+01 2.527946961026237421e-02 -8.547907353546302898e-04
-1.694999999999978613e+01 2.520315460277721548e-02 -8.333894538299741698e-04
-1.689999999999978542e+01 2.512875001618627979e-02 -8.123192013707934526e-04
-1.684999999999978471e+01 2.505622721483818233e-02 -7.915691169082807958e-04
-1.679999999999978400e+01 2.498555849059851119e-02 -7.711286776069413082e-04
-1.674999999999978328e+01 2.491671703496593782e-02 -7.509876844582184536e-04
-1.669999999999978257e+01 2.484967691235645537e-02 -7.311362485368944758e-04
-1.664999999999978186e+01 2.478441303447953548e-02 -7.115647778773573958e-04
-1.659999999999978115e+01 2.472090113577721238e-02 -6.922639649419035437e-04
-1.654999999999978044e+01 2.465911774987410154e-02 -6.732247746477364094e-04
-1.649999999999977973e+01 2.459904018698923223e-02 -6.544384329213372587e-04
-1.644999999999977902e+01 2.454064651228608784e-02 -6.358964157574689777e-04
-1.639999999999977831e+01 2.448391552509869562e-02 -6.175904387495812636e-04
-1.634999999999977760e+01 2.442882673901415613e-02 -5.995124470719844292e-04
-1.629999999999977689e+01 2.437536036277036799e-02 -5.816546058886140451e-04
-1.624999999999977618e+01 2.432349728193103355e-02 -5.640092911646775193e-04
-1.619999999999977547e+01 2.427321904132075103e-02 -5.465690808651641787e-04
-1.614999999999977476e+01 2.422450782817055226e-02 -5.293267465139974218e-04
-1.609999999999977405e+01 2.417734645595995269e-02 -5.122752451000469991e-04
-1.604999999999977334e+01 2.413171834892337275e-02 -4.954077113107247399e-04
-1.599999999999977263e+01 2.408760752719069087e-02 -4.787174500749773187e-04
-1.594999999999977192e+01 2.404499859255036787e-02 -4.621979294044515317e-04
-1.589999999999977121e+01 2.400387671479466134e-02 -4.458427735117725423e-04
-1.584999999999977049e+01 2.396422761863740980e-02 -4.296457561963383867e-04
-1.579999999999976978e+01 2.392603757117882368e-02 -4.136007944826928205e-04
-1.574999999999976907e+01 2.388929336989426000e-02 -3.977019424972602288e-04
-1.569999999999976836e+01 2.385398233113776578e-02 -3.819433855757527890e-04
-1.564999999999976765e+01 2.382009227912848526e-02 -3.663194345839510067e-04
-1.559999999999976694e+01 2.378761153541344986e-02 -3.508245204453335452e-04
-1.554999999999976623e+01 2.375652890878626744e-02 -3.354531888637465702e-04
-1.549999999999976552e+01 2.372683368564365569e-02 -3.202000952298852607e-04
-1.544999999999976481e+01 2.369851562077347762e-02 -3.050599997064251667e-04
-1.539999999999976410e+01 2.367156492854831373e-02 -2.900277624773130516e-04
-1.534999999999976339e+01 2.364597227452107375e-02 -2.750983391569161891e-04
-1.529999999999976268e+01 2.362172876740488425e-02 -2.602667763495630782e-04
-1.524999999999976197e+01 2.359882595142523409e-02 -2.455282073504350647e-04
-1.519999999999976126e+01 2.357725579903767466e-02 -2.308778479844864409e-04
-1.514999999999976055e+01 2.355701070399282560e-02 -2.163109925710088310e-04
-1.509999999999975984e+01 2.353808347474375950e-02 -2.018230100111835686e-04
-1.504999999999975913e+01 2.352046732818457997e-02 -1.874093399908522382e-04
-1.499999999999975842e+01 2.350415588370870223e-02 -1.730654892910920423e-04
-1.494999999999975770e+01 2.348914315758353355e-02 -1.587870282046652433e-04
-1.489999999999975699e+01 2.347542355762598232e-02 -1.445695870474746417e-04
-1.484999999999975628e+01 2.346299187817663112e-02 -1.304088527635787614e-04
-1.479999999999975557e+01 2.345184329536238732e-02 -1.163005656173053334e-04
-1.474999999999975486e+01 2.344197336264078335e-02 -1.022405159661833769e-04
-1.469999999999975415e+01 2.343337800662159687e-02 -8.822454111381871147e-05
-1.464999999999975344e+01 2.342605352315539624e-02 -7.424852223296852377e-05
-1.459999999999975273e+01 2.341999657368706855e-02 -6.030838135824903579e-05
-1.454999999999975202e+01 2.341520418186654462e-02 -4.640007844293816963e-05
-1.449999999999975131e+01 2.341167373041207200e-02 -3.251960847450250519e-05
-1.444999999999975060e+01 2.340940295822224737e-02 -1.866299864866291514e-05
-1.439999999999974989e+01 2.340838995773041054e-02 -4.826305593104950054e-06
-1.434999999999974918e+01 2.340863317249884668e-02 8.994387359089264788e-06
-1.429999999999974847e+01 2.341013139504798113e-02 2.280297285116002562e-05
-1.424999999999974776e+01 2.341288376491766632e-02 3.660332214430609202e-05
-1.419999999999974705e+01 2.341688976695648072e-02 5.039928771885266584e-05
-1.414999999999974634e+01 2.342214922983675007e-02 6.419470584331007229e-05
-1.409999999999974563e+01 2.342866232479230704e-02 7.799339911077540419e-05
-1.404999999999974492e+01 2.343642956457596405e-02 9.179917894707725554e-05
-1.399999999999974420e+01 2.344545180263614415e-02 1.056158480950276750e-04
-1.394999999999974349e+01 2.345573023250806244e-02 1.194472030740080862e-04
-1.389999999999974278e+01 2.346726638742047122e-02 1.332970366228892860e-04
-1.384999999999974207e+01 2.348006214011495729e-02 1.471691401254207610e-04
-1.379999999999974136e+01 2.349411970287662577e-02 1.610673060222170966e-04
-1.374999999999974065e+01 2.350944162777701685e-02 1.749953302134193804e-04
-1.369999999999973994e+01 2.352603080712445394e-02 1.889570144510293627e-04
-1.364999999999973923e+01 2.354389047412640268e-02 2.029561687287447479e-04
-1.359999999999973852e+01 2.356302420376013562e-02 2.169966136682075115e-04
-1.354999999999973781e+01 2.358343591385221594e-02 2.310821829056655154e-04
-1.349999999999973710e+01 2.360512986636983945e-02 2.452167254830238396e-04
-1.344999999999973639e+01 2.362811066891784550e-02 2.594041082421174975e-04
-1.339999999999973568e+01 2.365238327645043104e-02 2.736482182300243628e-04
-1.334999999999973497e+01 2.367795299319248870e-02 2.879529651142525778e-04
-1.329999999999973426e+01 2.370482547477316404e-02 3.023222836117701873e-04
-1.324999999999973355e+01 2.373300673057630872e-02 3.167601359358759687e-04
-1.319999999999973284e+01 2.376250312630116823e-02 3.312705142597058283e-04
-1.314999999999973213e+01 2.379332138674569719e-02 3.458574432043258658e-04
-1.309999999999973141e+01 2.382546859880653456e-02 3.605249823502390018e-04
-1.304999999999973070e+01 2.385895221470092642e-02 3.752772287763982487e-04
-1.299999999999972999e+01 2.389378005541570316e-02 3.901183196308695769e-04
-1.294999999999972928e+01 2.392996031437724658e-02 4.050524347319760417e-04
-1.289999999999972857e+01 2.396750156135780963e-02 4.200837992081813202e-04
-1.284999999999972786e+01 2.400641274661152735e-02 4.352166861756189171e-04
-1.279999999999972715e+01 2.404670320524920912e-02 4.504554194577898955e-04
-1.274999999999972644e+01 2.408838266184845645e-02 4.658043763505629112e-04
-1.269999999999972573e+01 2.413146123532235177e-02 4.812679904353509876e-04
-1.264999999999972502e+01 2.417594944401636747e-02 4.968507544426390733e-04
-1.259999999999972431e+01 2.422185821107590564e-02 5.125572231715271217e-04
-1.254999999999972360e+01 2.426919887006488696e-02 5.283920164663421029e-04
-1.249999999999972289e+01 2.431798317084810090e-02 5.443598222544870566e-04
-1.244999999999972218e+01 2.436822328574711483e-02 5.604653996505982137e-04
-1.239999999999972147e+01 2.441993181596191498e-02 5.767135821262512480e-04
-1.234999999999972076e+01 2.447312179828238510e-02 5.931092807547671750e-04
-1.229999999999972005e+01 2.452780671208207308e-02 6.096574875305614885e-04
-1.224999999999971934e+01 2.458400048660627779e-02 6.263632787684467011e-04
-1.219999999999971863e+01 2.464171750856579413e-02 6.432318185884658597e-04
-1.214999999999971791e+01 2.470097263002880850e-02 6.602683624859365455e-04
-1.209999999999971720e+01 2.476178117663910272e-02 6.774782609970915817e-04
-1.204999999999971649e+01 2.482415895615350254e-02 6.948669634602951985e-04
-1.199999999999971578e+01 2.488812226731189348e-02 7.124400218789538920e-04
-1.194999999999971507e+01 2.495368790905461154e-02 7.302030948925877264e-04
-1.189999999999971436e+01 2.502087319007946509e-02 7.481619518562511624e-04
-1.184999999999971365e+01 2.508969593877112547e-02 7.663224770398805244e-04
-1.179999999999971294e+01 2.516017451349555900e-02 7.846906739481353601e-04
-1.174999999999971223e+01 2.523232781327638952e-02 8.032726697679536121e-04
-1.169999999999971152e+01 2.530617528887048329e-02 8.220747199512695030e-04
-1.164999999999971081e+01 2.538173695423501242e-02 8.411032129339163221e-04
-1.159999999999971010e+01 2.545903339842446600e-02 8.603646750036872404e-04
-1.154999999999970939e+01 2.553808579791040645e-02 8.798657753190958913e-04
-1.149999999999970868e+01 2.561891592934405215e-02 8.996133310872267072e-04
-1.144999999999970797e+01 2.570154618278269743e-02 9.196143129096530713e-04
-1.139999999999970726e+01 2.578599957537257292e-02 9.398758502983687799e-04
-1.134999999999970655e+01 2.587229976553245825e-02 9.604052373766045966e-04
-1.129999999999970584e+01 2.596047106763231527e-02 9.812099387672326006e-04
-1.124999999999970512e+01 2.605053846718960453e-02 1.002297595678835335e-03
-1.119999999999970441e+01 2.614252763660990242e-02 1.023676032200196775e-03
-1.114999999999970370e+01 2.623646495146442215e-02 1.045353261806516304e-03
-1.109999999999970299e+01 2.633237750735598071e-02 1.067337494094613114e-03
-1.104999999999970228e+01 2.643029313736872110e-02 1.089637141751318219e-03
-1.099999999999970157e+01 2.653024043012959521e-02 1.112260827767341982e-03
-1.094999999999970086e+01 2.663224874851212454e-02 1.135217392909635380e-03
-1.089999999999970015e+01 2.673634824897767881e-02 1.158515903457434451e-03
-1.084999999999969944e+01 2.684256990161328071e-02 1.182165659222143665e-03
-1.079999999999969873e+01 2.695094551086331391e-02 1.206176201857396026e-03
-1.074999999999969802e+01 2.706150773698849654e-02 1.230557323474350782e-03
-1.069999999999969731e+01 2.717429011828986773e-02 1.255319075578190807e-03
-1.064999999999969660e+01 2.728932709409376267e-02 1.280471778333489713e-03
-1.059999999999969589e+01 2.740665402856745647e-02 1.306026030182341063e-03
-1.054999999999969518e+01 2.752630723536532431e-02 1.331992717824389064e-03
-1.049999999999969447e+01 2.764832400314601313e-02 1.358383026577412479e-03
-1.044999999999969376e+01 2.777274262200518651e-02 1.385208451138269722e-03
-1.039999999999969305e+01 2.789960241082459214e-02 1.412480806755171160e-03
-1.034999999999969233e+01 2.802894374561711033e-02 1.440212240839947554e-03
-1.029999999999969162e+01 2.816080808887211351e-02 1.468415245033193213e-03
-1.024999999999969091e+01 2.829523801995081911e-02 1.497102667745631513e-03
-1.019999999999969020e+01 2.843227726658478782e-02 1.526287727200506712e-03
-1.014999999999968949e+01 2.857197073748356242e-02 1.555984024992388207e-03
-1.009999999999968878e+01 2.871436455614449768e-02 1.586205560197192707e-03
-1.004999999999968807e+01 2.885950609587482896e-02 1.616966744051341436e-03
-9.999999999999687361e+00 2.900744401608693068e-02 1.648282415229553911e-03
-9.949999999999686651e+00 2.915822829993065801e-02 1.680167855752600498e-03
-9.899999999999685940e+00 2.931191029327639974e-02 1.712638807546360345e-03
-9.849999999999685230e+00 2.946854274515793570e-02 1.745711489694990771e-03
-9.799999999999684519e+00 2.962817984969325080e-02 1.779402616412857630e-03
-9.749999999999683808e+00 2.979087728955748249e-02 1.813729415772855416e-03
-9.699999999999683098e+00 2.995669228108738258e-02 1.848709649231097298e-03
-9.649999999999682387e+00 3.012568362103959507e-02 1.884361631977296211e-03
-9.599999999999681677e+00 3.029791173513192437e-02 1.920704254164202346e-03
-9.549999999999680966e+00 3.047343872839743117e-02 1.957757003049774049e-03
-9.499999999999680256e+00 3.065232843744235269e-02 1.995539986100591107e-03
-9.449999999999679545e+00 3.083464648470578273e-02 2.034073955107935407e-03
-9.399999999999678835e+00 3.102046033475619469e-02 2.073380331356807979e-03
-9.349999999999678124e+00 3.120983935278000276e-02 2.113481231915039643e-03
-9.299999999999677414e+00 3.140285486530522419e-02 2.154399497088651041e-03
-9.249999999999676703e+00 3.159958022327540028e-02 2.196158719106362268e-03
-9.199999999999675993e+00 3.180009086759348624e-02 2.238783272100189868e-03
-9.149999999999675282e+00 3.200446439719084601e-02 2.282298343437279796e-03
-9.099999999999674571e+00 3.221278063980516360e-02 2.326729966488584080e-03
-9.049999999999673861e+00 3.242512172553334293e-02 2.372105054897511237e-03
-8.999999999999673150e+00 3.264157216330122735e-02 2.418451438431129356e-03
-8.949999999999672440e+00 3.286221892040212811e-02 2.465797900501619927e-03
-8.899999999999671729e+00 3.308715150518218295e-02 2.514174217433778544e-03
-8.849999999999671019e+00 3.331646205309711506e-02 2.563611199588913467e-03
-8.799999999999670308e+00 3.355024541623354006e-02 2.614140734431893813e-03
-8.749999999999669598e+00 3.378859925647471896e-02 2.665795831650419855e-03
-8.699999999999668887e+00 3.403162414250188172e-02 2.718610670443021189e-03
-8.649999999999668177e+00 3.427942365074347630e-02 2.772620649079829760e-03
-8.599999999999667466e+00 3.453210447054633203e-02 2.827862436880509631e-03
-8.549999999999666755e+00 3.478977651370106228e-02 2.884374028728535488e-03
-8.499999999999666045e+00 3.505255302855016242e-02 2.942194802267910497e-03
-8.449999999999665334e+00 3.532055071892262199e-02 3.001365577938086907e-03
-8.399999999999664624e+00 3.559388986805282762e-02 3.061928681991045453e-03
-8.349999999999663913e+00 3.587269446782351268e-02 3.123928012681503191e-03
-8.299999999999663203e+00 3.615709235351696749e-02 3.187409109795138681e-03
-8.249999999999662492e+00 3.644721534436885790e-02 3.252419227712338018e-03
-8.199999999999661782e+00 3.674319939023630577e-02 3.319007412218069261e-03
-8.149999999999661071e+00 3.704518472460346934e-02 3.387224581258152165e-03
-8.099999999999660361e+00 3.735331602434702192e-02 3.457123609897687355e-03
-8.049999999999659650e+00 3.766774257652025226e-02 3.528759419711518380e-03
-7.999999999999658939e+00 3.798861845253490022e-02 3.602189072876202033e-03
-7.949999999999658229e+00 3.831610269014759651e-02 3.677471871251862187e-03
-7.899999999999657518e+00 3.865035948355899365e-02 3.754669460734204670e-03
-7.849999999999656808e+00 3.899155838216286640e-02 3.833845941223998702e-03
-7.799999999999656097e+00 3.933987449830089744e-02 3.915067982536612340e-03
-7.749999999999655387e+00 3.969548872452341448e-02 3.998404946623948172e-03
-7.699999999999654676e+00 4.005858796088454521e-02 4.083929016507963430e-03
-7.649999999999653966e+00 4.042936535270338916e-02 4.171715332321289729e-03
-7.599999999999653255e+00 4.080802053947826802e-02 4.261842134933163662e-03
-7.549999999999652545e+00 4.119475991544874205e-02 4.354390917617382770e-03
-7.499999999999651834e+00 4.158979690246403238e-02 4.449446586282936392e-03
-7.449999999999651124e+00 4.199335223586136978e-02 4.547097628826700724e-03
-7.399999999999650413e+00 4.240565426394954374e-02 4.647436294171847920e-03
-7.349999999999649702e+00 4.282693926199288015e-02 4.750558781659593166e-03
-7.299999999999648992e+00 4.325745176138187653e-02 4.856565441447469045e-03
-7.249999999999648281e+00 4.369744489487034644e-02 4.965560986651721201e-03
-7.199999999999647571e+00 4.414718075881771120e-02 5.077654718027648645e-03
-7.149999999999646860e+00 4.460693079326932819e-02 5.192960762000275315e-03
-7.099999999999646150e+00 4.507697618104986037e-02 5.311598322990678314e-03
-7.049999999999645439e+00 4.555760826682711540e-02 5.433691950983324248e-03
-6.999999999999644729e+00 4.604912899733404341e-02 5.559371825393311442e-03
-6.949999999999644018e+00 4.655185138401612965e-02 5.688774056376097107e-03
-6.899999999999643308e+00 4.706609998926972183e-02 5.822041004764147432e-03
-6.849999999999642597e+00 4.759221143783715080e-02 5.959321621990792267e-03
-6.799999999999641886e+00 4.813053495470059895e-02 6.100771811385866106e-03
-6.749999999999641176e+00 4.868143293109250536e-02 6.246554812386078195e-03
-6.699999999999640465e+00 4.924528152035376194e-02 6.396841609329398035e-03
-6.649999999999639755e+00 4.982247126527969416e-02 6.551811366583254470e-03
-6.599999999999639044e+00 5.041340775906663629e-02 6.711651891995969177e-03
-6.549999999999638334e+00 5.101851234175111549e-02 6.876560130728242778e-03
-6.499999999999637623e+00 5.163822283437047300e-02 7.046742691748125731e-03
-6.449999999999636913e+00 5.227299431323476075e-02 7.222416409467365128e-03
-6.399999999999636202e+00 5.292329992663100113e-02 7.403808943142750967e-03
-6.349999999999635492e+00 5.358963175685033109e-02 7.591159417002873305e-03
-6.299999999999634781e+00 5.427250173022071800e-02 7.784719104202654158e-03
-6.249999999999634070e+00 5.497244257825104063e-02 7.984752158042915035e-03
-6.199999999999633360e+00 5.569000885322036853e-02 8.191536394196809873e-03
-6.149999999999632649e+00 5.642577800151973855e-02 8.405364127941183927e-03
-6.099999999999631939e+00 5.718035149875363987e-02 8.626543070880727040e-03
-6.049999999999631228e+00 5.795435605043003369e-02 8.855397291924121256e-03
-5.999999999999630518e+00 5.874844486261374121e-02 9.092268247781299523e-03
-5.949999999999629807e+00 5.956329898724282979e-02 9.337515888739192707e-03
-5.899999999999629097e+00 6.039962874685686489e-02 9.591519845917681128e-03
-5.849999999999628386e+00 6.125817524435447914e-02 9.854680706946093022e-03
-5.799999999999627676e+00 6.213971196329157176e-02 1.012742138749830705e-02
-5.749999999999626965e+00 6.304504646493802600e-02 1.041018860692573093e-02
-5.699999999999626255e+00 6.397502218878928226e-02 1.070345447702695379e-02
-5.649999999999625544e+00 6.493052036339144739e-02 1.100771821376600977e-02
-5.599999999999624833e+00 6.591246203545050864e-02 1.132350798290463270e-02
-5.549999999999624123e+00 6.692181022519985700e-02 1.165138289141399996e-02
-5.499999999999623412e+00 6.795957221695039796e-02 1.199193513783099532e-02
-5.449999999999622702e+00 6.902680199443966824e-02 1.234579233606544063e-02
-5.399999999999621991e+00 7.012460283094146263e-02 1.271362002852170076e-02
-5.349999999999621281e+00 7.125413004554553842e-02 1.309612440626787069e-02
-5.299999999999620570e+00 7.241659393720295546e-02 1.349405525561206062e-02
-5.249999999999619860e+00 7.361326290941930250e-02 1.390820915262387311e-02
-5.199999999999619149e+00 7.484546679948284043e-02 1.433943292944908979e-02
-5.149999999999618439e+00 7.611460042673581783e-02 1.478862743868453525e-02
-5.099999999999617728e+00 7.742212737629586283e-02 1.525675164522594454e-02
-5.049999999999617017e+00 7.876958403510264661e-02 1.574482707797107348e-02
-4.999999999999616307e+00 8.015858389890620495e-02 1.625394267753556277e-02
-4.949999999999615596e+00 8.159082217024846151e-02 1.678526008023240035e-02
-4.899999999999614886e+00 8.306808066848356265e-02 1.734001938296807210e-02
-4.849999999999614175e+00 8.459223307537414027e-02 1.791954543920728019e-02
-4.799999999999613465e+00 8.616525054062756928e-02 1.852525474167320690e-02
-4.749999999999612754e+00 8.778920767404055359e-02 1.915866295422674268e-02
-4.699999999999612044e+00 8.946628895287067618e-02 1.982139316284848782e-02
-4.649999999999611333e+00 9.119879557445409457e-02 2.051518492386396331e-02
-4.599999999999610623e+00 9.298915278722230671e-02 2.124190419754588832e-02
-4.549999999999609912e+00 9.483991773440142437e-02 2.200355426571509038e-02
-4.499999999999609201e+00 9.675378784747210026e-02 2.280228774457488533e-02
-4.449999999999608491e+00 9.873360982875456493e-02 2.364041981814750740e-02
-4.399999999999607780e+00 1.007823892639848340e-01 2.452044283347955961e-02
-4.349999999999607070e+00 1.029033009091200879e-01 2.544504241768007560e-02
-4.299999999999606359e+00 1.050996996963842467e-01 2.641711529738138484e-02
-4.249999999999605649e+00 1.073751325069934037e-01 2.743978902559528893e-02
-4.199999999999604938e+00 1.097333507594201729e-01 2.851644384861963880e-02
-4.149999999999604228e+00 1.121783238620319978e-01 2.965073697704572950e-02
-4.099999999999603517e+00 1.147142535804409891e-01 3.084662956213869364e-02
-4.049999999999602807e+00 1.173455893674562878e-01 3.210841672036597594e-02
-3.999999999999602096e+00 1.200770447019176013e-01 3.344076099787023082e-02
-3.949999999999601386e+00 1.229136144784381268e-01 3.484872972298449362e-02
-3.899999999999600675e+00 1.258605934822502048e-01 3.633783675953423942e-02
-3.849999999999599964e+00 1.289235959749793492e-01 3.791408925006320429e-02
-3.799999999999599254e+00 1.321085764010230257e-01 3.958404002500909291e-02
-3.749999999999598543e+00 1.354218512051901802e-01 4.135484645636621631e-02
-3.699999999999597833e+00 1.388701217250704611e-01 4.323433665328433456e-02
-3.649999999999597122e+00 1.424604980837265167e-01 4.523108403500807756e-02
-3.599999999999596412e+00 1.462005239616006036e-01 4.735449147957017380e-02
-3.549999999999595701e+00 1.500982020599211375e-01 4.961488643480232302e-02
-3.499999999999594991e+00 1.541620199842913541e-01 5.202362860039476400e-02
-3.449999999999594280e+00 1.584009761663028870e-01 5.459323204939202367e-02
-3.399999999999593570e+00 1.628246052947455169e-01 5.733750396095588925e-02
-3.349999999999592859e+00 1.674430025421355661e-01 6.027170249480631042e-02
-3.299999999999592148e+00 1.722668456247479774e-01 6.341271675519616347e-02
-3.249999999999591438e+00 1.773074134176758077e-01 6.677927228471211563e-02
-3.199999999999590727e+00 1.825765994336478459e-01 7.039216610481496827e-02
-3.149999999999590017e+00 1.880869179364662025e-01 7.427453599403122109e-02
-3.099999999999589306e+00 1.938514997671825779e-01 7.845216948633446097e-02
-3.049999999999588596e+00 1.998840740537947136e-01 8.295385899048982048e-02
-2.999999999999587885e+00 2.061989308014884337e-01 8.781181050081229844e-02
-2.949999999999587175e+00 2.128108578308643417e-01 9.306211460317752315e-02
-2.899999999999586464e+00 2.197350435363790155e-01 9.874528988968671317e-02
-2.849999999999585754e+00 2.269869343424572583e-01 1.049069104948772563e-01
-2.799999999999585043e+00 2.345820323381538897e-01 1.115983312384596360e-01
-2.749999999999584332e+00 2.425356141407090105e-01 1.188775257860310575e-01
-2.699999999999583622e+00 2.508623462424779960e-01 1.268100552461722819e-01
-2.649999999999582911e+00 2.595757645111528844e-01 1.354701865769983027e-01
-2.599999999999582201e+00 2.686875756020145611e-01 1.449421818558260244e-01
-2.549999999999581490e+00 2.782067250760524302e-01 1.553217804634647314e-01
-2.499999999999580780e+00 2.881381601119086810e-01 1.667178959248747927e-01
-2.449999999999580069e+00 2.984811927054495939e-01 1.792545464956280810e-01
-2.399999999999579359e+00 3.092273407751207626e-01 1.930730319711691234e-01
-2.349999999999578648e+00 3.203574880119880453e-01 2.083343561331089666e-01
-2.299999999999577938e+00 3.318381568152878325e-01 2.252218708633684230e-01
-2.249999999999577227e+00 3.436166305550154565e-01 2.439440784556220487e-01
-2.199999999999576517e+00 3.556145906158784675e-01 2.647374643225929858e-01
-2.149999999999575806e+00 3.677198508494518570e-01 2.878691303621075948e-01
-2.099999999999575095e+00 3.797756816377322320e-01 3.136388414093639332e-01
-2.049999999999574385e+00 3.915671296244755961e-01 3.423798579854440138e-01
-1.999999999999573674e+00 4.028036830459587603e-01 3.744575744113063376e-01
-1.949999999999572964e+00 4.130976563963620896e-01 4.102644715708250733e-01
-1.899999999999572253e+00 4.219378619610478220e-01 4.502091866949075039e-01
-1.849999999999571543e+00 4.286586519389865013e-01 4.946965743061509380e-01
-1.799999999999570832e+00 4.324054936802935178e-01 5.440945166056031512e-01
-1.749999999999570122e+00 4.321002266189181151e-01 5.986821103422869106e-01
-1.699999999999569411e+00 4.264124654206805642e-01 6.585731600768449656e-01
-1.649999999999568701e+00 4.137486191604758390e-01 7.236095730488441014e-01
-1.599999999999567990e+00 3.922766081441893538e-01 7.932228909931883232e-01
-1.549999999999567279e+00 3.600112944573757301e-01 8.662710981846676317e-01
-1.499999999999566569e+00 3.149892832504692652e-01 9.408742669964189620e-01
-1.449999999999565858e+00 2.555552211783890248e-01 1.014296607803179651e+00
-1.399999999999565148e+00 1.807558760000901321e-01 1.082948002717773361e+00
-1.349999999999564437e+00 9.078743032140301761e-02 1.142588894148484968e+00
-1.299999999999563727e+00 -1.262518566596082525e-02 1.188793886229215335e+00
-1.249999999999563016e+00 -1.260857732725322311e-01 1.217644282857813121e+00
-1.199999999999562306e+00 -2.447669118920359210e-01 1.226495941588710226e+00
-1.149999999999561595e+00 -3.630558217338744065e-01 1.214574204795138224e+00
-1.099999999999560885e+00 -4.754503121342332217e-01 1.183165293141231977e+00
-1.049999999999560174e+00 -5.774226855577824224e-01 1.135324148583628734e+00
-9.999999999995594635e-01 -6.659866352442230797e-01 1.075219638159773838e+00
-9.499999999995587530e-01 -7.398500772615344001e-01 1.007363385160057412e+00
-8.999999999995580424e-01 -7.992114437399477911e-01 9.359565386025174849e-01
-8.499999999995573319e-01 -8.453585748256273735e-01 8.644800467416555723e-01
-7.999999999995566213e-01 -8.802328916357595734e-01 7.955341169113832045e-01
-7.499999999995559108e-01 -9.060652699240667740e-01 7.308594615507209014e-01
-6.999999999995552002e-01 -9.251243100779729112e-01 6.714546191732939651e-01
-6.499999999995544897e-01 -9.395712557307178692e-01 6.177191444119153330e-01
-5.999999999995537792e-01 -9.513933307532392858e-01 5.695784817378384268e-01
-5.499999999995530686e-01 -9.623813272809913499e-01 5.265694795036925946e-01
-4.999999999995523581e-01 -9.741189984044635874e-01 4.878822211931385100e-01
-4.499999999995516475e-01 -9.879556676800430592e-01 4.523661524839759362e-01
-3.999999999995509370e-01 -1.004938297570548311e+00 4.185200201136928255e-01
-3.499999999995502264e-01 -1.025687834721440872e+00 3.844983890726623166e-01
-2.999999999995495159e-01 -1.050222484395934019e+00 3.481810579054491761e-01
-2.499999999995488054e-01 -1.077762626203621732e+00 3.073574075558536123e-01
-1.999999999995480948e-01 -1.106595723434513179e+00 2.600601877291054409e-01
-1.499999999995473843e-01 -1.134115439121893498e+00 2.050271090640348737e-01
-9.999999999954667373e-02 -1.157139941595436650e+00 1.421773879033730870e-01
-4.999999999954596319e-02 -1.172526232407798297e+00 7.290654615065728095e-02
4.547473508864641190e-13 -1.177942810855999500e+00 -8.046896482483134605e-13
5.000000000045190518e-02 -1.172526232407604008e+00 -7.290654615196046073e-02
1.000000000004561684e-01 -1.157139941595078492e+00 -1.421773879045812317e-01
1.500000000004604317e-01 -1.134115439121424096e+00 -2.050271090651089034e-01
2.000000000004575895e-01 -1.106595723433991818e+00 -2.600601877300334763e-01
2.500000000004547474e-01 -1.077762626203034424e+00 -3.073574075560389085e-01
3.000000000004590106e-01 -1.050222484395456846e+00 -3.481810579061442867e-01
3.500000000004632739e-01 -1.025687834721027869e+00 -3.844983890732951437e-01
4.000000000004604317e-01 -1.004938297570206140e+00 -4.185200201143040033e-01
4.500000000004575895e-01 -9.879556676797651704e-01 -4.523661524846017690e-01
5.000000000004618528e-01 -9.741189984042344374e-01 -4.878822211938093067e-01
5.500000000004661160e-01 -9.623813272807891783e-01 -5.265694795044328913e-01
6.000000000004632739e-01 -9.513933307530368921e-01 -5.695784817386655430e-01
6.500000000004604317e-01 -9.395712557304846113e-01 -6.177191444128410369e-01
7.000000000004646949e-01 -9.251243100776747053e-01 -6.714546191743233639e-01
7.500000000004689582e-01 -9.060652699236652063e-01 -7.308594615518511084e-01
8.000000000004661160e-01 -8.802328916352144539e-01 -7.955341169126024514e-01
8.500000000004632739e-01 -8.453585748248969578e-01 -8.644800467429392121e-01
9.000000000004675371e-01 -7.992114437389932213e-01 -9.359565386038259938e-01
9.500000000004718004e-01 -7.398500772603252562e-01 -1.007363385161335501e+00
1.000000000000468958e+00 -6.659866352427443736e-01 -1.075219638160951119e+00
1.050000000000466116e+00 -5.774226855560429250e-01 -1.135324148584624382e+00
1.100000000000470379e+00 -4.754503121322718462e-01 -1.183165293141964058e+00
1.150000000000474643e+00 -3.630558217317606529e-01 -1.214574204795539236e+00
1.200000000000471800e+00 -2.447669118898632146e-01 -1.226495941588739091e+00
1.250000000000468958e+00 -1.260857732704047107e-01 -1.217644282857464733e+00
1.300000000000473221e+00 -1.262518566397552444e-02 -1.188793886228521890e+00
1.350000000000477485e+00 9.078743032316982653e-02 -1.142588894147509304e+00
1.400000000000474643e+00 1.807558760015914867e-01 -1.082948002716593194e+00
1.450000000000471800e+00 2.555552211796086048e-01 -1.014296607801875805e+00
1.500000000000476064e+00 3.149892832514151753e-01 -9.408742669950632687e-01
1.550000000000480327e+00 3.600112944580730057e-01 -8.662710981833179336e-01
1.600000000000477485e+00 3.922766081446719122e-01 -7.932228909918861426e-01
1.650000000000474643e+00 4.137486191607804842e-01 -7.236095730476171939e-01
1.700000000000478906e+00 4.264124654208423237e-01 -6.585731600757078752e-01
1.750000000000483169e+00 4.321002266189680197e-01 -5.986821103412457434e-01
1.800000000000480327e+00 4.324054936802585458e-01 -5.440945166046577963e-01
1.850000000000477485e+00 4.286586519388883576e-01 -4.946965743052981757e-01
1.900000000000481748e+00 4.219378619609039927e-01 -4.502091866941407838e-01
1.950000000000486011e+00 4.130976563961863968e-01 -4.102644715701374567e-01
2.000000000000483169e+00 4.028036830457613071e-01 -3.744575744106900528e-01
2.050000000000480327e+00 3.915671296242652089e-01 -3.423798579848920109e-01
2.100000000000484590e+00 3.797756816375147393e-01 -3.136388414088693843e-01
2.150000000000488853e+00 3.677198508492315332e-01 -2.878691303616638386e-01
2.200000000000486011e+00 3.556145906156589209e-01 -2.647374643221943602e-01
2.250000000000483169e+00 3.436166305547989075e-01 -2.439440784552633912e-01
2.300000000000487432e+00 3.318381568150761129e-01 -2.252218708630452648e-01
2.350000000000491696e+00 3.203574880117823209e-01 -2.083343561328171445e-01
2.400000000000488853e+00 3.092273407749217551e-01 -1.930730319709051679e-01
2.450000000000486011e+00 2.984811927052577474e-01 -1.792545464953888279e-01
2.500000000000490274e+00 2.881381601117241065e-01 -1.667178959246574665e-01
2.550000000000494538e+00 2.782067250758755161e-01 -1.553217804632670007e-01
2.600000000000491696e+00 2.686875756018452521e-01 -1.449421818556457242e-01
2.650000000000488853e+00 2.595757645109909584e-01 -1.354701865768336844e-01
2.700000000000493117e+00 2.508623462423229533e-01 -1.268100552460216246e-01
2.750000000000497380e+00 2.425356141405608512e-01 -1.188775257858928625e-01
2.800000000000494538e+00 2.345820323380125583e-01 -1.115983312383327652e-01
2.850000000000491696e+00 2.269869343423223107e-01 -1.049069104947605302e-01
2.900000000000495959e+00 2.197350435362501186e-01 -9.874528988957911868e-02
2.950000000000500222e+00 2.128108578307412735e-01 -9.306211460307818595e-02
3.000000000000497380e+00 2.061989308013710831e-01 -8.781181050072048300e-02
3.050000000000494538e+00 1.998840740536823590e-01 -8.295385899040476352e-02
3.100000000000498801e+00 1.938514997670754969e-01 -7.845216948625563513e-02
3.150000000000503064e+00 1.880869179363635624e-01 -7.427453599395797412e-02
3.200000000000500222e+00 1.825765994335499798e-01 -7.039216610474685609e-02
3.250000000000497380e+00 1.773074134175820493e-01 -6.677927228464869414e-02
3.300000000000501643e+00 1.722668456246583268e-01 -6.341271675513701633e-02
3.350000000000505906e+00 1.674430025420497459e-01 -6.027170249475111152e-02
3.400000000000503064e+00 1.628246052946632494e-01 -5.733750396090429857e-02
3.450000000000500222e+00 1.584009761662240612e-01 -5.459323204934374979e-02
3.500000000000504485e+00 1.541620199842159145e-01 -5.202362860034952935e-02
3.550000000000508749e+00 1.500982020598487510e-01 -4.961488643475989863e-02
3.600000000000505906e+00 1.462005239615312702e-01 -4.735449147953032373e-02
3.650000000000503064e+00 1.424604980836599033e-01 -4.523108403497065610e-02
3.700000000000507328e+00 1.388701217250064013e-01 -4.323433665324912661e-02
3.750000000000511591e+00 1.354218512051286183e-01 -4.135484645633303452e-02
3.800000000000508749e+00 1.321085764009639341e-01 -3.958404002497781238e-02
3.850000000000505906e+00 1.289235959749224780e-01 -3.791408925003369318e-02
3.900000000000510170e+00 1.258605934821956096e-01 -3.633783675950638670e-02
3.950000000000514433e+00 1.229136144783854745e-01 -3.484872972295813970e-02
4.000000000000511591e+00 1.200770447018669473e-01 -3.344076099784530631e-02
4.050000000000508749e+00 1.173455893674075212e-01 -3.210841672034239758e-02
4.100000000000513012e+00 1.147142535803940266e-01 -3.084662956211634000e-02
4.150000000000517275e+00 1.121783238619866729e-01 -2.965073697702455893e-02
4.200000000000514433e+00 1.097333507593765134e-01 -2.851644384859954376e-02
4.250000000000511591e+00 1.073751325069512708e-01 -2.743978902557620350e-02
4.300000000000515854e+00 1.050996996963436958e-01 -2.641711529736325698e-02
4.350000000000520117e+00 1.029033009090808692e-01 -2.544504241766282898e-02
4.400000000000517275e+00 1.007823892639470031e-01 -2.452044283346316647e-02
4.450000000000514433e+00 9.873360982871792757e-02 -2.364041981813188795e-02
4.500000000000518696e+00 9.675378784743668414e-02 -2.280228774456002222e-02
4.550000000000522959e+00 9.483991773436717398e-02 -2.200355426570090381e-02
4.600000000000520117e+00 9.298915278718927757e-02 -2.124190419753236095e-02
4.650000000000517275e+00 9.119879557442203688e-02 -2.051518492385104656e-02
4.700000000000521538e+00 8.946628895283970095e-02 -1.982139316283615740e-02
4.750000000000525802e+00 8.778920767401063308e-02 -1.915866295421496737e-02
4.800000000000522959e+00 8.616525054059853694e-02 -1.852525474166194161e-02
4.850000000000520117e+00 8.459223307534599612e-02 -1.791954543919651102e-02
4.900000000000524381e+00 8.306808066845616789e-02 -1.734001938295775744e-02
4.950000000000528644e+00 8.159082217022201045e-02 -1.678526008022251936e-02
5.000000000000525802e+00 8.015858389888061430e-02 -1.625394267752611199e-02
5.050000000000522959e+00 7.876958403507777762e-02 -1.574482707796201475e-02
5.100000000000527223e+00 7.742212737627174324e-02 -1.525675164521725358e-02
5.150000000000531486e+00 7.611460042671250315e-02 -1.478862743867618776e-02
5.200000000000528644e+00 7.484546679946008085e-02 -1.433943292944108230e-02
5.250000000000525802e+00 7.361326290939718131e-02 -1.390820915261617441e-02
5.300000000000530065e+00 7.241659393718155591e-02 -1.349405525560467417e-02
5.350000000000534328e+00 7.125413004552463847e-02 -1.309612440626077220e-02
5.400000000000531486e+00 7.012460283092120106e-02 -1.271362002851487635e-02
5.450000000000528644e+00 6.902680199441998954e-02 -1.234579233605886950e-02
5.500000000000532907e+00 6.795957221693124661e-02 -1.199193513782467746e-02
5.550000000000537170e+00 6.692181022518120526e-02 -1.165138289140791455e-02
5.600000000000534328e+00 6.591246203543241200e-02 -1.132350798289877974e-02
5.650000000000531486e+00 6.493052036337387811e-02 -1.100771821376037192e-02
5.700000000000535749e+00 6.397502218877212932e-02 -1.070345447702151717e-02
5.750000000000540012e+00 6.304504646492137265e-02 -1.041018860692049380e-02
5.800000000000537170e+00 6.213971196327533475e-02 -1.012742138749325900e-02
5.850000000000534328e+00 6.125817524433868622e-02 -9.854680706941225388e-03
5.900000000000538591e+00 6.039962874684143279e-02 -9.591519845912980027e-03
5.950000000000542855e+00 5.956329898722781402e-02 -9.337515888734652936e-03
6.000000000000540012e+00 5.874844486259911402e-02 -9.092268247776917611e-03
6.050000000000537170e+00 5.795435605041576732e-02 -8.855397291919892000e-03
6.100000000000541434e+00 5.718035149873970657e-02 -8.626543070876641767e-03
6.150000000000545697e+00 5.642577800150619383e-02 -8.405364127937228758e-03
6.200000000000542855e+00 5.569000885320718464e-02 -8.191536394192986542e-03
6.250000000000540012e+00 5.497244257823821756e-02 -7.984752158039221809e-03
6.300000000000544276e+00 5.427250173020817248e-02 -7.784719104199087567e-03
6.350000000000548539e+00 5.358963175683806313e-02 -7.591159416999410797e-03
6.400000000000545697e+00 5.292329992661901072e-02 -7.403808943139401216e-03
6.450000000000542855e+00 5.227299431322307566e-02 -7.222416409464114256e-03
6.500000000000547118e+00 5.163822283435906546e-02 -7.046742691744975473e-03
6.550000000000551381e+00 5.101851234173995775e-02 -6.876560130725191400e-03
6.600000000000548539e+00 5.041340775905583937e-02 -6.711651891993016678e-03
6.650000000000545697e+00 4.982247126526906378e-02 -6.551811366580393911e-03
6.700000000000549960e+00 4.924528152034332584e-02 -6.396841609326622477e-03
6.750000000000554223e+00 4.868143293108231906e-02 -6.246554812383384170e-03
6.800000000000551381e+00 4.813053495469071796e-02 -6.100771811383258816e-03
6.850000000000548539e+00 4.759221143782746410e-02 -5.959321621988257836e-03
6.900000000000552802e+00 4.706609998926022942e-02 -5.822041004761687594e-03
6.950000000000557066e+00 4.655185138400688705e-02 -5.688774056373703189e-03
7.000000000000554223e+00 4.604912899732505061e-02 -5.559371825390993851e-03
7.050000000000551381e+00 4.555760826681831688e-02 -5.433691950981069108e-03
7.100000000000555644e+00 4.507697618104122839e-02 -5.311598322988489093e-03
7.150000000000559908e+00 4.460693079326089050e-02 -5.192960761998148544e-03
7.200000000000557066e+00 4.414718075880941228e-02 -5.077654718025584324e-03
7.250000000000554223e+00 4.369744489486226957e-02 -4.965560986649707187e-03
7.300000000000558487e+00 4.325745176137391068e-02 -4.856565441445515746e-03
7.350000000000562750e+00 4.282693926198508083e-02 -4.750558781657690174e-03
7.400000000000559908e+00 4.240565426394191095e-02 -4.647436294169993501e-03
7.450000000000557066e+00 4.199335223585395904e-02 -4.547097628824898347e-03
7.500000000000561329e+00 4.158979690245676042e-02 -4.449446586281186056e-03
7.550000000000565592e+00 4.119475991544160887e-02 -4.354390917615675802e-03
7.600000000000562750e+00 4.080802053947135688e-02 -4.261842134931501797e-03
7.650000000000559908e+00 4.042936535269656129e-02 -4.171715332319667763e-03
7.700000000000564171e+00 4.005858796087785612e-02 -4.083929016506386567e-03
7.750000000000568434e+00 3.969548872451689192e-02 -3.998404946622412942e-03
7.800000000000565592e+00 3.933987449829451366e-02 -3.915067982535117008e-03
7.850000000000562750e+00 3.899155838215653813e-02 -3.833845941222541534e-03
7.900000000000567013e+00 3.865035948355288742e-02 -3.754669460732783931e-03
7.950000000000571276e+00 3.831610269014154579e-02 -3.677471871250472674e-03
8.000000000000568434e+00 3.798861845252904379e-02 -3.602189072874848949e-03
8.050000000000565592e+00 3.766774257651447910e-02 -3.528759419710199990e-03
8.100000000000569855e+00 3.735331602434138754e-02 -3.457123609896398456e-03
8.150000000000574119e+00 3.704518472459789047e-02 -3.387224581256894490e-03
8.200000000000571276e+00 3.674319939023089343e-02 -3.319007412216846281e-03
8.250000000000568434e+00 3.644721534436350108e-02 -3.252419227711140191e-03
8.300000000000572697e+00 3.615709235351176332e-02 -3.187409109793967743e-03
8.350000000000576961e+00 3.587269446781835014e-02 -3.123928012680357406e-03
8.400000000000574119e+00 3.559388986804778998e-02 -3.061928681989935230e-03
8.450000000000571276e+00 3.532055071891768150e-02 -3.001365577936995765e-03
8.500000000000575540e+00 3.505255302854536070e-02 -2.942194802266849714e-03
8.550000000000579803e+00 3.478977651369627444e-02 -2.884374028727496389e-03
8.600000000000576961e+00 3.453210447054169685e-02 -2.827862436879493083e-03
8.650000000000574119e+00 3.427942365073893827e-02 -2.772620649078839233e-03
8.700000000000578382e+00 3.403162414249744083e-02 -2.718610670442049744e-03
8.750000000000582645e+00 3.378859925647036133e-02 -2.665795831649470961e-03
8.800000000000579803e+00 3.355024541622922407e-02 -2.614140734430963134e-03
8.850000000000576961e+00 3.331646205309288233e-02 -2.563611199588007941e-03
8.900000000000581224e+00 3.308715150517807513e-02 -2.514174217432886028e-03
8.950000000000585487e+00 3.286221892039807579e-02 -2.465797900500752565e-03
9.000000000000582645e+00 3.264157216329725830e-02 -2.418451438430277607e-03
9.050000000000579803e+00 3.242512172552945715e-02 -2.372105054896674232e-03
9.100000000000584066e+00 3.221278063980131945e-02 -2.326729966487764423e-03
9.150000000000588329e+00 3.200446439718707126e-02 -2.282298343436480956e-03
9.200000000000585487e+00 3.180009086758982251e-02 -2.238783272099404906e-03
9.250000000000582645e+00 3.159958022327176430e-02 -2.196158719105593786e-03
9.300000000000586908e+00 3.140285486530168535e-02 -2.154399497087897304e-03
9.350000000000591172e+00 3.120983935277649168e-02 -2.113481231914302386e-03
9.400000000000588329e+00 3.102046033475278075e-02 -2.073380331356086334e-03
9.450000000000585487e+00 3.083464648470242431e-02 -2.034073955107227639e-03
9.500000000000589750e+00 3.065232843743910529e-02 -1.995539986099896350e-03
9.550000000000594014e+00 3.047343872839425316e-02 -1.957757003049094904e-03
9.600000000000591172e+00 3.029791173512878799e-02 -1.920704254163533610e-03
9.650000000000588329e+00 3.012568362103647257e-02 -1.884361631976641353e-03
9.700000000000592593e+00 2.995669228108435722e-02 -1.848709649230454583e-03
9.750000000000596856e+00 2.979087728955447101e-02 -1.813729415772225712e-03
9.800000000000594014e+00 2.962817984969033647e-02 -1.779402616412240935e-03
9.850000000000591172e+00 2.946854274515507688e-02 -1.745711489694385353e-03
9.900000000000595435e+00 2.931191029327361031e-02 -1.712638807545763600e-03
9.950000000000599698e+00 2.915822829992788245e-02 -1.680167855752017630e-03
1.000000000000059686e+01 2.900744401608423839e-02 -1.648282415228979718e-03
1.005000000000059401e+01 2.885950609587217830e-02 -1.616966744050776783e-03
1.010000000000059828e+01 2.871436455614188865e-02 -1.586205560196637596e-03
1.015000000000060254e+01 2.857197073748100891e-02 -1.555984024991841769e-03
1.020000000000059970e+01 2.843227726658227594e-02 -1.526287727199969815e-03
1.025000000000059686e+01 2.829523801994833498e-02 -1.497102667745105892e-03
1.030000000000060112e+01 2.816080808886968490e-02 -1.468415245032676265e-03
1.035000000000060538e+01 2.802894374561475110e-02 -1.440212240839439280e-03
1.040000000000060254e+01 2.789960241082228842e-02 -1.412480806754671560e-03
1.045000000000059970e+01 2.777274262200289667e-02 -1.385208451137776194e-03
1.050000000000060396e+01 2.764832400314373717e-02 -1.358383026576929359e-03
1.055000000000060822e+01 2.752630723536315938e-02 -1.331992717823914617e-03
1.060000000000060538e+01 2.740665402856530541e-02 -1.306026030181871821e-03
1.065000000000060254e+01 2.728932709409163937e-02 -1.280471778333027409e-03
1.070000000000060680e+01 2.717429011828781382e-02 -1.255319075577737177e-03
1.075000000000061107e+01 2.706150773698645651e-02 -1.230557323473904091e-03
1.080000000000060822e+01 2.695094551086131551e-02 -1.206176201856958008e-03
1.085000000000060538e+01 2.684256990161135170e-02 -1.182165659221709984e-03
1.090000000000060965e+01 2.673634824897573592e-02 -1.158515903457007709e-03
1.095000000000061391e+01 2.663224874851023716e-02 -1.135217392909215577e-03
1.100000000000061107e+01 2.653024043012773558e-02 -1.112260827766928251e-03
1.105000000000060822e+01 2.643029313736691699e-02 -1.089637141750908825e-03
1.110000000000061249e+01 2.633237750735420435e-02 -1.067337494094211525e-03
1.115000000000061675e+01 2.623646495146270130e-02 -1.045353261806119920e-03
1.120000000000061391e+01 2.614252763660823708e-02 -1.023676032199804728e-03
1.125000000000061107e+01 2.605053846718792532e-02 -1.002297595678450226e-03
1.130000000000061533e+01 2.596047106763069157e-02 -9.812099387668492267e-04
1.135000000000061959e+01 2.587229976553087618e-02 -9.604052373762281616e-04
1.140000000000061675e+01 2.578599957537103249e-02 -9.398758502979992838e-04
1.145000000000061391e+01 2.570154618278117087e-02 -9.196143129092879120e-04
1.150000000000061817e+01 2.561891592934258111e-02 -8.996133310868641500e-04
1.155000000000062244e+01 2.553808579790894928e-02 -8.798657753187376709e-04
1.160000000000061959e+01 2.545903339842302271e-02 -8.603646750033359589e-04
1.165000000000061675e+01 2.538173695423362464e-02 -8.411032129335676427e-04
1.170000000000062101e+01 2.530617528886912326e-02 -8.220747199509268952e-04
1.175000000000062528e+01 2.523232781327508500e-02 -8.032726697676127389e-04
1.180000000000062244e+01 2.516017451349426837e-02 -7.846906739477979564e-04
1.185000000000061959e+01 2.508969593876984872e-02 -7.663224770395470238e-04
1.190000000000062386e+01 2.502087319007824384e-02 -7.481619518559246007e-04
1.195000000000062812e+01 2.495368790905341805e-02 -7.302030948922624658e-04
1.200000000000062528e+01 2.488812226731072774e-02 -7.124400218786312335e-04
1.205000000000062244e+01 2.482415895615236456e-02 -6.948669634599790451e-04
1.210000000000062670e+01 2.476178117663796474e-02 -6.774782609967780304e-04
1.215000000000063096e+01 2.470097263002768440e-02 -6.602683624856255963e-04
1.220000000000062812e+01 2.464171750856473941e-02 -6.432318185881575126e-04
1.225000000000062528e+01 2.458400048660523696e-02 -6.263632787681400887e-04
1.230000000000062954e+01 2.452780671208104613e-02 -6.096574875302587793e-04
1.235000000000063380e+01 2.447312179828138590e-02 -5.931092807544666341e-04
1.240000000000063096e+01 2.441993181596098517e-02 -5.767135821259550439e-04
1.245000000000062812e+01 2.436822328574618501e-02 -5.604653996503046118e-04
1.250000000000063238e+01 2.431798317084722660e-02 -5.443598222541982251e-04
1.255000000000063665e+01 2.426919887006251386e-02 -5.283920164658520435e-04
1.260000000000063380e+01 2.422185821107504522e-02 -5.125572231712382902e-04
1.265000000000063096e+01 2.417594944401556256e-02 -4.968507544423545787e-04
1.270000000000063523e+01 2.413146123532154685e-02 -4.812679904350703960e-04
1.275000000000063949e+01 2.408838266184767929e-02 -4.658043763502849217e-04
1.280000000000063665e+01 2.404670320524633642e-02 -4.504554194574156289e-04
1.285000000000063380e+01 2.400641274661080571e-02 -4.352166861753422288e-04
1.290000000000063807e+01 2.396750156135710186e-02 -4.200837992079072339e-04
1.295000000000064233e+01 2.392996031437659432e-02 -4.050524347317036901e-04
1.300000000000063949e+01 2.389378005541502314e-02 -3.901183196305976590e-04
1.305000000000063665e+01 2.385895221469956640e-02 -3.752772287762247763e-04
1.310000000000064091e+01 2.382546859880593781e-02 -3.605249823499709870e-04
1.315000000000064517e+01 2.379332138674511432e-02 -3.458574432040604531e-04
1.320000000000064233e+01 2.376250312630062700e-02 -3.312705142594412830e-04
1.325000000000063949e+01 2.373300673057576748e-02 -3.167601359356131581e-04
1.330000000000064375e+01 2.370482547477267832e-02 -3.023222836115082440e-04
1.335000000000064801e+01 2.367795299319198910e-02 -2.879529651139910683e-04
1.340000000000064517e+01 2.365238327644998695e-02 -2.736482182297637206e-04
1.345000000000064233e+01 2.362811066891740142e-02 -2.594041082418590237e-04
1.350000000000064659e+01 2.360512986636942312e-02 -2.452167254827666669e-04
1.355000000000065086e+01 2.358343591385182736e-02 -2.310821829054083426e-04
1.360000000000064801e+01 2.356302420375974704e-02 -2.169966136679507725e-04
1.365000000000064517e+01 2.354389047412604186e-02 -2.029561687284897435e-04
1.370000000000064944e+01 2.352603080712412087e-02 -1.889570144507760931e-04
1.375000000000065370e+01 2.350944162777673929e-02 -1.749953302131656771e-04
1.380000000000065086e+01 2.349411970287636209e-02 -1.610673060219638270e-04
1.385000000000064801e+01 2.348006214011470749e-02 -1.471691401251687924e-04
1.390000000000065228e+01 2.346726638742024917e-02 -1.332970366226373174e-04
1.395000000000065654e+01 2.345573023250786815e-02 -1.194472030737569850e-04
1.400000000000065370e+01 2.344545180263593598e-02 -1.056158480947761401e-04
1.405000000000065086e+01 2.343642956457579751e-02 -9.179917894682572063e-05
1.410000000000065512e+01 2.342866232479219601e-02 -7.799339911052386928e-05
1.415000000000065938e+01 2.342214922983666681e-02 -6.419470584305897107e-05
1.420000000000065654e+01 2.341688976695639746e-02 -5.039928771860113094e-05
1.425000000000065370e+01 2.341288376491759693e-02 -3.660332214405455711e-05
1.430000000000065796e+01 2.341013139504793950e-02 -2.280297285090935808e-05
1.435000000000066223e+01 2.340863317249881892e-02 -8.994387358837296204e-06
1.440000000000065938e+01 2.340838995773042441e-02 4.826305593355617596e-06
1.445000000000065654e+01 2.340940295822226125e-02 1.866299864891401636e-05
1.450000000000066080e+01 2.341167373041211364e-02 3.251960847475404009e-05
1.455000000000066507e+01 2.341520418186660013e-02 4.640007844319057190e-05
1.460000000000066223e+01 2.341999657368717958e-02 6.030838135850187173e-05
1.465000000000065938e+01 2.342605352315550726e-02 7.424852223322266076e-05
1.470000000000066365e+01 2.343337800662170789e-02 8.822454111407328214e-05
1.475000000000066791e+01 2.344197336264096376e-02 1.022405159664375139e-04
1.480000000000066507e+01 2.345184329536258161e-02 1.163005656175612051e-04
1.485000000000066223e+01 2.346299187817685317e-02 1.304088527638359342e-04
1.490000000000066649e+01 2.347542355762621824e-02 1.445695870477318144e-04
1.495000000000067075e+01 2.348914315758376947e-02 1.587870282049241508e-04
1.500000000000066791e+01 2.350415588370896591e-02 1.730654892913522508e-04
1.505000000000066507e+01 2.352046732818485753e-02 1.874093399911146152e-04
1.510000000000066933e+01 2.353808347474410645e-02 2.018230100114481139e-04
1.515000000000067359e+01 2.355701070399318642e-02 2.163109925712742437e-04
1.520000000000067075e+01 2.357725579903807711e-02 2.308778479847522873e-04
1.525000000000066791e+01 2.359882595142560879e-02 2.455282073507030795e-04
1.530000000000067217e+01 2.362172876740531446e-02 2.602667763498328277e-04
1.535000000000067644e+01 2.364597227452150396e-02 2.750983391571863723e-04
1.540000000000067359e+01 2.367156492854879946e-02 2.900277624775858369e-04
1.545000000000067075e+01 2.369851562077394946e-02 3.050599997066992530e-04
1.550000000000067502e+01 2.372683368564419693e-02 3.202000952301606480e-04
1.555000000000067928e+01 2.375652890878680867e-02 3.354531888640241259e-04
1.560000000000067644e+01 2.378761153541403273e-02 3.508245204456137030e-04
1.565000000000067359e+01 2.382009227912906812e-02 3.663194345842339834e-04
1.570000000000067786e+01 2.385398233113839028e-02 3.819433855760385847e-04
1.575000000000068212e+01 2.388929336989492613e-02 3.977019424975486266e-04
1.580000000000067928e+01 2.392603757117953145e-02 4.136007944829836035e-04
1.585000000000067644e+01 2.396422761863811757e-02 4.296457561966326392e-04
1.590000000000068070e+01 2.400387671479539686e-02 4.458427735120687463e-04
1.595000000000068496e+01 2.404499859255114502e-02 4.621979294047520725e-04
1.600000000000068212e+01 2.408760752719148190e-02 4.787174500752785101e-04
1.605000000000067928e+01 2.413171834892417766e-02 4.954077113110298344e-04
1.610000000000068354e+01 2.417734645596081311e-02 5.122752451003546956e-04
1.615000000000068781e+01 2.422450782817141268e-02 5.293267465143101057e-04
1.620000000000068496e+01 2.427321904132165309e-02 5.465690808654803320e-04
1.625000000000068212e+01 2.432349728193199112e-02 5.640092911649969253e-04
1.630000000000068638e+01 2.437536036277135332e-02 5.816546058889371373e-04
1.635000000000069065e+01 2.442882673901512758e-02 5.995124470723116415e-04
1.640000000000068781e+01 2.448391552509970870e-02 6.175904387499125958e-04
1.645000000000068496e+01 2.454064651228712868e-02 6.358964157578046467e-04
1.650000000000068923e+01 2.459904018699030082e-02 6.544384329216768308e-04
1.655000000000069349e+01 2.465911774987521177e-02 6.732247746480801015e-04
1.660000000000069065e+01 2.472090113577837811e-02 6.922639649422517895e-04
1.665000000000068781e+01 2.478441303448071509e-02 7.115647778777104120e-04
1.670000000000069207e+01 2.484967691235764886e-02 7.311362485372518288e-04
1.675000000000069633e+01 2.491671703496717294e-02 7.509876844585818782e-04
1.680000000000069349e+01 2.498555849059978795e-02 7.711286776073105875e-04
1.685000000000069065e+01 2.505622721483947990e-02 7.915691169086559297e-04
1.690000000000069491e+01 2.512875001618760512e-02 8.123192013711737908e-04
1.695000000000069917e+01 2.520315460277858244e-02 8.333894538303603626e-04
1.700000000000069633e+01 2.527946961026379669e-02 8.547907353550225542e-04
1.705000000000069349e+01 2.535772463089807499e-02 8.765342603486252476e-04
1.710000000000069775e+01 2.543795024389116505e-02 8.986316123875369433e-04
1.715000000000070202e+01 2.552017804709155735e-02 9.210947608409313959e-04
1.720000000000069917e+01 2.560444069004334799e-02 9.439360783117713843e-04
1.725000000000069633e+01 2.569077190851169756e-02 9.671683589553034359e-04
1.730000000000070060e+01 2.577920656052563875e-02 9.908048377206281863e-04
1.735000000000070486e+01 2.586978066401843246e-02 1.014859210572300816e-03
1.740000000000070202e+01 2.596253143615340209e-02 1.039345655752821514e-03
1.745000000000069917e+01 2.605749733439218646e-02 1.064278856141992035e-03
1.750000000000070344e+01 2.615471809942652298e-02 1.089674022788690534e-03
1.755000000000070770e+01 2.625423480004143717e-02 1.115546919679818658e-03
1.760000000000070486e+01 2.635608988001527514e-02 1.141913889824778140e-03
1.765000000000070202e+01 2.646032720717064052e-02 1.168791882739397608e-03
1.770000000000070628e+01 2.656699212465728904e-02 1.196198483409243504e-03
1.775000000000071054e+01 2.667613150462114918e-02 1.224151942835148424e-03
1.780000000000070770e+01 2.678779380435432345e-02 1.252671210253632986e-03
1.785000000000070486e+01 2.690202912506614585e-02 1.281775967141502923e-03
1.790000000000070912e+01 2.701888927342416952e-02 1.311486663121967221e-03
1.795000000000071338e+01 2.713842782598103326e-02 1.341824553887233096e-03
1.800000000000071054e+01 2.726070019668434818e-02 1.372811741280062763e-03
1.805000000000070770e+01 2.738576370760426731e-02 1.404471215667969395e-03
1.810000000000071196e+01 2.751367766306427043e-02 1.436826900764673993e-03
1.815000000000071623e+01 2.764450342737408139e-02 1.469903701065321732e-03
1.820000000000071338e+01 2.777830450632780279e-02 1.503727552062341646e-03
1.825000000000071054e+01 2.791514663272477714e-02 1.538325473442836043e-03
1.830000000000071481e+01 2.805509785610263429e-02 1.573725625462278968e-03
1.835000000000071907e+01 2.819822863693233900e-02 1.609957368716692346e-03
1.840000000000071623e+01 2.834461194554251801e-02 1.647051327553066338e-03
1.845000000000071338e+01 2.849432336600449256e-02 1.685039457363079422e-03
1.850000000000071765e+01 2.864744120531748095e-02 1.723955116048426833e-03
1.855000000000072191e+01 2.880404660816274914e-02 1.763833139945041257e-03
1.860000000000071907e+01 2.896422367756561894e-02 1.804709924530452023e-03
1.865000000000071623e+01 2.912805960182951459e-02 1.846623510265285031e-03
1.870000000000072049e+01 2.929564478807059058e-02 1.889613673933343433e-03
1.875000000000072475e+01 2.946707300280788921e-02 1.933722025901839833e-03
1.880000000000072191e+01 2.964244151999006344e-02 1.978992113731322267e-03
1.885000000000071907e+01 2.982185127692564552e-02 2.025469532616628980e-03
1.890000000000072333e+01 3.000540703861739184e-02 2.073202043181597738e-03
1.895000000000072760e+01 3.019321757097000875e-02 2.122239697177611371e-03
1.900000000000072475e+01 3.038539582348896012e-02 2.172634971714401328e-03
1.905000000000072191e+01 3.058205912201442805e-02 2.224442912675422303e-03
1.910000000000072617e+01 3.078332937214003917e-02 2.277721288045391271e-03
1.915000000000073044e+01 3.098933327401334759e-02 2.332530751942998512e-03
1.920000000000072760e+01 3.120020254919075864e-02 2.388935020202927455e-03
1.925000000000072475e+01 3.141607418039836508e-02 2.447001058463234117e-03
1.930000000000072902e+01 3.163709066497990413e-02 2.506799283766044176e-03
1.935000000000073328e+01 3.186340028294467469e-02 2.568403780793203448e-03
1.940000000000073044e+01 3.209515738059777468e-02 2.631892533964049451e-03
1.945000000000072760e+01 3.233252267072182079e-02 2.697347676714920324e-03
1.950000000000073186e+01 3.257566355049987955e-02 2.764855759446682715e-03
1.955000000000073612e+01 3.282475443830690925e-02 2.834508037728256623e-03
1.960000000000073328e+01 3.307997713066712642e-02 2.906400782522185026e-03
1.965000000000073044e+01 3.334152118077386706e-02 2.980635614372698257e-03
1.970000000000073470e+01 3.360958429997789459e-02 3.057319863662053081e-03
1.975000000000073896e+01 3.388437278392347068e-02 3.136566959299886409e-03
1.980000000000073612e+01 3.416610196496935176e-02 3.218496848401621903e-03
1.985000000000073328e+01 3.445499669275248200e-02 3.303236449801384700e-03
1.990000000000073754e+01 3.475129184489676726e-02 3.390920144540619449e-03
1.995000000000074181e+01 3.505523286991266141e-02 3.481690306769999986e-03
2.000000000000073896e+01 3.536707636467952692e-02 3.575697878922356847e-03
2.005000000000073612e+01 3.568709068889364122e-02 3.673102995369643617e-03
2.010000000000074039e+01 3.601555661915526590e-02 3.774075659265147681e-03
2.015000000000074465e+01 3.635276804557596719e-02 3.878796477787629232e-03
2.020000000000074181e+01 3.669903271388254284e-02 3.987457461542325866e-03
2.025000000000073896e+01 3.705467301643465550e-02 4.100262894584674918e-03
2.030000000000074323e+01 3.742002683561380244e-02 4.217430282195541551e-03
2.035000000000074749e+01 3.779544844342288407e-02 4.339191384391333922e-03
2.040000000000074465e+01 3.818130946142517940e-02 4.465793344078233806e-03
2.045000000000074181e+01 3.857799988531280394e-02 4.597499919756506750e-03
2.050000000000074607e+01 3.898592917895091214e-02 4.734592833935896174e-03
2.055000000000075033e+01 3.940552744283894182e-02 4.877373249678653572e-03
2.060000000000074749e+01 3.983724666241445639e-02 5.026163389240318954e-03
2.065000000000074465e+01 4.028156204199537932e-02 5.181308310496450520e-03
2.070000000000074891e+01 4.073897343037249930e-02 5.343177858736264559e-03
2.075000000000075318e+01 4.121000684471833042e-02 5.512168813716029903e-03
2.080000000000075033e+01 4.169521609958677655e-02 5.688707254297224215e-03
2.085000000000074749e+01 4.219518454830608473e-02 5.873251165930978498e-03
2.090000000000075175e+01 4.271052694443409903e-02 6.066293319551641604e-03
2.095000000000075602e+01 4.324189143108406880e-02 6.268364454146789846e-03
2.100000000000075318e+01 4.378996166652077138e-02 6.480036799714212169e-03
2.105000000000075033e+01 4.435545909430600731e-02 6.701927982165661185e-03
2.110000000000075460e+01 4.493914536653941666e-02 6.934705357513166850e-03
2.115000000000075886e+01 4.554182492869100068e-02 7.179090829257427434e-03
2.120000000000075602e+01 4.616434777403984752e-02 7.435866210396907539e-03
2.125000000000075318e+01 4.680761237556523013e-02 7.705879200387641056e-03
2.130000000000075744e+01 4.747256880186073724e-02 7.990050057374362483e-03
2.135000000000076170e+01 4.816022202246619810e-02 8.289379057843101334e-03
2.140000000000075886e+01 4.887163540601342782e-02 8.604954849487356922e-03
2.145000000000075602e+01 4.960793441149469185e-02 8.937963818811379968e-03
2.150000000000076028e+01 5.037031046950325719e-02 9.289700613624371495e-03
2.155000000000076454e+01 5.116002504457826949e-02 9.661579981879928058e-03
2.160000000000076170e+01 5.197841386296662286e-02 1.005515011350111357e-02
2.165000000000075886e+01 5.282689128075665486e-02 1.047210770115205788e-02
2.170000000000076312e+01 5.370695475467780061e-02 1.091431497005546439e-02
2.175000000000076739e+01 5.462018936217281212e-02 1.138381896735794242e-02
2.180000000000076454e+01 5.556827229564684917e-02 1.188287344835702725e-02
2.185000000000076170e+01 5.655297722848186270e-02 1.241396375224060149e-02
2.190000000000076597e+01 5.757617841451553170e-02 1.297983512477883343e-02
2.195000000000077023e+01 5.863985433566033800e-02 1.358352502121877060e-02
2.200000000000076739e+01 5.974609065238539046e-02 1.422840001214204647e-02
2.205000000000076454e+01 6.089708213252480878e-02 1.491819801923966078e-02
2.210000000000076881e+01 6.209513313214599928e-02 1.565707673049929194e-02
2.215000000000077307e+01 6.334265606966736628e-02 1.644966918722307395e-02
2.220000000000077023e+01 6.464216716167900390e-02 1.730114770132527499e-02
2.225000000000076739e+01 6.599627846558731026e-02 1.821729745444875329e-02
2.230000000000077165e+01 6.740768498167640232e-02 1.920460135152193479e-02
2.235000000000077591e+01 6.887914518733864733e-02 2.027033795398958810e-02
2.240000000000077307e+01 7.041345288012380854e-02 2.142269460146732640e-02
2.245000000000077023e+01 7.201339755774860407e-02 2.267089814220570737e-02
2.250000000000077449e+01 7.368170971718840390e-02 2.402536602655588882e-02
2.255000000000077875e+01 7.542098634631973220e-02 2.549788085550762362e-02
2.260000000000077591e+01 7.723359043305971783e-02 2.710179179181086695e-02
2.265000000000077307e+01 7.912151642212558733e-02 2.885224648288913299e-02
2.270000000000077733e+01 8.108621107382599225e-02 3.076645722928635432e-02
2.275000000000078160e+01 8.312833595480101367e-02 3.286400492773810383e-02
2.280000000000077875e+01 8.524745360120999926e-02 3.516718360721399206e-02
2.285000000000077591e+01 8.744161398902758342e-02 3.770138682958008858e-02
2.290000000000078018e+01 8.970681102855121436e-02 4.049553432703444089e-02
2.295000000000078444e+01 9.203627006483894313e-02 4.358253221015302020e-02
2.300000000000078160e+01 9.441951655673637422e-02 4.699975172428817738e-02
2.305000000000077875e+01 9.684116313384644181e-02 5.078949809819063854e-02
2.310000000000078302e+01 9.927933743217490226e-02 5.499941997059402260e-02
2.315000000000078728e+01 1.017036576896986066e-01 5.968277757938861977e-02
2.320000000000078444e+01 1.040726499231462293e-01 6.489843942713865999e-02
2.325000000000078160e+01 1.063304955109705963e-01 7.071040619829377372e-02
2.330000000000078586e+01 1.084030122397416918e-01 7.718656007984307788e-02
2.335000000000079012e+01 1.101928247586220905e-01 8.439620099193624603e-02
2.340000000000078728e+01 1.115738038474254901e-01 9.240575753540451742e-02
2.345000000000078444e+01 1.123850964615741577e-01 1.012718634619353408e-01
2.350000000000078870e+01 1.124254959693726935e-01 1.110308163764587158e-01
2.355000000000079297e+01 1.114495864574591710e-01 1.216833913674899847e-01
2.360000000000079012e+01 1.091680763457941045e-01 1.331742734673395656e-01
2.365000000000078728e+01 1.052559324572666100e-01 1.453663284785885468e-01
2.370000000000079154e+01 9.937297117668374147e-02 1.580119654363378034e-01
2.375000000000079581e+01 9.120161161106879466e-02 1.707272423324378008e-01
2.380000000000079297e+01 8.050415180144113170e-02 1.829787849671544175e-01
2.385000000000079012e+01 6.719570760891183103e-02 1.940973012572391743e-01
2.390000000000079439e+01 5.141870610701156086e-02 2.033309511718854046e-01
2.395000000000079865e+01 3.359388587500199835e-02 2.099429295351033786e-01
2.400000000000079581e+01 1.441878475464643261e-02 2.133393767873048019e-01
2.405000000000079297e+01 -5.204066825018123510e-03 2.131929624208111773e-01
2.410000000000079723e+01 -2.430024424388635071e-02 2.095182083715720067e-01
2.415000000000080149e+01 -4.197965979537687103e-02 2.026680429931972394e-01
2.420000000000079865e+01 -5.756574044357777586e-02 1.932530352483419200e-01
2.425000000000079581e+01 -7.066138101465539723e-02 1.820157979100109069e-01
2.430000000000080007e+01 -8.114521415477453370e-02 1.697045082213276268e-01
2.435000000000080433e+01 -8.911756560754952039e-02 1.569787208587149208e-01
2.440000000000080149e+01 -9.482527451090572157e-02 1.443596151154969143e-01
2.445000000000079865e+01 -9.858966602216726050e-02 1.322192105410830154e-01
2.450000000000080291e+01 -1.007508433219042737e-01 1.207949820068330293e-01
2.455000000000080718e+01 -1.016314833182842270e-01 1.102162951877480590e-01
2.460000000000080433e+01 -1.015174538545891014e-01 1.005329633273289586e-01
2.465000000000080149e+01 -1.006504833035351959e-01 9.174060203955149151e-02
2.470000000000080576e+01 -9.922828935379243709e-02 8.380074528518635657e-02
2.475000000000081002e+01 -9.740865575416446376e-02 7.665561616904399689e-02
2.480000000000080718e+01 -9.531513269458956328e-02 7.023833224446716927e-02
2.485000000000080433e+01 -9.304299413131766894e-02 6.447957806937361369e-02
2.490000000000080860e+01 -9.066474641360677822e-02 5.931171694544114942e-02
2.495000000000081286e+01 -8.823489209386504994e-02 5.467113482044891337e-02
2.500000000000081002e+01 -8.579388333531978716e-02 5.049941309777923604e-02
2.505000000000080718e+01 -8.337131543076860274e-02 4.674375620852146140e-02
2.510000000000081144e+01 -8.098845966219422876e-02 4.335696626009929999e-02
2.515000000000081570e+01 -7.866024679636640649e-02 4.029715915667617110e-02
2.520000000000081286e+01 -7.639680651712810189e-02 3.752734775372040810e-02
2.525000000000081002e+01 -7.420465457969226131e-02 3.501497068202415880e-02
2.530000000000081428e+01 -7.208760402640071452e-02 3.273141426486423505e-02
2.535000000000081855e+01 -7.004746212330922872e-02 3.065155463648890424e-02
2.540000000000081570e+01 -6.808456187789449499e-02 2.875333423770486813e-02
2.545000000000081286e+01 -6.619816636430128631e-02 2.701737883532915468e-02
2.550000000000081712e+01 -6.438677550859291110e-02 2.542665638891598856e-02
2.555000000000082139e+01 -6.264835820302899760e-02 2.396617632333040288e-02
2.560000000000081855e+01 -6.098052732360730033e-02 2.262272630475472765e-02
2.565000000000081570e+01 -5.938067112403203757e-02 2.138464295915274913e-02
2.570000000000081997e+01 -5.784605132256199350e-02 2.024161279719410150e-02
2.575000000000082423e+01 -5.637387577715946563e-02 1.918449971224050685e-02
2.580000000000082139e+01 -5.496135178960517842e-02 1.820519566742606274e-02
2.585000000000081855e+01 -5.360572466276995740e-02 1.729649150718112066e-02
2.590000000000082281e+01 -5.230430505103235428e-02 1.645196516705683953e-02
2.595000000000082707e+01 -5.105448781532130609e-02 1.566588488761267925e-02
2.600000000000082423e+01 -4.985376446081556112e-02 1.493312534831567166e-02
2.605000000000082139e+01 -4.869973074906988608e-02 1.424909491783073710e-02
2.610000000000082565e+01 -4.759009070509167411e-02 1.360967246741135415e-02
2.615000000000082991e+01 -4.652265795389003838e-02 1.301115241287740046e-02
2.620000000000082707e+01 -4.549535510174192166e-02 1.245019684105943408e-02
2.625000000000082423e+01 -4.450621170917253705e-02 1.192379374107715648e-02
2.630000000000082849e+01 -4.355336127220796327e-02 1.142922050154340612e-02
2.635000000000083276e+01 -4.263503752921918299e-02 1.096401195596311863e-02
2.640000000000082991e+01 -4.174957033330983780e-02 1.052593236155450161e-02
2.645000000000082707e+01 -4.089538127092768455e-02 1.011295078475677768e-02
2.650000000000083134e+01 -4.007097916202443516e-02 9.723219441861150059e-03
2.655000000000083560e+01 -3.927495554137756112e-02 9.355054606850014484e-03
2.660000000000083276e+01 -3.850598019423516483e-02 9.006919753289674077e-03
2.665000000000082991e+01 -3.776279679839224246e-02 8.677410643409912139e-03
2.670000000000083418e+01 -3.704421870897119801e-02 8.365242117153021822e-03
2.675000000000083844e+01 -3.634912491036125515e-02 8.069236367936789139e-03
2.680000000000083560e+01 -3.567645615013472632e-02 7.788312520601068691e-03
2.685000000000083276e+01 -3.502521126333149604e-02 7.521477351981629110e-03
2.690000000000083702e+01 -3.439444369007501473e-02 7.267817015653458765e-03
2.695000000000084128e+01 -3.378325818569959810e-02 7.026489650606857797e-03
2.700000000000083844e+01 -3.319080772003596413e-02 6.796718769357563972e-03
2.705000000000083560e+01 -3.261629056014708067e-02 6.577787334297477591e-03
2.710000000000083986e+01 -3.205894752986698792e-02 6.369032442860094248e-03
2.715000000000084412e+01 -3.151805943839261492e-02 6.169840551997666546e-03
2.720000000000084128e+01 -3.099294466967589951e-02 5.979643181134259265e-03
2.725000000000083844e+01 -3.048295692431016862e-02 5.797913040326494773e-03
2.730000000000084270e+01 -2.998748310521330562e-02 5.624160536738012986e-03
2.735000000000084697e+01 -2.950594133885401510e-02 5.457930618306218451e-03
2.740000000000084412e+01 -2.903777912377138865e-02 5.298799918315870265e-03
2.745000000000084128e+01 -2.858247159842711160e-02 5.146374168877029115e-03
2.750000000000084555e+01 -2.813951992092365156e-02 5.000285855092518640e-03
2.755000000000084981e+01 -2.770844975318315778e-02 4.860192084859143308e-03
2.760000000000084697e+01 -2.728880984285493583e-02 4.725772652200870179e-03
2.765000000000084412e+01 -2.688017069642920781e-02 4.596728274472701090e-03
2.770000000000084839e+01 -2.648212333742249597e-02 4.472778985971708962e-03
2.775000000000085265e+01 -2.609427814402040871e-02 4.353662672465172419e-03
2.780000000000084981e+01 -2.571626376066588754e-02 4.239133732760166744e-03
2.785000000000084697e+01 -2.534772607868893135e-02 4.128961855016139923e-03
2.790000000000085123e+01 -2.498832728125640126e-02 4.022930896773376994e-03
2.795000000000085549e+01 -2.463774494824267497e-02 3.920837858839249651e-03
2.800000000000085265e+01 -2.429567121704912999e-02 3.822491944243299345e-03
2.805000000000084981e+01 -2.396181199545318469e-02 3.727713694318706816e-03
2.810000000000085407e+01 -2.363588622305935402e-02 3.636334194845948151e-03
2.815000000000085834e+01 -2.331762517804082668e-02 3.548194345875300797e-03
2.820000000000085549e+01 -2.300677182609484756e-02 3.463144189487734129e-03
2.825000000000085265e+01 -2.270308020886570993e-02 3.381042290355362485e-03
2.830000000000085691e+01 -2.240631486908689282e-02 3.301755164415031470e-03
2.835000000000086118e+01 -2.211625031008276551e-02 3.225156751478489101e-03
2.840000000000085834e+01 -2.183267048732695156e-02 3.151127927975454386e-03
2.845000000000085549e+01 -2.155536832991989185e-02 3.079556056390620258e-03
2.850000000000085976e+01 -2.128414529009942449e-02 3.010334568306899730e-03
2.855000000000086402e+01 -2.101881091885650713e-02 2.943362578211434610e-03
2.860000000000086118e+01 -2.075918246603740414e-02 2.878544525529587537e-03
2.865000000000085834e+01 -2.050508450332832328e-02 2.815789842559591073e-03
2.870000000000086260e+01 -2.025634856863302649e-02 2.755012646193503913e-03
2.875000000000086686e+01 -2.001281283054803795e-02 2.696131451522763237e-03
2.880000000000086402e+01 -1.977432177157246659e-02 2.639068905558220914e-03
2.885000000000086118e+01 -1.954072588894025658e-02 2.583751539489288762e-03
2.890000000000086544e+01 -1.931188141194995281e-02 2.530109538023350702e-03
2.895000000000086970e+01 -1.908765003474617930e-02 2.478076524474186800e-03
2.900000000000086686e+01 -1.886789866366010357e-02 2.427589360401637315e-03
2.905000000000086402e+01 -1.865249917813430539e-02 2.378587958674130247e-03
2.910000000000086828e+01 -1.844132820446451812e-02 2.331015108953731971e-03
2.915000000000087255e+01 -1.823426690156199417e-02 2.284816314668701095e-03
2.920000000000086970e+01 -1.803120075799489325e-02 2.239939640616877507e-03
2.925000000000086686e+01 -1.783201939969027150e-02 2.196335570430062775e-03
2.930000000000087113e+01 -1.763661640759065993e-02 2.153956873164086447e-03
2.935000000000087539e+01 -1.744488914473299804e-02 2.112758478366894878e-03
2.940000000000087255e+01 -1.725673859217970174e-02 2.072697359013003435e-03
2.945000000000086970e+01 -1.707206919327075925e-02 2.033732421741859218e-03
2.950000000000087397e+01 -1.689078870576579336e-02 1.995824403896166287e-03
2.955000000000087823e+01 -1.671280806135761951e-02 1.958935776871059426e-03
2.960000000000087539e+01 -1.653804123218597169e-02 1.923030655347415709e-03
2.965000000000087255e+01 -1.636640510393910439e-02 1.888074712001519811e-03
2.970000000000087681e+01 -1.619781935515741955e-02 1.854035097314891793e-03
2.975000000000088107e+01 -1.603220634243874079e-02 1.820880364148908925e-03
2.980000000000087823e+01 -1.586949099115698286e-02 1.788580396752519628e-03
2.985000000000087539e+01 -1.570960069143590224e-02 1.757106343917453142e-03
2.990000000000087965e+01 -1.555246519907510158e-02 1.726430556004265784e-03
2.995000000000088392e+01 -1.539801654114515347e-02 1.696526525583240625e-03
3.000000000000088107e+01 -1.524618892604181000e-02 1.667368831463612172e-03
3.005000000000087823e+01 -1.509691865770446811e-02 1.638933085882053609e-03
3.010000000000088249e+01 -1.495014405381845171e-02 1.611195884656558457e-03
3.015000000000088676e+01 -1.480580536777647768e-02 1.584134760114918120e-03
3.020000000000088392e+01 -1.466384471418893595e-02 1.557728136620813164e-03
3.025000000000088107e+01 -1.452420599779599697e-02 1.531955288542461834e-03
3.030000000000088534e+01 -1.438683484555423192e-02 1.506796300502885079e-03
3.035000000000088960e+01 -1.425167854177205456e-02 1.482232029778517753e-03
3.040000000000088676e+01 -1.411868596612508506e-02 1.458244070712578187e-03
3.045000000000088392e+01 -1.398780753439336083e-02 1.434814721018973444e-03
3.050000000000088818e+01 -1.385899514181813605e-02 1.411926949869361098e-03
3.055000000000089244e+01 -1.373220210889979434e-02 1.389564367648402207e-03
3.060000000000088960e+01 -1.360738312955009008e-02 1.367711197284582521e-03
3.065000000000088676e+01 -1.348449422147036947e-02 1.346352247061716884e-03
3.070000000000089102e+01 -1.336349267863511797e-02 1.325472884822713211e-03
3.075000000000089528e+01 -1.324433702581086572e-02 1.305059013490477522e-03
3.080000000000089244e+01 -1.312698697496753053e-02 1.285097047822507041e-03
3.085000000000088960e+01 -1.301140338352380771e-02 1.265573892334200760e-03
3.090000000000089386e+01 -1.289754821432696416e-02 1.246476920322562350e-03
3.095000000000089813e+01 -1.278538449727486051e-02 1.227793953926528073e-03
3.100000000000089528e+01 -1.267487629253237838e-02 1.209513245170897641e-03
3.105000000000089244e+01 -1.256598865522663352e-02 1.191623457932364715e-03
3.110000000000089670e+01 -1.245868760158232169e-02 1.174113650781694225e-03
3.115000000000090097e+01 -1.235294007641955100e-02 1.156973260652238667e-03
3.120000000000089813e+01 -1.224871392194207265e-02 1.140192087288199613e-03
3.125000000000089528e+01 -1.214597784778476824e-02 1.123760278434959674e-03
3.130000000000089955e+01 -1.204470140222528574e-02 1.107668315725463372e-03
3.135000000000090381e+01 -1.194485494453500357e-02 1.091907001229958877e-03
3.140000000000090097e+01 -1.184640961840843429e-02 1.076467444632315563e-03
3.145000000000089813e+01 -1.174933732641405409e-02 1.061341050998501146e-03
3.150000000000090239e+01 -1.165361070544712607e-02 1.046519509110268795e-03
3.155000000000090665e+01 -1.155920310310531302e-02 1.031994780329137298e-03
3.160000000000090381e+01 -1.146608855497249085e-02 1.017759087967290811e-03
3.165000000000090097e+01 -1.137424176276195104e-02 1.003804907137929078e-03
3.170000000000090523e+01 -1.128363807327372598e-02 9.901249550593369496e-04
3.175000000000090949e+01 -1.119425345815518863e-02 9.767121817933406037e-04
3.180000000000090665e+01 -1.110606449439773685e-02 9.635597613912720875e-04
3.185000000000090381e+01 -1.101904834556228716e-02 9.506610834306809810e-04
3.190000000000090807e+01 -1.093318274369464715e-02 9.380097449220619254e-04
3.195000000000091234e+01 -1.084844597189364018e-02 9.255995425661456971e-04
