-3.200000000000000000e+01 5.922207708456327102e-03 5.080402230493534770e-04
-3.194999999999999929e+01 5.968720052647724997e-03 5.148438824063399089e-04
-3.189999999999999858e+01 6.015851353215839400e-03 5.217791616145018305e-04
-3.184999999999999787e+01 6.063613467703113033e-03 5.288494275043789748e-04
-3.179999999999999716e+01 6.112018552899209367e-03 5.360581546263786055e-04
-3.174999999999999645e+01 6.161079074243206929e-03 5.434089293999534807e-04
-3.169999999999999574e+01 6.210807815589101943e-03 5.509054544514000937e-04
-3.164999999999999503e+01 6.261217889337063539e-03 5.585515531480571023e-04
-3.159999999999999432e+01 6.312322746951122901e-03 5.663511743398072246e-04
-3.154999999999999361e+01 6.364136189885200717e-03 5.743083973194931064e-04
-3.149999999999999289e+01 6.416672380921566859e-03 5.824274370116462162e-04
-3.144999999999999218e+01 6.469945855959269992e-03 5.907126494045766276e-04
-3.139999999999999147e+01 6.523971536258657208e-03 5.991685372366592054e-04
-3.134999999999999076e+01 6.578764741167432081e-03 6.077997559512378183e-04
-3.129999999999999005e+01 6.634341201355477627e-03 6.166111199355275288e-04
-3.124999999999998934e+01 6.690717072566692777e-03 6.256076090566162597e-04
-3.119999999999998863e+01 6.747908949932148945e-03 6.347943755141296053e-04
-3.114999999999998792e+01 6.805933882855557879e-03 6.441767510246469795e-04
-3.109999999999998721e+01 6.864809390502893405e-03 6.537602543571681152e-04
-3.104999999999998650e+01 6.924553477930257828e-03 6.635505992402180491e-04
-3.099999999999998579e+01 6.985184652864118854e-03 6.735537026589279164e-04
-3.094999999999998508e+01 7.046721943186890283e-03 6.837756935678500347e-04
-3.089999999999998437e+01 7.109184915145481259e-03 6.942229220406379410e-04
-3.084999999999998366e+01 7.172593692323278244e-03 7.049019688826780455e-04
-3.079999999999998295e+01 7.236968975418787281e-03 7.158196557345874230e-04
-3.074999999999998224e+01 7.302332062852889480e-03 7.269830556923227716e-04
-3.069999999999998153e+01 7.368704872269387154e-03 7.383995044783532320e-04
-3.064999999999998082e+01 7.436109962955420039e-03 7.500766121936047488e-04
-3.059999999999998010e+01 7.504570559233812374e-03 7.620222756859071573e-04
-3.054999999999997939e+01 7.574110574882721506e-03 7.742446915732126463e-04
-3.049999999999997868e+01 7.644754638615736814e-03 7.867523699579990690e-04
-3.044999999999997797e+01 7.716528120702090959e-03 7.995541488796006598e-04
-3.039999999999997726e+01 7.789457160766514315e-03 8.126592095465579209e-04
-3.034999999999997655e+01 7.863568696836137004e-03 8.260770923985273455e-04
-3.029999999999997584e+01 7.938890495706356701e-03 8.398177140509062661e-04
-3.024999999999997513e+01 8.015451184674483864e-03 8.538913851740704414e-04
-3.019999999999997442e+01 8.093280284740836383e-03 8.683088293716285933e-04
-3.014999999999997371e+01 8.172408245334881680e-03 8.830812031178588740e-04
-3.009999999999997300e+01 8.252866480654789602e-03 8.982201168239197083e-04
-3.004999999999997229e+01 8.334687407715077323e-03 9.137376571076787860e-04
-2.999999999999997158e+01 8.417904486172838457e-03 9.296464103418300776e-04
-2.994999999999997087e+01 8.502552260059819192e-03 9.459594875704593897e-04
-2.989999999999997016e+01 8.588666401502688744e-03 9.626905508809322203e-04
-2.984999999999996945e+01 8.676283756549448001e-03 9.798538413302634170e-04
-2.979999999999996874e+01 8.765442393227686549e-03 9.974642085328580716e-04
-2.974999999999996803e+01 8.856181651936054916e-03 1.015537142018243470e-03
-2.969999999999996732e+01 8.948542198333700459e-03 1.034088804487120431e-03
-2.964999999999996660e+01 9.042566078845775540e-03 1.053136067092655089e-03
-2.959999999999996589e+01 9.138296778943403448e-03 1.072696546890421123e-03
-2.954999999999996518e+01 9.235779284367704248e-03 1.092788646611987180e-03
-2.949999999999996447e+01 9.335060145442915583e-03 1.113431596922176414e-03
-2.944999999999996376e+01 9.436187544695735091e-03 1.134645501345807198e-03
-2.939999999999996305e+01 9.539211367949520376e-03 1.156451384051828497e-03
-2.934999999999996234e+01 9.644183279109128787e-03 1.178871240705604492e-03
-2.929999999999996163e+01 9.751156798867930547e-03 1.201928092617809149e-03
-2.924999999999996092e+01 9.860187387544469897e-03 1.225646044429007505e-03
-2.919999999999996021e+01 9.971332532339597168e-03 1.250050345603934089e-03
-2.914999999999995950e+01 1.008465183925546897e-02 1.275167456017830495e-03
-2.909999999999995879e+01 1.020020712997400485e-02 1.301025115949934474e-03
-2.904999999999995808e+01 1.031806254401417856e-02 1.327652420826827941e-03
-2.899999999999995737e+01 1.043828464646648357e-02 1.355079901078485400e-03
-2.894999999999995666e+01 1.056094254169995944e-02 1.383339607518984044e-03
-2.889999999999995595e+01 1.068610799338833885e-02 1.412465202683189144e-03
-2.884999999999995524e+01 1.081385555127088900e-02 1.442492058599363506e-03
-2.879999999999995453e+01 1.094426268509367250e-02 1.473457361521542802e-03
-2.874999999999995381e+01 1.107740992616194214e-02 1.505400224182140137e-03
-2.869999999999995310e+01 1.121338101704883253e-02 1.538361806196938877e-03
-2.864999999999995239e+01 1.135226306996116145e-02 1.572385443293541560e-03
-2.859999999999995168e+01 1.149414673434803573e-02 1.607516786109117277e-03
-2.854999999999995097e+01 1.163912637438226268e-02 1.643803949374757298e-03
-2.849999999999995026e+01 1.178730025693825768e-02 1.681297672369076214e-03
-2.844999999999994955e+01 1.193877075082930631e-02 1.720051491632741030e-03
-2.839999999999994884e+01 1.209364453803061200e-02 1.760121927009387563e-03
-2.834999999999994813e+01 1.225203283772220361e-02 1.801568682197510424e-03
-2.829999999999994742e+01 1.241405164405046807e-02 1.844454861117183998e-03
-2.824999999999994671e+01 1.257982197851521301e-02 1.888847201511778106e-03
-2.819999999999994600e+01 1.274947015806235373e-02 1.934816327377718911e-03
-2.814999999999994529e+01 1.292312807993893468e-02 1.982437021952184950e-03
-2.809999999999994458e+01 1.310093352450796347e-02 2.031788523185451209e-03
-2.804999999999994387e+01 1.328303047731340530e-02 2.082954843828891019e-03
-2.799999999999994316e+01 1.346956947171724234e-02 2.136025118478593852e-03
-2.794999999999994245e+01 1.366070795364825174e-02 2.191093980200164385e-03
-2.789999999999994174e+01 1.385661067000154047e-02 2.248261969613775651e-03
-2.784999999999994102e+01 1.405745008241192709e-02 2.307635979655577301e-03
-2.779999999999994031e+01 1.426340680825708383e-02 2.369329739591767483e-03
-2.774999999999993960e+01 1.447467009081031264e-02 2.433464342243080430e-03
-2.769999999999993889e+01 1.469143830073891578e-02 2.500168818869465386e-03
-2.764999999999993818e+01 1.491391947117351804e-02 2.569580766639027129e-03
-2.759999999999993747e+01 1.514233186881288294e-02 2.641847034204254565e-03
-2.754999999999993676e+01 1.537690460370958086e-02 2.717124471563546906e-03
-2.749999999999993605e+01 1.561787828048400578e-02 2.795580751098291402e-03
-2.744999999999993534e+01 1.586550569405445477e-02 2.877395267559375736e-03
-2.739999999999993463e+01 1.612005257302934896e-02 2.962760125681558523e-03
-2.734999999999993392e+01 1.638179837419780419e-02 3.051881225209664931e-03
-2.729999999999993321e+01 1.665103713177325251e-02 3.144979454351967078e-03
-2.724999999999993250e+01 1.692807836516158765e-02 3.242292004043356279e-03
-2.719999999999993179e+01 1.721324804940277398e-02 3.344073817055934553e-03
-2.714999999999993108e+01 1.750688965246892381e-02 3.450599187764483156e-03
-2.709999999999993037e+01 1.780936524387922298e-02 3.562163530496400415e-03
-2.704999999999992966e+01 1.812105667925322655e-02 3.679085336795137259e-03
-2.699999999999992895e+01 1.844236686542719689e-02 3.801708344635653346e-03
-2.694999999999992824e+01 1.877372111100579499e-02 3.930403945864420490e-03
-2.689999999999992752e+01 1.911556856700305854e-02 4.065573861707760112e-03
-2.684999999999992681e+01 1.946838376219581224e-02 4.207653120432031102e-03
-2.679999999999992610e+01 1.983266823753201610e-02 4.357113376095086629e-03
-2.674999999999992539e+01 2.020895228331772223e-02 4.514466612887673737e-03
-2.669999999999992468e+01 2.059779678238094977e-02 4.680269286156345937e-03
-2.664999999999992397e+01 2.099979516109070493e-02 4.855126958653767887e-03
-2.659999999999992326e+01 2.141557544869106267e-02 5.039699499379618301e-03
-2.654999999999992255e+01 2.184580244328952411e-02 5.234706922583632314e-03
-2.649999999999992184e+01 2.229117997979918747e-02 5.440935956323026020e-03
-2.644999999999992113e+01 2.275245329153200574e-02 5.659247443958265178e-03
-2.639999999999992042e+01 2.323041145174292027e-02 5.890584698064514971e-03
-2.634999999999991971e+01 2.372588987480266781e-02 6.135982945263516661e-03
-2.629999999999991900e+01 2.423977284780512095e-02 6.396580022694226507e-03
-2.624999999999991829e+01 2.477299605162073745e-02 6.673628512773676844e-03
-2.619999999999991758e+01 2.532654901558665725e-02 6.968509533579261839e-03
-2.614999999999991687e+01 2.590147743001762481e-02 7.282748437842830047e-03
-2.609999999999991616e+01 2.649888521531063024e-02 7.618032715662709058e-03
-2.604999999999991545e+01 2.711993621320901021e-02 7.976232445362909512e-03
-2.599999999999991473e+01 2.776585532244644355e-02 8.359423694611347114e-03
-2.594999999999991402e+01 2.843792884539239618e-02 8.769915341799543185e-03
-2.589999999999991331e+01 2.913750373924113915e-02 9.210279866527294398e-03
-2.584999999999991260e+01 2.986598537102556905e-02 9.683388750191193259e-03
-2.579999999999991189e+01 3.062483325288467909e-02 1.019245323434415408e-02
-2.574999999999991118e+01 3.141555407378286008e-02 1.074107130706431629e-02
-2.569999999999991047e+01 3.223969113588114055e-02 1.133328192781995168e-02
-2.564999999999990976e+01 3.309880903133669006e-02 1.197362765842981992e-02
-2.559999999999990905e+01 3.399447204042722187e-02 1.266722704151479126e-02
-2.554999999999990834e+01 3.492821426758718761e-02 1.341985825368276382e-02
-2.549999999999990763e+01 3.590149892498580714e-02 1.423805575070762747e-02
-2.544999999999990692e+01 3.691566337874634812e-02 1.512922180012552138e-02
-2.539999999999990621e+01 3.797184553495083770e-02 1.610175493733690538e-02
-2.534999999999990550e+01 3.907088578525562406e-02 1.716519743806821027e-02
-2.529999999999990479e+01 4.021319696369184821e-02 1.833040380219624205e-02
-2.524999999999990408e+01 4.139859246901649026e-02 1.960973187543804327e-02
-2.519999999999990337e+01 4.262605973942108079e-02 2.101725741576447246e-02
-2.514999999999990266e+01 4.389346246738608931e-02 2.256901136379946965e-02
-2.509999999999990195e+01 4.519715013772365036e-02 2.428323637302656768e-02
-2.504999999999990123e+01 4.653144751474644347e-02 2.618065465790165441e-02
-2.499999999999990052e+01 4.788798953359922617e-02 2.828473197236661824e-02
-2.494999999999989981e+01 4.925485882622373385e-02 3.062191114942409975e-02
-2.489999999999989910e+01 5.061547445880493212e-02 3.322177114598767744e-02
-2.484999999999989839e+01 5.194717288549783457e-02 3.611704124610459754e-02
-2.479999999999989768e+01 5.321941876482928768e-02 3.934336151171390766e-02
-2.474999999999989697e+01 5.439159004483228033e-02 4.293862571071881823e-02
-2.469999999999989626e+01 5.541030901646104567e-02 4.694166813490017326e-02
-2.464999999999989555e+01 5.620635608009977302e-02 5.138995997909314578e-02
-2.459999999999989484e+01 5.669133212668023974e-02 5.631587101092070530e-02
-2.454999999999989413e+01 5.675446487295774528e-02 6.174095200193157468e-02
-2.449999999999989342e+01 5.626032484679684142e-02 6.766765932038902587e-02
-2.444999999999989271e+01 5.504875323392560693e-02 7.406808486285529347e-02
-2.439999999999989200e+01 5.293896877148733526e-02 8.086975090956616263e-02
-2.434999999999989129e+01 4.974042704682724025e-02 8.793961106534711747e-02
-2.429999999999989058e+01 4.527310412093085018e-02 9.506923965919805708e-02
-2.424999999999988987e+01 3.939870718992949383e-02 1.019666435863051251e-01
-2.419999999999988916e+01 3.206102825374512744e-02 1.082623042958744813e-01
-2.414999999999988844e+01 2.332806389114724238e-02 1.135370520357477792e-01
-2.409999999999988773e+01 1.342229406455795748e-02 1.173748345737313098e-01
-2.404999999999988702e+01 2.722771893306968893e-03 1.194335778306943457e-01
-2.399999999999988631e+01 -8.271826925730547259e-03 1.195155520657044806e-01
-2.394999999999988560e+01 -1.901557655174696340e-02 1.176126212924189646e-01
-2.389999999999988489e+01 -2.900283019616620508e-02 1.139081739310083691e-01
-2.384999999999988418e+01 -3.784278911235323256e-02 1.087349225309037354e-01
-2.379999999999988347e+01 -4.529973261625343944e-02 1.025056655816607432e-01
-2.374999999999988276e+01 -5.129386532763455242e-02 9.564162491945178701e-02
-2.369999999999988205e+01 -5.587274402078835911e-02 8.851777451243751649e-02
-2.364999999999988134e+01 -5.916954235826811515e-02 8.143293970825281336e-02
-2.359999999999988063e+01 -6.136218654390498267e-02 7.460222578064518162e-02
-2.354999999999987992e+01 -6.264126606127347341e-02 6.816434670309699795e-02
-2.349999999999987921e+01 -6.318888229169881965e-02 6.219613253612914228e-02
-2.344999999999987850e+01 -6.316711222256919667e-02 5.672857373976764039e-02
-2.339999999999987779e+01 -6.271345129736878576e-02 5.176123606155286216e-02
-2.334999999999987708e+01 -6.194062650634969691e-02 4.727378359546760556e-02
-2.329999999999987637e+01 -6.093875655717418544e-02 4.323448701550530043e-02
-2.324999999999987566e+01 -5.977850597542694322e-02 3.960612938622424389e-02
-2.319999999999987494e+01 -5.851442979944000006e-02 3.634988510223020192e-02
-2.314999999999987423e+01 -5.718808900599024747e-02 3.342772284958781676e-02
-2.309999999999987352e+01 -5.583075628543777286e-02 3.080378594396526379e-02
-2.304999999999987281e+01 -5.446566767900805350e-02 2.844509302949900856e-02
-2.299999999999987210e+01 -5.310984476042395624e-02 2.632180480636830619e-02
-2.294999999999987139e+01 -5.177554167452157879e-02 2.440722589895328101e-02
-2.289999999999987068e+01 -5.047137931916761966e-02 2.267765460161345198e-02
-2.284999999999986997e+01 -4.920322615759011031e-02 2.111215349555606996e-02
-2.279999999999986926e+01 -4.797487777530732439e-02 1.969228677423421822e-02
-2.274999999999986855e+01 -4.678857865700140894e-02 1.840185201786745037e-02
-2.269999999999986784e+01 -4.564542136768891950e-02 1.722662235976237660e-02
-2.264999999999986713e+01 -4.454565105418499538e-02 1.615410746072236392e-02
-2.259999999999986642e+01 -4.348889712703365301e-02 1.517333702629476179e-02
-2.254999999999986571e+01 -4.247434908903573170e-02 1.427466777886430421e-02
-2.249999999999986500e+01 -4.150088960091487256e-02 1.344961317214567013e-02
-2.244999999999986429e+01 -4.056719484601328807e-02 1.269069426908330314e-02
-2.239999999999986358e+01 -3.967180990877093583e-02 1.199130980596919971e-02
-2.234999999999986287e+01 -3.881320507520202856e-02 1.134562335093246797e-02
-2.229999999999986215e+01 -3.798981757655438274e-02 1.074846551231522541e-02
-2.224999999999986144e+01 -3.720008223575466122e-02 1.019524928786068839e-02
-2.219999999999986073e+01 -3.644245366469962832e-02 9.681896822366777705e-03
-2.214999999999986002e+01 -3.571542203932698278e-02 9.204776030756325889e-03
-2.209999999999985931e+01 -3.501752400541208177e-02 8.760645730531663872e-03
-2.204999999999985860e+01 -3.434734990470694749e-02 8.346608102176664851e-03
-2.199999999999985789e+01 -3.370354823309538311e-02 7.960067454910938270e-03
-2.194999999999985718e+01 -3.308482802962879610e-02 7.598694416727546155e-03
-2.189999999999985647e+01 -3.248995973141913240e-02 7.260394791508379547e-03
-2.184999999999985576e+01 -3.191777490424058117e-02 6.943282434190590005e-03
-2.179999999999985505e+01 -3.136716516191611487e-02 6.645655587977294769e-03
-2.174999999999985434e+01 -3.083708051330726063e-02 6.365976207658873356e-03
-2.169999999999985363e+01 -3.032652731872954865e-02 6.102851861765505592e-03
-2.164999999999985292e+01 -2.983456599321146832e-02 5.855019864646543969e-03
-2.159999999999985221e+01 -2.936030856042606135e-02 5.621333339720888632e-03
-2.154999999999985150e+01 -2.890291613477855362e-02 5.400748957615427413e-03
-2.149999999999985079e+01 -2.846159638902667766e-02 5.192316129207138684e-03
-2.144999999999985008e+01 -2.803560104950618068e-02 4.995167464587256696e-03
-2.139999999999984936e+01 -2.762422344887586687e-02 4.808510335192432185e-03
-2.134999999999984865e+01 -2.722679615750671356e-02 4.631619398983562348e-03
-2.129999999999984794e+01 -2.684268870754661154e-02 4.463829967679196209e-03
-2.124999999999984723e+01 -2.647130541845027843e-02 4.304532111477392224e-03
-2.119999999999984652e+01 -2.611208332894161821e-02 4.153165410810494458e-03
-2.114999999999984581e+01 -2.576449023717453449e-02 4.009214276610995921e-03
-2.109999999999984510e+01 -2.542802284891872502e-02 3.872203771004370867e-03
-2.104999999999984439e+01 -2.510220503186775393e-02 3.741695869158391270e-03
-2.099999999999984368e+01 -2.478658617304728071e-02 3.617286110661324227e-03
-2.094999999999984297e+01 -2.448073963564191546e-02 3.498600595429082923e-03
-2.089999999999984226e+01 -2.418426131084493169e-02 3.385293284738560577e-03
-2.084999999999984155e+01 -2.389676826024085890e-02 3.277043572977114422e-03
-2.079999999999984084e+01 -2.361789744396055116e-02 3.173554099899535564e-03
-2.074999999999984013e+01 -2.334730452982109253e-02 3.074548776872388332e-03
-2.069999999999983942e+01 -2.308466277881172923e-02 2.979771003821679067e-03
-2.064999999999983871e+01 -2.282966200222056805e-02 2.888982056316596794e-03
-2.059999999999983800e+01 -2.258200758602658953e-02 2.801959624711392559e-03
-2.054999999999983729e+01 -2.234141957826101671e-02 2.718496489342972326e-03
-2.049999999999983658e+01 -2.210763183524650302e-02 2.638399317631276355e-03
-2.044999999999983586e+01 -2.188039122291883520e-02 2.561487570574796490e-03
-2.039999999999983515e+01 -2.165945686949619434e-02 2.487592507496131766e-03
-2.034999999999983444e+01 -2.144459946612841880e-02 2.416556279187793803e-03
-2.029999999999983373e+01 -2.123560061227825618e-02 2.348231100668874815e-03
-2.024999999999983302e+01 -2.103225220279589594e-02 2.282478495725721868e-03
-2.019999999999983231e+01 -2.083435585391749459e-02 2.219168606280249190e-03
-2.014999999999983160e+01 -2.064172236547319114e-02 2.158179560332811053e-03
-2.009999999999983089e+01 -2.045417121690086895e-02 2.099396892929826335e-03
-2.004999999999983018e+01 -2.027153009475251774e-02 2.042713015164685300e-03
-1.999999999999982947e+01 -2.009363444954204506e-02 1.988026726739222129e-03
-1.994999999999982876e+01 -1.992032707999773916e-02 1.935242768091826465e-03
-1.989999999999982805e+01 -1.975145774280466851e-02 1.884271408469642738e-03
-1.984999999999982734e+01 -1.958688278616960501e-02 1.835028066720646419e-03
-1.979999999999982663e+01 -1.942646480559430053e-02 1.787432961882915589e-03
-1.974999999999982592e+01 -1.927007232035939446e-02 1.741410790937224446e-03
-1.969999999999982521e+01 -1.911757946938356933e-02 1.696890431362598362e-03
-1.964999999999982450e+01 -1.896886572511846322e-02 1.653804666333511409e-03
-1.959999999999982379e+01 -1.882381562433273897e-02 1.612089930632801434e-03
-1.954999999999982307e+01 -1.868231851466359977e-02 1.571686075520436999e-03
-1.949999999999982236e+01 -1.854426831589511826e-02 1.532536150963942009e-03
-1.944999999999982165e+01 -1.840956329504576244e-02 1.494586203798471159e-03
-1.939999999999982094e+01 -1.827810585432473878e-02 1.457785090491637257e-03
-1.934999999999982023e+01 -1.814980233116917849e-02 1.422084303333351167e-03
-1.929999999999981952e+01 -1.802456280957973403e-02 1.387437808963504736e-03
-1.924999999999981881e+01 -1.790230094202807654e-02 1.353801898248062699e-03
-1.919999999999981810e+01 -1.778293378130400490e-02 1.321135046613902166e-03
-1.914999999999981739e+01 -1.766638162163649065e-02 1.289397784009677344e-03
-1.909999999999981668e+01 -1.755256784854495808e-02 1.258552573753406569e-03
-1.904999999999981597e+01 -1.744141879687106933e-02 1.228563699579238080e-03
-1.899999999999981526e+01 -1.733286361647900023e-02 1.199397160254994654e-03
-1.894999999999981455e+01 -1.722683414518691100e-02 1.171020571205800588e-03
-1.889999999999981384e+01 -1.712326478845252464e-02 1.143403072608114267e-03
-1.884999999999981313e+01 -1.702209240543592350e-02 1.116515243481270084e-03
-1.879999999999981242e+01 -1.692325620104911943e-02 1.090329021332225824e-03
-1.874999999999981171e+01 -1.682669762362829988e-02 1.064817626945863734e-03
-1.869999999999981100e+01 -1.673236026792418105e-02 1.039955493955415592e-03
-1.864999999999981029e+01 -1.664018978306418609e-02 1.015718202840881768e-03
-1.859999999999980957e+01 -1.655013378522378342e-02 9.920824190473038345e-04
-1.854999999999980886e+01 -1.646214177472631393e-02 9.690258349299930764e-04
-1.849999999999980815e+01 -1.637616505730989103e-02 9.465271152570528838e-04
-1.844999999999980744e+01 -1.629215666934772516e-02 9.245658460285562617e-04
-1.839999999999980673e+01 -1.621007130676720490e-02 9.031224863761520448e-04
-1.834999999999980602e+01 -1.612986525748347569e-02 8.821783233389432488e-04
-1.829999999999980531e+01 -1.605149633714372803e-02 8.617154293189782481e-04
-1.824999999999980460e+01 -1.597492382799221497e-02 8.417166220346711161e-04
-1.819999999999980389e+01 -1.590010842070514047e-02 8.221654268112414329e-04
-1.814999999999980318e+01 -1.582701215900588279e-02 8.030460410465800570e-04
-1.809999999999980247e+01 -1.575559838693039658e-02 7.843433007152927905e-04
-1.804999999999980176e+01 -1.568583169859316673e-02 7.660426487765668478e-04
-1.799999999999980105e+01 -1.561767789031410017e-02 7.481301053613725752e-04
-1.794999999999980034e+01 -1.555110391499948258e-02 7.305922396299133117e-04
-1.789999999999979963e+01 -1.548607783863374318e-02 7.134161431867129489e-04
-1.784999999999979892e+01 -1.542256879878980622e-02 6.965894049598736395e-04
-1.779999999999979821e+01 -1.536054696504708661e-02 6.801000874512241022e-04
-1.774999999999979750e+01 -1.529998350121313661e-02 6.639367042706816567e-04
-1.769999999999979678e+01 -1.524085052927324352e-02 6.480881988799967871e-04
-1.764999999999979607e+01 -1.518312109495794857e-02 6.325439244659742093e-04
-1.759999999999979536e+01 -1.512676913486333749e-02 6.172936248788122009e-04
-1.754999999999979465e+01 -1.507176944504057259e-02 6.023274165697912975e-04
-1.749999999999979394e+01 -1.501809765097674235e-02 5.876357714670584018e-04
-1.744999999999979323e+01 -1.496573017891298166e-02 5.732095007376454467e-04
-1.739999999999979252e+01 -1.491464422841460094e-02 5.590397393780144331e-04
-1.734999999999979181e+01 -1.486481774614701462e-02 5.451179315884060452e-04
-1.729999999999979110e+01 -1.481622940079392950e-02 5.314358168839369281e-04
-1.724999999999979039e+01 -1.476885855905890957e-02 5.179854168985333768e-04
-1.719999999999978968e+01 -1.472268526271159478e-02 5.047590228454610067e-04
-1.714999999999978897e+01 -1.467769020661193261e-02 4.917491835920402088e-04
-1.709999999999978826e+01 -1.463385471767925106e-02 4.789486943172451732e-04
-1.704999999999978755e+01 -1.459116073475795819e-02 4.663505857180467963e-04
-1.699999999999978684e+01 -1.454959078933453984e-02 4.539481137325691775e-04
-1.694999999999978613e+01 -1.450912798707825260e-02 4.417347497545924453e-04
-1.689999999999978542e+01 -1.446975599015277308e-02 4.297041713076801090e-04
-1.684999999999978471e+01 -1.443145900027535677e-02 4.178502531569045029e-04
-1.679999999999978400e+01 -1.439422174248612338e-02 4.061670588330693055e-04
-1.674999999999978328e+01 -1.435802944959266650e-02 3.946488325458938178e-04
-1.669999999999978257e+01 -1.432286784727005227e-02 3.832899914681887812e-04
-1.664999999999978186e+01 -1.428872313977449029e-02 3.720851183668769276e-04
-1.659999999999978115e+01 -1.425558199625376332e-02 3.610289545653291247e-04
-1.654999999999978044e+01 -1.422343153762551868e-02 3.501163932182935722e-04
-1.649999999999977973e+01 -1.419225932399627299e-02 3.393424728818479012e-04
-1.644999999999977902e+01 -1.416205334260709978e-02 3.287023713656790375e-04
-1.639999999999977831e+01 -1.413280199627228728e-02 3.181913998489745718e-04
-1.634999999999977760e+01 -1.410449409229921902e-02 3.078049972489832172e-04
-1.629999999999977689e+01 -1.407711883186664806e-02 2.975387248281001788e-04
-1.624999999999977618e+01 -1.405066579984053793e-02 2.873882610261568188e-04
-1.619999999999977547e+01 -1.402512495501696474e-02 2.773493965090022577e-04
-1.614999999999977476e+01 -1.400048662076547323e-02 2.674180294185641085e-04
-1.609999999999977405e+01 -1.397674147606414730e-02 2.575901608167484053e-04
-1.604999999999977334e+01 -1.395388054690901991e-02 2.478618903123087306e-04
-1.599999999999977263e+01 -1.393189519808085697e-02 2.382294118604795985e-04
-1.594999999999977192e+01 -1.391077712526237256e-02 2.286890097291321240e-04
-1.589999999999977121e+01 -1.389051834748399050e-02 2.192370546195384403e-04
-1.584999999999977049e+01 -1.387111119989250380e-02 2.098699999364317306e-04
-1.579999999999976978e+01 -1.385254832682824080e-02 2.005843781989387082e-04
-1.574999999999976907e+01 -1.383482267519833483e-02 1.913767975843846513e-04
-1.569999999999976836e+01 -1.381792748814018867e-02 1.822439386007236291e-04
-1.564999999999976765e+01 -1.380185629895838359e-02 1.731825508777663867e-04
-1.559999999999976694e+01 -1.378660292533065088e-02 1.641894500736201063e-04
-1.554999999999976623e+01 -1.377216146377169964e-02 1.552615148896724188e-04
-1.549999999999976552e+01 -1.375852628434524882e-02 1.463956841877803346e-04
-1.544999999999976481e+01 -1.374569202561979481e-02 1.375889542068323753e-04
-1.539999999999976410e+01 -1.373365358985510418e-02 1.288383758704285745e-04
-1.534999999999976339e+01 -1.372240613841595527e-02 1.201410521833373365e-04
-1.529999999999976268e+01 -1.371194508740451040e-02 1.114941357113628968e-04
-1.524999999999976197e+01 -1.370226610350409879e-02 1.028948261395047550e-04
-1.519999999999976126e+01 -1.369336510003050025e-02 9.434036790661928101e-05
-1.514999999999976055e+01 -1.368523823318113994e-02 8.582804790948652361e-05
-1.509999999999975984e+01 -1.367788189847931810e-02 7.735519327486126487e-05
-1.504999999999975913e+01 -1.367129272740690363e-02 6.891916919509887170e-05
-1.499999999999975842e+01 -1.366546758422012425e-02 6.051737682313807192e-05
-1.494999999999975770e+01 -1.366040356294502892e-02 5.214725122581608408e-05
-1.489999999999975699e+01 -1.365609798454602009e-02 4.380625938928193845e-05
-1.484999999999975628e+01 -1.365254839426465958e-02 3.549189827575132457e-05
-1.479999999999975557e+01 -1.364975255912408841e-02 2.720169292790767905e-05
-1.474999999999975486e+01 -1.364770846559523396e-02 1.893319461738910206e-05
-1.469999999999975415e+01 -1.364641431742159156e-02 1.068397903689836514e-05
-1.464999999999975344e+01 -1.364586853359846946e-02 2.451644530335455457e-06
-1.459999999999975273e+01 -1.364606974650412613e-02 -5.766189639320779166e-06
-1.454999999999975202e+01 -1.364701680017963922e-02 -1.397188498755426011e-05
-1.449999999999975131e+01 -1.364870874875471346e-02 -2.216778547436612512e-05
-1.444999999999975060e+01 -1.365114485501682864e-02 -3.035621913887679574e-05
-1.439999999999974989e+01 -1.365432458912133051e-02 -3.853949970765348926e-05
-1.434999999999974918e+01 -1.365824762744037579e-02 -4.671992817665898343e-05
-1.429999999999974847e+01 -1.366291385154842428e-02 -5.489979436963535533e-05
-1.424999999999974776e+01 -1.366832334734307056e-02 -6.308137847567635119e-05
-1.419999999999974705e+01 -1.367447640429815189e-02 -7.126695256572503426e-05
-1.414999999999974634e+01 -1.368137351484929529e-02 -7.945878209286846502e-05
-1.409999999999974563e+01 -1.368901537390935022e-02 -8.765912737607986678e-05
-1.404999999999974492e+01 -1.369740287851265240e-02 -9.587024506996395801e-05
-1.399999999999974420e+01 -1.370653712758811843e-02 -1.040943896230518088e-04
-1.394999999999974349e+01 -1.371641942185770555e-02 -1.123338147241484397e-04
-1.389999999999974278e+01 -1.372705126386280713e-02 -1.205907747414557314e-04
-1.384999999999974207e+01 -1.373843435811525349e-02 -1.288675261539207369e-04
-1.379999999999974136e+01 -1.375057061137362896e-02 -1.371663289772362751e-04
-1.374999999999974065e+01 -1.376346213304531843e-02 -1.454894481868966149e-04
-1.369999999999973994e+01 -1.377711123571092808e-02 -1.538391551376883017e-04
-1.364999999999973923e+01 -1.379152043577557343e-02 -1.622177289842575976e-04
-1.359999999999973852e+01 -1.380669245424333280e-02 -1.706274581020996751e-04
-1.354999999999973781e+01 -1.382263021761676383e-02 -1.790706415113244541e-04
-1.349999999999973710e+01 -1.383933685892279816e-02 -1.875495903055828060e-04
-1.344999999999973639e+01 -1.385681571886134000e-02 -1.960666290854284465e-04
-1.339999999999973568e+01 -1.387507034708309467e-02 -2.046240974007916807e-04
-1.334999999999973497e+01 -1.389410450359285232e-02 -2.132243512018687243e-04
-1.329999999999973426e+01 -1.391392216028049938e-02 -2.218697643007884295e-04
-1.324999999999973355e+01 -1.393452750258293918e-02 -2.305627298464704971e-04
-1.319999999999973284e+01 -1.395592493127224831e-02 -2.393056618119379208e-04
-1.314999999999973213e+01 -1.397811906437887788e-02 -2.481009964988751832e-04
-1.309999999999973141e+01 -1.400111473924590608e-02 -2.569511940587324624e-04
-1.304999999999973070e+01 -1.402491701471756530e-02 -2.658587400328387210e-04
-1.299999999999972999e+01 -1.404953117346605801e-02 -2.748261469140461828e-04
-1.294999999999972928e+01 -1.407496272445214747e-02 -2.838559557291958288e-04
-1.289999999999972857e+01 -1.410121740553000463e-02 -2.929507376474159604e-04
-1.284999999999972786e+01 -1.412830118619214093e-02 -3.021130956136033104e-04
-1.279999999999972715e+01 -1.415622027045983222e-02 -3.113456660098511998e-04
-1.274999999999972644e+01 -1.418498109991749370e-02 -3.206511203466793757e-04
-1.269999999999972573e+01 -1.421459035690567085e-02 -3.300321669860047363e-04
-1.264999999999972502e+01 -1.424505496785295061e-02 -3.394915528969106883e-04
-1.259999999999972431e+01 -1.427638210677491248e-02 -3.490320654479571547e-04
-1.254999999999972360e+01 -1.430857919892660965e-02 -3.586565342365310473e-04
-1.249999999999972289e+01 -1.434165392461746874e-02 -3.683678329578609755e-04
-1.244999999999972218e+01 -1.437561422319462434e-02 -3.781688813167985268e-04
-1.239999999999972147e+01 -1.441046829718962280e-02 -3.880626469819447970e-04
-1.234999999999972076e+01 -1.444622461664418073e-02 -3.980521475879658048e-04
-1.229999999999972005e+01 -1.448289192361015831e-02 -4.081404527858025367e-04
-1.224999999999971934e+01 -1.452047923683115471e-02 -4.183306863441186522e-04
-1.219999999999971863e+01 -1.455899585661346585e-02 -4.286260283054264559e-04
-1.214999999999971791e+01 -1.459845136988098535e-02 -4.390297171967391318e-04
-1.209999999999971720e+01 -1.463885565543287387e-02 -4.495450523011534048e-04
-1.204999999999971649e+01 -1.468021888939847336e-02 -4.601753959903875663e-04
-1.199999999999971578e+01 -1.472255155089883388e-02 -4.709241761220747755e-04
-1.194999999999971507e+01 -1.476586442792404696e-02 -4.817948885058305573e-04
-1.189999999999971436e+01 -1.481016862342075802e-02 -4.927910994382558255e-04
-1.184999999999971365e+01 -1.485547556161181948e-02 -5.039164483140318174e-04
-1.179999999999971294e+01 -1.490179699454268619e-02 -5.151746503135345469e-04
-1.174999999999971223e+01 -1.494914500886531522e-02 -5.265694991714285362e-04
-1.169999999999971152e+01 -1.499753203287080422e-02 -5.381048700309157707e-04
-1.164999999999971081e+01 -1.504697084376557803e-02 -5.497847223843053618e-04
-1.159999999999971010e+01 -1.509747457521577740e-02 -5.616131031079801394e-04
-1.154999999999970939e+01 -1.514905672515497875e-02 -5.735941495927422435e-04
-1.149999999999970868e+01 -1.520173116386823453e-02 -5.857320929748303581e-04
-1.144999999999970797e+01 -1.525551214236555569e-02 -5.980312614731536289e-04
-1.139999999999970726e+01 -1.531041430104010392e-02 -6.104960838340723651e-04
-1.134999999999970655e+01 -1.536645267863932102e-02 -6.231310928929570739e-04
-1.129999999999970584e+01 -1.542364272154519989e-02 -6.359409292542687886e-04
-1.124999999999970512e+01 -1.548200029337804678e-02 -6.489303450964828933e-04
-1.119999999999970441e+01 -1.554154168494061017e-02 -6.621042081085841326e-04
-1.114999999999970370e+01 -1.560228362449771894e-02 -6.754675055602741077e-04
-1.109999999999970299e+01 -1.566424328842413310e-02 -6.890253485166376521e-04
-1.104999999999970228e+01 -1.572743831221783128e-02 -7.027829761999905209e-04
-1.099999999999970157e+01 -1.579188680189570065e-02 -7.167457605065984203e-04
-1.094999999999970086e+01 -1.585760734579196723e-02 -7.309192106864294703e-04
-1.089999999999970015e+01 -1.592461902675517543e-02 -7.453089781892738037e-04
-1.084999999999969944e+01 -1.599294143478176972e-02 -7.599208616898187572e-04
-1.079999999999969873e+01 -1.606259468008446045e-02 -7.747608122957276317e-04
-1.074999999999969802e+01 -1.613359940661604486e-02 -7.898349389481745288e-04
-1.069999999999969731e+01 -1.620597680607306634e-02 -8.051495140248736762e-04
-1.064999999999969660e+01 -1.627974863237600933e-02 -8.207109791504769471e-04
-1.059999999999969589e+01 -1.635493721667084094e-02 -8.365259512293037308e-04
-1.054999999999969518e+01 -1.643156548285101826e-02 -8.526012287062107939e-04
-1.049999999999969447e+01 -1.650965696362598906e-02 -8.689437980673503283e-04
-1.044999999999969376e+01 -1.658923581716415657e-02 -8.855608405932374576e-04
-1.039999999999969305e+01 -1.667032684431034306e-02 -9.024597393711218229e-04
-1.034999999999969233e+01 -1.675295550642880854e-02 -9.196480865846323825e-04
-1.029999999999969162e+01 -1.683714794387372593e-02 -9.371336910888559968e-04
-1.024999999999969091e+01 -1.692293099511887194e-02 -9.549245862855782526e-04
-1.019999999999969020e+01 -1.701033221658000000e-02 -9.730290383142554522e-04
-1.014999999999968949e+01 -1.709937990313335765e-02 -9.914555545685042100e-04
-1.009999999999968878e+01 -1.719010310938934999e-02 -1.010212892559959018e-03
-1.004999999999968807e+01 -1.728253167172761479e-02 -1.029310069140850024e-03
-9.999999999999687361e+00 -1.737669623113155537e-02 -1.048756370103884035e-03
-9.949999999999686651e+00 -1.747262825686322213e-02 -1.068561360179160142e-03
-9.899999999999685940e+00 -1.757036007098648767e-02 -1.088734893441651013e-03
-9.849999999999685230e+00 -1.766992487380758536e-02 -1.109287124156141998e-03
-9.799999999999684519e+00 -1.777135677024457155e-02 -1.130228518075268931e-03
-9.749999999999683808e+00 -1.787469079717218801e-02 -1.151569864214347077e-03
-9.699999999999683098e+00 -1.797996295179215415e-02 -1.173322287128196733e-03
-9.649999999999682387e+00 -1.808721022104314846e-02 -1.195497259708562174e-03
-9.599999999999681677e+00 -1.819647061213182371e-02 -1.218106616535658514e-03
-9.549999999999680966e+00 -1.830778318420345913e-02 -1.241162567805212651e-03
-9.499999999999680256e+00 -1.842118808120992574e-02 -1.264677713861574095e-03
-9.449999999999679545e+00 -1.853672656603627678e-02 -1.288665060369318521e-03
-9.399999999999678835e+00 -1.865444105590871593e-02 -1.313138034148891332e-03
-9.349999999999678124e+00 -1.877437515918084499e-02 -1.338110499718513959e-03
-9.299999999999677414e+00 -1.889657371352645304e-02 -1.363596776571648038e-03
-9.249999999999676703e+00 -1.902108282561031788e-02 -1.389611657229669357e-03
-9.199999999999675993e+00 -1.914794991231347915e-02 -1.416170426112005939e-03
-9.149999999999675282e+00 -1.927722374354687990e-02 -1.443288879258672851e-03
-9.099999999999674571e+00 -1.940895448677007473e-02 -1.470983344959146677e-03
-9.049999999999673861e+00 -1.954319375325609676e-02 -1.499270705327575455e-03
-8.999999999999673150e+00 -1.967999464619207828e-02 -1.528168418876442967e-03
-8.949999999999672440e+00 -1.981941181071153468e-02 -1.557694544144081015e-03
-8.899999999999671729e+00 -1.996150148590764700e-02 -1.587867764424045515e-03
-8.849999999999671019e+00 -2.010632155896877049e-02 -1.618707413665950064e-03
-8.799999999999670308e+00 -2.025393162149538573e-02 -1.650233503602670064e-03
-8.749999999999669598e+00 -2.040439302811166561e-02 -1.682466752172915615e-03
-8.699999999999668887e+00 -2.055776895749242272e-02 -1.715428613312693345e-03
-8.649999999999668177e+00 -2.071412447587617223e-02 -1.749141308181643897e-03
-8.599999999999667466e+00 -2.087352660323722742e-02 -1.783627857915340200e-03
-8.549999999999666755e+00 -2.103604438220061518e-02 -1.818912117979111943e-03
-8.499999999999666045e+00 -2.120174894984325209e-02 -1.855018814215710424e-03
-8.449999999999665334e+00 -2.137071361253609775e-02 -1.891973580685316157e-03
-8.399999999999664624e+00 -2.154301392392649062e-02 -1.929802999389130472e-03
-8.349999999999663913e+00 -2.171872776627482848e-02 -1.968534641997148234e-03
-8.299999999999663203e+00 -2.189793543526256936e-02 -2.008197113684681654e-03
-8.249999999999662492e+00 -2.208071972845666170e-02 -2.048820099202474168e-03
-8.199999999999661782e+00 -2.226716603762773916e-02 -2.090434411313762952e-03
-8.149999999999661071e+00 -2.245736244506271045e-02 -2.133072041725178180e-03
-8.099999999999660361e+00 -2.265139982413866271e-02 -2.176766214673200341e-03
-8.049999999999659650e+00 -2.284937194432114238e-02 -2.221551443311922756e-03
-7.999999999999658939e+00 -2.305137558082698962e-02 -2.267463589072674698e-03
-7.949999999999658229e+00 -2.325751062920770190e-02 -2.314539924178142874e-03
-7.899999999999657518e+00 -2.346788022504902455e-02 -2.362819197488700684e-03
-7.849999999999656808e+00 -2.368259086912527511e-02 -2.412341703900706957e-03
-7.799999999999656097e+00 -2.390175255823403372e-02 -2.463149357501403895e-03
-7.749999999999655387e+00 -2.412547892202623889e-02 -2.515285768716287590e-03
-7.699999999999654676e+00 -2.435388736616692779e-02 -2.568796325701874252e-03
-7.649999999999653966e+00 -2.458709922209859067e-02 -2.623728280234814171e-03
-7.599999999999653255e+00 -2.482523990384123691e-02 -2.680130838400223130e-03
-7.549999999999652545e+00 -2.506843907214288680e-02 -2.738055256369035032e-03
-7.499999999999651834e+00 -2.531683080639594852e-02 -2.797554941594484947e-03
-7.449999999999651124e+00 -2.557055378476435353e-02 -2.858685559782446657e-03
-7.399999999999650413e+00 -2.582975147289913453e-02 -2.921505147993391435e-03
-7.349999999999649702e+00 -2.609457232180659864e-02 -2.986074234299207660e-03
-7.299999999999648992e+00 -2.636516997530479606e-02 -3.052455964409646252e-03
-7.249999999999648281e+00 -2.664170348762421453e-02 -3.120716235736340979e-03
-7.199999999999647571e+00 -2.692433755174632876e-02 -3.190923839398267930e-03
-7.149999999999646860e+00 -2.721324273900765922e-02 -3.263150610684517963e-03
-7.099999999999646150e+00 -2.750859575071187835e-02 -3.337471588574395659e-03
-7.049999999999645439e+00 -2.781057968235675637e-02 -3.413965184915316708e-03
-6.999999999999644729e+00 -2.811938430122747079e-02 -3.492713363931005711e-03
-6.949999999999644018e+00 -2.843520633815763143e-02 -3.573801832785763240e-03
-6.899999999999643308e+00 -2.875824979419766558e-02 -3.657320243957567617e-03
-6.849999999999642597e+00 -2.908872626317970250e-02 -3.743362410284020812e-03
-6.799999999999641886e+00 -2.942685527103056781e-02 -3.832026533561475913e-03
-6.749999999999641176e+00 -2.977286463285690188e-02 -3.923415447678060830e-03
-6.699999999999640465e+00 -3.012699082889794266e-02 -4.017636877341726823e-03
-6.649999999999639755e+00 -3.048947940038679305e-02 -4.114803713516480485e-03
-6.599999999999639044e+00 -3.086058536665650665e-02 -4.215034306831583026e-03
-6.549999999999638334e+00 -3.124057366469153163e-02 -4.318452780272472036e-03
-6.499999999999637623e+00 -3.162971961253598779e-02 -4.425189362606188510e-03
-6.449999999999636913e+00 -3.202830939807318339e-02 -4.535380744117972415e-03
-6.399999999999636202e+00 -3.243664059464871491e-02 -4.649170456329424113e-03
-6.349999999999635492e+00 -3.285502270536774100e-02 -4.766709277582274924e-03
-6.299999999999634781e+00 -3.328377773776897142e-02 -4.888155666463624670e-03
-6.249999999999634070e+00 -3.372324081084336622e-02 -5.013676225261554098e-03
-6.199999999999633360e+00 -3.417376079651218701e-02 -5.143446195834484348e-03
-6.149999999999632649e+00 -3.463570099766261068e-02 -5.277649990442050132e-03
-6.099999999999631939e+00 -3.510943986528114458e-02 -5.416481760396686489e-03
-6.049999999999631228e+00 -3.559537175711526696e-02 -5.560146005569903231e-03
-5.999999999999630518e+00 -3.609390774063811480e-02 -5.708858228112254594e-03
-5.949999999999629807e+00 -3.660547644329832651e-02 -5.862845634057923562e-03
-5.899999999999629097e+00 -3.713052495306959355e-02 -6.022347886770073981e-03
-5.849999999999628386e+00 -3.766951977286377151e-02 -6.187617916653424463e-03
-5.799999999999627676e+00 -3.822294783230680004e-02 -6.358922791880764445e-03
-5.749999999999626965e+00 -3.879131756082495469e-02 -6.536544655391583053e-03
-5.699999999999626255e+00 -3.937516002629172507e-02 -6.720781733932419504e-03
-5.649999999999625544e+00 -3.997503014359256313e-02 -6.911949425404729369e-03
-5.599999999999624833e+00 -4.059150795816605928e-02 -7.110381471522120647e-03
-5.549999999999624123e+00 -4.122520000958886099e-02 -7.316431223357360361e-03
-5.499999999999623412e+00 -4.187674078087123830e-02 -7.530473008190648881e-03
-5.449999999999622702e+00 -4.254679423957109796e-02 -7.752903606929780964e-03
-5.399999999999621991e+00 -4.323605547705776375e-02 -7.984143852243837103e-03
-5.349999999999621281e+00 -4.394525245317035256e-02 -8.224640358747720842e-03
-5.299999999999620570e+00 -4.467514785364180840e-02 -8.474867397620147388e-03
-5.249999999999619860e+00 -4.542654106847203443e-02 -8.735328929433069239e-03
-5.199999999999619149e+00 -4.620027030007539670e-02 -9.006560810451787538e-03
-5.149999999999618439e+00 -4.699721481042340443e-02 -9.289133189219016956e-03
-5.099999999999617728e+00 -4.781829731760760260e-02 -9.583653112251325559e-03
-5.049999999999617017e+00 -4.866448655254841660e-02 -9.890767359585583493e-03
-4.999999999999616307e+00 -4.953679998768102666e-02 -1.021116553333517585e-02
-4.949999999999615596e+00 -5.043630675036035738e-02 -1.054558342504404236e-02
-4.899999999999614886e+00 -5.136413073436264798e-02 -1.089480669045692768e-02
-4.849999999999614175e+00 -5.232145392443643406e-02 -1.125967486385286501e-02
-4.799999999999613465e+00 -5.330951994938726290e-02 -1.164108574763784813e-02
-4.749999999999612754e+00 -5.432963788063870092e-02 -1.204000021724626474e-02
-4.699999999999612044e+00 -5.538318629444760610e-02 -1.245744748621041217e-02
-4.649999999999611333e+00 -5.647161761684285630e-02 -1.289453088154567800e-02
-4.599999999999610623e+00 -5.759646277233375355e-02 -1.335243418602217146e-02
-4.549999999999609912e+00 -5.875933615815109867e-02 -1.383242861064891763e-02
-4.499999999999609201e+00 -5.996194096754813019e-02 -1.433588046881200187e-02
-4.449999999999608491e+00 -6.120607488712118127e-02 -1.486425963260830894e-02
-4.399999999999607780e+00 -6.249363619405554071e-02 -1.541914886209519789e-02
-4.349999999999607070e+00 -6.382663028130737548e-02 -1.600225411034232603e-02
-4.299999999999606359e+00 -6.520717663920112817e-02 -1.661541592040617632e-02
-4.249999999999605649e+00 -6.663751632341952114e-02 -1.726062204605875380e-02
-4.199999999999604938e+00 -6.812001994020994156e-02 -1.794002144594903508e-02
-4.149999999999604228e+00 -6.965719617955266896e-02 -1.865593982112723898e-02
-4.099999999999603517e+00 -7.125170092789463727e-02 -1.941089688986229189e-02
-4.049999999999602807e+00 -7.290634699039244548e-02 -2.020762562047068861e-02
-3.999999999999602096e+00 -7.462411445143839195e-02 -2.104909367450661511e-02
-3.949999999999601386e+00 -7.640816169935563118e-02 -2.193852734900805443e-02
-3.899999999999600675e+00 -7.826183713594742075e-02 -2.287943834824303704e-02
-3.849999999999599964e+00 -8.018869158595881563e-02 -2.387565376472738574e-02
-3.799999999999599254e+00 -8.219249141088655342e-02 -2.493134970542990742e-02
-3.749999999999598543e+00 -8.427723231899762746e-02 -2.605108906531488494e-02
-3.699999999999597833e+00 -8.644715384553973425e-02 -2.723986402722720912e-02
-3.649999999999597122e+00 -8.870675445228948242e-02 -2.850314395632109685e-02
-3.599999999999596412e+00 -9.106080716491571359e-02 -2.984692946262263932e-02
-3.549999999999595701e+00 -9.351437562306913476e-02 -3.127781352702287132e-02
-3.499999999999594991e+00 -9.607283036338511162e-02 -3.280305072971004265e-02
-3.449999999999594280e+00 -9.874186508311098842e-02 -3.443063578805590635e-02
-3.399999999999593570e+00 -1.015275125365339426e-01 -3.616939280736000684e-02
-3.349999999999592859e+00 -1.044361595949355181e-01 -3.802907687993494629e-02
-3.299999999999592148e+00 -1.074745608392540519e-01 -4.002048993828467849e-02
-3.249999999999591438e+00 -1.106498498479218107e-01 -4.215561308696076648e-02
-3.199999999999590727e+00 -1.139695470729918531e-01 -4.444775801108126478e-02
-3.149999999999590017e+00 -1.174415628468156447e-01 -4.691174049602298002e-02
-3.099999999999589306e+00 -1.210741936096069449e-01 -4.956407960550029967e-02
-3.049999999999588596e+00 -1.248761088565371880e-01 -5.242322666003681325e-02
-2.999999999999587885e+00 -1.288563255375435035e-01 -5.550982885068182771e-02
-2.949999999999587175e+00 -1.330241656456134791e-01 -5.884703312168164391e-02
-2.899999999999586464e+00 -1.373891914284249838e-01 -6.246083686869204760e-02
-2.849999999999585754e+00 -1.419611109663024839e-01 -6.638049303468733509e-02
-2.799999999999585043e+00 -1.467496446450100023e-01 -7.063897833266437332e-02
-2.749999999999584332e+00 -1.517643401632156053e-01 -7.527353457022366301e-02
-2.699999999999583622e+00 -1.570143199357003638e-01 -8.032629434772416144e-02
-2.649999999999582911e+00 -1.625079398084959548e-01 -8.584500366196781695e-02
-2.599999999999582201e+00 -1.682523315401596720e-01 -9.188385502594989540e-02
-2.549999999999581490e+00 -1.742527930506258538e-01 -9.850444534515577499e-02
-2.499999999999580780e+00 -1.805119794166133163e-01 -1.057768725635364337e-01
-2.449999999999580069e+00 -1.870288332526010011e-01 -1.137809833316384134e-01
-2.399999999999579359e+00 -1.937971745506046339e-01 -1.226077795988957525e-01
-2.349999999999578648e+00 -2.008038462026468518e-01 -1.323609834653518835e-01
-2.299999999999577938e+00 -2.080262811143039348e-01 -1.431587443183079955e-01
-2.249999999999577227e+00 -2.154293189396200014e-01 -1.551354464412315615e-01
-2.199999999999576517e+00 -2.229610543207910245e-01 -1.684435332286615405e-01
-2.149999999999575806e+00 -2.305474445266310624e-01 -1.832551975322388449e-01
-2.099999999999575095e+00 -2.380853454567895267e-01 -1.997636845565465280e-01
-2.049999999999574385e+00 -2.454335888697965484e-01 -2.181837974863118368e-01
-1.999999999999573674e+00 -2.524016772127496422e-01 -2.387509647646386679e-01
-1.949999999999572964e+00 -2.587356881617551840e-01 -2.617178950759194711e-01
-1.899999999999572253e+00 -2.641011077221960823e-01 -2.873473845419121653e-01
-1.849999999999571543e+00 -2.680626479674360074e-01 -3.158992346220806935e-01
-1.799999999999570832e+00 -2.700618100263822985e-01 -3.476085107128082941e-01
-1.749999999999570122e+00 -2.693942497251257118e-01 -3.826516328830841251e-01
-1.699999999999569411e+00 -2.651911682282676597e-01 -4.210963349440465797e-01
-1.649999999999568701e+00 -2.564122177782960366e-01 -4.628319620207556606e-01
-1.599999999999567990e+00 -2.418617291970086014e-01 -5.074789523666586311e-01
-1.549999999999567279e+00 -2.202445953649885269e-01 -5.542821603054777224e-01
-1.499999999999566569e+00 -1.902805233802962737e-01 -6.020033952609130656e-01
-1.449999999999565858e+00 -1.508911086475349939e-01 -6.488442196844625975e-01
-1.399999999999565148e+00 -1.014573213963652631e-01 -6.924467006218367748e-01
-1.349999999999564437e+00 -4.211181221649537565e-02 -7.300268543120065345e-01
-1.299999999999563727e+00 2.601302344165670744e-02 -7.586769163647588687e-01
-1.249999999999563016e+00 1.006913901874143535e-01 -7.758170102071825225e-01
-1.199999999999562306e+00 1.787599319687693256e-01 -7.796959646971598490e-01
-1.149999999999561595e+00 2.565381821390497752e-01 -7.697792896878781210e-01
-1.099999999999560885e+00 3.304119124010511666e-01 -7.468738391313339831e-01
-1.049999999999560174e+00 3.973951557387891409e-01 -7.129370127943018831e-01
-9.999999999995594635e-01 4.554978668480227921e-01 -6.706495273921320166e-01
-9.499999999995587530e-01 5.038227021987726761e-01 -6.229126680243630698e-01
-8.999999999995580424e-01 5.424283476984735897e-01 -5.724232226900497489e-01
-8.499999999995573319e-01 5.720631663754144336e-01 -5.214084635209033092e-01
-7.999999999995566213e-01 5.938753323920691329e-01 -4.715254795583282421e-01
-7.499999999995559108e-01 6.091690759622555573e-01 -4.238817061229958050e-01
-6.999999999995552002e-01 6.192341157357479364e-01 -3.791218226246868550e-01
-6.499999999995544897e-01 6.252456611124092012e-01 -3.375365704715998505e-01
-5.999999999995537792e-01 6.282187060196473549e-01 -2.991661250851180842e-01
-5.499999999995530686e-01 6.289979752958996251e-01 -2.638854067427471861e-01
-4.999999999995523581e-01 6.282679983691576986e-01 -2.314683054102091853e-01
-4.499999999995516475e-01 6.265723653506719559e-01 -2.016327726433133072e-01
-3.999999999995509370e-01 6.243353254152029796e-01 -1.740706685426225975e-01
-3.499999999995502264e-01 6.218819456495927600e-01 -1.484665620998114610e-01
-2.999999999995495159e-01 6.194551611351005738e-01 -1.245092853429439622e-01
-2.499999999995488054e-01 6.172295216827965447e-01 -1.018993626978267342e-01
-1.999999999995480948e-01 6.153225124939198931e-01 -8.035454773106340265e-02
-1.499999999995473843e-01 6.138049883308642762e-01 -5.961451634733798410e-02
-9.999999999954667373e-02 6.127122432938920671e-01 -3.944433789990969830e-02
-4.999999999954596319e-02 6.120562560087345894e-01 -1.963512166363487466e-02
4.547473508864641190e-13 6.118378912553015248e-01 8.854028621385623410e-15
5.000000000045190518e-02 6.120562560087424719e-01 1.963512166399306036e-02
1.000000000004561684e-01 6.127122432939080543e-01 3.944433790027268572e-02
1.500000000004604317e-01 6.138049883308880350e-01 5.961451634770939534e-02
2.000000000004575895e-01 6.153225124939512014e-01 8.035454773144719287e-02
2.500000000004547474e-01 6.172295216827901054e-01 1.018993626978287603e-01
3.000000000004590106e-01 6.194551611351433174e-01 1.245092853433666241e-01
3.500000000004632739e-01 6.218819456496378351e-01 1.484665621002612679e-01
4.000000000004604317e-01 6.243353254152465004e-01 1.740706685431050449e-01
4.500000000004575895e-01 6.265723653507088153e-01 2.016327726438343904e-01
5.000000000004618528e-01 6.282679983691812353e-01 2.314683054107745108e-01
5.500000000004661160e-01 6.289979752959010684e-01 2.638854067433621386e-01
6.000000000004632739e-01 6.282187060196154915e-01 2.991661250857874377e-01
6.500000000004604317e-01 6.252456611123302643e-01 3.375365704723268245e-01
7.000000000004646949e-01 6.192341157356049397e-01 3.791218226254724488e-01
7.500000000004689582e-01 6.091690759620287388e-01 4.238817061238375206e-01
8.000000000004661160e-01 5.938753323917356219e-01 4.715254795592178083e-01
8.500000000004632739e-01 5.720631663749504714e-01 5.214084635218250163e-01
9.000000000004675371e-01 5.424283476978558616e-01 5.724232226909788945e-01
9.500000000004718004e-01 5.038227021979834186e-01 6.229126680252639048e-01
1.000000000000468958e+00 4.554978668470537340e-01 6.706495273929593548e-01
1.050000000000466116e+00 3.973951557376471655e-01 7.129370127950040992e-01
1.100000000000470379e+00 3.304119123997624197e-01 7.468738391318584524e-01
1.150000000000474643e+00 2.565381821376602201e-01 7.697792896881812119e-01
1.200000000000471800e+00 1.787599319673404685e-01 7.796959646972152491e-01
1.250000000000468958e+00 1.006913901860144456e-01 7.758170102069876783e-01
1.300000000000473221e+00 2.601302344034955860e-02 7.586769163643355407e-01
1.350000000000477485e+00 -4.211181221765986082e-02 7.300268543113956898e-01
1.400000000000474643e+00 -1.014573213973564425e-01 6.924467006210895947e-01
1.450000000000471800e+00 -1.508911086483420150e-01 6.488442196836322617e-01
1.500000000000476064e+00 -1.902805233809242436e-01 6.020033952600465366e-01
1.550000000000480327e+00 -2.202445953654539323e-01 5.542821603046134138e-01
1.600000000000477485e+00 -2.418617291973335082e-01 5.074789523658241874e-01
1.650000000000474643e+00 -2.564122177785044254e-01 4.628319620199684015e-01
1.700000000000478906e+00 -2.651911682283823457e-01 4.210963349433167191e-01
1.750000000000483169e+00 -2.693942497251669566e-01 3.826516328824157154e-01
1.800000000000480327e+00 -2.700618100263677546e-01 3.476085107122014461e-01
1.850000000000477485e+00 -2.680626479673799967e-01 3.158992346215332980e-01
1.900000000000481748e+00 -2.641011077221098180e-01 2.873473845414202255e-01
1.950000000000486011e+00 -2.587356881616476589e-01 2.617178950754782685e-01
2.000000000000483169e+00 -2.524016772126276287e-01 2.387509647642434008e-01
2.050000000000480327e+00 -2.454335888696657642e-01 2.181837974859579532e-01
2.100000000000484590e+00 -2.380853454566536354e-01 1.997636845562295593e-01
2.150000000000488853e+00 -2.305474445264931727e-01 1.832551975319546278e-01
2.200000000000486011e+00 -2.229610543206533568e-01 1.684435332284064113e-01
2.250000000000483169e+00 -2.154293189394839991e-01 1.551354464410020784e-01
2.300000000000487432e+00 -2.080262811141707635e-01 1.431587443181012997e-01
2.350000000000491696e+00 -2.008038462025173720e-01 1.323609834651653383e-01
2.400000000000488853e+00 -1.937971745504793453e-01 1.226077795987271235e-01
2.450000000000486011e+00 -1.870288332524801533e-01 1.137809833314856328e-01
2.500000000000490274e+00 -1.805119794164971592e-01 1.057768725633977669e-01
2.550000000000494538e+00 -1.742527930505143874e-01 9.850444534502966754e-02
2.600000000000491696e+00 -1.682523315400528685e-01 9.188385502583493181e-02
2.650000000000488853e+00 -1.625079398083938698e-01 8.584500366186287312e-02
2.700000000000493117e+00 -1.570143199356026364e-01 8.032629434762816878e-02
2.750000000000497380e+00 -1.517643401631222355e-01 7.527353457013566396e-02
2.800000000000494538e+00 -1.467496446449208514e-01 7.063897833258361847e-02
2.850000000000491696e+00 -1.419611109662173576e-01 6.638049303461306117e-02
2.900000000000495959e+00 -1.373891914283436599e-01 6.246083686862360929e-02
2.950000000000500222e+00 -1.330241656455359023e-01 5.884703312161850691e-02
3.000000000000497380e+00 -1.288563255374693961e-01 5.550982885062347855e-02
3.050000000000494538e+00 -1.248761088564664251e-01 5.242322665998279396e-02
3.100000000000498801e+00 -1.210741936095393601e-01 4.956407960545022862e-02
3.150000000000503064e+00 -1.174415628467510020e-01 4.691174049597648249e-02
3.200000000000500222e+00 -1.139695470729301108e-01 4.444775801103804935e-02
3.250000000000497380e+00 -1.106498498478627607e-01 4.215561308692054171e-02
3.300000000000501643e+00 -1.074745608391976109e-01 4.002048993824718071e-02
3.350000000000505906e+00 -1.044361595948814642e-01 3.802907687989995345e-02
3.400000000000503064e+00 -1.015275125364821646e-01 3.616939280732731077e-02
3.450000000000500222e+00 -9.874186508306141696e-02 3.443063578802531971e-02
3.500000000000504485e+00 -9.607283036333755244e-02 3.280305072968139196e-02
3.550000000000508749e+00 -9.351437562302357398e-02 3.127781352699601780e-02
3.600000000000505906e+00 -9.106080716487202631e-02 2.984692946259740604e-02
3.650000000000503064e+00 -8.870675445224755762e-02 2.850314395629741093e-02
3.700000000000507328e+00 -8.644715384549946091e-02 2.723986402720492486e-02
3.750000000000511591e+00 -8.427723231895895006e-02 2.605108906529390519e-02
3.800000000000508749e+00 -8.219249141084934707e-02 2.493134970541013157e-02
3.850000000000505906e+00 -8.018869158592303870e-02 2.387565376470872358e-02
3.900000000000510170e+00 -7.826183713591303159e-02 2.287943834822544348e-02
3.950000000000514433e+00 -7.640816169932253266e-02 2.193852734899141496e-02
4.000000000000511591e+00 -7.462411445140650079e-02 2.104909367449087076e-02
4.050000000000508749e+00 -7.290634699036177557e-02 2.020762562045579080e-02
4.100000000000513012e+00 -7.125170092786509146e-02 1.941089688984817818e-02
4.150000000000517275e+00 -6.965719617952423337e-02 1.865593982111387814e-02
4.200000000000514433e+00 -6.812001994018250517e-02 1.794002144593635079e-02
4.250000000000511591e+00 -6.663751632339305619e-02 1.726062204604671135e-02
4.300000000000515854e+00 -6.520717663917557916e-02 1.661541592039474102e-02
4.350000000000520117e+00 -6.382663028128272853e-02 1.600225411033145279e-02
4.400000000000517275e+00 -6.249363619403174031e-02 1.541914886208485894e-02
4.450000000000514433e+00 -6.120607488709815802e-02 1.486425963259846439e-02
4.500000000000518696e+00 -5.996194096752588409e-02 1.433588046880262395e-02
4.550000000000522959e+00 -5.875933615812957422e-02 1.383242861063997339e-02
4.600000000000520117e+00 -5.759646277231300626e-02 1.335243418601364876e-02
4.650000000000517275e+00 -5.647161761682274739e-02 1.289453088153754388e-02
4.700000000000521538e+00 -5.538318629442813557e-02 1.245744748620264755e-02
4.750000000000525802e+00 -5.432963788061986876e-02 1.204000021723884532e-02
4.800000000000522959e+00 -5.330951994936901361e-02 1.164108574763075485e-02
4.850000000000520117e+00 -5.232145392441875376e-02 1.125967486384608224e-02
4.900000000000524381e+00 -5.136413073434546728e-02 1.089480669045043634e-02
4.950000000000528644e+00 -5.043630675034374566e-02 1.054558342503782511e-02
5.000000000000525802e+00 -4.953679998766494230e-02 1.021116553332922054e-02
5.050000000000522959e+00 -4.866448655253280409e-02 9.890767359579879722e-03
5.100000000000527223e+00 -4.781829731759246194e-02 9.583653112245855976e-03
5.150000000000531486e+00 -4.699721481040870785e-02 9.289133189213771152e-03
5.200000000000528644e+00 -4.620027030006111646e-02 9.006560810446748166e-03
5.250000000000525802e+00 -4.542654106845817052e-02 8.735328929428229361e-03
5.300000000000530065e+00 -4.467514785362836083e-02 8.474867397615507003e-03
5.350000000000534328e+00 -4.394525245315727968e-02 8.224640358743259133e-03
5.400000000000531486e+00 -4.323605547704502394e-02 7.984143852239548866e-03
5.450000000000528644e+00 -4.254679423955874673e-02 7.752903606925655791e-03
5.500000000000532907e+00 -4.187674078085922014e-02 7.530473008186680701e-03
5.550000000000537170e+00 -4.122520000957716202e-02 7.316431223353537898e-03
5.600000000000534328e+00 -4.059150795815466561e-02 7.110381471518442166e-03
5.650000000000531486e+00 -3.997503014358150253e-02 6.911949425401186196e-03
5.700000000000535749e+00 -3.937516002628098366e-02 6.720781733929008170e-03
5.750000000000540012e+00 -3.879131756081447002e-02 6.536544655388293150e-03
5.800000000000537170e+00 -3.822294783229659987e-02 6.358922791877594238e-03
5.850000000000534328e+00 -3.766951977285382808e-02 6.187617916650362676e-03
5.900000000000538591e+00 -3.713052495305993461e-02 6.022347886767123216e-03
5.950000000000542855e+00 -3.660547644328889655e-02 5.862845634055073411e-03
6.000000000000540012e+00 -3.609390774062892077e-02 5.708858228109502456e-03
6.050000000000537170e+00 -3.559537175710629497e-02 5.560146005567244767e-03
6.100000000000541434e+00 -3.510943986527242239e-02 5.416481760394119098e-03
6.150000000000545697e+00 -3.463570099765408972e-02 5.277649990439564273e-03
6.200000000000542855e+00 -3.417376079650388809e-02 5.143446195832082624e-03
6.250000000000540012e+00 -3.372324081083527547e-02 5.013676225259233905e-03
6.300000000000544276e+00 -3.328377773776108189e-02 4.888155666461381672e-03
6.350000000000548539e+00 -3.285502270536004576e-02 4.766709277580101316e-03
6.400000000000545697e+00 -3.243664059464120009e-02 4.649170456327321628e-03
6.450000000000542855e+00 -3.202830939806584898e-02 4.535380744115934983e-03
6.500000000000547118e+00 -3.162971961252880604e-02 4.425189362604214395e-03
6.550000000000551381e+00 -3.124057366468453723e-02 4.318452780270562973e-03
6.600000000000548539e+00 -3.086058536664967877e-02 4.215034306829731209e-03
6.650000000000545697e+00 -3.048947940038013171e-02 4.114803713514686781e-03
6.700000000000549960e+00 -3.012699082889144786e-02 4.017636877339984293e-03
6.750000000000554223e+00 -2.977286463285052504e-02 3.923415447676372077e-03
6.800000000000551381e+00 -2.942685527102435056e-02 3.832026533559842671e-03
6.850000000000548539e+00 -2.908872626317360321e-02 3.743362410282432239e-03
6.900000000000552802e+00 -2.875824979419172589e-02 3.657320243956025448e-03
6.950000000000557066e+00 -2.843520633815183746e-02 3.573801832784266174e-03
7.000000000000554223e+00 -2.811938430122179478e-02 3.492713363929550278e-03
7.050000000000551381e+00 -2.781057968235119832e-02 3.413965184913905077e-03
7.100000000000555644e+00 -2.750859575070645213e-02 3.337471588573025661e-03
7.150000000000559908e+00 -2.721324273900237178e-02 3.263150610683186563e-03
7.200000000000557066e+00 -2.692433755174110377e-02 3.190923839396972526e-03
7.250000000000554223e+00 -2.664170348761910057e-02 3.120716235735080269e-03
7.300000000000558487e+00 -2.636516997529982087e-02 3.052455964408419802e-03
7.350000000000562750e+00 -2.609457232180171365e-02 2.986074234298016772e-03
7.400000000000559908e+00 -2.582975147289437445e-02 2.921505147992230038e-03
7.450000000000557066e+00 -2.557055378475970447e-02 2.858685559781319521e-03
7.500000000000561329e+00 -2.531683080639138966e-02 2.797554941593389036e-03
7.550000000000565592e+00 -2.506843907213841816e-02 2.738055256367966008e-03
7.600000000000562750e+00 -2.482523990383687928e-02 2.680130838399186633e-03
7.650000000000559908e+00 -2.458709922209430243e-02 2.623728280233801526e-03
7.700000000000564171e+00 -2.435388736616272976e-02 2.568796325700888061e-03
7.750000000000568434e+00 -2.412547892202213107e-02 2.515285768715326119e-03
7.800000000000565592e+00 -2.390175255823001610e-02 2.463149357500468012e-03
7.850000000000562750e+00 -2.368259086912134076e-02 2.412341703899793625e-03
7.900000000000567013e+00 -2.346788022504515958e-02 2.362819197487811638e-03
7.950000000000571276e+00 -2.325751062920389939e-02 2.314539924177276380e-03
8.000000000000568434e+00 -2.305137558082328425e-02 2.267463589071827285e-03
8.050000000000565592e+00 -2.284937194431751334e-02 2.221551443311100063e-03
8.100000000000569855e+00 -2.265139982413510999e-02 2.176766214672394995e-03
8.150000000000574119e+00 -2.245736244505920631e-02 2.133072041724390615e-03
8.200000000000571276e+00 -2.226716603762432523e-02 2.090434411312998373e-03
8.250000000000568434e+00 -2.208071972845329634e-02 2.048820099201726069e-03
8.300000000000572697e+00 -2.189793543525927338e-02 2.008197113683953938e-03
8.350000000000576961e+00 -2.171872776627158802e-02 1.968534641996434829e-03
8.400000000000574119e+00 -2.154301392392332648e-02 1.929802999388434848e-03
8.450000000000571276e+00 -2.137071361253300994e-02 1.891973580684636579e-03
8.500000000000575540e+00 -2.120174894984019898e-02 1.855018814215046458e-03
8.550000000000579803e+00 -2.103604438219761064e-02 1.818912117978463156e-03
8.600000000000576961e+00 -2.087352660323432696e-02 1.783627857914704424e-03
8.650000000000574119e+00 -2.071412447587329259e-02 1.749141308181023733e-03
8.700000000000578382e+00 -2.055776895748960553e-02 1.715428613312088360e-03
8.750000000000582645e+00 -2.040439302810891087e-02 1.682466752172321039e-03
8.800000000000579803e+00 -2.025393162149268650e-02 1.650233503602090233e-03
8.850000000000576961e+00 -2.010632155896611983e-02 1.618707413665384110e-03
8.900000000000581224e+00 -1.996150148590504492e-02 1.587867764423492572e-03
8.950000000000585487e+00 -1.981941181070898117e-02 1.557694544143540215e-03
9.000000000000582645e+00 -1.967999464618955946e-02 1.528168418875911275e-03
9.050000000000579803e+00 -1.954319375325361957e-02 1.499270705327055472e-03
9.100000000000584066e+00 -1.940895448676764612e-02 1.470983344958635801e-03
9.150000000000588329e+00 -1.927722374354449292e-02 1.443288879258173684e-03
9.200000000000585487e+00 -1.914794991231113380e-02 1.416170426111517614e-03
9.250000000000582645e+00 -1.902108282560803498e-02 1.389611657229191440e-03
9.300000000000586908e+00 -1.889657371352421872e-02 1.363596776571180096e-03
9.350000000000591172e+00 -1.877437515917863148e-02 1.338110499718055124e-03
9.400000000000588329e+00 -1.865444105590654406e-02 1.313138034148440738e-03
9.450000000000585487e+00 -1.853672656603416735e-02 1.288665060368878769e-03
9.500000000000589750e+00 -1.842118808120784407e-02 1.264677713861142583e-03
9.550000000000594014e+00 -1.830778318420143297e-02 1.241162567804791114e-03
9.600000000000591172e+00 -1.819647061212981143e-02 1.218106616535243481e-03
9.650000000000588329e+00 -1.808721022104118475e-02 1.195497259708156249e-03
9.700000000000592593e+00 -1.797996295179021126e-02 1.173322287127796879e-03
9.750000000000596856e+00 -1.787469079717027981e-02 1.151569864213955463e-03
9.800000000000594014e+00 -1.777135677024273275e-02 1.130228518074885124e-03
9.850000000000591172e+00 -1.766992487380576737e-02 1.109287124155765129e-03
9.900000000000595435e+00 -1.757036007098469049e-02 1.088734893441280216e-03
9.950000000000599698e+00 -1.747262825686146659e-02 1.068561360178796717e-03
1.000000000000059686e+01 -1.737669623112982759e-02 1.048756370103527116e-03
1.005000000000059401e+01 -1.728253167172591476e-02 1.029310069140499176e-03
1.010000000000059828e+01 -1.719010310938769159e-02 1.010212892559614892e-03
1.015000000000060254e+01 -1.709937990313172701e-02 9.914555545681655053e-04
1.020000000000059970e+01 -1.701033221657840405e-02 9.730290383139226021e-04
1.025000000000059686e+01 -1.692293099511729682e-02 9.549245862852525583e-04
1.030000000000060112e+01 -1.683714794387219243e-02 9.371336910885359403e-04
1.035000000000060538e+01 -1.675295550642729586e-02 9.196480865843166628e-04
1.040000000000060254e+01 -1.667032684430887202e-02 9.024597393708132589e-04
1.045000000000059970e+01 -1.658923581716269940e-02 8.855608405929330136e-04
1.050000000000060396e+01 -1.650965696362456658e-02 8.689437980670508717e-04
1.055000000000060822e+01 -1.643156548284962354e-02 8.526012287059171919e-04
1.060000000000060538e+01 -1.635493721666946010e-02 8.365259512290138151e-04
1.065000000000060254e+01 -1.627974863237464237e-02 8.207109791501907177e-04
1.070000000000060680e+01 -1.620597680607174101e-02 8.051495140245928678e-04
1.075000000000061107e+01 -1.613359940661474728e-02 7.898349389478976235e-04
1.080000000000060822e+01 -1.606259468008317676e-02 7.747608122954554970e-04
1.085000000000060538e+01 -1.599294143478053459e-02 7.599208616895516098e-04
1.090000000000060965e+01 -1.592461902675394725e-02 7.453089781890096920e-04
1.095000000000061391e+01 -1.585760734579076681e-02 7.309192106861696955e-04
1.100000000000061107e+01 -1.579188680189451410e-02 7.167457605063423318e-04
1.105000000000060822e+01 -1.572743831221664473e-02 7.027829761997381186e-04
1.110000000000061249e+01 -1.566424328842300207e-02 6.890253485163889361e-04
1.115000000000061675e+01 -1.560228362449660178e-02 6.754675055600288611e-04
1.120000000000061391e+01 -1.554154168493952770e-02 6.621042081083430061e-04
1.125000000000061107e+01 -1.548200029337697819e-02 6.489303450962450193e-04
1.130000000000061533e+01 -1.542364272154415211e-02 6.359409292540337336e-04
1.135000000000061959e+01 -1.536645267863828712e-02 6.231310928927257051e-04
1.140000000000061675e+01 -1.531041430103908391e-02 6.104960838338440322e-04
1.145000000000061391e+01 -1.525551214236457037e-02 5.980312614729283317e-04
1.150000000000061817e+01 -1.520173116386727002e-02 5.857320929746078798e-04
1.155000000000062244e+01 -1.514905672515402119e-02 5.735941495925234515e-04
1.160000000000061959e+01 -1.509747457521484065e-02 5.616131031077632989e-04
1.165000000000061675e+01 -1.504697084376466903e-02 5.497847223840913403e-04
1.170000000000062101e+01 -1.499753203286991604e-02 5.381048700307045681e-04
1.175000000000062528e+01 -1.494914500886444092e-02 5.265694991712208031e-04
1.180000000000062244e+01 -1.490179699454184659e-02 5.151746503133278979e-04
1.185000000000061959e+01 -1.485547556161097293e-02 5.039164483138279874e-04
1.190000000000062386e+01 -1.481016862341993923e-02 4.927910994380556818e-04
1.195000000000062812e+01 -1.476586442792325593e-02 4.817948885056325820e-04
1.200000000000062528e+01 -1.472255155089807060e-02 4.709241761218789686e-04
1.205000000000062244e+01 -1.468021888939770314e-02 4.601753959901930605e-04
1.210000000000062670e+01 -1.463885565543211753e-02 4.495450523009610674e-04
1.215000000000063096e+01 -1.459845136988027064e-02 4.390297171965483122e-04
1.220000000000062812e+01 -1.455899585661274420e-02 4.286260283052378047e-04
1.225000000000062528e+01 -1.452047923683047470e-02 4.183306863439326031e-04
1.230000000000062954e+01 -1.448289192360947830e-02 4.081404527856182223e-04
1.235000000000063380e+01 -1.444622461664350765e-02 3.980521475877823578e-04
1.240000000000063096e+01 -1.441046829718899136e-02 3.880626469817643857e-04
1.245000000000062812e+01 -1.437561422319400331e-02 3.781688813166200671e-04
1.250000000000063238e+01 -1.434165392461685465e-02 3.683678329576844674e-04
1.255000000000063665e+01 -1.430857919892503105e-02 3.586565342362237844e-04
1.260000000000063380e+01 -1.427638210677431921e-02 3.490320654477825982e-04
1.265000000000063096e+01 -1.424505496785239550e-02 3.394915528967380833e-04
1.270000000000063523e+01 -1.421459035690511921e-02 3.300321669858336492e-04
1.275000000000063949e+01 -1.418498109991696635e-02 3.206511203465095897e-04
1.280000000000063665e+01 -1.415622027045795178e-02 3.113456660096076880e-04
1.285000000000063380e+01 -1.412830118619163786e-02 3.021130956134361265e-04
1.290000000000063807e+01 -1.410121740552951544e-02 2.929507376472500774e-04
1.295000000000064233e+01 -1.407496272445167562e-02 2.838559557290312469e-04
1.300000000000063949e+01 -1.404953117346560351e-02 2.748261469138824683e-04
1.305000000000063665e+01 -1.402491701471667712e-02 2.658587400327257471e-04
1.310000000000064091e+01 -1.400111473924547587e-02 2.569511940585702658e-04
1.315000000000064517e+01 -1.397811906437846849e-02 2.481009964987147213e-04
1.320000000000064233e+01 -1.395592493127185280e-02 2.393056618117789767e-04
1.325000000000063949e+01 -1.393452750258255407e-02 2.305627298463119867e-04
1.330000000000064375e+01 -1.391392216028013162e-02 2.218697643006305696e-04
1.335000000000064801e+01 -1.389410450359248803e-02 2.132243512017115150e-04
1.340000000000064517e+01 -1.387507034708275813e-02 2.046240974006353387e-04
1.345000000000064233e+01 -1.385681571886101041e-02 1.960666290852734056e-04
1.350000000000064659e+01 -1.383933685892248591e-02 1.875495903054286324e-04
1.355000000000065086e+01 -1.382263021761647240e-02 1.790706415111700638e-04
1.360000000000064801e+01 -1.380669245424305178e-02 1.706274581019463690e-04
1.365000000000064517e+01 -1.379152043577529241e-02 1.622177289841053756e-04
1.370000000000064944e+01 -1.377711123571068522e-02 1.538391551375367303e-04
1.375000000000065370e+01 -1.376346213304506516e-02 1.454894481867448266e-04
1.380000000000065086e+01 -1.375057061137339998e-02 1.371663289770853542e-04
1.385000000000064801e+01 -1.373843435811504879e-02 1.288675261537702496e-04
1.390000000000065228e+01 -1.372705126386260938e-02 1.205907747413054610e-04
1.395000000000065654e+01 -1.371641942185752167e-02 1.123338147239988198e-04
1.400000000000065370e+01 -1.370653712758793108e-02 1.040943896229021889e-04
1.405000000000065086e+01 -1.369740287851249627e-02 9.587024506981520547e-05
1.410000000000065512e+01 -1.368901537390921144e-02 8.765912737593046372e-05
1.415000000000065938e+01 -1.368137351484917386e-02 7.945878209271927881e-05
1.420000000000065654e+01 -1.367447640429803740e-02 7.126695256557649856e-05
1.425000000000065370e+01 -1.366832334734296647e-02 6.308137847552803233e-05
1.430000000000065796e+01 -1.366291385154833407e-02 5.489979436948660280e-05
1.435000000000066223e+01 -1.365824762744029600e-02 4.671992817650958037e-05
1.440000000000065938e+01 -1.365432458912126806e-02 3.853949970750473672e-05
1.445000000000065654e+01 -1.365114485501678007e-02 3.035621913872782636e-05
1.450000000000066080e+01 -1.364870874875468570e-02 2.216778547421715574e-05
1.455000000000066507e+01 -1.364701680017960453e-02 1.397188498740507389e-05
1.460000000000066223e+01 -1.364606974650411919e-02 5.766189639171376106e-06
1.465000000000065938e+01 -1.364586853359847640e-02 -2.451644530484858517e-06
1.470000000000066365e+01 -1.364641431742160890e-02 -1.068397903704831030e-05
1.475000000000066791e+01 -1.364770846559526518e-02 -1.893319461753893880e-05
1.480000000000066507e+01 -1.364975255912413005e-02 -2.720169292805849157e-05
1.485000000000066223e+01 -1.365254839426470815e-02 -3.549189827590192026e-05
1.490000000000066649e+01 -1.365609798454607907e-02 -4.380625938943340150e-05
1.495000000000067075e+01 -1.366040356294511912e-02 -5.214725122596765555e-05
1.500000000000066791e+01 -1.366546758422021446e-02 -6.051737682329061917e-05
1.505000000000066507e+01 -1.367129272740701812e-02 -6.891916919525228630e-05
1.510000000000066933e+01 -1.367788189847943606e-02 -7.735519327501489632e-05
1.515000000000067359e+01 -1.368523823318128219e-02 -8.582804790964102242e-05
1.520000000000067075e+01 -1.369336510003065638e-02 -9.434036790677453876e-05
1.525000000000066791e+01 -1.370226610350425839e-02 -1.028948261396610969e-04
1.530000000000067217e+01 -1.371194508740468040e-02 -1.114941357115197809e-04
1.535000000000067644e+01 -1.372240613841615303e-02 -1.201410521834950880e-04
1.540000000000067359e+01 -1.373365358985532275e-02 -1.288383758705875185e-04
1.545000000000067075e+01 -1.374569202562001338e-02 -1.375889542069924035e-04
1.550000000000067502e+01 -1.375852628434548128e-02 -1.463956841879412302e-04
1.555000000000067928e+01 -1.377216146377195291e-02 -1.552615148898339650e-04
1.560000000000067644e+01 -1.378660292533091802e-02 -1.641894500737829535e-04
1.565000000000067359e+01 -1.380185629895866462e-02 -1.731825508779306433e-04
1.570000000000067786e+01 -1.381792748814047664e-02 -1.822439386008890784e-04
1.575000000000068212e+01 -1.383482267519865402e-02 -1.913767975845514016e-04
1.580000000000067928e+01 -1.385254832682857734e-02 -2.005843781991067595e-04
1.585000000000067644e+01 -1.387111119989284380e-02 -2.098699999366015166e-04
1.590000000000068070e+01 -1.389051834748435826e-02 -2.192370546197097442e-04
1.595000000000068496e+01 -1.391077712526275073e-02 -2.286890097293048374e-04
1.600000000000068212e+01 -1.393189519808125248e-02 -2.382294118606536129e-04
1.605000000000067928e+01 -1.395388054690942237e-02 -2.478618903124848050e-04
1.610000000000068354e+01 -1.397674147606457057e-02 -2.575901608169258892e-04
1.615000000000068781e+01 -1.400048662076591038e-02 -2.674180294187447366e-04
1.620000000000068496e+01 -1.402512495501742965e-02 -2.773493965091842952e-04
1.625000000000068212e+01 -1.405066579984101324e-02 -2.873882610263408079e-04
1.630000000000068638e+01 -1.407711883186713725e-02 -2.975387248282860110e-04
1.635000000000069065e+01 -1.410449409229972556e-02 -3.078049972491711094e-04
1.640000000000068781e+01 -1.413280199627282158e-02 -3.181913998491645241e-04
1.645000000000068496e+01 -1.416205334260763407e-02 -3.287023713658711582e-04
1.650000000000068923e+01 -1.419225932399682116e-02 -3.393424728820426239e-04
1.655000000000069349e+01 -1.422343153762608420e-02 -3.501163932184906801e-04
1.660000000000069065e+01 -1.425558199625436354e-02 -3.610289545655287263e-04
1.665000000000068781e+01 -1.428872313977510092e-02 -3.720851183670794565e-04
1.670000000000069207e+01 -1.432286784727067330e-02 -3.832899914683941291e-04
1.675000000000069633e+01 -1.435802944959331182e-02 -3.946488325461018761e-04
1.680000000000069349e+01 -1.439422174248679992e-02 -4.061670588332799660e-04
1.685000000000069065e+01 -1.443145900027604719e-02 -4.178502531571185244e-04
1.690000000000069491e+01 -1.446975599015347738e-02 -4.297041713078970579e-04
1.695000000000069917e+01 -1.450912798707898466e-02 -4.417347497548131888e-04
1.700000000000069633e+01 -1.454959078933528577e-02 -4.539481137327928484e-04
1.705000000000069349e+01 -1.459116073475873188e-02 -4.663505857182739366e-04
1.710000000000069775e+01 -1.463385471768003515e-02 -4.789486943174766503e-04
1.715000000000070202e+01 -1.467769020661274446e-02 -4.917491835922751554e-04
1.720000000000069917e+01 -1.472268526271242745e-02 -5.047590228456996396e-04
1.725000000000069633e+01 -1.476885855905976305e-02 -5.179854168987761296e-04
1.730000000000070060e+01 -1.481622940079480727e-02 -5.314358168841836925e-04
1.735000000000070486e+01 -1.486481774614791321e-02 -5.451179315886569296e-04
1.740000000000070202e+01 -1.491464422841552034e-02 -5.590397393782699795e-04
1.745000000000069917e+01 -1.496573017891392188e-02 -5.732095007379052216e-04
1.750000000000070344e+01 -1.501809765097771379e-02 -5.876357714673231640e-04
1.755000000000070770e+01 -1.507176944504156485e-02 -6.023274165700609386e-04
1.760000000000070486e+01 -1.512676913486435057e-02 -6.172936248790875883e-04
1.765000000000070202e+01 -1.518312109495898940e-02 -6.325439244662541503e-04
1.770000000000070628e+01 -1.524085052927430517e-02 -6.480881988802821491e-04
1.775000000000071054e+01 -1.529998350121423295e-02 -6.639367042709724397e-04
1.780000000000070770e+01 -1.536054696504820030e-02 -6.801000874515211736e-04
1.785000000000070486e+01 -1.542256879879095460e-02 -6.965894049601767824e-04
1.790000000000070912e+01 -1.548607783863491932e-02 -7.134161431870218381e-04
1.795000000000071338e+01 -1.555110391500068301e-02 -7.305922396302292482e-04
1.800000000000071054e+01 -1.561767789031531448e-02 -7.481301053616950169e-04
1.805000000000070770e+01 -1.568583169859442614e-02 -7.660426487768961200e-04
1.810000000000071196e+01 -1.575559838693168027e-02 -7.843433007156291100e-04
1.815000000000071623e+01 -1.582701215900719424e-02 -8.030460410469237491e-04
1.820000000000071338e+01 -1.590010842070647967e-02 -8.221654268115930397e-04
1.825000000000071054e+01 -1.597492382799359928e-02 -8.417166220350306375e-04
1.830000000000071481e+01 -1.605149633714514704e-02 -8.617154293193461179e-04
1.835000000000071907e+01 -1.612986525748491898e-02 -8.821783233393194670e-04
1.840000000000071623e+01 -1.621007130676868635e-02 -9.031224863765374786e-04
1.845000000000071338e+01 -1.629215666934923784e-02 -9.245658460289510197e-04
1.850000000000071765e+01 -1.637616505731143493e-02 -9.465271152574571828e-04
1.855000000000072191e+01 -1.646214177472788906e-02 -9.690258349304076754e-04
1.860000000000071907e+01 -1.655013378522541059e-02 -9.920824190477279744e-04
1.865000000000071623e+01 -1.664018978306584448e-02 -1.015718202841317183e-03
1.870000000000072049e+01 -1.673236026792587761e-02 -1.039955493955861850e-03
1.875000000000072475e+01 -1.682669762363003807e-02 -1.064817626946322135e-03
1.880000000000072191e+01 -1.692325620105089579e-02 -1.090329021332695934e-03
1.885000000000071907e+01 -1.702209240543774843e-02 -1.116515243481752771e-03
1.890000000000072333e+01 -1.712326478845438427e-02 -1.143403072608609530e-03
1.895000000000072760e+01 -1.722683414518881573e-02 -1.171020571206310163e-03
1.900000000000072475e+01 -1.733286361648096047e-02 -1.199397160255518107e-03
1.905000000000072191e+01 -1.744141879687306773e-02 -1.228563699579775844e-03
1.910000000000072617e+01 -1.755256784854700158e-02 -1.258552573753959729e-03
1.915000000000073044e+01 -1.766638162163857925e-02 -1.289397784010246984e-03
1.920000000000072760e+01 -1.778293378130615249e-02 -1.321135046614488068e-03
1.925000000000072475e+01 -1.790230094203026923e-02 -1.353801898248665949e-03
1.930000000000072902e+01 -1.802456280958198570e-02 -1.387437808964126201e-03
1.935000000000073328e+01 -1.814980233117147873e-02 -1.422084303333990846e-03
1.940000000000073044e+01 -1.827810585432710147e-02 -1.457785090492296452e-03
1.945000000000072760e+01 -1.840956329504817718e-02 -1.494586203799150520e-03
1.950000000000073186e+01 -1.854426831589759891e-02 -1.532536150964643705e-03
1.955000000000073612e+01 -1.868231851466613594e-02 -1.571686075521160813e-03
1.960000000000073328e+01 -1.882381562433534453e-02 -1.612089930633548232e-03
1.965000000000073044e+01 -1.896886572512114164e-02 -1.653804666334282494e-03
1.970000000000073470e+01 -1.911757946938631020e-02 -1.696890431363395034e-03
1.975000000000073896e+01 -1.927007232036220818e-02 -1.741410790938047355e-03
1.980000000000073612e+01 -1.942646480559718364e-02 -1.787432961883766904e-03
1.985000000000073328e+01 -1.958688278617255751e-02 -1.835028066721526357e-03
1.990000000000073754e+01 -1.975145774280770081e-02 -1.884271408470554552e-03
1.995000000000074181e+01 -1.992032708000085126e-02 -1.935242768092769504e-03
2.000000000000073896e+01 -2.009363444954524042e-02 -1.988026726740199212e-03
2.005000000000073612e+01 -2.027153009475578596e-02 -2.042713015165698379e-03
2.010000000000074039e+01 -2.045417121690424472e-02 -2.099396892930876710e-03
2.015000000000074465e+01 -2.064172236547665365e-02 -2.158179560333900460e-03
2.020000000000074181e+01 -2.083435585392104730e-02 -2.219168606281378929e-03
2.025000000000073896e+01 -2.103225220279955621e-02 -2.282478495726895408e-03
2.030000000000074323e+01 -2.123560061228201012e-02 -2.348231100670093024e-03
2.035000000000074749e+01 -2.144459946613227336e-02 -2.416556279189060585e-03
2.040000000000074465e+01 -2.165945686950016338e-02 -2.487592507497448854e-03
2.045000000000074181e+01 -2.188039122292289793e-02 -2.561487570576166922e-03
2.050000000000074607e+01 -2.210763183525070452e-02 -2.638399317632703599e-03
2.055000000000075033e+01 -2.234141957826533270e-02 -2.718496489344459418e-03
2.060000000000074749e+01 -2.258200758603103389e-02 -2.801959624712942101e-03
2.065000000000074465e+01 -2.282966200222514425e-02 -2.888982056318213122e-03
2.070000000000074891e+01 -2.308466277881644074e-02 -2.979771003823366085e-03
2.075000000000075318e+01 -2.334730452982593588e-02 -3.074548776874149944e-03
2.080000000000075033e+01 -2.361789744396555063e-02 -3.173554099901377407e-03
2.085000000000074749e+01 -2.389676826024600756e-02 -3.277043572979039532e-03
2.090000000000075175e+01 -2.418426131085023301e-02 -3.385293284740575025e-03
2.095000000000075602e+01 -2.448073963564738678e-02 -3.498600595431191913e-03
2.100000000000075318e+01 -2.478658617305293244e-02 -3.617286110663534265e-03
2.105000000000075033e+01 -2.510220503187357566e-02 -3.741695869160707559e-03
2.110000000000075460e+01 -2.542802284892475145e-02 -3.872203771006802516e-03
2.115000000000075886e+01 -2.576449023718076214e-02 -4.009214276613549434e-03
2.120000000000075602e+01 -2.611208332894804016e-02 -4.153165410813179810e-03
2.125000000000075318e+01 -2.647130541845692242e-02 -4.304532111480216354e-03
2.130000000000075744e+01 -2.684268870755348105e-02 -4.463829967682167790e-03
2.135000000000076170e+01 -2.722679615751382246e-02 -4.631619398986695259e-03
2.140000000000075886e+01 -2.762422344888321862e-02 -4.808510335195735966e-03
2.145000000000075602e+01 -2.803560104951379264e-02 -4.995167464590743490e-03
2.150000000000076028e+01 -2.846159638903456024e-02 -5.192316129210824104e-03
2.155000000000076454e+01 -2.890291613478673111e-02 -5.400748957619327072e-03
2.160000000000076170e+01 -2.936030856043452680e-02 -5.621333339725017274e-03
2.165000000000075886e+01 -2.983456599322025643e-02 -5.855019864650919809e-03
2.170000000000076312e+01 -3.032652731873866289e-02 -6.102851861770148580e-03
2.175000000000076739e+01 -3.083708051331673222e-02 -6.365976207663807777e-03
2.180000000000076454e+01 -3.136716516192593340e-02 -6.645655587982540573e-03
2.185000000000076170e+01 -3.191777490425078134e-02 -6.943282434196174080e-03
2.190000000000076597e+01 -3.248995973142974891e-02 -7.260394791514334853e-03
2.195000000000077023e+01 -3.308482802963982894e-02 -7.598694416733903050e-03
2.200000000000076739e+01 -3.370354823310686698e-02 -7.960067454917736651e-03
2.205000000000076454e+01 -3.434734990471891014e-02 -8.346608102183940281e-03
2.210000000000076881e+01 -3.501752400542452320e-02 -8.760645730539461454e-03
2.215000000000077307e+01 -3.571542203933994464e-02 -9.204776030764695929e-03
2.220000000000077023e+01 -3.644245366471312447e-02 -9.681896822375775716e-03
2.225000000000076739e+01 -3.720008223576873330e-02 -1.019524928787037682e-02
2.230000000000077165e+01 -3.798981757656903768e-02 -1.074846551232567192e-02
2.235000000000077591e+01 -3.881320507521732188e-02 -1.134562335094375755e-02
2.240000000000077307e+01 -3.967180990878688834e-02 -1.199130980598141737e-02
2.245000000000077023e+01 -4.056719484602991366e-02 -1.269069426909655122e-02
2.250000000000077449e+01 -4.150088960093221979e-02 -1.344961317216005446e-02
2.255000000000077875e+01 -4.247434908905380752e-02 -1.427466777887995662e-02
2.260000000000077591e+01 -4.348889712705248517e-02 -1.517333702631182453e-02
2.265000000000077307e+01 -4.454565105420460469e-02 -1.615410746074100526e-02
2.270000000000077733e+01 -4.564542136770931291e-02 -1.722662235978278389e-02
2.275000000000078160e+01 -4.678857865702260033e-02 -1.840185201788983177e-02
2.280000000000077875e+01 -4.797487777532928599e-02 -1.969228677425882354e-02
2.285000000000077591e+01 -4.920322615761283519e-02 -2.111215349558317328e-02
2.290000000000078018e+01 -5.047137931919103149e-02 -2.267765460164335861e-02
2.295000000000078444e+01 -5.177554167454559431e-02 -2.440722589898635178e-02
2.300000000000078160e+01 -5.310984476044845748e-02 -2.632180480640494702e-02
2.305000000000077875e+01 -5.446566767903283923e-02 -2.844509302953968435e-02
2.310000000000078302e+01 -5.583075628546260022e-02 -3.080378594401048456e-02
2.315000000000078728e+01 -5.718808900601472789e-02 -3.342772284963814455e-02
2.320000000000078444e+01 -5.851442979946366862e-02 -3.634988510228628206e-02
2.325000000000078160e+01 -5.977850597544911992e-02 -3.960612938628672863e-02
2.330000000000078586e+01 -6.093875655719403761e-02 -4.323448701557491836e-02
2.335000000000079012e+01 -6.194062650636609352e-02 -4.727378359554505055e-02
2.340000000000078728e+01 -6.271345129738024882e-02 -5.176123606163876567e-02
2.345000000000078444e+01 -6.316711222257390124e-02 -5.672857373986250895e-02
2.350000000000078870e+01 -6.318888229169450366e-02 -6.219613253623319099e-02
2.355000000000079297e+01 -6.264126606125737518e-02 -6.816434670320997702e-02
2.360000000000079012e+01 -6.136218654387400051e-02 -7.460222578076618205e-02
2.365000000000078728e+01 -5.916954235821875879e-02 -8.143293970837992002e-02
2.370000000000079154e+01 -5.587274402071722851e-02 -8.851777451256752360e-02
2.375000000000079581e+01 -5.129386532753871242e-02 -9.564162491958004553e-02
2.380000000000079297e+01 -4.529973261613106511e-02 -1.025056655817810636e-01
2.385000000000079012e+01 -3.784278911220453900e-02 -1.087349225310087625e-01
2.390000000000079439e+01 -2.900283019599400255e-02 -1.139081739310902619e-01
2.395000000000079865e+01 -1.901557655155700424e-02 -1.176126212924707842e-01
2.400000000000079581e+01 -8.271826925531185898e-03 -1.195155520657213005e-01
2.405000000000079297e+01 2.722771893505912186e-03 -1.194335778306745560e-01
2.410000000000079723e+01 1.342229406474673356e-02 -1.173748345736768534e-01
2.415000000000080149e+01 2.332806389131767896e-02 -1.135370520356636936e-01
2.420000000000079865e+01 3.206102825389171851e-02 -1.082623042957679554e-01
2.425000000000079581e+01 3.939870719004963384e-02 -1.019666435861838888e-01
2.430000000000080007e+01 4.527310412102457382e-02 -9.506923965906946550e-02
2.435000000000080433e+01 4.974042704689647654e-02 -8.793961106521720750e-02
2.440000000000080149e+01 5.293896877153503322e-02 -8.086975090943948619e-02
2.445000000000079865e+01 5.504875323395524989e-02 -7.406808486273491754e-02
2.450000000000080291e+01 5.626032484681182944e-02 -6.766765932027674069e-02
2.455000000000080718e+01 5.675446487296123554e-02 -6.174095200182831006e-02
2.460000000000080433e+01 5.669133212667487598e-02 -5.631587101082660002e-02
2.465000000000080149e+01 5.620635608008782425e-02 -5.138995997900798474e-02
2.470000000000080576e+01 5.541030901644430906e-02 -4.694166813482342215e-02
2.475000000000081002e+01 5.439159004481215060e-02 -4.293862571064981787e-02
2.480000000000080718e+01 5.321941876480689587e-02 -3.934336151165197804e-02
2.485000000000080433e+01 5.194717288547405498e-02 -3.611704124604904476e-02
2.490000000000080860e+01 5.061547445878036844e-02 -3.322177114593782149e-02
2.495000000000081286e+01 4.925485882619886485e-02 -3.062191114937929184e-02
2.500000000000081002e+01 4.788798953357441268e-02 -2.828473197232631020e-02
2.505000000000080718e+01 4.653144751472193530e-02 -2.618065465786533971e-02
2.510000000000081144e+01 4.519715013769962791e-02 -2.428323637299378487e-02
2.515000000000081570e+01 4.389346246736268442e-02 -2.256901136376983016e-02
2.520000000000081286e+01 4.262605973939839060e-02 -2.101725741573761200e-02
2.525000000000081002e+01 4.139859246899454254e-02 -1.960973187541365653e-02
2.530000000000081428e+01 4.021319696367066376e-02 -1.833040380217404799e-02
2.535000000000081855e+01 3.907088578521472622e-02 -1.716519743802773224e-02
2.540000000000081570e+01 3.797184553493123532e-02 -1.610175493731842017e-02
2.545000000000081286e+01 3.691566337872752290e-02 -1.512922180010859916e-02
2.550000000000081712e+01 3.590149892496773132e-02 -1.423805575069210343e-02
2.555000000000082139e+01 3.492821426756984732e-02 -1.341985825366850266e-02
2.560000000000081855e+01 3.399447204039372783e-02 -1.266722704148851020e-02
2.565000000000081570e+01 3.309880903132073060e-02 -1.197362765841770635e-02
2.570000000000081997e+01 3.223969113586583335e-02 -1.133328192780875404e-02
2.575000000000082423e+01 3.141555407376817738e-02 -1.074107130705395131e-02
2.580000000000082139e+01 3.062483325287058619e-02 -1.019245323433454718e-02
2.585000000000081855e+01 2.986598537101194106e-02 -9.683388750182264637e-03
2.590000000000082281e+01 2.913750373922815301e-02 -9.210279866518993747e-03
2.595000000000082707e+01 2.843792884537992352e-02 -8.769915341791811522e-03
2.600000000000082423e+01 2.776585532243446008e-02 -8.359423694604137603e-03
2.605000000000082139e+01 2.711993621319748818e-02 -7.976232445356175316e-03
2.610000000000082565e+01 2.649888521529955576e-02 -7.618032715656410277e-03
2.615000000000082991e+01 2.590147743000696667e-02 -7.282748437836927650e-03
2.620000000000082707e+01 2.532654901557640503e-02 -6.968509533573726336e-03
2.625000000000082423e+01 2.477299605161085300e-02 -6.673628512768481347e-03
2.630000000000082849e+01 2.423977284779560426e-02 -6.396580022689340658e-03
2.635000000000083276e+01 2.372588987479348765e-02 -6.135982945258917909e-03
2.640000000000082991e+01 2.323041145173407318e-02 -5.890584698060182499e-03
2.645000000000082707e+01 2.275245329152346396e-02 -5.659247443954179037e-03
2.650000000000083134e+01 2.229117997979094754e-02 -5.440935956319167995e-03
2.655000000000083560e+01 2.184580244328156867e-02 -5.234706922579984191e-03
2.660000000000083276e+01 2.141557544868336743e-02 -5.039699499376167936e-03
2.665000000000082991e+01 2.099979516108327685e-02 -4.855126958650501402e-03
2.670000000000083418e+01 2.059779678237375761e-02 -4.680269286153248588e-03
2.675000000000083844e+01 2.020895228331076598e-02 -4.514466612884736850e-03
2.680000000000083560e+01 1.983266823752527497e-02 -4.357113376092296327e-03
2.685000000000083276e+01 1.946838376218929315e-02 -4.207653120429381312e-03
2.690000000000083702e+01 1.911556856699674067e-02 -4.065573861705239558e-03
2.695000000000084128e+01 1.877372111099967489e-02 -3.930403945862023102e-03
2.700000000000083844e+01 1.844236686542125372e-02 -3.801708344633369149e-03
2.705000000000083560e+01 1.812105667924747768e-02 -3.679085336792959314e-03
2.710000000000083986e+01 1.780936524387364064e-02 -3.562163530494324385e-03
2.715000000000084412e+01 1.750688965246350454e-02 -3.450599187762500367e-03
2.720000000000084128e+01 1.721324804939750736e-02 -3.344073817054040235e-03
2.725000000000083844e+01 1.692807836515647715e-02 -3.242292004041546528e-03
2.730000000000084270e+01 1.665103713176828079e-02 -3.144979454350235824e-03
2.735000000000084697e+01 1.638179837419298512e-02 -3.051881225208008704e-03
2.740000000000084412e+01 1.612005257302465133e-02 -2.962760125679972118e-03
2.745000000000084128e+01 1.586550569404989244e-02 -2.877395267557856118e-03
2.750000000000084555e+01 1.561787828047955622e-02 -2.795580751096833367e-03
2.755000000000084981e+01 1.537690460370526313e-02 -2.717124471562150020e-03
2.760000000000084697e+01 1.514233186880867277e-02 -2.641847034202913624e-03
2.765000000000084412e+01 1.491391947116941716e-02 -2.569580766637738229e-03
2.770000000000084839e+01 1.469143830073492418e-02 -2.500168818868228962e-03
2.775000000000085265e+01 1.447467009080642165e-02 -2.433464342241890843e-03
2.780000000000084981e+01 1.426340680825328999e-02 -2.369329739590623433e-03
2.785000000000084697e+01 1.405745008240822519e-02 -2.307635979654476185e-03
2.790000000000085123e+01 1.385661066999792877e-02 -2.248261969612716602e-03
2.795000000000085549e+01 1.366070795364473373e-02 -2.191093980199144368e-03
2.800000000000085265e+01 1.346956947171380065e-02 -2.136025118477610264e-03
2.805000000000084981e+01 1.328303047731005729e-02 -2.082954843827942992e-03
2.810000000000085407e+01 1.310093352450469179e-02 -2.031788523184537010e-03
2.815000000000085834e+01 1.292312807993573238e-02 -1.982437021951303710e-03
2.820000000000085549e+01 1.274947015805923296e-02 -1.934816327376867812e-03
2.825000000000085265e+01 1.257982197851216337e-02 -1.888847201510956498e-03
2.830000000000085691e+01 1.241405164404748608e-02 -1.844454861116390145e-03
2.835000000000086118e+01 1.225203283771929448e-02 -1.801568682196744327e-03
2.840000000000085834e+01 1.209364453802776358e-02 -1.760121927008646836e-03
2.845000000000085549e+01 1.193877075082651514e-02 -1.720051491632023722e-03
2.850000000000085976e+01 1.178730025693553070e-02 -1.681297672368382758e-03
2.855000000000086402e+01 1.163912637437960161e-02 -1.643803949374086394e-03
2.860000000000086118e+01 1.149414673434541803e-02 -1.607516786108467623e-03
2.865000000000085834e+01 1.135226306995860794e-02 -1.572385443292912939e-03
2.870000000000086260e+01 1.121338101704633279e-02 -1.538361806196329555e-03
2.875000000000086686e+01 1.107740992615949618e-02 -1.505400224181550114e-03
2.880000000000086402e+01 1.094426268509127512e-02 -1.473457361520970777e-03
2.885000000000086118e+01 1.081385555126853325e-02 -1.442492058598809045e-03
2.890000000000086544e+01 1.068610799338604207e-02 -1.412465202682651379e-03
2.895000000000086970e+01 1.056094254169770257e-02 -1.383339607518462109e-03
2.900000000000086686e+01 1.043828464646427874e-02 -1.355079901077979078e-03
2.905000000000086402e+01 1.031806254401201363e-02 -1.327652420826336581e-03
2.910000000000086828e+01 1.020020712997188328e-02 -1.301025115949456992e-03
2.915000000000087255e+01 1.008465183925338557e-02 -1.275167456017366674e-03
2.920000000000086970e+01 9.971332532337557134e-03 -1.250050345603483928e-03
2.925000000000086686e+01 9.860187387542466292e-03 -1.225646044428569921e-03
2.930000000000087113e+01 9.751156798865966840e-03 -1.201928092617383708e-03
2.935000000000087539e+01 9.644183279107198040e-03 -1.178871240705190761e-03
2.940000000000087255e+01 9.539211367947626058e-03 -1.156451384051426258e-03
2.945000000000086970e+01 9.436187544693884141e-03 -1.134645501345416235e-03
2.950000000000087397e+01 9.335060145441090654e-03 -1.113431596921795859e-03
2.955000000000087823e+01 9.235779284365910544e-03 -1.092788646611616817e-03
2.960000000000087539e+01 9.138296778941642703e-03 -1.072696546890060734e-03
2.965000000000087255e+01 9.042566078844051225e-03 -1.053136067092304024e-03
2.970000000000087681e+01 8.948542198332002165e-03 -1.034088804486778691e-03
2.975000000000088107e+01 8.856181651934389581e-03 -1.015537142017910403e-03
2.980000000000087823e+01 8.765442393226052439e-03 -9.974642085325334615e-04
2.985000000000087539e+01 8.676283756547836443e-03 -9.798538413299470468e-04
2.990000000000087965e+01 8.588666401501110145e-03 -9.626905508806234395e-04
2.995000000000088392e+01 8.502552260058266614e-03 -9.459594875701587404e-04
3.000000000000088107e+01 8.417904486171308431e-03 -9.296464103415369093e-04
3.005000000000087823e+01 8.334687407713576787e-03 -9.137376571073929903e-04
3.010000000000088249e+01 8.252866480653313352e-03 -8.982201168236409600e-04
3.015000000000088676e+01 8.172408245333429716e-03 -8.830812031175867393e-04
3.020000000000088392e+01 8.093280284739406971e-03 -8.683088293713632890e-04
3.025000000000088107e+01 8.015451184673077004e-03 -8.538913851738114255e-04
3.030000000000088534e+01 7.938890495704977596e-03 -8.398177140506534301e-04
3.035000000000088960e+01 7.863568696834775246e-03 -8.260770923982802558e-04
3.040000000000088676e+01 7.789457160765180313e-03 -8.126592095463166859e-04
3.045000000000088392e+01 7.716528120700772569e-03 -7.995541488793652795e-04
3.050000000000088818e+01 7.644754638614442710e-03 -7.867523699577690013e-04
3.055000000000089244e+01 7.574110574881448218e-03 -7.742446915729875659e-04
3.060000000000088960e+01 7.504570559232554700e-03 -7.620222756856871726e-04
3.065000000000088676e+01 7.436109962954183181e-03 -7.500766121933897515e-04
3.070000000000089102e+01 7.368704872268171113e-03 -7.383995044781432220e-04
3.075000000000089528e+01 7.302332062851692521e-03 -7.269830556921175321e-04
3.080000000000089244e+01 7.236968975417604200e-03 -7.158196557343865203e-04
3.085000000000088960e+01 7.172593692322117714e-03 -7.049019688824816965e-04
3.090000000000089386e+01 7.109184915144339811e-03 -6.942229220404459288e-04
3.095000000000089813e+01 7.046721943185764447e-03 -6.837756935676622509e-04
3.100000000000089528e+01 6.985184652863008631e-03 -6.735537026587438188e-04
3.105000000000089244e+01 6.924553477929166687e-03 -6.635505992400381799e-04
3.110000000000089670e+01 6.864809390501812672e-03 -6.537602543569917156e-04
3.115000000000090097e+01 6.805933882854501432e-03 -6.441767510244746997e-04
3.120000000000089813e+01 6.747908949931101172e-03 -6.347943755139606866e-04
3.125000000000089528e+01 6.690717072565655413e-03 -6.256076090564509189e-04
3.130000000000089955e+01 6.634341201354457609e-03 -6.166111199353653321e-04
3.135000000000090381e+01 6.578764741166424207e-03 -6.077997559510790911e-04
3.140000000000090097e+01 6.523971536257664947e-03 -5.991685372365038393e-04
3.145000000000089813e+01 6.469945855958293343e-03 -5.907126494044242972e-04
3.150000000000090239e+01 6.416672380920605823e-03 -5.824274370114972468e-04
3.155000000000090665e+01 6.364136189884248354e-03 -5.743083973193468476e-04
3.160000000000090381e+01 6.312322746950186150e-03 -5.663511743396638931e-04
3.165000000000090097e+01 6.261217889336140666e-03 -5.585515531479168065e-04
3.170000000000090523e+01 6.210807815588191214e-03 -5.509054544512624000e-04
3.175000000000090949e+01 6.161079074242306608e-03 -5.434089293998183891e-04
3.180000000000090665e+01 6.112018552898321189e-03 -5.360581546262462244e-04
3.185000000000090381e+01 6.063613467702240467e-03 -5.288494275042493042e-04
3.190000000000090807e+01 6.015851353214970304e-03 -5.217791616143742199e-04
3.195000000000091234e+01 5.968720052646876717e-03 -5.148438824062149003e-04
