-3.200000000000000000e+01 -3.647522360311085052e-03 -2.536962127773032417e-04
-3.194999999999999929e+01 -3.670765644904035868e-03 -2.567549880014589544e-04
-3.189999999999999858e+01 -3.694287383948608242e-03 -2.598705384302492155e-04
-3.184999999999999787e+01 -3.718092694452017691e-03 -2.630442959137115413e-04
-3.179999999999999716e+01 -3.742186820713627043e-03 -2.662777379080517046e-04
-3.174999999999999645e+01 -3.766575138305717010e-03 -2.695723892299257832e-04
-3.169999999999999574e+01 -3.791263158208357451e-03 -2.729298238904715140e-04
-3.164999999999999503e+01 -3.816256531098734944e-03 -2.763516670123313109e-04
-3.159999999999999432e+01 -3.841561051803783766e-03 -2.798395968342881970e-04
-3.154999999999999361e+01 -3.867182663925798278e-03 -2.833953468084400183e-04
-3.149999999999999289e+01 -3.893127464641816041e-03 -2.870207077938310590e-04
-3.144999999999999218e+01 -3.919401709693843064e-03 -2.907175303529706484e-04
-3.139999999999999147e+01 -3.946011818571591723e-03 -2.944877271557645986e-04
-3.134999999999999076e+01 -3.972964379898819703e-03 -2.983332754969712829e-04
-3.129999999999999005e+01 -4.000266157035088643e-03 -3.022562199337010128e-04
-3.124999999999998934e+01 -4.027924093895397101e-03 -3.062586750484402225e-04
-3.119999999999998863e+01 -4.055945321007822790e-03 -3.103428283459386803e-04
-3.114999999999998792e+01 -4.084337161812766695e-03 -3.145109432902858299e-04
-3.109999999999998721e+01 -4.113107139217555414e-03 -3.187653624903439903e-04
-3.104999999999998650e+01 -4.142262982421308221e-03 -3.231085110422637473e-04
-3.099999999999998579e+01 -4.171812634014735247e-03 -3.275429000367678818e-04
-3.094999999999998508e+01 -4.201764257378949943e-03 -3.320711302421708614e-04
-3.089999999999998437e+01 -4.232126244389454103e-03 -3.366958959720006131e-04
-3.084999999999998366e+01 -4.262907223442864713e-03 -3.414199891482703770e-04
-3.079999999999998295e+01 -4.294116067825018770e-03 -3.462463035722130266e-04
-3.074999999999998224e+01 -4.325761904428558971e-03 -3.511778394133003049e-04
-3.069999999999998153e+01 -4.357854122848899003e-03 -3.562177079311838160e-04
-3.064999999999998082e+01 -4.390402384868621194e-03 -3.613691364430545025e-04
-3.059999999999998010e+01 -4.423416634352715648e-03 -3.666354735515356335e-04
-3.054999999999997939e+01 -4.456907107578414462e-03 -3.720201946493066885e-04
-3.049999999999997868e+01 -4.490884344012537749e-03 -3.775269077157812191e-04
-3.044999999999997797e+01 -4.525359197571474437e-03 -3.831593594256719462e-04
-3.039999999999997726e+01 -4.560342848379419015e-03 -3.889214415871746757e-04
-3.034999999999997655e+01 -4.595846815053676246e-03 -3.948171979307183083e-04
-3.029999999999997584e+01 -4.631882967547873778e-03 -4.008508312707717396e-04
-3.024999999999997513e+01 -4.668463540572490716e-03 -4.070267110625714019e-04
-3.019999999999997442e+01 -4.705601147636434556e-03 -4.133493813810711764e-04
-3.014999999999997371e+01 -4.743308795732759098e-03 -4.198235693474744890e-04
-3.009999999999997300e+01 -4.781599900706347273e-03 -4.264541940327811007e-04
-3.004999999999997229e+01 -4.820488303343917202e-03 -4.332463758699941787e-04
-2.999999999999997158e+01 -4.859988286214941486e-03 -4.402054466064794910e-04
-2.994999999999997087e+01 -4.900114591318871157e-03 -4.473369598346618931e-04
-2.989999999999997016e+01 -4.940882438572274590e-03 -4.546467021377055182e-04
-2.984999999999996945e+01 -4.982307545186109854e-03 -4.621407048921033359e-04
-2.979999999999996874e+01 -5.024406145986705721e-03 -4.698252567723646507e-04
-2.974999999999996803e+01 -5.067195014721949387e-03 -4.777069170036370290e-04
-2.969999999999996732e+01 -5.110691486424163640e-03 -4.857925294165817273e-04
-2.964999999999996660e+01 -5.154913480878056675e-03 -4.940892373580643747e-04
-2.959999999999996589e+01 -5.199879527261360573e-03 -5.026044995182911250e-04
-2.954999999999996518e+01 -5.245608790030052357e-03 -5.113461067399084495e-04
-2.949999999999996447e+01 -5.292121096108347300e-03 -5.203221998766201749e-04
-2.944999999999996376e+01 -5.339436963476756198e-03 -5.295412887799360712e-04
-2.939999999999996305e+01 -5.387577631228296360e-03 -5.390122724933869673e-04
-2.934999999999996234e+01 -5.436565091184489620e-03 -5.487444607432945265e-04
-2.929999999999996163e+01 -5.486422121169244256e-03 -5.587475968226558124e-04
-2.924999999999996092e+01 -5.537172320027292788e-03 -5.690318819691071294e-04
-2.919999999999996021e+01 -5.588840144511567076e-03 -5.796080013528472075e-04
-2.914999999999995950e+01 -5.641450948140259991e-03 -5.904871517937698277e-04
-2.909999999999995879e+01 -5.695031022149943042e-03 -6.016810713409845128e-04
-2.904999999999995808e+01 -5.749607638679854124e-03 -6.132020708595635255e-04
-2.899999999999995737e+01 -5.805209096312421990e-03 -6.250630677777755002e-04
-2.894999999999995666e+01 -5.861864768138576667e-03 -6.372776221689887503e-04
-2.889999999999995595e+01 -5.919605152493213895e-03 -6.498599753504319572e-04
-2.884999999999995524e+01 -5.978461926536718027e-03 -6.628250912016526997e-04
-2.879999999999995453e+01 -6.038468002871428750e-03 -6.761887004240669293e-04
-2.874999999999995381e+01 -6.099657589373648492e-03 -6.899673479783553212e-04
-2.869999999999995310e+01 -6.162066252473430081e-03 -7.041784439669499743e-04
-2.864999999999995239e+01 -6.225730984092401818e-03 -7.188403182451120078e-04
-2.859999999999995168e+01 -6.290690272487593077e-03 -7.339722790757978975e-04
-2.854999999999995097e+01 -6.356984177267903033e-03 -7.495946761737221770e-04
-2.849999999999995026e+01 -6.424654408845417719e-03 -7.657289685115173210e-04
-2.844999999999994955e+01 -6.493744412645897565e-03 -7.823977973071570341e-04
-2.839999999999994884e+01 -6.564299458383781455e-03 -7.996250646428076968e-04
-2.834999999999994813e+01 -6.636366734754886587e-03 -8.174360182157046047e-04
-2.829999999999994742e+01 -6.709995449926885527e-03 -8.358573427720692632e-04
-2.824999999999994671e+01 -6.785236938209551760e-03 -8.549172588241107582e-04
-2.819999999999994600e+01 -6.862144773362919420e-03 -8.746456293234022676e-04
-2.814999999999994529e+01 -6.940774888988579180e-03 -8.950740750215705963e-04
-2.809999999999994458e+01 -7.021185706510679053e-03 -9.162360993325031205e-04
-2.804999999999994387e+01 -7.103438271292190215e-03 -9.381672235966207699e-04
-2.799999999999994316e+01 -7.187596397443768090e-03 -9.609051337359399278e-04
-2.794999999999994245e+01 -7.273726821977747475e-03 -9.844898394095415086e-04
-2.789999999999994174e+01 -7.361899368956082573e-03 -1.008963846885993281e-03
-2.784999999999994102e+01 -7.452187124360990997e-03 -1.034372346991799425e-03
-2.779999999999994031e+01 -7.544666622472913711e-03 -1.060763419647170903e-03
-2.774999999999993960e+01 -7.639418044565787075e-03 -1.088188256661491889e-03
-2.769999999999993889e+01 -7.736525430849414478e-03 -1.116701404668952319e-03
-2.764999999999993818e+01 -7.836076906597915642e-03 -1.146361030285081122e-03
-2.759999999999993747e+01 -7.938164923506178805e-03 -1.177229209818082302e-03
-2.754999999999993676e+01 -8.042886517392757936e-03 -1.209372246145714062e-03
-2.749999999999993605e+01 -8.150343583408565379e-03 -1.242861015669261731e-03
-2.744999999999993534e+01 -8.260643170058463644e-03 -1.277771348629796067e-03
-2.739999999999993463e+01 -8.373897793363364525e-03 -1.314184446453917163e-03
-2.734999999999993392e+01 -8.490225772615680316e-03 -1.352187340263503058e-03
-2.729999999999993321e+01 -8.609751589272914007e-03 -1.391873395204310752e-03
-2.724999999999993250e+01 -8.732606270581562760e-03 -1.433342865825947606e-03
-2.719999999999993179e+01 -8.858927799686736049e-03 -1.476703508445309726e-03
-2.714999999999993108e+01 -8.988861553993506351e-03 -1.522071257173246515e-03
-2.709999999999993037e+01 -9.122560773665364456e-03 -1.569570971181118331e-03
-2.704999999999992966e+01 -9.260187062213350376e-03 -1.619337261797845328e-03
-2.699999999999992895e+01 -9.401910921128445522e-03 -1.671515409172892770e-03
-2.694999999999992824e+01 -9.547912320618332643e-03 -1.726262379607469699e-03
-2.689999999999992752e+01 -9.698381308413535004e-03 -1.783747956165138626e-03
-2.684999999999992681e+01 -9.853518658597217039e-03 -1.844155996964758895e-03
-2.679999999999992610e+01 -1.001353656229404809e-02 -1.907685837610676892e-03
-2.674999999999992539e+01 -1.017865936179025363e-02 -1.974553856564166803e-03
-2.669999999999992468e+01 -1.034912432943834587e-02 -2.044995225046347415e-03
-2.664999999999992397e+01 -1.052518249213881159e-02 -2.119265866212604200e-03
-2.659999999999992326e+01 -1.070709950159348667e-02 -2.197644652064637428e-03
-2.654999999999992255e+01 -1.089515654962949255e-02 -2.280435870880103636e-03
-2.649999999999992184e+01 -1.108965132660564429e-02 -2.367972002934807651e-03
-2.644999999999992113e+01 -1.129089901939519559e-02 -2.460616848205208866e-03
-2.639999999999992042e+01 -1.149923334315366974e-02 -2.558769056539474292e-03
-2.634999999999991971e+01 -1.171500759828478580e-02 -2.662866118825950659e-03
-2.629999999999991900e+01 -1.193859574026830302e-02 -2.773388887074903879e-03
-2.624999999999991829e+01 -1.217039344502721804e-02 -2.890866702287933718e-03
-2.619999999999991758e+01 -1.241081914625297329e-02 -3.015883221954276591e-03
-2.614999999999991687e+01 -1.266031501264886470e-02 -3.149083054081689217e-03
-2.609999999999991616e+01 -1.291934782231614516e-02 -3.291179322466871327e-03
-2.604999999999991545e+01 -1.318840967747452603e-02 -3.442962308753167930e-03
-2.599999999999991473e+01 -1.346801848438996217e-02 -3.605309341198486249e-03
-2.594999999999991402e+01 -1.375871809989172821e-02 -3.779196128765569679e-03
-2.589999999999991331e+01 -1.406107801497525830e-02 -3.965709772462891816e-03
-2.584999999999991260e+01 -1.437569240615682413e-02 -4.166063724807299480e-03
-2.579999999999991189e+01 -1.470317833333193921e-02 -4.381615013355028183e-03
-2.574999999999991118e+01 -1.504417279517696396e-02 -4.613884096043277885e-03
-2.569999999999991047e+01 -1.539932826524274302e-02 -4.864577775350442841e-03
-2.564999999999990976e+01 -1.576930621676483554e-02 -5.135615664675003030e-03
-2.559999999999990905e+01 -1.615476799425344043e-02 -5.429160773775458353e-03
-2.554999999999990834e+01 -1.655636219371998952e-02 -5.747654858648056780e-03
-2.549999999999990763e+01 -1.697470745690883576e-02 -6.093859261516193331e-03
-2.544999999999990692e+01 -1.741036924915725231e-02 -6.470902041893073810e-03
-2.539999999999990621e+01 -1.786382875188644373e-02 -6.882332259120714155e-03
-2.534999999999990550e+01 -1.833544142715872599e-02 -7.332182290776185704e-03
-2.529999999999990479e+01 -1.882538206451256357e-02 -7.825039029986640554e-03
-2.524999999999990408e+01 -1.933357214954264935e-02 -8.366124648974975278e-03
-2.519999999999990337e+01 -1.985958413966829039e-02 -8.961387269795423327e-03
-2.514999999999990266e+01 -2.040251562716206141e-02 -9.617601229240714880e-03
-2.509999999999990195e+01 -2.096082433913325910e-02 -1.034247548249170659e-02
-2.504999999999990123e+01 -2.153211240683074873e-02 -1.114476678944863360e-02
-2.499999999999990052e+01 -2.211284530637533385e-02 -1.203439126586075027e-02
-2.494999999999989981e+01 -2.269798739752025910e-02 -1.302252307167493794e-02
-2.489999999999989910e+01 -2.328053233022604751e-02 -1.412166161966262913e-02
-2.484999999999989839e+01 -2.385090338906033225e-02 -1.534563757737509790e-02
-2.479999999999989768e+01 -2.439619742625353735e-02 -1.670951163926399918e-02
-2.474999999999989697e+01 -2.489924889071599631e-02 -1.822929686351612566e-02
-2.469999999999989626e+01 -2.533750199390787106e-02 -1.992140375213681883e-02
-2.464999999999989555e+01 -2.568170654006009246e-02 -2.180166679487330339e-02
-2.459999999999989484e+01 -2.589450752683000040e-02 -2.388376473860635146e-02
-2.454999999999989413e+01 -2.592909557760577494e-02 -2.617680447697285154e-02
-2.449999999999989342e+01 -2.572824177055299880e-02 -2.868182405754588979e-02
-2.444999999999989271e+01 -2.522426714839498540e-02 -3.138703021548757549e-02
-2.439999999999989200e+01 -2.434077819527140363e-02 -3.426179561289490610e-02
-2.434999999999989129e+01 -2.299725572154096703e-02 -3.724989801200651041e-02
-2.429999999999989058e+01 -2.111762624695244853e-02 -4.026326166314458249e-02
-2.424999999999988987e+01 -1.864345089359944682e-02 -4.317849718136915205e-02
-2.419999999999988916e+01 -1.555097789906498447e-02 -4.583945474871311404e-02
-2.414999999999988844e+01 -1.186894144468011482e-02 -4.806900311563538225e-02
-2.409999999999988773e+01 -7.691356767713198456e-03 -4.969132842395137389e-02
-2.404999999999988702e+01 -3.178403250546323056e-03 -5.056187824698134964e-02
-2.399999999999988631e+01 1.459190026715484825e-03 -5.059709668759666129e-02
-2.394999999999988560e+01 5.990727177736925382e-03 -4.979354571939473978e-02
-2.389999999999988489e+01 1.020253329350154226e-02 -4.822872103489062034e-02
-2.384999999999988418e+01 1.392946554684554479e-02 -4.604321919898362453e-02
-2.379999999999988347e+01 1.707191345474700500e-02 -4.341147921556013506e-02
-2.374999999999988276e+01 1.959615690252550224e-02 -4.051149959772029630e-02
-2.369999999999988205e+01 2.152229180162483491e-02 -3.750173559585752436e-02
-2.364999999999988134e+01 2.290659374573646503e-02 -3.450846384155709101e-02
-2.359999999999988063e+01 2.382424969696583794e-02 -3.162258282915081375e-02
-2.354999999999987992e+01 2.435579781711895431e-02 -2.890270988342195230e-02
-2.349999999999987921e+01 2.457818939012209811e-02 -2.638131164093879960e-02
-2.344999999999987850e+01 2.455991385589672421e-02 -2.407148399988386436e-02
-2.339999999999987779e+01 2.435907306569232850e-02 -2.197304351335734388e-02
-2.334999999999987708e+01 2.402330229852434398e-02 -2.007739676359490341e-02
-2.329999999999987637e+01 2.359068309851036424e-02 -1.837113574175960537e-02
-2.324999999999987566e+01 2.309107612363572870e-02 -1.683853350485864375e-02
-2.319999999999987494e+01 2.254753453520209547e-02 -1.546318332452475096e-02
-2.314999999999987423e+01 2.197762050352200514e-02 -1.422901412211269832e-02
-2.309999999999987352e+01 2.139454860490316856e-02 -1.312087376720883283e-02
-2.304999999999987281e+01 2.080813731063428651e-02 -1.212482517653524182e-02
-2.299999999999987210e+01 2.022557899809213772e-02 -1.122825902677412543e-02
-2.294999999999987139e+01 1.965205143521706055e-02 -1.041989454402029829e-02
-2.289999999999987068e+01 1.909119705908871034e-02 -9.689716009887407860e-03
-2.284999999999986997e+01 1.854549518646195563e-02 -9.028875829594376276e-03
-2.279999999999986926e+01 1.801654917849303261e-02 -8.429583531858275344e-03
-2.274999999999986855e+01 1.750530693131606072e-02 -7.884992423116951588e-03
-2.269999999999986784e+01 1.701222956055374602e-02 -7.389090633082518768e-03
-2.264999999999986713e+01 1.653742007640375544e-02 -6.936600108152159334e-03
-2.259999999999986642e+01 1.608072128689891009e-02 -6.522885130893093207e-03
-2.254999999999986571e+01 1.564179009882949237e-02 -6.143870750995188840e-03
-2.249999999999986500e+01 1.522015374808156907e-02 -5.795970826627956304e-03
-2.244999999999986429e+01 1.481525221131341045e-02 -5.476025008956761364e-03
-2.239999999999986358e+01 1.442647005904010814e-02 -5.181243834304789624e-03
-2.234999999999986287e+01 1.405316024680157427e-02 -4.909161039995464833e-03
-2.229999999999986215e+01 1.369466175495989355e-02 -4.657592239923801641e-03
-2.224999999999986144e+01 1.335031253907205742e-02 -4.424599153126932555e-03
-2.219999999999986073e+01 1.301945890984899760e-02 -4.208458653304460867e-03
-2.214999999999986002e+01 1.270146219923151860e-02 -4.007635987232765866e-03
-2.209999999999985931e+01 1.239570336882478765e-02 -3.820761589045620216e-03
-2.204999999999985860e+01 1.210158606339421621e-02 -3.646610991133712211e-03
-2.199999999999985789e+01 1.181853849467369606e-02 -3.484087399538351917e-03
-2.194999999999985718e+01 1.154601445081303822e-02 -3.332206561520261595e-03
-2.189999999999985647e+01 1.128349365752884075e-02 -3.190083605326313188e-03
-2.184999999999985576e+01 1.103048166415566793e-02 -3.056921577890580645e-03
-2.179999999999985505e+01 1.078650938689501571e-02 -2.932001445514393657e-03
-2.174999999999985434e+01 1.055113241017995723e-02 -2.814673356407065060e-03
-2.169999999999985363e+01 1.032393012299257819e-02 -2.704348992980372488e-03
-2.164999999999985292e+01 1.010450474819952517e-02 -2.600494866458311419e-03
-2.159999999999985221e+01 9.892480308784451504e-03 -2.502626427554674807e-03
-2.154999999999985150e+01 9.687501563719017050e-03 -2.410302884919415540e-03
-2.149999999999985079e+01 9.489232937717320682e-03 -2.323122638393607456e-03
-2.144999999999985008e+01 9.297357462655794769e-03 -2.240719247213615421e-03
-2.139999999999984936e+01 9.111575743295402888e-03 -2.162757864388305685e-03
-2.134999999999984865e+01 8.931604956235923015e-03 -2.088932078037946706e-03
-2.129999999999984794e+01 8.757177888030749299e-03 -2.018961108566031705e-03
-2.124999999999984723e+01 8.588042016175242294e-03 -1.952587317476948362e-03
-2.119999999999984652e+01 8.423958635070978931e-03 -1.889573989614841756e-03
-2.114999999999984581e+01 8.264702027707711632e-03 -1.829703355642558604e-03
-2.109999999999984510e+01 8.110058682992967588e-03 -1.772774825989662916e-03
-2.104999999999984439e+01 7.959826557924213480e-03 -1.718603411223312968e-03
-2.099999999999984368e+01 7.813814383325219312e-03 -1.667018307025474200e-03
-2.094999999999984297e+01 7.671841011594220799e-03 -1.617861624760312663e-03
-2.089999999999984226e+01 7.533734804601961710e-03 -1.570987250981440309e-03
-2.084999999999984155e+01 7.399333059845306787e-03 -1.526259821337885587e-03
-2.079999999999984084e+01 7.268481472843889291e-03 -1.483553796113423751e-03
-2.074999999999984013e+01 7.141033633755225138e-03 -1.442752626192580698e-03
-2.069999999999983942e+01 7.016850556251667814e-03 -1.403747999613769691e-03
-2.064999999999983871e+01 6.895800236665963409e-03 -1.366439160018692199e-03
-2.059999999999983800e+01 6.777757241560079804e-03 -1.330732289358436135e-03
-2.054999999999983729e+01 6.662602321900587890e-03 -1.296539948094119253e-03
-2.049999999999983658e+01 6.550222052110383358e-03 -1.263780566911500754e-03
-2.044999999999983586e+01 6.440508492396513490e-03 -1.232377984663841344e-03
-2.039999999999983515e+01 6.333358872770998571e-03 -1.202261027833757476e-03
-2.034999999999983444e+01 6.228675297344912071e-03 -1.173363127351504092e-03
-2.029999999999983373e+01 6.126364467522269625e-03 -1.145621969055602568e-03
-2.024999999999983302e+01 6.026337422808041716e-03 -1.118979174488498067e-03
-2.019999999999983231e+01 5.928509298063846383e-03 -1.093380009087345809e-03
-2.014999999999983160e+01 5.832799096059269536e-03 -1.068773115127950868e-03
-2.009999999999983089e+01 5.739129474306488982e-03 -1.045110267076354658e-03
-2.004999999999983018e+01 5.647426545199681069e-03 -1.022346147238904594e-03
-1.999999999999982947e+01 5.557619688548662285e-03 -1.000438139820868620e-03
-1.994999999999982876e+01 5.469641375692078922e-03 -9.793461417055534038e-04
-1.989999999999982805e+01 5.383427004376023506e-03 -9.590323884235611804e-04
-1.984999999999982734e+01 5.298914743696972116e-03 -9.394612939494122791e-04
-1.979999999999982663e+01 5.216045388425846058e-03 -9.205993030905997368e-04
-1.974999999999982592e+01 5.134762222078606553e-03 -9.024147553561964654e-04
-1.969999999999982521e+01 5.055010888173332162e-03 -8.848777593072605727e-04
-1.964999999999982450e+01 4.976739269102008895e-03 -8.679600764761918929e-04
-1.959999999999982379e+01 4.899897372136594390e-03 -8.516350140408704633e-04
-1.954999999999982307e+01 4.824437222093965610e-03 -8.358773255100284977e-04
-1.949999999999982236e+01 4.750312760218373953e-03 -8.206631187463346100e-04
-1.944999999999982165e+01 4.677479748897914180e-03 -8.059697707217189973e-04
-1.939999999999982094e+01 4.605895681811767242e-03 -7.917758484455685638e-04
-1.934999999999982023e+01 4.535519699179547601e-03 -7.780610355669288812e-04
-1.929999999999981952e+01 4.466312507780423671e-03 -7.648060641914447306e-04
-1.924999999999981881e+01 4.398236305433577548e-03 -7.519926514950745150e-04
-1.919999999999981810e+01 4.331254709677078915e-03 -7.396034407582835219e-04
-1.914999999999981739e+01 4.265332690357847428e-03 -7.276219464693492022e-04
-1.909999999999981668e+01 4.200436505907411550e-03 -7.160325031840214863e-04
-1.904999999999981597e+01 4.136533643069303934e-03 -7.048202178511512803e-04
-1.899999999999981526e+01 4.073592759860453216e-03 -6.939709253388961357e-04
-1.894999999999981455e+01 4.011583631585907694e-03 -6.834711469225138170e-04
-1.889999999999981384e+01 3.950477099699338177e-03 -6.733080515079356782e-04
-1.884999999999981313e+01 3.890245023354334600e-03 -6.634694193909192097e-04
-1.879999999999981242e+01 3.830860233479928267e-03 -6.539436083641926101e-04
-1.874999999999981171e+01 3.772296489224839094e-03 -6.447195220004942398e-04
-1.869999999999981100e+01 3.714528436646196558e-03 -6.357865799567090142e-04
-1.864999999999981029e+01 3.657531569490210521e-03 -6.271346901508837108e-04
-1.859999999999980957e+01 3.601282191958075224e-03 -6.187542226815280618e-04
-1.854999999999980886e+01 3.545757383337101720e-03 -6.106359853656086580e-04
-1.849999999999980815e+01 3.490934964384675640e-03 -6.027712007814602438e-04
-1.844999999999980744e+01 3.436793465379481965e-03 -5.951514847145291829e-04
-1.839999999999980673e+01 3.383312095725895391e-03 -5.877688259067507734e-04
-1.834999999999980602e+01 3.330470715038169605e-03 -5.806155670228899416e-04
-1.829999999999980531e+01 3.278249805616771650e-03 -5.736843867509220643e-04
-1.824999999999980460e+01 3.226630446234458535e-03 -5.669682829598889692e-04
-1.819999999999980389e+01 3.175594287173677532e-03 -5.604605568468014548e-04
-1.814999999999980318e+01 3.125123526427745629e-03 -5.541547980049722766e-04
-1.809999999999980247e+01 3.075200887016162066e-03 -5.480448703553672312e-04
-1.804999999999980176e+01 3.025809595348736419e-03 -5.421248988843896128e-04
-1.799999999999980105e+01 2.976933360577548038e-03 -5.363892571357194725e-04
-1.794999999999980034e+01 2.928556354897051545e-03 -5.308325554096562709e-04
-1.789999999999979963e+01 2.880663194723957765e-03 -5.254496296230968134e-04
-1.784999999999979892e+01 2.833238922723569503e-03 -5.202355307902071114e-04
-1.779999999999979821e+01 2.786268990633465614e-03 -5.151855150845824436e-04
-1.774999999999979750e+01 2.739739242838552802e-03 -5.102950344465144537e-04
-1.769999999999979678e+01 2.693635900670936917e-03 -5.055597277032648773e-04
-1.764999999999979607e+01 2.647945547380431419e-03 -5.009754121693398574e-04
-1.759999999999979536e+01 2.602655113753481186e-03 -4.965380756991135715e-04
-1.754999999999979465e+01 2.557751864343281445e-03 -4.922438691642343558e-04
-1.749999999999979394e+01 2.513223384275811018e-03 -4.880890993301883161e-04
-1.744999999999979323e+01 2.469057566614734495e-03 -4.840702221096139773e-04
-1.739999999999979252e+01 2.425242600240896246e-03 -4.801838361687888520e-04
-1.734999999999979181e+01 2.381766958232656856e-03 -4.764266768679086819e-04
-1.729999999999979110e+01 2.338619386718036181e-03 -4.727956105155293283e-04
-1.724999999999979039e+01 2.295788894171292560e-03 -4.692876289188865685e-04
-1.719999999999978968e+01 2.253264741143706784e-03 -4.658998442142703008e-04
-1.714999999999978897e+01 2.211036430391659369e-03 -4.626294839603964891e-04
-1.709999999999978826e+01 2.169093697394142845e-03 -4.594738864810378378e-04
-1.704999999999978755e+01 2.127426501236828055e-03 -4.564304964427714053e-04
-1.699999999999978684e+01 2.086025015841118380e-03 -4.534968606546428867e-04
-1.694999999999978613e+01 2.044879621532651182e-03 -4.506706240784525645e-04
-1.689999999999978542e+01 2.003980896918205329e-03 -4.479495260371809404e-04
-1.684999999999978471e+01 1.963319611067000647e-03 -4.453313966117195769e-04
-1.679999999999978400e+01 1.922886715978313482e-03 -4.428141532155995290e-04
-1.674999999999978328e+01 1.882673339318033379e-03 -4.403957973381021195e-04
-1.669999999999978257e+01 1.842670777422207584e-03 -4.380744114475910523e-04
-1.664999999999978186e+01 1.802870488540438826e-03 -4.358481560458627195e-04
-1.659999999999978115e+01 1.763264086318615947e-03 -4.337152668663866182e-04
-1.654999999999978044e+01 1.723843333505871434e-03 -4.316740522088744316e-04
-1.649999999999977973e+01 1.684600135871953952e-03 -4.297228904030844917e-04
-1.644999999999977902e+01 1.645526536335168571e-03 -4.278602273959396024e-04
-1.639999999999977831e+01 1.606614709277462416e-03 -4.260845744550881753e-04
-1.634999999999977760e+01 1.567856955047849249e-03 -4.243945059837264102e-04
-1.629999999999977689e+01 1.529245694642068082e-03 -4.227886574410588466e-04
-1.624999999999977618e+01 1.490773464546544386e-03 -4.212657233631638418e-04
-1.619999999999977547e+01 1.452432911749328842e-03 -4.198244554798843432e-04
-1.614999999999977476e+01 1.414216788896305310e-03 -4.184636609226333485e-04
-1.609999999999977405e+01 1.376117949596109696e-03 -4.171822005192799910e-04
-1.604999999999977334e+01 1.338129343863091181e-03 -4.159789871719342651e-04
-1.599999999999977263e+01 1.300244013688618694e-03 -4.148529843137327942e-04
-1.594999999999977192e+01 1.262455088744365156e-03 -4.138032044413709728e-04
-1.589999999999977121e+01 1.224755782198119758e-03 -4.128287077195644424e-04
-1.584999999999977049e+01 1.187139386646364481e-03 -4.119286006545872566e-04
-1.579999999999976978e+01 1.149599270154861436e-03 -4.111020348337572931e-04
-1.574999999999976907e+01 1.112128872398386592e-03 -4.103482057279746360e-04
-1.569999999999976836e+01 1.074721700904831406e-03 -4.096663515548536324e-04
-1.564999999999976765e+01 1.037371327385135100e-03 -4.090557521996249267e-04
-1.559999999999976694e+01 1.000071384154505028e-03 -4.085157281916615120e-04
-1.554999999999976623e+01 9.628155606371605058e-04 -4.080456397342887643e-04
-1.549999999999976552e+01 9.255975999466932447e-04 -4.076448857857326068e-04
-1.544999999999976481e+01 8.884112955482338647e-04 -4.073129031893306775e-04
-1.539999999999976410e+01 8.512504879847337946e-04 -4.070491658509551875e-04
-1.534999999999976339e+01 8.141090616735728591e-04 -4.068531839619991602e-04
-1.529999999999976268e+01 7.769809417666820317e-04 -4.067245032662036852e-04
-1.524999999999976197e+01 7.398600910668365338e-04 -4.066627043687498673e-04
-1.519999999999976126e+01 7.027405070070165405e-04 -4.066674020861585186e-04
-1.514999999999976055e+01 6.656162186758560195e-04 -4.067382448355661220e-04
-1.509999999999975984e+01 6.284812838961428838e-04 -4.068749140620858901e-04
-1.504999999999975913e+01 5.913297863496848328e-04 -4.070771237030239992e-04
-1.499999999999975842e+01 5.541558327423132257e-04 -4.073446196877956744e-04
-1.494999999999975770e+01 5.169535500160020447e-04 -4.076771794724201679e-04
-1.489999999999975699e+01 4.797170825918302406e-04 -4.080746116076337023e-04
-1.484999999999975628e+01 4.424405896510594238e-04 -4.085367553396346231e-04
-1.479999999999975557e+01 4.051182424482831224e-04 -4.090634802425635813e-04
-1.474999999999975486e+01 3.677442216504858696e-04 -4.096546858819657706e-04
-1.469999999999975415e+01 3.303127147096796001e-04 -4.103103015083056204e-04
-1.464999999999975344e+01 2.928179132530746298e-04 -4.110302857800159169e-04
-1.459999999999975273e+01 2.552540104982202462e-04 -4.118146265152775216e-04
-1.454999999999975202e+01 2.176151986876713462e-04 -4.126633404719586397e-04
-1.449999999999975131e+01 1.798956665370471386e-04 -4.135764731552372389e-04
-1.444999999999975060e+01 1.420895967045796016e-04 -4.145540986521580864e-04
-1.439999999999974989e+01 1.041911632661575438e-04 -4.155963194929650261e-04
-1.434999999999974918e+01 6.619452920374538363e-05 -4.167032665385589493e-04
-1.429999999999974847e+01 2.809384390175737045e-05 -4.178750988937622720e-04
-1.424999999999974776e+01 -1.011675935462183484e-05 -4.191120038461770879e-04
-1.419999999999974705e+01 -4.844316587051741840e-05 -4.204141968300019808e-04
-1.414999999999974634e+01 -8.689128203830456809e-05 -4.217819214149939790e-04
-1.409999999999974563e+01 -1.254670378318702151e-04 -4.232154493200212999e-04
-1.404999999999974492e+01 -1.641763893037925803e-04 -4.247150804511328316e-04
-1.399999999999974420e+01 -2.030253210912671968e-04 -4.262811429641482578e-04
-1.394999999999974349e+01 -2.420198489220710958e-04 -4.279139933512377805e-04
-1.389999999999974278e+01 -2.811660221369166601e-04 -4.296140165519752143e-04
-1.384999999999974207e+01 -3.204699262196394893e-04 -4.313816260884190601e-04
-1.379999999999974136e+01 -3.599376853408685351e-04 -4.332172642243479772e-04
-1.374999999999974065e+01 -3.995754649208475839e-04 -4.351214021488573024e-04
-1.369999999999973994e+01 -4.393894742026824285e-04 -4.370945401838890066e-04
-1.364999999999973923e+01 -4.793859688526393159e-04 -4.391372080164573921e-04
-1.359999999999973852e+01 -5.195712535786406461e-04 -4.412499649552169712e-04
-1.354999999999973781e+01 -5.599516847727969981e-04 -4.434334002116955111e-04
-1.349999999999973710e+01 -6.005336731838353814e-04 -4.456881332066158418e-04
-1.344999999999973639e+01 -6.413236866104274347e-04 -4.480148139009346555e-04
-1.339999999999973568e+01 -6.823282526324178643e-04 -4.504141231526830394e-04
-1.334999999999973497e+01 -7.235539613711927664e-04 -4.528867730993148179e-04
-1.329999999999973426e+01 -7.650074682848916063e-04 -4.554335075661074045e-04
-1.324999999999973355e+01 -8.066954970048188789e-04 -4.580551025012307743e-04
-1.319999999999973284e+01 -8.486248422037087624e-04 -4.607523664372090632e-04
-1.314999999999973213e+01 -8.908023725136549054e-04 -4.635261409801563889e-04
-1.309999999999973141e+01 -9.332350334844245754e-04 -4.663773013265882714e-04
-1.304999999999973070e+01 -9.759298505886380981e-04 -4.693067568085597862e-04
-1.299999999999972999e+01 -1.018893932279996140e-03 -4.723154514679819838e-04
-1.294999999999972928e+01 -1.062134473095520393e-03 -4.754043646599183815e-04
-1.289999999999972857e+01 -1.105658756819991040e-03 -4.785745116865881225e-04
-1.284999999999972786e+01 -1.149474159703397363e-03 -4.818269444619616322e-04
-1.279999999999972715e+01 -1.193588153738822655e-03 -4.851627522080366635e-04
-1.274999999999972644e+01 -1.238008310003025497e-03 -4.885830621833180728e-04
-1.269999999999972573e+01 -1.282742302063624024e-03 -4.920890404451012858e-04
-1.264999999999972502e+01 -1.327797909450235958e-03 -4.956818926448501670e-04
-1.259999999999972431e+01 -1.373183021201991594e-03 -4.993628648594806291e-04
-1.254999999999972360e+01 -1.418905639486593706e-03 -5.031332444582106277e-04
-1.249999999999972289e+01 -1.464973883296517149e-03 -5.069943610064328414e-04
-1.244999999999972218e+01 -1.511395992230109286e-03 -5.109475872080299075e-04
-1.239999999999972147e+01 -1.558180330348431925e-03 -5.149943398862185176e-04
-1.234999999999972076e+01 -1.605335390127873851e-03 -5.191360810055181685e-04
-1.229999999999972005e+01 -1.652869796499669558e-03 -5.233743187350499166e-04
-1.224999999999971934e+01 -1.700792310984064470e-03 -5.277106085548296036e-04
-1.219999999999971863e+01 -1.749111835927224384e-03 -5.321465544068316924e-04
-1.214999999999971791e+01 -1.797837418831892825e-03 -5.366838098911075588e-04
-1.209999999999971720e+01 -1.846978256802973839e-03 -5.413240795100371545e-04
-1.204999999999971649e+01 -1.896543701099349249e-03 -5.460691199611514106e-04
-1.199999999999971578e+01 -1.946543261800420116e-03 -5.509207414805606436e-04
-1.194999999999971507e+01 -1.996986612596365201e-03 -5.558808092392133159e-04
-1.189999999999971436e+01 -2.047883595693161807e-03 -5.609512447924788932e-04
-1.184999999999971365e+01 -2.099244226855197931e-03 -5.661340275867590872e-04
-1.179999999999971294e+01 -2.151078700576691122e-03 -5.714311965238053244e-04
-1.174999999999971223e+01 -2.203397395391742952e-03 -5.768448515853026766e-04
-1.169999999999971152e+01 -2.256210879332750524e-03 -5.823771555204125452e-04
-1.164999999999971081e+01 -2.309529915528654026e-03 -5.880303355971299665e-04
-1.159999999999971010e+01 -2.363365467967483424e-03 -5.938066854218309459e-04
-1.154999999999970939e+01 -2.417728707414926181e-03 -5.997085668280907698e-04
-1.149999999999970868e+01 -2.472631017499553330e-03 -6.057384118378949297e-04
-1.144999999999970797e+01 -2.528084000976361240e-03 -6.118987246986043373e-04
-1.139999999999970726e+01 -2.584099486159688319e-03 -6.181920839969242635e-04
-1.134999999999970655e+01 -2.640689533552807722e-03 -6.246211448551403696e-04
-1.129999999999970584e+01 -2.697866442665869391e-03 -6.311886412111659527e-04
-1.124999999999970512e+01 -2.755642759034622469e-03 -6.378973881862918215e-04
-1.119999999999970441e+01 -2.814031281452928496e-03 -6.447502845447680968e-04
-1.114999999999970370e+01 -2.873045069411016283e-03 -6.517503152470632485e-04
-1.109999999999970299e+01 -2.932697450768767533e-03 -6.589005541030945948e-04
-1.104999999999970228e+01 -2.993002029657017976e-03 -6.662041665276383518e-04
-1.099999999999970157e+01 -3.053972694620699785e-03 -6.736644124027428484e-04
-1.094999999999970086e+01 -3.115623627018879183e-03 -6.812846490522853245e-04
-1.089999999999970015e+01 -3.177969309674531784e-03 -6.890683343312707133e-04
-1.084999999999969944e+01 -3.241024535806432544e-03 -6.970190298374700621e-04
-1.079999999999969873e+01 -3.304804418236838987e-03 -7.051404042484835794e-04
-1.074999999999969802e+01 -3.369324398891350436e-03 -7.134362367902412957e-04
-1.069999999999969731e+01 -3.434600258608304368e-03 -7.219104208433593795e-04
-1.064999999999969660e+01 -3.500648127251700797e-03 -7.305669676909733439e-04
-1.059999999999969589e+01 -3.567484494163653680e-03 -7.394100104172727540e-04
-1.054999999999969518e+01 -3.635126218951467009e-03 -7.484438079609825184e-04
-1.049999999999969447e+01 -3.703590542628493881e-03 -7.576727493313513417e-04
-1.044999999999969376e+01 -3.772895099129165014e-03 -7.671013579946908169e-04
-1.039999999999969305e+01 -3.843057927193832546e-03 -7.767342964364620274e-04
-1.034999999999969233e+01 -3.914097482663803085e-03 -7.865763709101938200e-04
-1.029999999999969162e+01 -3.986032651183343822e-03 -7.966325363790373489e-04
-1.024999999999969091e+01 -4.058882761331893130e-03 -8.069079016595035077e-04
-1.019999999999969020e+01 -4.132667598209842363e-03 -8.174077347775478633e-04
-1.014999999999968949e+01 -4.207407417476639877e-03 -8.281374685438541629e-04
-1.009999999999968878e+01 -4.283122959886094538e-03 -8.391027063622113341e-04
-1.004999999999968807e+01 -4.359835466319059161e-03 -8.503092282788945327e-04
-9.999999999999687361e+00 -4.437566693340319612e-03 -8.617629972851978577e-04
-9.949999999999686651e+00 -4.516338929308715000e-03 -8.734701658860554319e-04
-9.899999999999685940e+00 -4.596175011041432612e-03 -8.854370829440669655e-04
-9.849999999999685230e+00 -4.677098341084637290e-03 -8.976703008162425102e-04
-9.799999999999684519e+00 -4.759132905593516094e-03 -9.101765827941872122e-04
-9.749999999999683808e+00 -4.842303292854864549e-03 -9.229629108633086512e-04
-9.699999999999683098e+00 -4.926634712486485657e-03 -9.360364937976125080e-04
-9.649999999999682387e+00 -5.012153015319383009e-03 -9.494047756027869031e-04
-9.599999999999681677e+00 -5.098884714022033915e-03 -9.630754443293140961e-04
-9.549999999999680966e+00 -5.186857004475582678e-03 -9.770564412701413220e-04
-9.499999999999680256e+00 -5.276097787939644512e-03 -9.913559705630656509e-04
-9.449999999999679545e+00 -5.366635694050846117e-03 -1.005982509219229383e-03
-9.399999999999678835e+00 -5.458500104665690855e-03 -1.020944817595008164e-03
-9.349999999999678124e+00 -5.551721178617387287e-03 -1.036251950334864374e-03
-9.299999999999677414e+00 -5.646329877401705388e-03 -1.051913267804921275e-03
-9.249999999999676703e+00 -5.742357991840835174e-03 -1.067938448043493412e-03
-9.199999999999675993e+00 -5.839838169777407384e-03 -1.084337499256480880e-03
-9.149999999999675282e+00 -5.938803944817813707e-03 -1.101120772881152444e-03
-9.099999999999674571e+00 -6.039289766207212029e-03 -1.118298977253701998e-03
-9.049999999999673861e+00 -6.141331029860100377e-03 -1.135883191907434680e-03
-8.999999999999673150e+00 -6.244964110607570396e-03 -1.153884882536100826e-03
-8.949999999999672440e+00 -6.350226395725931672e-03 -1.172315916659035732e-03
-8.899999999999671729e+00 -6.457156319776329034e-03 -1.191188580020318159e-03
-8.849999999999671019e+00 -6.565793400854162687e-03 -1.210515593767721738e-03
-8.799999999999670308e+00 -6.676178278283914636e-03 -1.230310132448264246e-03
-8.749999999999669598e+00 -6.788352751836340682e-03 -1.250585842866042824e-03
-8.699999999999668887e+00 -6.902359822549095081e-03 -1.271356863851103892e-03
-8.649999999999668177e+00 -7.018243735195037192e-03 -1.292637846983459623e-03
-8.599999999999667466e+00 -7.136050022517353986e-03 -1.314443978332347201e-03
-8.549999999999666755e+00 -7.255825551284025843e-03 -1.336791001261210688e-03
-8.499999999999666045e+00 -7.377618570258530351e-03 -1.359695240359621703e-03
-8.449999999999665334e+00 -7.501478760190291584e-03 -1.383173626567469477e-03
-8.399999999999664624e+00 -7.627457285888032679e-03 -1.407243723552285657e-03
-8.349999999999663913e+00 -7.755606850522893392e-03 -1.431923755419441720e-03
-8.299999999999663203e+00 -7.885981752235406150e-03 -1.457232635824933214e-03
-8.249999999999662492e+00 -8.018637943171140481e-03 -1.483189998573582538e-03
-8.199999999999661782e+00 -8.153633091076951944e-03 -1.509816229791127729e-03
-8.149999999999661071e+00 -8.291026643548436714e-03 -1.537132501754750243e-03
-8.099999999999660361e+00 -8.430879895110016120e-03 -1.565160808489073335e-03
-8.049999999999659650e+00 -8.573256057233462346e-03 -1.593924003224689648e-03
-7.999999999999658939e+00 -8.718220331454938632e-03 -1.623445837832420465e-03
-7.949999999999658229e+00 -8.865839985762548336e-03 -1.653751004354475727e-03
-7.899999999999657518e+00 -9.016184434380791757e-03 -1.684865178750800420e-03
-7.849999999999656808e+00 -9.169325321181504007e-03 -1.716815067006209183e-03
-7.799999999999656097e+00 -9.325336606868024625e-03 -1.749628453734419428e-03
-7.749999999999655387e+00 -9.484294660143208211e-03 -1.783334253435558264e-03
-7.699999999999654676e+00 -9.646278353084902779e-03 -1.817962564574980306e-03
-7.649999999999653966e+00 -9.811369160906954767e-03 -1.853544726650280684e-03
-7.599999999999653255e+00 -9.979651266398180398e-03 -1.890113380447266261e-03
-7.549999999999652545e+00 -1.015121166924468771e-02 -1.927702531677552567e-03
-7.499999999999651834e+00 -1.032614030051293152e-02 -1.966347618216883735e-03
-7.449999999999651124e+00 -1.050453014259001422e-02 -2.006085581179551432e-03
-7.399999999999650413e+00 -1.068647735482925604e-02 -2.046954940066737696e-03
-7.349999999999649702e+00 -1.087208140528001660e-02 -2.088995872269379731e-03
-7.299999999999648992e+00 -1.106144520878826754e-02 -2.132250297201143067e-03
-7.249999999999648281e+00 -1.125467527183834915e-02 -2.176761965372084502e-03
-7.199999999999647571e+00 -1.145188184453112962e-02 -2.222576552737329410e-03
-7.149999999999646860e+00 -1.165317908004690622e-02 -2.269741760663468010e-03
-7.099999999999646150e+00 -1.185868520208931826e-02 -2.318307421910568468e-03
-7.049999999999645439e+00 -1.206852268071153395e-02 -2.368325613028601524e-03
-6.999999999999644729e+00 -1.228281841702403426e-02 -2.419850773614519099e-03
-6.949999999999644018e+00 -1.250170393731808022e-02 -2.472939832911548712e-03
-6.899999999999643308e+00 -1.272531559709304955e-02 -2.527652344250516138e-03
-6.849999999999642597e+00 -1.295379479564849612e-02 -2.584050627906213631e-03
-6.799999999999641886e+00 -1.318728820180387756e-02 -2.642199922953233394e-03
-6.749999999999641176e+00 -1.342594799142701051e-02 -2.702168548771882988e-03
-6.699999999999640465e+00 -1.366993209750005239e-02 -2.764028076908233659e-03
-6.649999999999639755e+00 -1.391940447341144527e-02 -2.827853514026993243e-03
-6.599999999999639044e+00 -1.417453537036501149e-02 -2.893723496796100740e-03
-6.549999999999638334e+00 -1.443550162970085732e-02 -2.961720499571434718e-03
-6.499999999999637623e+00 -1.470248699106648654e-02 -3.031931055845356413e-03
-6.449999999999636913e+00 -1.497568241744447193e-02 -3.104445994504858621e-03
-6.399999999999636202e+00 -1.525528643801221662e-02 -3.179360692007505984e-03
-6.349999999999635492e+00 -1.554150551005261532e-02 -3.256775341724573065e-03
-6.299999999999634781e+00 -1.583455440104348383e-02 -3.336795241762043583e-03
-6.249999999999634070e+00 -1.613465659223391191e-02 -3.419531102711050128e-03
-6.199999999999633360e+00 -1.644204470511163169e-02 -3.505099376908402294e-03
-6.149999999999632649e+00 -1.675696095215296888e-02 -3.593622610896734116e-03
-6.099999999999631939e+00 -1.707965761354460904e-02 -3.685229822980108910e-03
-6.049999999999631228e+00 -1.741039754148859808e-02 -3.780056907886919244e-03
-5.999999999999630518e+00 -1.774945469393356817e-02 -3.878247070767128733e-03
-5.949999999999629807e+00 -1.809711469971251457e-02 -3.979951292957589412e-03
-5.899999999999629097e+00 -1.845367545708641310e-02 -4.085328832138333983e-03
-5.849999999999628386e+00 -1.881944776806224184e-02 -4.194547759813975485e-03
-5.799999999999627676e+00 -1.919475601080603694e-02 -4.307785539266852266e-03
-5.749999999999626965e+00 -1.957993885277202473e-02 -4.425229647467155553e-03
-5.699999999999626255e+00 -1.997535000736997551e-02 -4.547078244764073129e-03
-5.649999999999625544e+00 -2.038135903706039809e-02 -4.673540896510715824e-03
-5.599999999999624833e+00 -2.079835220623819925e-02 -4.804839351262937125e-03
-5.549999999999624123e+00 -2.122673338726598080e-02 -4.941208380575449512e-03
-5.499999999999623412e+00 -2.166692502341824311e-02 -5.082896685968909221e-03
-5.449999999999622702e+00 -2.211936915279175131e-02 -5.230167879210578449e-03
-5.399999999999621991e+00 -2.258452849738058765e-02 -5.383301542627866310e-03
-5.349999999999621281e+00 -2.306288762212790194e-02 -5.542594376965778551e-03
-5.299999999999620570e+00 -2.355495416884290094e-02 -5.708361444991177057e-03
-5.249999999999619860e+00 -2.406126017041521070e-02 -5.880937519970654351e-03
-5.199999999999619149e+00 -2.458236345118337829e-02 -6.060678549129308763e-03
-5.149999999999618439e+00 -2.511884911957468908e-02 -6.247963243226238236e-03
-5.099999999999617728e+00 -2.567133115993651404e-02 -6.443194804716504548e-03
-5.049999999999617017e+00 -2.624045413067548072e-02 -6.646802808232748355e-03
-4.999999999999616307e+00 -2.682689497655516009e-02 -6.859245248722606672e-03
-4.949999999999615596e+00 -2.743136496360904647e-02 -7.081010774317367598e-03
-4.899999999999614886e+00 -2.805461174554405024e-02 -7.312621122879839168e-03
-4.849999999999614175e+00 -2.869742157155960594e-02 -7.554633783514597654e-03
-4.799999999999613465e+00 -2.936062164585635098e-02 -7.807644906671193721e-03
-4.749999999999612754e+00 -3.004508265007892198e-02 -8.072292489351373668e-03
-4.699999999999612044e+00 -3.075172144075732916e-02 -8.349259865113107387e-03
-4.649999999999611333e+00 -3.148150393440191097e-02 -8.639279532061637512e-03
-4.599999999999610623e+00 -3.223544819422291541e-02 -8.943137356267042218e-03
-4.549999999999609912e+00 -3.301462773292027086e-02 -9.261677192514670282e-03
-4.499999999999609201e+00 -3.382017504716292033e-02 -9.595805969662083920e-03
-4.449999999999608491e+00 -3.465328540033064952e-02 -9.946499293893903276e-03
-4.399999999999607780e+00 -3.551522087072067624e-02 -1.031480762989589288e-02
-4.349999999999607070e+00 -3.640731468382561731e-02 -1.070186312801419022e-02
-4.299999999999606359e+00 -3.733097584760396159e-02 -1.110888717421459719e-02
-4.249999999999605649e+00 -3.828769411066548778e-02 -1.153719875004333151e-02
-4.199999999999604938e+00 -3.927904526386800932e-02 -1.198822370158857467e-02
-4.149999999999604228e+00 -4.030669680577782243e-02 -1.246350502982747875e-02
-4.099999999999603517e+00 -4.137241399303656642e-02 -1.296471433060744985e-02
-4.049999999999602807e+00 -4.247806629559199021e-02 -1.349366453021348146e-02
-3.999999999999602096e+00 -4.362563427600052446e-02 -1.405232408337795010e-02
-3.949999999999601386e+00 -4.481721691012710562e-02 -1.464283282460664137e-02
-3.899999999999600675e+00 -4.605503936315478997e-02 -1.526751969128040988e-02
-3.849999999999599964e+00 -4.734146123113973370e-02 -1.592892256958516189e-02
-3.799999999999599254e+00 -4.867898525136109267e-02 -1.662981055141519310e-02
-3.749999999999598543e+00 -5.007026647645798634e-02 -1.737320893415199297e-02
-3.699999999999597833e+00 -5.151812189559049071e-02 -1.816242734599198688e-02
-3.649999999999597122e+00 -5.302554046951515887e-02 -1.900109143841350462e-02
-3.599999999999596412e+00 -5.459569352629373151e-02 -1.989317865698728843e-02
-3.549999999999595701e+00 -5.623194543566170656e-02 -2.084305868211727350e-02
-3.499999999999594991e+00 -5.793786444405653324e-02 -2.185553922621244136e-02
-3.449999999999594280e+00 -5.971723350457333601e-02 -2.293591798474389071e-02
-3.399999999999593570e+00 -6.157406087318119392e-02 -2.409004166832859339e-02
-3.349999999999592859e+00 -6.351259016253785195e-02 -2.532437319623628141e-02
-3.299999999999592148e+00 -6.553730943829691458e-02 -2.664606831017434299e-02
-3.249999999999591438e+00 -6.765295880660616989e-02 -2.806306307772785807e-02
-3.199999999999590727e+00 -6.986453576401277510e-02 -2.958417400137401676e-02
-3.149999999999590017e+00 -7.217729734977880451e-02 -3.121921273720017209e-02
-3.099999999999589306e+00 -7.459675784280979383e-02 -3.297911776596007538e-02
-3.049999999999588596e+00 -7.712868035544891143e-02 -3.487610575179231343e-02
-2.999999999999587885e+00 -7.977906017192812338e-02 -3.692384578135637918e-02
-2.949999999999587175e+00 -8.255409702192277599e-02 -3.913766020357084541e-02
-2.899999999999586464e+00 -8.546015262228234821e-02 -4.153475639285976462e-02
-2.849999999999585754e+00 -8.850368870494430829e-02 -4.413449444259725379e-02
-2.799999999999585043e+00 -9.169117928954355345e-02 -4.695869655282926269e-02
-2.749999999999584332e+00 -9.502898905538270657e-02 -5.003200469929720839e-02
-2.699999999999583622e+00 -9.852320717694044994e-02 -5.338229402742371982e-02
-2.649999999999582911e+00 -1.021794227280246603e-01 -5.704115024799204237e-02
-2.599999999999582201e+00 -1.060024235007724913e-01 -6.104442002509960497e-02
-2.549999999999581490e+00 -1.099957945146766147e-01 -6.543284376574390326e-02
-2.499999999999580780e+00 -1.141613852262238354e-01 -7.025278007498372834e-02
-2.449999999999580069e+00 -1.184986049986638118e-01 -7.555702998568872286e-02
-2.399999999999579359e+00 -1.230034941552314298e-01 -8.140576621145623193e-02
-2.349999999999578648e+00 -1.276675022207255927e-01 -8.786756703388207135e-02
-2.299999999999577938e+00 -1.324758849761111801e-01 -9.502054435629167517e-02
-2.249999999999577227e+00 -1.374056069860670193e-01 -1.029535384414134586e-01
-2.199999999999576517e+00 -1.424226058443016640e-01 -1.117673241533938683e-01
-2.149999999999575806e+00 -1.474782387962516594e-01 -1.215757296504172968e-01
-2.099999999999575095e+00 -1.525046935566952144e-01 -1.325065005543784036e-01
-2.049999999999574385e+00 -1.574091081499189859e-01 -1.447016396995739196e-01
-1.999999999999573674e+00 -1.620661205373506442e-01 -1.583168002079125558e-01
-1.949999999999572964e+00 -1.663085791287461368e-01 -1.735190903410687713e-01
-1.899999999999572253e+00 -1.699162287365540425e-01 -1.904823445011590288e-01
-1.849999999999571543e+00 -1.726024086730410523e-01 -2.093785154852727814e-01
-1.799999999999570832e+00 -1.739992638243243461e-01 -2.303633631364210288e-01
-1.749999999999570122e+00 -1.736428238839625993e-01 -2.535541279455015840e-01
-1.699999999999569411e+00 -1.709607322605370405e-01 -2.789965782481539924e-01
-1.649999999999568701e+00 -1.652675590990955179e-01 -3.066191056430291328e-01
-1.599999999999567990e+00 -1.557754767833227083e-01 -3.361731085402933084e-01
-1.549999999999567279e+00 -1.416310591607559399e-01 -3.671627326879469133e-01
-1.499999999999566569e+00 -1.219905325178474997e-01 -3.987740995723455528e-01
-1.449999999999565858e+00 -9.614299932159392492e-02 -4.298244769567682866e-01
-1.399999999999565148e+00 -6.368004437707741605e-02 -4.587628175148148468e-01
-1.349999999999564437e+00 -2.468826761895467903e-02 -4.837577329312371943e-01
-1.299999999999563727e+00 2.008735311950579638e-02 -5.028967105034805041e-01
-1.249999999999563016e+00 6.918186441443459345e-02 -5.144837706009834921e-01
-1.199999999999562306e+00 1.205131630825401201e-01 -5.173695092910504112e-01
-1.149999999999561595e+00 1.716592155753767501e-01 -5.112067870547515325e-01
-1.099999999999560885e+00 2.202426663529172823e-01 -4.965329122594405731e-01
-1.049999999999560174e+00 2.643014664291366000e-01 -4.746439462553162514e-01
-9.999999999995594635e-01 3.025315280896404002e-01 -4.473131825869828271e-01
-9.499999999995587530e-01 3.343510092428851888e-01 -4.164597915829256758e-01
-8.999999999995580424e-01 3.598109088796496158e-01 -3.838685262479745730e-01
-8.499999999995573319e-01 3.794203642744681249e-01 -3.510146865581272313e-01
-7.999999999995566213e-01 3.939566038848482110e-01 -3.189970747670102247e-01
-7.499999999995559108e-01 4.043054017168028480e-01 -2.885503619446566637e-01
-6.999999999995552002e-01 4.113497838418747610e-01 -2.601005462256578138e-01
-6.499999999995544897e-01 4.159050649825835055e-01 -2.338339771448881277e-01
-5.999999999995537792e-01 4.186891157006078501e-01 -2.097616584949610896e-01
-5.499999999995530686e-01 4.203149417758310635e-01 -1.877703227752765269e-01
-4.999999999995523581e-01 4.212943623106876201e-01 -1.676583195875562260e-01
-4.499999999995516475e-01 4.220442320611103582e-01 -1.491581714603888997e-01
-3.999999999995509370e-01 4.228891922538175474e-01 -1.319498996672316404e-01
-3.499999999995502264e-01 4.240573912866011375e-01 -1.156708788192103571e-01
-2.999999999995495159e-01 4.256686675080396109e-01 -9.992932626915587702e-02
-2.499999999995488054e-01 4.277190443625836225e-01 -8.432885271902651469e-02
-1.999999999995480948e-01 4.300708669758918634e-01 -6.850907709466977358e-02
-1.499999999995473843e-01 4.324623054779913600e-01 -5.220035607315329229e-02
-9.999999999954667373e-02 4.345488929637669751e-01 -3.527962035139320385e-02
-4.999999999954596319e-02 4.359792726300385501e-01 -1.780418848111825492e-02
4.547473508864641190e-13 4.364889168356999583e-01 9.575673587391975161e-14
5.000000000045190518e-02 4.359792726300203425e-01 1.780418848143996979e-02
1.000000000004561684e-01 4.345488929637340569e-01 3.527962035170648103e-02
1.500000000004604317e-01 4.324623054779495046e-01 5.220035607345543949e-02
2.000000000004575895e-01 4.300708669758477876e-01 6.850907709496131814e-02
2.500000000004547474e-01 4.277190443625137339e-01 8.432885271904855262e-02
3.000000000004590106e-01 4.256686675080060822e-01 9.992932626943978880e-02
3.500000000004632739e-01 4.240573912865760464e-01 1.156708788195004167e-01
4.000000000004604317e-01 4.228891922537998393e-01 1.319498996675351199e-01
4.500000000004575895e-01 4.220442320610966469e-01 1.491581714607125853e-01
5.000000000004618528e-01 4.212943623106729651e-01 1.676583195879065569e-01
5.500000000004661160e-01 4.203149417758087480e-01 1.877703227756587490e-01
6.000000000004632739e-01 4.186891157005694364e-01 2.097616584953795882e-01
6.500000000004604317e-01 4.159050649825187795e-01 2.338339771453457894e-01
7.000000000004646949e-01 4.113497838417715657e-01 2.601005462261557488e-01
7.500000000004689582e-01 4.043054017166473058e-01 2.885503619451932344e-01
8.000000000004661160e-01 3.939566038846246121e-01 3.189970747675800467e-01
8.500000000004632739e-01 3.794203642741602045e-01 3.510146865587199794e-01
9.000000000004675371e-01 3.598109088792418309e-01 3.838685262485737049e-01
9.500000000004718004e-01 3.343510092423651603e-01 4.164597915835077102e-01
1.000000000000468958e+00 3.025315280890026326e-01 4.473131825875177325e-01
1.050000000000466116e+00 2.643014664283853676e-01 4.746439462557697220e-01
1.100000000000470379e+00 2.202426663520696826e-01 4.965329122597779699e-01
1.150000000000474643e+00 1.716592155744629256e-01 5.112067870549440451e-01
1.200000000000471800e+00 1.205131630816005522e-01 5.173695092910806093e-01
1.250000000000468958e+00 6.918186441351421856e-02 5.144837706008492662e-01
1.300000000000473221e+00 2.008735311864656703e-02 5.028967105031967311e-01
1.350000000000477485e+00 -2.468826761971992800e-02 4.837577329308301310e-01
1.400000000000474643e+00 -6.368004437772853410e-02 4.587628175143183551e-01
1.450000000000471800e+00 -9.614299932212372335e-02 4.298244769562175605e-01
1.500000000000476064e+00 -1.219905325182593370e-01 3.987740995717714565e-01
1.550000000000480327e+00 -1.416310591610607517e-01 3.671627326873744823e-01
1.600000000000477485e+00 -1.557754767835349829e-01 3.361731085397407504e-01
1.650000000000474643e+00 -1.652675590992311039e-01 3.066191056425081607e-01
1.700000000000478906e+00 -1.709607322606109259e-01 2.789965782476709899e-01
1.750000000000483169e+00 -1.736428238839883287e-01 2.535541279450592156e-01
1.800000000000480327e+00 -1.739992638243132994e-01 2.303633631360195999e-01
1.850000000000477485e+00 -1.726024086730026386e-01 2.093785154849105157e-01
1.900000000000481748e+00 -1.699162287364958668e-01 1.904823445008334837e-01
1.950000000000486011e+00 -1.663085791286739723e-01 1.735190903407767271e-01
2.000000000000483169e+00 -1.620661205372690428e-01 1.583168002076509595e-01
2.050000000000480327e+00 -1.574091081498315559e-01 1.447016396993396903e-01
2.100000000000484590e+00 -1.525046935566045647e-01 1.325065005541685159e-01
2.150000000000488853e+00 -1.474782387961597052e-01 1.215757296502290863e-01
2.200000000000486011e+00 -1.424226058442099041e-01 1.117673241532248785e-01
2.250000000000483169e+00 -1.374056069859764251e-01 1.029535384412614829e-01
2.300000000000487432e+00 -1.324758849760225288e-01 9.502054435615475692e-02
2.350000000000491696e+00 -1.276675022206393839e-01 8.786756703375848965e-02
2.400000000000488853e+00 -1.230034941551479549e-01 8.140576621134448798e-02
2.450000000000486011e+00 -1.184986049985833900e-01 7.555702998558747052e-02
2.500000000000490274e+00 -1.141613852261465084e-01 7.025278007489181575e-02
2.550000000000494538e+00 -1.099957945146024102e-01 6.543284376566031735e-02
2.600000000000491696e+00 -1.060024235007013954e-01 6.104442002502340203e-02
2.650000000000488853e+00 -1.021794227279566730e-01 5.704115024792247995e-02
2.700000000000493117e+00 -9.852320717687541862e-02 5.338229402736006241e-02
2.750000000000497380e+00 -9.502898905532054796e-02 5.003200469923883842e-02
2.800000000000494538e+00 -9.169117928948421203e-02 4.695869655277572219e-02
2.850000000000491696e+00 -8.850368870488767303e-02 4.413449444254798765e-02
2.900000000000495959e+00 -8.546015262222826647e-02 4.153475639281437731e-02
2.950000000000500222e+00 -8.255409702187113674e-02 3.913766020352896224e-02
3.000000000000497380e+00 -7.977906017187880172e-02 3.692384578131767403e-02
3.050000000000494538e+00 -7.712868035540178246e-02 3.487610575175646710e-02
3.100000000000498801e+00 -7.459675784276478816e-02 3.297911776592685196e-02
3.150000000000503064e+00 -7.217729734973578337e-02 3.121921273716931483e-02
3.200000000000500222e+00 -6.986453576397162746e-02 2.958417400134533831e-02
3.250000000000497380e+00 -6.765295880656681249e-02 2.806306307770116415e-02
3.300000000000501643e+00 -6.553730943825926414e-02 2.664606831014944971e-02
3.350000000000505906e+00 -6.351259016250181133e-02 2.532437319621305694e-02
3.400000000000503064e+00 -6.157406087314666598e-02 2.409004166830688853e-02
3.450000000000500222e+00 -5.971723350454025137e-02 2.293591798472358056e-02
3.500000000000504485e+00 -5.793786444402479474e-02 2.185553922619341838e-02
3.550000000000508749e+00 -5.623194543563135583e-02 2.084305868209943707e-02
3.600000000000505906e+00 -5.459569352626458816e-02 1.989317865697055182e-02
3.650000000000503064e+00 -5.302554046948722288e-02 1.900109143839778109e-02
3.700000000000507328e+00 -5.151812189556360944e-02 1.816242734597720010e-02
3.750000000000511591e+00 -5.007026647643215977e-02 1.737320893413806661e-02
3.800000000000508749e+00 -4.867898525133627918e-02 1.662981055140207165e-02
3.850000000000505906e+00 -4.734146123111586391e-02 1.592892256957277944e-02
3.900000000000510170e+00 -4.605503936313184998e-02 1.526751969126872478e-02
3.950000000000514433e+00 -4.481721691010501218e-02 1.464283282459559292e-02
4.000000000000511591e+00 -4.362563427597924981e-02 1.405232408336750186e-02
4.050000000000508749e+00 -4.247806629557152047e-02 1.349366453020359354e-02
4.100000000000513012e+00 -4.137241399301683220e-02 1.296471433059808234e-02
4.150000000000517275e+00 -4.030669680575879599e-02 1.246350502981860564e-02
4.200000000000514433e+00 -3.927904526384966288e-02 1.198822370158014912e-02
4.250000000000511591e+00 -3.828769411064775197e-02 1.153719875003533790e-02
4.300000000000515854e+00 -3.733097584758683640e-02 1.110888717420700778e-02
4.350000000000520117e+00 -3.640731468380911662e-02 1.070186312800697030e-02
4.400000000000517275e+00 -3.551522087070474454e-02 1.031480762988902684e-02
4.450000000000514433e+00 -3.465328540031524518e-02 9.946499293887373777e-03
4.500000000000518696e+00 -3.382017504714798783e-02 9.595805969655857998e-03
4.550000000000522959e+00 -3.301462773290583796e-02 9.261677192508737527e-03
4.600000000000520117e+00 -3.223544819420898211e-02 8.943137356261388754e-03
4.650000000000517275e+00 -3.148150393438843564e-02 8.639279532056237318e-03
4.700000000000521538e+00 -3.075172144074428404e-02 8.349259865107955259e-03
4.750000000000525802e+00 -3.004508265006627238e-02 8.072292489346450522e-03
4.800000000000522959e+00 -2.936062164584409689e-02 7.807644906666485682e-03
4.850000000000520117e+00 -2.869742157154773349e-02 7.554633783510099516e-03
4.900000000000524381e+00 -2.805461174553253167e-02 7.312621122875530982e-03
4.950000000000528644e+00 -2.743136496359789567e-02 7.081010774313244160e-03
5.000000000000525802e+00 -2.682689497654433541e-02 6.859245248718662778e-03
5.050000000000522959e+00 -2.624045413066496829e-02 6.646802808228967525e-03
5.100000000000527223e+00 -2.567133115992633469e-02 6.443194804712879843e-03
5.150000000000531486e+00 -2.511884911956479421e-02 6.247963243222760983e-03
5.200000000000528644e+00 -2.458236345117376792e-02 6.060678549125973757e-03
5.250000000000525802e+00 -2.406126017040585013e-02 5.880937519967448582e-03
5.300000000000530065e+00 -2.355495416883383875e-02 5.708361444988100525e-03
5.350000000000534328e+00 -2.306288762211907567e-02 5.542594376962820847e-03
5.400000000000531486e+00 -2.258452849737199730e-02 5.383301542625024833e-03
5.450000000000528644e+00 -2.211936915278340382e-02 5.230167879207845393e-03
5.500000000000532907e+00 -2.166692502341011767e-02 5.082896685966285452e-03
5.550000000000537170e+00 -2.122673338725804965e-02 4.941208380572921152e-03
5.600000000000534328e+00 -2.079835220623052483e-02 4.804839351260502441e-03
5.650000000000531486e+00 -2.038135903705291102e-02 4.673540896508370478e-03
5.700000000000535749e+00 -1.997535000736271743e-02 4.547078244761814519e-03
5.750000000000540012e+00 -1.957993885276491930e-02 4.425229647464979342e-03
5.800000000000537170e+00 -1.919475601079912580e-02 4.307785539264755853e-03
5.850000000000534328e+00 -1.881944776805550418e-02 4.194547759811951063e-03
5.900000000000538591e+00 -1.845367545707985585e-02 4.085328832136385022e-03
5.950000000000542855e+00 -1.809711469970611691e-02 3.979951292955708105e-03
6.000000000000540012e+00 -1.774945469392730929e-02 3.878247070765311177e-03
6.050000000000537170e+00 -1.741039754148252655e-02 3.780056907885165872e-03
6.100000000000541434e+00 -1.707965761353865547e-02 3.685229822978414518e-03
6.150000000000545697e+00 -1.675696095214715409e-02 3.593622610895095236e-03
6.200000000000542855e+00 -1.644204470510596955e-02 3.505099376906820226e-03
6.250000000000540012e+00 -1.613465659222840937e-02 3.419531102709521403e-03
6.300000000000544276e+00 -1.583455440103812006e-02 3.336795241760563864e-03
6.350000000000548539e+00 -1.554150551004734176e-02 3.256775341723140184e-03
6.400000000000545697e+00 -1.525528643800707490e-02 3.179360692006120374e-03
6.450000000000542855e+00 -1.497568241743944817e-02 3.104445994503518113e-03
6.500000000000547118e+00 -1.470248699106156687e-02 3.031931055844056672e-03
6.550000000000551381e+00 -1.443550162969606254e-02 2.961720499570177478e-03
6.600000000000548539e+00 -1.417453537036032774e-02 2.893723496794883398e-03
6.650000000000545697e+00 -1.391940447340685172e-02 2.827853514025814065e-03
6.700000000000549960e+00 -1.366993209749555599e-02 2.764028076907090910e-03
6.750000000000554223e+00 -1.342594799142260431e-02 2.702168548770775367e-03
6.800000000000551381e+00 -1.318728820179958933e-02 2.642199922952160468e-03
6.850000000000548539e+00 -1.295379479564429115e-02 2.584050627905171930e-03
6.900000000000552802e+00 -1.272531559708893478e-02 2.527652344249505661e-03
6.950000000000557066e+00 -1.250170393731405566e-02 2.472939832910569895e-03
7.000000000000554223e+00 -1.228281841702009991e-02 2.419850773613567603e-03
7.050000000000551381e+00 -1.206852268070768980e-02 2.368325613027679518e-03
7.100000000000555644e+00 -1.185868520208556431e-02 2.318307421909672483e-03
7.150000000000559908e+00 -1.165317908004322167e-02 2.269741760662596745e-03
7.200000000000557066e+00 -1.145188184452750751e-02 2.222576552736483732e-03
7.250000000000554223e+00 -1.125467527183478950e-02 2.176761965371260075e-03
7.300000000000558487e+00 -1.106144520878479115e-02 2.132250297200343793e-03
7.350000000000562750e+00 -1.087208140527660266e-02 2.088995872268603875e-03
7.400000000000559908e+00 -1.068647735482590455e-02 2.046954940065982657e-03
7.450000000000557066e+00 -1.050453014258673906e-02 2.006085581178817644e-03
7.500000000000561329e+00 -1.032614030050973269e-02 1.966347618216171631e-03
7.550000000000565592e+00 -1.015121166924153051e-02 1.927702531676860412e-03
7.600000000000562750e+00 -9.979651266395099529e-03 1.890113380446592321e-03
7.650000000000559908e+00 -9.811369160903915532e-03 1.853544726649624958e-03
7.700000000000564171e+00 -9.646278353081919055e-03 1.817962564574342795e-03
7.750000000000568434e+00 -9.484294660140300814e-03 1.783334253434937233e-03
7.800000000000565592e+00 -9.325336606865158862e-03 1.749628453733815311e-03
7.850000000000562750e+00 -9.169325321178686816e-03 1.716815067005620244e-03
7.900000000000567013e+00 -9.016184434378037016e-03 1.684865178750228395e-03
7.950000000000571276e+00 -8.865839985759835229e-03 1.653751004353918013e-03
8.000000000000568434e+00 -8.718220331452287974e-03 1.623445837831876196e-03
8.050000000000565592e+00 -8.573256057230846383e-03 1.593924003224160991e-03
8.100000000000569855e+00 -8.430879895107455668e-03 1.565160808488556821e-03
8.150000000000574119e+00 -8.291026643545897079e-03 1.537132501754245439e-03
8.200000000000571276e+00 -8.153633091074481698e-03 1.509816229790637235e-03
8.250000000000568434e+00 -8.018637943168697990e-03 1.483189998573102887e-03
8.300000000000572697e+00 -7.885981752233005293e-03 1.457232635824467007e-03
8.350000000000576961e+00 -7.755606850520541107e-03 1.431923755418986789e-03
8.400000000000574119e+00 -7.627457285885715088e-03 1.407243723551842868e-03
8.450000000000571276e+00 -7.501478760188008688e-03 1.383173626567036664e-03
8.500000000000575540e+00 -7.377618570256302966e-03 1.359695240359201033e-03
8.550000000000579803e+00 -7.255825551281826213e-03 1.336791001260799559e-03
8.600000000000576961e+00 -7.136050022515202929e-03 1.314443978331945179e-03
8.650000000000574119e+00 -7.018243735192913890e-03 1.292637846983068876e-03
8.700000000000578382e+00 -6.902359822547006474e-03 1.271356863850721820e-03
8.750000000000582645e+00 -6.788352751834279830e-03 1.250585842865668991e-03
8.800000000000579803e+00 -6.676178278281902356e-03 1.230310132447899954e-03
8.850000000000576961e+00 -6.565793400852185102e-03 1.210515593767366553e-03
8.900000000000581224e+00 -6.457156319774379205e-03 1.191188580019970564e-03
8.950000000000585487e+00 -6.350226395724009598e-03 1.172315916658697461e-03
9.000000000000582645e+00 -6.244964110605676078e-03 1.153884882535768409e-03
9.050000000000579803e+00 -6.141331029858219936e-03 1.135883191907111154e-03
9.100000000000584066e+00 -6.039289766205359344e-03 1.118298977253384544e-03
9.150000000000588329e+00 -5.938803944815995717e-03 1.101120772880843880e-03
9.200000000000585487e+00 -5.839838169775624088e-03 1.084337499256178821e-03
9.250000000000582645e+00 -5.742357991839065756e-03 1.067938448043199160e-03
9.300000000000586908e+00 -5.646329877399984543e-03 1.051913267804632660e-03
9.350000000000591172e+00 -5.551721178615680319e-03 1.036251950334582048e-03
9.400000000000588329e+00 -5.458500104663997765e-03 1.020944817594732993e-03
9.450000000000585487e+00 -5.366635694049187721e-03 1.005982509218961152e-03
9.500000000000589750e+00 -5.276097787938013872e-03 9.913559705628032740e-04
9.550000000000594014e+00 -5.186857004473986732e-03 9.770564412698847997e-04
9.600000000000591172e+00 -5.098884714020437969e-03 9.630754443290621275e-04
9.650000000000588329e+00 -5.012153015317828697e-03 9.494047756025414397e-04
9.700000000000592593e+00 -4.926634712484952161e-03 9.360364937973715983e-04
9.750000000000596856e+00 -4.842303292853331054e-03 9.229629108630735962e-04
9.800000000000594014e+00 -4.759132905592017293e-03 9.101765827939575781e-04
9.850000000000591172e+00 -4.677098341083159305e-03 8.976703008160180804e-04
9.900000000000595435e+00 -4.596175011039975444e-03 8.854370829438473062e-04
9.950000000000599698e+00 -4.516338929307271710e-03 8.734701658858405431e-04
1.000000000000059686e+01 -4.437566693338897139e-03 8.617629972849873057e-04
1.005000000000059401e+01 -4.359835466317650565e-03 8.503092282786878838e-04
1.010000000000059828e+01 -4.283122959884706760e-03 8.391027063620094557e-04
1.015000000000060254e+01 -4.207407417475272915e-03 8.281374685436566213e-04
1.020000000000059970e+01 -4.132667598208475401e-03 8.174077347773542248e-04
1.025000000000059686e+01 -4.058882761330553923e-03 8.069079016593148565e-04
1.030000000000060112e+01 -3.986032651182032371e-03 7.966325363788528176e-04
1.035000000000060538e+01 -3.914097482662491634e-03 7.865763709100134088e-04
1.040000000000060254e+01 -3.843057927192562728e-03 7.767342964362850856e-04
1.045000000000059970e+01 -3.772895099127898666e-03 7.671013579945175614e-04
1.050000000000060396e+01 -3.703590542627241411e-03 7.576727493311822062e-04
1.055000000000060822e+01 -3.635126218950231886e-03 7.484438079608170691e-04
1.060000000000060538e+01 -3.567484494162425496e-03 7.394100104171109911e-04
1.065000000000060254e+01 -3.500648127250483022e-03 7.305669676908137494e-04
1.070000000000060680e+01 -3.434600258607110879e-03 7.219104208432041217e-04
1.075000000000061107e+01 -3.369324398890174294e-03 7.134362367900886400e-04
1.080000000000060822e+01 -3.304804418235669783e-03 7.051404042483343931e-04
1.085000000000060538e+01 -3.241024535805277218e-03 6.970190298373245621e-04
1.090000000000060965e+01 -3.177969309673386866e-03 6.890683343311271650e-04
1.095000000000061391e+01 -3.115623627017758551e-03 6.812846490521452456e-04
1.100000000000061107e+01 -3.053972694619586092e-03 6.736644124026058052e-04
1.105000000000060822e+01 -2.993002029655914692e-03 6.662041665275041276e-04
1.110000000000061249e+01 -2.932697450767667718e-03 6.589005541029634063e-04
1.115000000000061675e+01 -2.873045069409933816e-03 6.517503152469348790e-04
1.120000000000061391e+01 -2.814031281451870314e-03 6.447502845446418957e-04
1.125000000000061107e+01 -2.755642759033567757e-03 6.378973881861684393e-04
1.130000000000061533e+01 -2.697866442664818148e-03 6.311886412110456063e-04
1.135000000000061959e+01 -2.640689533551770357e-03 6.246211448550219748e-04
1.140000000000061675e+01 -2.584099486158661363e-03 6.181920839968089044e-04
1.145000000000061391e+01 -2.528084000975337753e-03 6.118987246984911466e-04
1.150000000000061817e+01 -2.472631017498547190e-03 6.057384118377845579e-04
1.155000000000062244e+01 -2.417728707413916572e-03 5.997085668279823496e-04
1.160000000000061959e+01 -2.363365467966498101e-03 5.938066854217246941e-04
1.165000000000061675e+01 -2.309529915527672173e-03 5.880303355970258831e-04
1.170000000000062101e+01 -2.256210879331775609e-03 5.823771555203110638e-04
1.175000000000062528e+01 -2.203397395390785385e-03 5.768448515852029300e-04
1.180000000000062244e+01 -2.151078700575747432e-03 5.714311965237081799e-04
1.185000000000061959e+01 -2.099244226854257711e-03 5.661340275866634606e-04
1.190000000000062386e+01 -2.047883595692238934e-03 5.609512447923860855e-04
1.195000000000062812e+01 -1.996986612595442329e-03 5.558808092391222429e-04
1.200000000000062528e+01 -1.946543261799507651e-03 5.509207414804715222e-04
1.205000000000062244e+01 -1.896543701098447193e-03 5.460691199610642407e-04
1.210000000000062670e+01 -1.846978256802075252e-03 5.413240795099521531e-04
1.215000000000063096e+01 -1.797837418831004647e-03 5.366838098910238584e-04
1.220000000000062812e+01 -1.749111835926346614e-03 5.321465544067499435e-04
1.225000000000062528e+01 -1.700792310983186700e-03 5.277106085547495894e-04
1.230000000000062954e+01 -1.652869796498809135e-03 5.233743187349720709e-04
1.235000000000063380e+01 -1.605335390127013429e-03 5.191360810054418407e-04
1.240000000000063096e+01 -1.558180330347578441e-03 5.149943398861445750e-04
1.245000000000062812e+01 -1.511395992229262741e-03 5.109475872079574828e-04
1.250000000000063238e+01 -1.464973883295681012e-03 5.069943610063621514e-04
1.255000000000063665e+01 -1.418905639485108783e-03 5.031332444580545026e-04
1.260000000000063380e+01 -1.373183021201162396e-03 4.993628648594125412e-04
1.265000000000063096e+01 -1.327797909449410230e-03 4.956818926447838138e-04
1.270000000000063523e+01 -1.282742302062812173e-03 4.920890404450366674e-04
1.275000000000063949e+01 -1.238008310002217116e-03 4.885830621832549722e-04
1.280000000000063665e+01 -1.193588153737587532e-03 4.851627522078759847e-04
1.285000000000063380e+01 -1.149474159702599391e-03 4.818269444619015674e-04
1.290000000000063807e+01 -1.105658756819186128e-03 4.785745116865293587e-04
1.295000000000064233e+01 -1.062134473094729359e-03 4.754043646598615693e-04
1.300000000000063949e+01 -1.018893932279208575e-03 4.723154514679262558e-04
1.305000000000063665e+01 -9.759298505880552310e-04 4.693067568084856268e-04
1.310000000000064091e+01 -9.332350334836508887e-04 4.663773013265353623e-04
1.315000000000064517e+01 -8.908023725128812187e-04 4.635261409801052146e-04
1.320000000000064233e+01 -8.486248422029420146e-04 4.607523664371591899e-04
1.325000000000063949e+01 -8.066954970040486617e-04 4.580551025011823105e-04
1.330000000000064375e+01 -7.650074682841422058e-04 4.554335075660602417e-04
1.335000000000064801e+01 -7.235539613704364270e-04 4.528867730992687394e-04
1.340000000000064517e+01 -6.823282526316719332e-04 4.504141231526382618e-04
1.345000000000064233e+01 -6.413236866096780342e-04 4.480148139008916126e-04
1.350000000000064659e+01 -6.005336731830963892e-04 4.456881332065744253e-04
1.355000000000065086e+01 -5.599516847720649448e-04 4.434334002116550703e-04
1.360000000000064801e+01 -5.195712535779051233e-04 4.412499649551777231e-04
1.365000000000064517e+01 -4.793859688519142015e-04 4.391372080164194450e-04
1.370000000000064944e+01 -4.393894742019607835e-04 4.370945401838526858e-04
1.375000000000065370e+01 -3.995754649201259390e-04 4.351214021488220658e-04
1.380000000000065086e+01 -3.599376853401468901e-04 4.332172642243139332e-04
1.385000000000064801e+01 -3.204699262189213138e-04 4.313816260883865340e-04
1.390000000000065228e+01 -2.811660221362019541e-04 4.296140165519436640e-04
1.395000000000065654e+01 -2.420198489213598592e-04 4.279139933512074228e-04
1.400000000000065370e+01 -2.030253210905524908e-04 4.262811429641192012e-04
1.405000000000065086e+01 -1.641763893030882826e-04 4.247150804511050761e-04
1.410000000000065512e+01 -1.254670378311728562e-04 4.232154493199944117e-04
1.415000000000065938e+01 -8.689128203761414815e-05 4.217819214149688255e-04
1.420000000000065654e+01 -4.844316586982352901e-05 4.204141968299779115e-04
1.425000000000065370e+01 -1.011675935392447601e-05 4.191120038461537776e-04
1.430000000000065796e+01 2.809384390244085150e-05 4.178750988937405880e-04
1.435000000000066223e+01 6.619452920443927302e-05 4.167032665385381326e-04
1.440000000000065938e+01 1.041911632668444943e-04 4.155963194929457273e-04
1.445000000000065654e+01 1.420895967052700215e-04 4.145540986521396550e-04
1.450000000000066080e+01 1.798956665377271502e-04 4.135764731552202169e-04
1.455000000000066507e+01 2.176151986883617662e-04 4.126633404719428104e-04
1.460000000000066223e+01 2.552540104989037273e-04 4.118146265152625597e-04
1.465000000000065938e+01 2.928179132537546414e-04 4.110302857800021475e-04
1.470000000000066365e+01 3.303127147103665506e-04 4.103103015082931520e-04
1.475000000000066791e+01 3.677442216511589423e-04 4.096546858819543864e-04
1.480000000000066507e+01 4.051182424489631340e-04 4.090634802425533898e-04
1.485000000000066223e+01 4.424405896517394354e-04 4.085367553396256242e-04
1.490000000000066649e+01 4.797170825925067827e-04 4.080746116076260045e-04
1.495000000000067075e+01 5.169535500166820563e-04 4.076771794724135542e-04
1.500000000000066791e+01 5.541558327430001762e-04 4.073446196877902534e-04
1.505000000000066507e+01 5.913297863503683138e-04 4.070771237030193371e-04
1.510000000000066933e+01 6.284812838968228954e-04 4.068749140620828543e-04
1.515000000000067359e+01 6.656162186765360311e-04 4.067382448355636284e-04
1.520000000000067075e+01 7.027405070076861437e-04 4.066674020861583017e-04
1.525000000000066791e+01 7.398600910675200149e-04 4.066627043687498673e-04
1.530000000000067217e+01 7.769809417673585739e-04 4.067245032662054199e-04
1.535000000000067644e+01 8.141090616742494013e-04 4.068531839620020876e-04
1.540000000000067359e+01 8.512504879854068673e-04 4.070491658509596327e-04
1.545000000000067075e+01 8.884112955489208152e-04 4.073129031893362069e-04
1.550000000000067502e+01 9.255975999473697868e-04 4.076448857857392204e-04
1.555000000000067928e+01 9.628155606378335785e-04 4.080456397342965705e-04
1.560000000000067644e+01 1.000071384155188509e-03 4.085157281916707277e-04
1.565000000000067359e+01 1.037371327385818581e-03 4.090557521996350098e-04
1.570000000000067786e+01 1.074721700905514887e-03 4.096663515548651250e-04
1.575000000000068212e+01 1.112128872399063134e-03 4.103482057279877549e-04
1.580000000000067928e+01 1.149599270155541447e-03 4.111020348337716046e-04
1.585000000000067644e+01 1.187139386647047962e-03 4.119286006546028691e-04
1.590000000000068070e+01 1.224755782198799769e-03 4.128287077195817896e-04
1.595000000000068496e+01 1.262455088745052106e-03 4.138032044413895126e-04
1.600000000000068212e+01 1.300244013689305644e-03 4.148529843137527436e-04
1.605000000000067928e+01 1.338129343863792009e-03 4.159789871719555155e-04
1.610000000000068354e+01 1.376117949596800116e-03 4.171822005193028676e-04
1.615000000000068781e+01 1.414216788897009608e-03 4.184636609226574178e-04
1.620000000000068496e+01 1.452432911750026201e-03 4.198244554799096051e-04
1.625000000000068212e+01 1.490773464547245214e-03 4.212657233631909469e-04
1.630000000000068638e+01 1.529245694642772380e-03 4.227886574410874695e-04
1.635000000000069065e+01 1.567856955048553547e-03 4.243945059837563342e-04
1.640000000000068781e+01 1.606614709278163244e-03 4.260845744551198340e-04
1.645000000000068496e+01 1.645526536335876339e-03 4.278602273959724537e-04
1.650000000000068923e+01 1.684600135872661719e-03 4.297228904031190778e-04
1.655000000000069349e+01 1.723843333506596548e-03 4.316740522089105355e-04
1.660000000000069065e+01 1.763264086319330654e-03 4.337152668664244568e-04
1.665000000000068781e+01 1.802870488541163940e-03 4.358481560459020760e-04
1.670000000000069207e+01 1.842670777422932699e-03 4.380744114476324688e-04
1.675000000000069633e+01 1.882673339318758493e-03 4.403957973381451623e-04
1.680000000000069349e+01 1.922886715979042066e-03 4.428141532156446318e-04
1.685000000000069065e+01 1.963319611067736170e-03 4.453313966117660892e-04
1.690000000000069491e+01 2.003980896918947791e-03 4.479495260372296211e-04
1.695000000000069917e+01 2.044879621533393643e-03 4.506706240785028714e-04
1.700000000000069633e+01 2.086025015841864311e-03 4.534968606546951452e-04
1.705000000000069349e+01 2.127426501237584394e-03 4.564304964428257238e-04
1.710000000000069775e+01 2.169093697394902653e-03 4.594738864810942163e-04
1.715000000000070202e+01 2.211036430392426116e-03 4.626294839604549276e-04
1.720000000000069917e+01 2.253264741144477001e-03 4.658998442143310161e-04
1.725000000000069633e+01 2.295788894172069716e-03 4.692876289189494522e-04
1.730000000000070060e+01 2.338619386718816806e-03 4.727956105155944888e-04
1.735000000000070486e+01 2.381766958233447889e-03 4.764266768679760108e-04
1.740000000000070202e+01 2.425242600241690749e-03 4.801838361688583494e-04
1.745000000000069917e+01 2.469057566615535937e-03 4.840702221096860767e-04
1.750000000000070344e+01 2.513223384276622868e-03 4.880890993302625840e-04
1.755000000000070770e+01 2.557751864344086357e-03 4.922438691643110089e-04
1.760000000000070486e+01 2.602655113754299976e-03 4.965380756991929351e-04
1.765000000000070202e+01 2.647945547381260617e-03 5.009754121694219315e-04
1.770000000000070628e+01 2.693635900671776523e-03 5.055597277033497703e-04
1.775000000000071054e+01 2.739739242839395877e-03 5.102950344466023825e-04
1.780000000000070770e+01 2.786268990634319098e-03 5.151855150846725408e-04
1.785000000000070486e+01 2.833238922724426456e-03 5.202355307903004612e-04
1.790000000000070912e+01 2.880663194724818188e-03 5.254496296231935242e-04
1.795000000000071338e+01 2.928556354897929315e-03 5.308325554097558007e-04
1.800000000000071054e+01 2.976933360578439686e-03 5.363892571358219296e-04
1.805000000000070770e+01 3.025809595349624598e-03 5.421248988844958646e-04
1.810000000000071196e+01 3.075200887017067591e-03 5.480448703554767357e-04
1.815000000000071623e+01 3.125123526428661563e-03 5.541547980050852504e-04
1.820000000000071338e+01 3.175594287174596936e-03 5.604605568469175729e-04
1.825000000000071054e+01 3.226630446235393551e-03 5.669682829600092072e-04
1.830000000000071481e+01 3.278249805617711871e-03 5.736843867510462054e-04
1.835000000000071907e+01 3.330470715039127172e-03 5.806155670230179859e-04
1.840000000000071623e+01 3.383312095726859897e-03 5.877688259068831545e-04
1.845000000000071338e+01 3.436793465380462084e-03 5.951514847146655756e-04
1.850000000000071765e+01 3.490934964385664432e-03 6.027712007816009732e-04
1.855000000000072191e+01 3.545757383338107860e-03 6.106359853657540495e-04
1.860000000000071907e+01 3.601282191959088302e-03 6.187542226816780070e-04
1.865000000000071623e+01 3.657531569491240947e-03 6.271346901510385348e-04
1.870000000000072049e+01 3.714528436647240861e-03 6.357865799568688256e-04
1.875000000000072475e+01 3.772296489225895541e-03 6.447195220006593638e-04
1.880000000000072191e+01 3.830860233481007265e-03 6.539436083643628298e-04
1.885000000000071907e+01 3.890245023355418802e-03 6.634694193910953925e-04
1.890000000000072333e+01 3.950477099700437991e-03 6.733080515081174989e-04
1.895000000000072760e+01 4.011583631587030060e-03 6.834711469227018176e-04
1.900000000000072475e+01 4.073592759861587725e-03 6.939709253390904248e-04
1.905000000000072191e+01 4.136533643070462729e-03 7.048202178513518577e-04
1.910000000000072617e+01 4.200436505908584223e-03 7.160325031842286773e-04
1.915000000000073044e+01 4.265332690359040918e-03 7.276219464695632237e-04
1.920000000000072760e+01 4.331254709678282813e-03 7.396034407585053497e-04
1.925000000000072475e+01 4.398236305434802262e-03 7.519926514953042575e-04
1.930000000000072902e+01 4.466312507781674407e-03 7.648060641916819540e-04
1.935000000000073328e+01 4.535519699180819153e-03 7.780610355671740194e-04
1.940000000000073044e+01 4.605895681813063081e-03 7.917758484458220503e-04
1.945000000000072760e+01 4.677479748899229101e-03 8.059697707219815911e-04
1.950000000000073186e+01 4.750312760219716629e-03 8.206631187466066363e-04
1.955000000000073612e+01 4.824437222095334307e-03 8.358773255103101735e-04
1.960000000000073328e+01 4.899897372137980434e-03 8.516350140411620053e-04
1.965000000000073044e+01 4.976739269103417490e-03 8.679600764764943853e-04
1.970000000000073470e+01 5.055010888174775452e-03 8.848777593075737987e-04
1.975000000000073896e+01 5.134762222080077598e-03 9.024147553565212924e-04
1.980000000000073612e+01 5.216045388427341389e-03 9.205993030909364900e-04
1.985000000000073328e+01 5.298914743698491733e-03 9.394612939497616090e-04
1.990000000000073754e+01 5.383427004377574349e-03 9.590323884239237377e-04
1.995000000000074181e+01 5.469641375693664459e-03 9.793461417059296219e-04
2.000000000000073896e+01 5.557619688550277312e-03 1.000438139821259367e-03
2.005000000000073612e+01 5.647426545201337730e-03 1.022346147239310520e-03
2.010000000000074039e+01 5.739129474308169929e-03 1.045110267076777497e-03
2.015000000000074465e+01 5.832799096060990382e-03 1.068773115128389970e-03
2.020000000000074181e+01 5.928509298065605393e-03 1.093380009087802258e-03
2.025000000000073896e+01 6.026337422809838890e-03 1.118979174488972947e-03
2.030000000000074323e+01 6.126364467524108431e-03 1.145621969056096964e-03
2.035000000000074749e+01 6.228675297346792511e-03 1.173363127352018871e-03
2.040000000000074465e+01 6.333358872772920645e-03 1.202261027834294373e-03
2.045000000000074181e+01 6.440508492398487606e-03 1.232377984664400575e-03
2.050000000000074607e+01 6.550222052112399107e-03 1.263780566912083838e-03
2.055000000000075033e+01 6.662602321902657415e-03 1.296539948094727925e-03
2.060000000000074749e+01 6.777757241562203105e-03 1.330732289359072128e-03
2.065000000000074465e+01 6.895800236668135283e-03 1.366439160019355947e-03
2.070000000000074891e+01 7.016850556253891730e-03 1.403747999614463364e-03
2.075000000000075318e+01 7.141033633757511503e-03 1.442752626193306246e-03
2.080000000000075033e+01 7.268481472846241576e-03 1.483553796114183343e-03
2.085000000000074749e+01 7.399333059847723257e-03 1.526259821338680741e-03
2.090000000000075175e+01 7.533734804604437160e-03 1.570987250982272543e-03
2.095000000000075602e+01 7.671841011596770843e-03 1.617861624761185663e-03
2.100000000000075318e+01 7.813814383327840479e-03 1.667018307026389701e-03
2.105000000000075033e+01 7.959826557926907506e-03 1.718603411224274005e-03
2.110000000000075460e+01 8.110058682995734472e-03 1.772774825990673176e-03
2.115000000000075886e+01 8.264702027710566987e-03 1.829703355643619821e-03
2.120000000000075602e+01 8.423958635073922757e-03 1.889573989615958918e-03
2.125000000000075318e+01 8.588042016178274590e-03 1.952587317478124288e-03
2.130000000000075744e+01 8.757177888033875271e-03 2.018961108567271599e-03
2.135000000000076170e+01 8.931604956239140927e-03 2.088932078039253820e-03
2.140000000000075886e+01 9.111575743298730087e-03 2.162757864389686091e-03
2.145000000000075602e+01 9.297357462659227786e-03 2.240719247215072589e-03
2.150000000000076028e+01 9.489232937720857783e-03 2.323122638395148324e-03
2.155000000000076454e+01 9.687501563722684256e-03 2.410302884921046614e-03
2.160000000000076170e+01 9.892480308788240140e-03 2.502626427556403892e-03
2.165000000000075886e+01 1.010450474820344564e-02 2.600494866460144588e-03
2.170000000000076312e+01 1.032393012299663917e-02 2.704348992982319282e-03
2.175000000000076739e+01 1.055113241018416741e-02 2.814673356409134151e-03
2.180000000000076454e+01 1.078650938689937680e-02 2.932001445516595455e-03
2.185000000000076170e+01 1.103048166416019035e-02 3.056921577892925124e-03
2.190000000000076597e+01 1.128349365753352623e-02 3.190083605328815092e-03
2.195000000000077023e+01 1.154601445081789891e-02 3.332206561522933503e-03
2.200000000000076739e+01 1.181853849467875278e-02 3.484087399541209006e-03
2.205000000000076454e+01 1.210158606339946374e-02 3.646610991136772263e-03
2.210000000000076881e+01 1.239570336883023989e-02 3.820761589048901445e-03
2.215000000000077307e+01 1.270146219923718768e-02 4.007635987236288222e-03
2.220000000000077023e+01 1.301945890985489740e-02 4.208458653308248636e-03
2.225000000000076739e+01 1.335031253907820355e-02 4.424599153131012624e-03
2.230000000000077165e+01 1.369466175496628080e-02 4.657592239928202635e-03
2.235000000000077591e+01 1.405316024680822520e-02 4.909161040000219710e-03
2.240000000000077307e+01 1.442647005904704183e-02 5.181243834309939150e-03
2.245000000000077023e+01 1.481525221132062517e-02 5.476025008962343704e-03
2.250000000000077449e+01 1.522015374808908215e-02 5.795970826634021765e-03
2.255000000000077875e+01 1.564179009883731597e-02 6.143870751001790330e-03
2.260000000000077591e+01 1.608072128690705288e-02 6.522885130900288840e-03
2.265000000000077307e+01 1.653742007641222436e-02 6.936600108160023703e-03
2.270000000000077733e+01 1.701222956056254454e-02 7.389090633091129068e-03
2.275000000000078160e+01 1.750530693132519230e-02 7.884992423126398892e-03
2.280000000000077875e+01 1.801654917850249726e-02 8.429583531868659399e-03
2.285000000000077591e+01 1.854549518647173600e-02 9.028875829605816777e-03
2.290000000000078018e+01 1.909119705909877868e-02 9.689716009900031443e-03
2.295000000000078444e+01 1.965205143522738562e-02 1.041989454403426281e-02
2.300000000000078160e+01 2.022557899810266402e-02 1.122825902678959743e-02
2.305000000000077875e+01 2.080813731064493771e-02 1.212482517655241905e-02
2.310000000000078302e+01 2.139454860491383364e-02 1.312087376722793214e-02
2.315000000000078728e+01 2.197762050353252450e-02 1.422901412213395042e-02
2.320000000000078444e+01 2.254753453521227136e-02 1.546318332454843687e-02
2.325000000000078160e+01 2.309107612364527662e-02 1.683853350488504277e-02
2.330000000000078586e+01 2.359068309851892337e-02 1.837113574178901240e-02
2.335000000000079012e+01 2.402330229853143553e-02 2.007739676362762377e-02
2.340000000000078728e+01 2.435907306569734185e-02 2.197304351339363429e-02
2.345000000000078444e+01 2.455991385589887874e-02 2.407148399992394341e-02
2.350000000000078870e+01 2.457818939012043624e-02 2.638131164098276096e-02
2.355000000000079297e+01 2.435579781711232072e-02 2.890270988346968842e-02
2.360000000000079012e+01 2.382424969695289690e-02 3.162258282920192565e-02
2.365000000000078728e+01 2.290659374571577672e-02 3.450846384161079111e-02
2.370000000000079154e+01 2.152229180159493521e-02 3.750173559591244571e-02
2.375000000000079581e+01 1.959615690248515951e-02 4.051149959777448906e-02
2.380000000000079297e+01 1.707191345469546290e-02 4.341147921561095552e-02
2.385000000000079012e+01 1.392946554678286923e-02 4.604321919902798488e-02
2.390000000000079439e+01 1.020253329342893540e-02 4.822872103492522461e-02
2.395000000000079865e+01 5.990727177656815852e-03 4.979354571941663199e-02
2.400000000000079581e+01 1.459190026631394105e-03 5.059709668760375284e-02
2.405000000000079297e+01 -3.178403250630236834e-03 5.056187824697298133e-02
2.410000000000079723e+01 -7.691356767792813590e-03 4.969132842392835064e-02
2.415000000000080149e+01 -1.186894144475198788e-02 4.806900311559984124e-02
2.420000000000079865e+01 -1.555097789912678399e-02 4.583945474866809450e-02
2.425000000000079581e+01 -1.864345089365006258e-02 4.317849718131791525e-02
2.430000000000080007e+01 -2.111762624699190655e-02 4.026326166309023014e-02
2.435000000000080433e+01 -2.299725572157006875e-02 3.724989801195160294e-02
2.440000000000080149e+01 -2.434077819529141540e-02 3.426179561284137254e-02
2.445000000000079865e+01 -2.522426714840736439e-02 3.138703021543670646e-02
2.450000000000080291e+01 -2.572824177055919523e-02 2.868182405749843469e-02
2.455000000000080718e+01 -2.592909557760710720e-02 2.617680447692920936e-02
2.460000000000080433e+01 -2.589450752682758913e-02 2.388376473856657425e-02
2.465000000000080149e+01 -2.568170654005490217e-02 2.180166679483730441e-02
2.470000000000080576e+01 -2.533750199390065461e-02 1.992140375210437603e-02
2.475000000000081002e+01 -2.489924889070734698e-02 1.822929686348696149e-02
2.480000000000080718e+01 -2.439619742624394433e-02 1.670951163923781874e-02
2.485000000000080433e+01 -2.385090338905014595e-02 1.534563757735160974e-02
2.490000000000080860e+01 -2.328053233021552468e-02 1.412166161964154704e-02
2.495000000000081286e+01 -2.269798739750961136e-02 1.302252307165599476e-02
2.500000000000081002e+01 -2.211284530636471041e-02 1.203439126584371008e-02
2.505000000000080718e+01 -2.153211240682027100e-02 1.114476678943327956e-02
2.510000000000081144e+01 -2.096082433912296872e-02 1.034247548247784441e-02
2.515000000000081570e+01 -2.040251562715204164e-02 9.617601229228179768e-03
2.520000000000081286e+01 -1.985958413965856900e-02 8.961387269784062623e-03
2.525000000000081002e+01 -1.933357214953324715e-02 8.366124648964658878e-03
2.530000000000081428e+01 -1.882538206450348056e-02 7.825039029977252231e-03
2.535000000000081855e+01 -1.833544142714131284e-02 7.332182290759071790e-03
2.540000000000081570e+01 -1.786382875187803032e-02 6.882332259112892286e-03
2.545000000000081286e+01 -1.741036924914916850e-02 6.470902041885913739e-03
2.550000000000081712e+01 -1.697470745690107113e-02 6.093859261509624800e-03
2.555000000000082139e+01 -1.655636219371253368e-02 5.747654858642022545e-03
2.560000000000081855e+01 -1.615476799423928508e-02 5.429160773764352653e-03
2.565000000000081570e+01 -1.576930621675796951e-02 5.135615664669875187e-03
2.570000000000081997e+01 -1.539932826523615107e-02 4.864577775345705311e-03
2.575000000000082423e+01 -1.504417279517062875e-02 4.613884096038889902e-03
2.580000000000082139e+01 -1.470317833332586074e-02 4.381615013350960257e-03
2.585000000000081855e+01 -1.437569240615106658e-02 4.166063724803526457e-03
2.590000000000082281e+01 -1.406107801496965168e-02 3.965709772459377266e-03
2.595000000000082707e+01 -1.375871809988632975e-02 3.779196128762294955e-03
2.600000000000082423e+01 -1.346801848438477188e-02 3.605309341195430967e-03
2.605000000000082139e+01 -1.318840967746954043e-02 3.442962308750313876e-03
2.610000000000082565e+01 -1.291934782231134518e-02 3.291179322464201588e-03
2.615000000000082991e+01 -1.266031501264424340e-02 3.149083054079187746e-03
2.620000000000082707e+01 -1.241081914624851679e-02 3.015883221951930378e-03
2.625000000000082423e+01 -1.217039344502292633e-02 2.890866702285730186e-03
2.630000000000082849e+01 -1.193859574026416397e-02 2.773388887072832185e-03
2.635000000000083276e+01 -1.171500759828078900e-02 2.662866118824000830e-03
2.640000000000082991e+01 -1.149923334314981345e-02 2.558769056537636352e-03
2.645000000000082707e+01 -1.129089901939146941e-02 2.460616848203475010e-03
2.650000000000083134e+01 -1.108965132660204647e-02 2.367972002933170506e-03
2.655000000000083560e+01 -1.089515654962601270e-02 2.280435870878555829e-03
2.660000000000083276e+01 -1.070709950159012477e-02 2.197644652063172888e-03
2.665000000000082991e+01 -1.052518249213555551e-02 2.119265866211217288e-03
2.670000000000083418e+01 -1.034912432943519041e-02 2.044995225045032061e-03
2.675000000000083844e+01 -1.017865936178720225e-02 1.974553856562918670e-03
2.680000000000083560e+01 -1.001353656229109212e-02 1.907685837609491859e-03
2.685000000000083276e+01 -9.853518658594347807e-03 1.844155996963632409e-03
2.690000000000083702e+01 -9.698381308410752508e-03 1.783747956164066567e-03
2.695000000000084128e+01 -9.547912320615636883e-03 1.726262379606449682e-03
2.700000000000083844e+01 -9.401910921125836498e-03 1.671515409171921108e-03
2.705000000000083560e+01 -9.260187062210810741e-03 1.619337261796918986e-03
2.710000000000083986e+01 -9.122560773662895944e-03 1.569570971180234272e-03
2.715000000000084412e+01 -8.988861553991112432e-03 1.522071257172402572e-03
2.720000000000084128e+01 -8.858927799684408050e-03 1.476703508444503297e-03
2.725000000000083844e+01 -8.732606270579298946e-03 1.433342865825176738e-03
2.730000000000084270e+01 -8.609751589270707439e-03 1.391873395203572844e-03
2.735000000000084697e+01 -8.490225772613534463e-03 1.352187340262797025e-03
2.740000000000084412e+01 -8.373897793361275918e-03 1.314184446453240838e-03
2.745000000000084128e+01 -8.260643170056434018e-03 1.277771348629147714e-03
2.750000000000084555e+01 -8.150343583406591264e-03 1.242861015668640049e-03
2.755000000000084981e+01 -8.042886517390830659e-03 1.209372246145117534e-03
2.760000000000084697e+01 -7.938164923504298365e-03 1.177229209817509193e-03
2.765000000000084412e+01 -7.836076906596076835e-03 1.146361030284530347e-03
2.770000000000084839e+01 -7.736525430847625978e-03 1.116701404668423879e-03
2.775000000000085265e+01 -7.639418044564040208e-03 1.088188256660982747e-03
2.780000000000084981e+01 -7.544666622471211948e-03 1.060763419646681494e-03
2.785000000000084697e+01 -7.452187124359329132e-03 1.034372346991328014e-03
2.790000000000085123e+01 -7.361899368954460607e-03 1.008963846885539868e-03
2.795000000000085549e+01 -7.273726821976160203e-03 9.844898394091045751e-04
2.800000000000085265e+01 -7.187596397442217247e-03 9.609051337355186068e-04
2.805000000000084981e+01 -7.103438271290675801e-03 9.381672235962145194e-04
2.810000000000085407e+01 -7.021185706509202804e-03 9.162360993321110730e-04
2.815000000000085834e+01 -6.940774888987132421e-03 8.950740750211923181e-04
2.820000000000085549e+01 -6.862144773361500416e-03 8.746456293230369999e-04
2.825000000000085265e+01 -6.785236938208170920e-03 8.549172588237580672e-04
2.830000000000085691e+01 -6.709995449925534178e-03 8.358573427717284985e-04
2.835000000000086118e+01 -6.636366734753564728e-03 8.174360182153751157e-04
2.840000000000085834e+01 -6.564299458382483882e-03 7.996250646424890498e-04
2.845000000000085549e+01 -6.493744412644626013e-03 7.823977973068490122e-04
2.850000000000085976e+01 -6.424654408844172188e-03 7.657289685112188401e-04
2.855000000000086402e+01 -6.356984177266680053e-03 7.495946761734334539e-04
2.860000000000086118e+01 -6.290690272486399587e-03 7.339722790755180649e-04
2.865000000000085834e+01 -6.225730984091236084e-03 7.188403182448411741e-04
2.870000000000086260e+01 -6.162066252472279959e-03 7.041784439666873806e-04
2.875000000000086686e+01 -6.099657589372522656e-03 6.899673479781007505e-04
2.880000000000086402e+01 -6.038468002870328935e-03 6.761887004238200565e-04
2.885000000000086118e+01 -5.978461926535640764e-03 6.628250912014134162e-04
2.890000000000086544e+01 -5.919605152492153979e-03 6.498599753501995042e-04
2.895000000000086970e+01 -5.861864768137534099e-03 6.372776221687633446e-04
2.900000000000086686e+01 -5.805209096311400238e-03 6.250630677775564914e-04
2.905000000000086402e+01 -5.749607638678854923e-03 6.132020708593508051e-04
2.910000000000086828e+01 -5.695031022148959454e-03 6.016810713407781891e-04
2.915000000000087255e+01 -5.641450948139295485e-03 5.904871517935690334e-04
2.920000000000086970e+01 -5.588840144510612978e-03 5.796080013526520511e-04
2.925000000000086686e+01 -5.537172320026362976e-03 5.690318819689175025e-04
2.930000000000087113e+01 -5.486422121168328322e-03 5.587475968224712812e-04
2.935000000000087539e+01 -5.436565091183589299e-03 5.487444607431149826e-04
2.940000000000087255e+01 -5.387577631227416855e-03 5.390122724932124108e-04
2.945000000000086970e+01 -5.339436963475887102e-03 5.295412887797660683e-04
2.950000000000087397e+01 -5.292121096107493816e-03 5.203221998764547256e-04
2.955000000000087823e+01 -5.245608790029214485e-03 5.113461067397472287e-04
2.960000000000087539e+01 -5.199879527260534845e-03 5.026044995181343494e-04
2.965000000000087255e+01 -5.154913480877251764e-03 4.940892373579115022e-04
2.970000000000087681e+01 -5.110691486423365668e-03 4.857925294164328663e-04
2.975000000000088107e+01 -5.067195014721165292e-03 4.777069170034918544e-04
2.980000000000087823e+01 -5.024406145985930300e-03 4.698252567722230539e-04
2.985000000000087539e+01 -4.982307545185351780e-03 4.621407048919653170e-04
2.990000000000087965e+01 -4.940882438571525190e-03 4.546467021375706977e-04
2.995000000000088392e+01 -4.900114591318133900e-03 4.473369598345304336e-04
3.000000000000088107e+01 -4.859988286214221576e-03 4.402054466063513925e-04
3.005000000000087823e+01 -4.820488303343202496e-03 4.332463758698691159e-04
3.010000000000088249e+01 -4.781599900705648179e-03 4.264541940326589111e-04
3.015000000000088676e+01 -4.743308795732066943e-03 4.198235693473552810e-04
3.020000000000088392e+01 -4.705601147635751075e-03 4.133493813809547331e-04
3.025000000000088107e+01 -4.668463540571817644e-03 4.070267110624577233e-04
3.030000000000088534e+01 -4.631882967547214583e-03 4.008508312706607715e-04
3.035000000000088960e+01 -4.595846815053025725e-03 3.948171979306098339e-04
3.040000000000088676e+01 -4.560342848378778902e-03 3.889214415870686408e-04
3.045000000000088392e+01 -4.525359197570842998e-03 3.831593594255685675e-04
3.050000000000088818e+01 -4.490884344011913248e-03 3.775269077156797378e-04
3.055000000000089244e+01 -4.456907107577802105e-03 3.720201946492078093e-04
3.060000000000088960e+01 -4.423416634352111965e-03 3.666354735514385974e-04
3.065000000000088676e+01 -4.390402384868024449e-03 3.613691364429596890e-04
3.070000000000089102e+01 -4.357854122848309197e-03 3.562177079310911709e-04
3.075000000000089528e+01 -4.325761904427974369e-03 3.511778394132095030e-04
3.080000000000089244e+01 -4.294116067824444577e-03 3.462463035721243931e-04
3.085000000000088960e+01 -4.262907223442300927e-03 3.414199891481836408e-04
3.090000000000089386e+01 -4.232126244388893788e-03 3.366958959719155574e-04
3.095000000000089813e+01 -4.201764257378405240e-03 3.320711302420877031e-04
3.100000000000089528e+01 -4.171812634014194013e-03 3.275429000366864040e-04
3.105000000000089244e+01 -4.142262982420770456e-03 3.231085110421839501e-04
3.110000000000089670e+01 -4.113107139217029792e-03 3.187653624902657651e-04
3.115000000000090097e+01 -4.084337161812244543e-03 3.145109432902093395e-04
3.120000000000089813e+01 -4.055945321007309312e-03 3.103428283458636535e-04
3.125000000000089528e+01 -4.027924093894888827e-03 3.062586750483666594e-04
3.130000000000089955e+01 -4.000266157034589043e-03 3.022562199336289133e-04
3.135000000000090381e+01 -3.972964379898328777e-03 2.983332754969004845e-04
3.140000000000090097e+01 -3.946011818571106000e-03 2.944877271556952639e-04
3.145000000000089813e+01 -3.919401709693364280e-03 2.907175303529027774e-04
3.150000000000090239e+01 -3.893127464641347665e-03 2.870207077937644890e-04
3.155000000000090665e+01 -3.867182663925329902e-03 2.833953468083747493e-04
3.160000000000090381e+01 -3.841561051803317126e-03 2.798395968342241207e-04
3.165000000000090097e+01 -3.816256531098276977e-03 2.763516670122684814e-04
3.170000000000090523e+01 -3.791263158207904688e-03 2.729298238904098771e-04
3.175000000000090949e+01 -3.766575138305267717e-03 2.695723892298652847e-04
3.180000000000090665e+01 -3.742186820713191628e-03 2.662777379079922903e-04
3.185000000000090381e+01 -3.718092694451582275e-03 2.630442959136532113e-04
3.190000000000090807e+01 -3.694287383948179765e-03 2.598705384301920780e-04
3.195000000000091234e+01 -3.670765644903610861e-03 2.567549880014026844e-04
