-3.200000000000000000e+01 2.462008544651607574e-03 1.000201258617246420e-04
-3.189999999999999858e+01 2.480460134782313652e-03 1.012207232704169703e-04
-3.179999999999999716e+01 2.499133376920841497e-03 1.024417871139900519e-04
-3.169999999999999574e+01 2.518032050467212783e-03 1.036837788555291601e-04
-3.159999999999999432e+01 2.537160020005263181e-03 1.049471730632470386e-04
-3.149999999999999289e+01 2.556521237717043066e-03 1.062324578623769411e-04
-3.139999999999999147e+01 2.576119745883849455e-03 1.075401354057077682e-04
-3.129999999999999005e+01 2.595959679472114971e-03 1.088707223632897828e-04
-3.119999999999998863e+01 2.616045268809383609e-03 1.102247504323347290e-04
-3.109999999999998721e+01 2.636380842355964729e-03 1.116027668683995449e-04
-3.099999999999998579e+01 2.656970829570596930e-03 1.130053350384973318e-04
-3.089999999999998437e+01 2.677819763881566194e-03 1.144330349976991495e-04
-3.079999999999998295e+01 2.698932285762020190e-03 1.158864640899862704e-04
-3.069999999999998153e+01 2.720313145915767561e-03 1.173662375746642743e-04
-3.059999999999998010e+01 2.741967208580217003e-03 1.188729892797344079e-04
-3.049999999999997868e+01 2.763899454945534153e-03 1.204073722831440919e-04
-3.039999999999997726e+01 2.786114986702950373e-03 1.219700596238577575e-04
-3.029999999999997584e+01 2.808619029721813598e-03 1.235617450438265786e-04
-3.019999999999997442e+01 2.831416937862988453e-03 1.251831437625540097e-04
-3.009999999999997300e+01 2.854514196936661693e-03 1.268349932860639534e-04
-2.999999999999997158e+01 2.877916428804628418e-03 1.285180542515793490e-04
-2.989999999999997016e+01 2.901629395641900505e-03 1.302331113103535377e-04
-2.979999999999996874e+01 2.925659004358414396e-03 1.319809740501754446e-04
-2.969999999999996732e+01 2.950011311190102112e-03 1.337624779597677090e-04
-2.959999999999996589e+01 2.974692526469293642e-03 1.355784854374446043e-04
-2.949999999999996447e+01 2.999709019575831116e-03 1.374298868458732155e-04
-2.939999999999996305e+01 3.025067324086258905e-03 1.393176016160570967e-04
-2.929999999999996163e+01 3.050774143123387294e-03 1.412425794026779904e-04
-2.919999999999996021e+01 3.076836354917832431e-03 1.432058012937341190e-04
-2.909999999999995879e+01 3.103261018593861213e-03 1.452082810776080977e-04
-2.899999999999995737e+01 3.130055380182871806e-03 1.472510665701609134e-04
-2.889999999999995595e+01 3.157226878885034151e-03 1.493352410058934165e-04
-2.879999999999995453e+01 3.184783153583612900e-03 1.514619244961776159e-04
-2.869999999999995310e+01 3.212732049626573945e-03 1.536322755584907209e-04
-2.859999999999995168e+01 3.241081625891028065e-03 1.558474927208513704e-04
-2.849999999999995026e+01 3.269840162136549398e-03 1.581088162051199415e-04
-2.839999999999994884e+01 3.299016166671992281e-03 1.604175296944787554e-04
-2.829999999999994742e+01 3.328618384343468711e-03 1.627749621893247135e-04
-2.819999999999994600e+01 3.358655804862134726e-03 1.651824899569028675e-04
-2.809999999999994458e+01 3.389137671491636132e-03 1.676415385803820370e-04
-2.799999999999994316e+01 3.420073490105081555e-03 1.701535851125523580e-04
-2.789999999999994174e+01 3.451473038641603847e-03 1.727201603412520348e-04
-2.779999999999994031e+01 3.483346376974568327e-03 1.753428511725165190e-04
-2.769999999999993889e+01 3.515703857215574796e-03 1.780233031387644155e-04
-2.759999999999993747e+01 3.548556134479993567e-03 1.807632230398588976e-04
-2.749999999999993605e+01 3.581914178129275497e-03 1.835643817244203221e-04
-2.739999999999993463e+01 3.615789283527430162e-03 1.864286170210405550e-04
-2.729999999999993321e+01 3.650193084329935757e-03 1.893578368279511957e-04
-2.719999999999993179e+01 3.685137565336832691e-03 1.923540223713198524e-04
-2.709999999999993037e+01 3.720635075943805412e-03 1.954192316430980751e-04
-2.699999999999992895e+01 3.756698344214232793e-03 1.985556030290113816e-04
-2.689999999999992752e+01 3.793340491619497795e-03 2.017653591400126139e-04
-2.679999999999992610e+01 3.830575048474795484e-03 2.050508108595106363e-04
-2.669999999999992468e+01 3.868415970112689013e-03 2.084143616207274224e-04
-2.659999999999992326e+01 3.906877653839593151e-03 2.118585119296353373e-04
-2.649999999999992184e+01 3.945974956709203708e-03 2.153858641488184055e-04
-2.639999999999992042e+01 3.985723214173943381e-03 2.189991275609752595e-04
-2.629999999999991900e+01 4.026138259654542077e-03 2.227011237299726730e-04
-2.619999999999991758e+01 4.067236445084918689e-03 2.264947921800087010e-04
-2.609999999999991616e+01 4.109034662493606972e-03 2.303831964150772837e-04
-2.599999999999991473e+01 4.151550366671825226e-03 2.343695303012320228e-04
-2.589999999999991331e+01 4.194801599008641038e-03 2.384571248384188423e-04
-2.579999999999991189e+01 4.238807012552155314e-03 2.426494553482521060e-04
-2.569999999999991047e+01 4.283585898375260811e-03 2.469501491076679569e-04
-2.559999999999990905e+01 4.329158213330382490e-03 2.513629934608534416e-04
-2.549999999999990763e+01 4.375544609266871637e-03 2.558919444428797035e-04
-2.539999999999990621e+01 4.422766463819409813e-03 2.605411359540546934e-04
-2.529999999999990479e+01 4.470845912853939341e-03 2.653148895243940858e-04
-2.519999999999990337e+01 4.519805884681045438e-03 2.702177247125539701e-04
-2.509999999999990195e+01 4.569670136155022655e-03 2.752543701873743026e-04
-2.499999999999990052e+01 4.620463290767400609e-03 2.804297755424597417e-04
-2.489999999999989910e+01 4.672210878884051899e-03 2.857491239018100540e-04
-2.479999999999989768e+01 4.724939380253787707e-03 2.912178453763019205e-04
-2.469999999999989626e+01 4.778676268944802991e-03 2.968416314379573135e-04
-2.459999999999989484e+01 4.833450060877693064e-03 3.026264502849487716e-04
-2.449999999999989342e+01 4.889290364116864393e-03 3.085785632747161484e-04
-2.439999999999989200e+01 4.946227932130183892e-03 3.147045425133116327e-04
-2.429999999999989058e+01 5.004294720207708852e-03 3.210112896933911900e-04
-2.419999999999988916e+01 5.063523945266127854e-03 3.275060562839846121e-04
-2.409999999999988773e+01 5.123950149284347416e-03 3.341964651848859831e-04
-2.399999999999988631e+01 5.185609266613375352e-03 3.410905339667163311e-04
-2.389999999999988489e+01 5.248538695462990657e-03 3.481966998335694029e-04
-2.379999999999988347e+01 5.312777373853344413e-03 3.555238464540091026e-04
-2.369999999999988205e+01 5.378365860366609089e-03 3.630813328228897066e-04
-2.359999999999988063e+01 5.445346420062826751e-03 3.708790243325860874e-04
-2.349999999999987921e+01 5.513763115930768975e-03 3.789273262471528139e-04
-2.339999999999987779e+01 5.583661906320245595e-03 3.872372197974593326e-04
-2.329999999999987637e+01 5.655090748797664268e-03 3.958203011324830595e-04
-2.319999999999987494e+01 5.728099710931145935e-03 4.046888233890917163e-04
-2.309999999999987352e+01 5.802741088557401145e-03 4.138557421701123413e-04
-2.299999999999987210e+01 5.879069532105266754e-03 4.233347647476755956e-04
-2.289999999999987068e+01 5.957142181651856223e-03 4.331404033485574518e-04
-2.279999999999986926e+01 6.037018811401206539e-03 4.432880329107737310e-04
-2.269999999999986784e+01 6.118761984367991971e-03 4.537939537466343189e-04
-2.259999999999986642e+01 6.202437218123811428e-03 4.646754595957455812e-04
-2.249999999999986500e+01 6.288113162515119106e-03 4.759509116015781817e-04
-2.239999999999986358e+01 6.375861790404161421e-03 4.876398188127190145e-04
-2.229999999999986215e+01 6.465758602532894507e-03 4.997629258718101590e-04
-2.219999999999986073e+01 6.557882847750478444e-03 5.123423086363114356e-04
-2.209999999999985931e+01 6.652317759970601679e-03 5.254014785630353301e-04
-2.199999999999985789e+01 6.749150813328925677e-03 5.389654967828161379e-04
-2.189999999999985647e+01 6.848473997223834646e-03 5.530610989120833673e-04
-2.179999999999985505e+01 6.950384113036856340e-03 5.677168317677540755e-04
-2.169999999999985363e+01 7.054983094554499561e-03 5.829632033015511939e-04
-2.159999999999985221e+01 7.162378354330072722e-03 5.988328472357333813e-04
-2.149999999999985079e+01 7.272683158426551664e-03 6.153607040654764018e-04
-2.139999999999984936e+01 7.386017032318819425e-03 6.325842203188971865e-04
-2.129999999999984794e+01 7.502506200971014935e-03 6.505435682034941929e-04
-2.119999999999984652e+01 7.622284066484289432e-03 6.692818880572136810e-04
-2.109999999999984510e+01 7.745491727097832645e-03 6.888455563494114142e-04
-2.099999999999984368e+01 7.872278541716732150e-03 7.092844823462417453e-04
-2.089999999999984226e+01 8.002802744708003430e-03 7.306524370012366671e-04
-2.079999999999984084e+01 8.137232116186100123e-03 7.530074181222714885e-04
-2.069999999999983942e+01 8.275744713682385567e-03 7.764120564550083987e-04
-2.059999999999983800e+01 8.418529671811010584e-03 8.009340679999405301e-04
-2.049999999999983658e+01 8.565788077305874770e-03 8.266467586588518860e-04
-2.039999999999983515e+01 8.717733927817248457e-03 8.536295882402229794e-04
-2.029999999999983373e+01 8.874595183824628142e-03 8.819688019128412619e-04
-2.019999999999983231e+01 9.036614924277392574e-03 9.117581384650026276e-04
-2.009999999999983089e+01 9.204052617957541801e-03 9.430996262083538115e-04
-1.999999999999982947e+01 9.377185524079047207e-03 9.761044790991437034e-04
-1.989999999999982805e+01 9.556310237554854412e-03 1.010894107730072938e-03
-1.979999999999982663e+01 9.741744396343701012e-03 1.047601262269156480e-03
-1.969999999999982521e+01 9.933828570745754927e-03 1.086371327333750421e-03
-1.959999999999982379e+01 1.013292835728615837e-02 1.127363792245869752e-03
-1.949999999999982236e+01 1.033943670294822093e-02 1.170753924231242174e-03
-1.939999999999982094e+01 1.055377648933342877e-02 1.216734677100872681e-03
-1.929999999999981952e+01 1.077640341047989871e-02 1.265518873883781726e-03
-1.919999999999981810e+01 1.100780918309846035e-02 1.317341709077295229e-03
-1.909999999999981668e+01 1.124852513374419161e-02 1.372463624879916239e-03
-1.899999999999981526e+01 1.149912621405763460e-02 1.431173626319482816e-03
-1.889999999999981384e+01 1.176023550311482493e-02 1.493793113103146844e-03
-1.879999999999981242e+01 1.203252926486512650e-02 1.560680321753344724e-03
-1.869999999999981100e+01 1.231674263924358720e-02 1.632235490984381516e-03
-1.859999999999980957e+01 1.261367605779622689e-02 1.708906887167038454e-03
-1.849999999999980815e+01 1.292420248897527962e-02 1.791197856345768183e-03
-1.839999999999980673e+01 1.324927563473673672e-02 1.879675106078374089e-03
-1.829999999999980531e+01 1.358993921949030320e-02 1.974978466450586986e-03
-1.819999999999980389e+01 1.394733753447100627e-02 2.077832437365131034e-03
-1.809999999999980247e+01 1.432272742621703947e-02 2.189059902142920840e-03
-1.799999999999980105e+01 1.471749194692417544e-02 2.309598479915598527e-03
-1.789999999999979963e+01 1.513315591706197553e-02 2.440520107038304277e-03
-1.779999999999979821e+01 1.557140368714662187e-02 2.583054588718877893e-03
-1.769999999999979678e+01 1.603409942444114500e-02 2.738618056350615535e-03
-1.759999999999979536e+01 1.652331029089576520e-02 2.908847517828644542e-03
-1.749999999999979394e+01 1.704133291733829839e-02 3.095643016119395234e-03
-1.739999999999979252e+01 1.759072361021619957e-02 3.301219341104625216e-03
-1.729999999999979110e+01 1.817433274225553272e-02 3.528169806501339940e-03
-1.719999999999978968e+01 1.879534375998424822e-02 3.779545355223038524e-03
-1.709999999999978826e+01 1.945731716329428956e-02 4.058953259806194480e-03
-1.699999999999978684e+01 2.016423962970820966e-02 4.370681031613784899e-03
-1.689999999999978542e+01 2.092057809466644352e-02 4.719852972008503275e-03
-1.679999999999978400e+01 2.173133793764001065e-02 5.112629270595634920e-03
-1.669999999999978257e+01 2.260212325820956311e-02 5.556460930220570756e-03
-1.659999999999978115e+01 2.353919522130714509e-02 6.060418425710338217e-03
-1.649999999999977973e+01 2.454952104318847833e-02 6.635618365816471111e-03
-1.639999999999977831e+01 2.564080043324287739e-02 7.295781181385871915e-03
-1.629999999999977689e+01 2.682144660152549487e-02 8.057964871711018398e-03
-1.619999999999977547e+01 2.810048255707600987e-02 8.943536170224438905e-03
-1.609999999999977405e+01 2.948728568207792389e-02 9.979462279198684713e-03
-1.599999999999977263e+01 3.099106641810883689e-02 1.120003430756388342e-02
-1.589999999999977121e+01 3.261988647101570632e-02 1.264916673091722073e-02
-1.579999999999976978e+01 3.437888447103592399e-02 1.438344944492443885e-02
-1.569999999999976836e+01 3.626714252054952237e-02 1.647614073457443970e-02
-1.559999999999976694e+01 3.827223094322511343e-02 1.902222824164297513e-02
-1.549999999999976552e+01 4.036081603100772491e-02 2.214442102716221092e-02
-1.539999999999976410e+01 4.246270030493351499e-02 2.599916606822071097e-02
-1.529999999999976268e+01 4.444428621513427796e-02 3.077984120742694243e-02
-1.519999999999976126e+01 4.606625577540422040e-02 3.670983692339974125e-02
-1.509999999999975984e+01 4.692163515196708101e-02 4.400916773606665389e-02
-1.499999999999975842e+01 4.636166088429909127e-02 5.280311368401341410e-02
-1.489999999999975699e+01 4.345408588806889960e-02 6.292766635100284500e-02
-1.479999999999975557e+01 3.709821113262233572e-02 7.361410540236400235e-02
-1.469999999999975415e+01 2.649430430034116837e-02 8.319614325247287612e-02
-1.459999999999975273e+01 1.198845675122917412e-02 8.929313503720004430e-02
-1.449999999999975131e+01 -4.351390796074093917e-03 8.990501591084196220e-02
-1.439999999999974989e+01 -1.944487371724313435e-02 8.481185076671811374e-02
-1.429999999999974847e+01 -3.091188600649509566e-02 7.574900966956692183e-02
-1.419999999999974705e+01 -3.807583110257618808e-02 6.513722664156371134e-02
-1.409999999999974563e+01 -4.157931881725766832e-02 5.482816069883348492e-02
-1.399999999999974420e+01 -4.251468334528864246e-02 4.575496531901865338e-02
-1.389999999999974278e+01 -4.186588135324244286e-02 3.817532395808528184e-02
-1.379999999999974136e+01 -4.033814416275537801e-02 3.200261250025297766e-02
-1.369999999999973994e+01 -3.838129824000051371e-02 2.702597995854447155e-02
-1.359999999999973852e+01 -3.626285927465353054e-02 2.301875772082429342e-02
-1.349999999999973710e+01 -3.413371689738617376e-02 1.978044149886027184e-02
-1.339999999999973568e+01 -3.207425507933570757e-02 1.714723500674379675e-02
-1.329999999999973426e+01 -3.012363722702635430e-02 1.499010203257500166e-02
-1.319999999999973284e+01 -2.829753038447630625e-02 1.320899516236320563e-02
-1.309999999999973141e+01 -2.659857156547424523e-02 1.172674623924616598e-02
-1.299999999999972999e+01 -2.502246080502308623e-02 1.048379179471009559e-02
-1.289999999999972857e+01 -2.356146902193224230e-02 9.433970454476863984e-03
-1.279999999999972715e+01 -2.220643094316011174e-02 8.541295814055599803e-03
-1.269999999999972573e+01 -2.094785401492491733e-02 7.777520292313358855e-03
-1.259999999999972431e+01 -1.977651323195572103e-02 7.120308334862087384e-03
-1.249999999999972289e+01 -1.868374863594767649e-02 6.551867703183350371e-03
-1.239999999999972147e+01 -1.766159261540362763e-02 6.057921344371145281e-03
-1.229999999999972005e+01 -1.670280163287781935e-02 5.626931548026159122e-03
-1.219999999999971863e+01 -1.580083613876015827e-02 5.249511106259908098e-03
-1.209999999999971720e+01 -1.494981421224728622e-02 4.917973535975139233e-03
-1.199999999999971578e+01 -1.414445368298565889e-02 4.625987212976883332e-03
-1.189999999999971436e+01 -1.338001108963783777e-02 4.368307602615039559e-03
-1.179999999999971294e+01 -1.265222204088432140e-02 4.140568558302492631e-03
-1.169999999999971152e+01 -1.195724531055805673e-02 3.939118593954691119e-03
-1.159999999999971010e+01 -1.129161169527105081e-02 3.760891632921740772e-03
-1.149999999999970868e+01 -1.065217791797957309e-02 3.603304368152615480e-03
-1.139999999999970726e+01 -1.003608545000373234e-02 3.464174304403230906e-03
-1.129999999999970584e+01 -9.440723910835150182e-03 3.341653985276023513e-03
-1.119999999999970441e+01 -8.863698609236535936e-03 3.234177973790676973e-03
-1.109999999999970299e+01 -8.302801759571341866e-03 3.140419953382467787e-03
-1.099999999999970157e+01 -7.755986915002430031e-03 3.059257918081494197e-03
-1.089999999999970015e+01 -7.221346186131059365e-03 2.989745877522353209e-03
-1.079999999999969873e+01 -6.697089848419305116e-03 2.931090851669238516e-03
-1.069999999999969731e+01 -6.181527979423544032e-03 2.882634199291220483e-03
-1.059999999999969589e+01 -5.673053802696134337e-03 2.843836533221145817e-03
-1.049999999999969447e+01 -5.170128448098799782e-03 2.814265639364385476e-03
-1.039999999999969305e+01 -4.671266867273309899e-03 2.793586946426536780e-03
-1.029999999999969162e+01 -4.175024667099120138e-03 2.781556197802327168e-03
-1.019999999999969020e+01 -3.679985644235689302e-03 2.778014062551052536e-03
-1.009999999999968878e+01 -3.184749819236887269e-03 2.782882493802599482e-03
-9.999999999999687361e+00 -2.687921780077646809e-03 2.796162704339585393e-03
-9.899999999999685940e+00 -2.188099152379447375e-03 2.817934683715498517e-03
-9.799999999999684519e+00 -1.683861016588651498e-03 2.848358231892583747e-03
-9.699999999999683098e+00 -1.173756092017065600e-03 2.887675533498959123e-03
-9.599999999999681677e+00 -6.562905028457731785e-04 2.936215346802644593e-03
-9.499999999999680256e+00 -1.299149324912752396e-04 2.994398934810997386e-03
-9.399999999999678835e+00 4.069890400173834660e-04 3.062747925131730550e-03
-9.299999999999677414e+00 9.561236457472348932e-04 3.141894353477383758e-03
-9.199999999999675993e+00 1.519290919595094047e-03 3.232593226475418899e-03
-9.099999999999674571e+00 2.098410255390818074e-03 3.335738037368144587e-03
-8.999999999999673150e+00 2.695537828237027159e-03 3.452379788913583544e-03
-8.899999999999671729e+00 3.312888227649689842e-03 3.583750228684981672e-03
-8.799999999999670308e+00 3.952858688540084389e-03 3.731290192859536021e-03
-8.699999999999668887e+00 4.618056354241183853e-03 3.896684198091353735e-03
-8.599999999999667466e+00 5.311329056161322171e-03 4.081902734571553858e-03
-8.499999999999666045e+00 6.035800143988823488e-03 4.289254119876223688e-03
-8.399999999999664624e+00 6.794907942234385337e-03 4.521448303960408886e-03
-8.299999999999663203e+00 7.592450433179536232e-03 4.781675713690758389e-03
-8.199999999999661782e+00 8.432635752585312602e-03 5.073705148858680125e-03
-8.099999999999660361e+00 9.320139002839272074e-03 5.402005972038708727e-03
-7.999999999999658939e+00 1.026016568532392426e-02 5.771901483955096772e-03
-7.899999999999657518e+00 1.125852164296704989e-02 6.189762600297146755e-03
-7.799999999999656097e+00 1.232168864341314299e-02 6.663253963681024794e-03
-7.699999999999654676e+00 1.345690338430848357e-02 7.201648739489694036e-03
-7.599999999999653255e+00 1.467223537369912595e-02 7.816233981917617216e-03
-7.499999999999651834e+00 1.597665517320349948e-02 8.520836204257069973e-03
-7.399999999999650413e+00 1.738007778741337134e-02 9.332507447786960592e-03
-7.299999999999648992e+00 1.889335467933964119e-02 1.027242678340769579e-02
-7.199999999999647571e+00 2.052816881689265016e-02 1.136709213825006816e-02
-7.099999999999646150e+00 2.229675488614623127e-02 1.264990411296138331e-02
-6.999999999999644729e+00 2.421131200787565718e-02 1.416327821428601391e-02
-6.899999999999643308e+00 2.628288288033099954e-02 1.596146411592005640e-02
-6.799999999999641886e+00 2.851931364013359296e-02 1.811429425682149763e-02
-6.699999999999640465e+00 3.092163617162523720e-02 2.071210905517299750e-02
-6.599999999999639044e+00 3.347775275653148974e-02 2.387205654993064530e-02
-6.499999999999637623e+00 3.615153651769554416e-02 2.774570066282884551e-02
-6.399999999999636202e+00 3.886424845991187649e-02 3.252706430545983934e-02
-6.299999999999634781e+00 4.146345501752564389e-02 3.845814473002936995e-02
-6.199999999999633360e+00 4.367287284018161325e-02 4.582406090669343540e-02
-6.099999999999631939e+00 4.501712377794221676e-02 5.491973538065141741e-02
-5.999999999999630518e+00 4.472590251064562095e-02 6.595185208815533551e-02
-5.899999999999629097e+00 4.166088021870854863e-02 7.881920333412818780e-02
-5.799999999999627676e+00 3.440060555502071765e-02 9.273058943080282612e-02
-5.699999999999626255e+00 2.173245288318733162e-02 1.057802180932238406e-01
-5.599999999999624833e+00 3.682177089527262359e-03 1.149844940709032898e-01
-5.499999999999623412e+00 -1.753461023028595606e-02 1.174512851975469535e-01
-5.399999999999621991e+00 -3.800942738562215067e-02 1.122840340770922263e-01
-5.299999999999620570e+00 -5.425767478588679887e-02 1.012890366662050623e-01
-5.199999999999619149e+00 -6.490007252491647449e-02 8.760342918584462790e-02
-5.099999999999617728e+00 -7.049723769867857759e-02 7.388802762293700255e-02
-4.999999999999616307e+00 -7.243005363806803709e-02 6.161081757308959489e-02
-4.899999999999614886e+00 -7.204725708859530120e-02 5.126135897539167013e-02
-4.799999999999613465e+00 -7.035167062535545301e-02 4.279429375593044038e-02
-4.699999999999612044e+00 -6.799598300049425337e-02 3.595349351036610658e-02
-4.599999999999610623e+00 -6.537350215511154861e-02 3.044065469153476103e-02
-4.499999999999609201e+00 -6.270862227400714195e-02 2.598437536252045515e-02
-4.399999999999607780e+00 -6.012262945695857896e-02 2.236015680751012730e-02
-4.299999999999606359e+00 -5.767615582121861373e-02 1.939011864351442016e-02
-4.199999999999604938e+00 -5.539507676926466728e-02 1.693600711651697954e-02
-4.099999999999603517e+00 -5.328586775747395227e-02 1.489111636840512350e-02
-3.999999999999602096e+00 -5.134456824452569845e-02 1.317311091004810461e-02
-3.899999999999600675e+00 -4.956195523633074446e-02 1.171823474412632751e-02
-3.799999999999599254e+00 -4.792649261595192944e-02 1.047683828351185682e-02
-3.699999999999597833e+00 -4.642598162276191653e-02 9.409992678948365247e-03
-3.599999999999596412e+00 -4.504845540480134636e-02 8.486948747400609519e-03
-3.499999999999594991e+00 -4.378263573278914217e-02 7.683233313813155399e-03
-3.399999999999593570e+00 -4.261813839830044803e-02 6.979220229755585606e-03
-3.299999999999592148e+00 -4.154553677919346072e-02 6.359053125070287388e-03
-3.199999999999590727e+00 -4.055634780402531808e-02 5.809828755097521356e-03
-3.099999999999589306e+00 -3.964297786143601565e-02 5.320973952170791541e-03
-2.999999999999587885e+00 -3.879865040965153888e-02 4.883767060729285112e-03
-2.899999999999586464e+00 -3.801732767844745453e-02 4.490967798943167055e-03
-2.799999999999585043e+00 -3.729363330579491681e-02 4.136528990818842330e-03
-2.699999999999583622e+00 -3.662277947608642836e-02 3.815370519038881539e-03
-2.599999999999582201e+00 -3.600050021094027691e-02 3.523200878279239903e-03
-2.499999999999580780e+00 -3.542299136330270132e-02 3.256375385542534685e-03
-2.399999999999579359e+00 -3.488685725347738520e-02 3.011782804787972549e-03
-2.299999999999577938e+00 -3.438906356372589679e-02 2.786754137429761809e-03
-2.199999999999576517e+00 -3.392689595829360277e-02 2.578988812025147150e-03
-2.099999999999575095e+00 -3.349792384449655491e-02 2.386494613572022038e-03
-1.999999999999573674e+00 -3.309996869513959911e-02 2.207538525364525096e-03
-1.899999999999572253e+00 -3.273107638669904562e-02 2.040606286219271738e-03
-1.799999999999570832e+00 -3.238949305530415546e-02 1.884368945084107091e-03
-1.699999999999569411e+00 -3.207364402550141880e-02 1.737655062121967568e-03
-1.599999999999567990e+00 -3.178211541900514969e-02 1.599427487845909773e-03
-1.499999999999566569e+00 -3.151363810003167398e-02 1.468763870671124490e-03
-1.399999999999565148e+00 -3.126707365900446844e-02 1.344840213611324517e-03
-1.299999999999563727e+00 -3.104140217659408230e-02 1.226916934022804617e-03
-1.199999999999562306e+00 -3.083571154590934726e-02 1.114326985166863571e-03
-1.099999999999560885e+00 -3.064918816180697142e-02 1.006465681061856007e-03
-9.999999999995594635e-01 -3.048110881356849017e-02 9.027819317112269031e-04
-8.999999999995580424e-01 -3.033083364098047852e-02 8.027706480023140932e-04
-7.999999999995566213e-01 -3.019780003434203997e-02 7.059661170198332052e-04
-6.999999999995552002e-01 -3.008151737684535906e-02 6.119361815196254929e-04
-5.999999999995537792e-01 -2.998156254271735349e-02 5.202770831564805954e-04
-4.999999999995523581e-01 -2.989757607610683127e-02 4.306088493727612196e-04
-3.999999999995509370e-01 -2.982925898243284427e-02 3.425711214790668879e-04
-2.999999999995495159e-01 -2.977637006595878350e-02 2.558193437123415862e-04
-1.999999999995480948e-01 -2.973872375890899283e-02 1.700212714010162617e-04
-9.999999999954667373e-02 -2.971618844910357826e-02 8.485379387574744359e-05
4.547473508864641190e-13 -2.970868542025791037e-02 0.000000000000000000e+00
1.000000000004561684e-01 -2.971618844910357826e-02 -8.485379387574744359e-05
2.000000000004575895e-01 -2.973872375890953407e-02 -1.700212714025705740e-04
3.000000000004590106e-01 -2.977637006595960922e-02 -2.558193437139099930e-04
4.000000000004604317e-01 -2.982925898243284427e-02 -3.425711214790668879e-04
5.000000000004618528e-01 -2.989757607610683127e-02 -4.306088493727612196e-04
6.000000000004632739e-01 -2.998156254271735349e-02 -5.202770831564805954e-04
7.000000000004646949e-01 -3.008151737684731930e-02 -6.119361815213129451e-04
8.000000000004661160e-01 -3.019780003434430204e-02 -7.059661170215672781e-04
9.000000000004675371e-01 -3.033083364098047852e-02 -8.027706480023140932e-04
1.000000000000468958e+00 -3.048110881356849017e-02 -9.027819317112269031e-04
1.100000000000470379e+00 -3.064918816180697142e-02 -1.006465681061856007e-03
1.200000000000471800e+00 -3.083571154591291733e-02 -1.114326985168866959e-03
1.300000000000473221e+00 -3.104140217659800277e-02 -1.226916934024898861e-03
1.400000000000474643e+00 -3.126707365900446844e-02 -1.344840213611324517e-03
1.500000000000476064e+00 -3.151363810003167398e-02 -1.468763870671124490e-03
1.600000000000477485e+00 -3.178211541900514969e-02 -1.599427487845909773e-03
1.700000000000478906e+00 -3.207364402550694216e-02 -1.737655062124555993e-03
1.800000000000480327e+00 -3.238949305531012984e-02 -1.884368945086859447e-03
1.900000000000481748e+00 -3.273107638669904562e-02 -2.040606286219271738e-03
2.000000000000483169e+00 -3.309996869513959911e-02 -2.207538525364525096e-03
2.100000000000484590e+00 -3.349792384449655491e-02 -2.386494613572022038e-03
2.200000000000486011e+00 -3.392689595830170046e-02 -2.578988812028781830e-03
2.300000000000487432e+00 -3.438906356373461898e-02 -2.786754137433691825e-03
2.400000000000488853e+00 -3.488685725347738520e-02 -3.011782804787972549e-03
2.500000000000490274e+00 -3.542299136330270132e-02 -3.256375385542534685e-03
2.600000000000491696e+00 -3.600050021094027691e-02 -3.523200878279239903e-03
2.700000000000493117e+00 -3.662277947609818285e-02 -3.815370519044447833e-03
2.800000000000494538e+00 -3.729363330580758029e-02 -4.136528990824971976e-03
2.900000000000495959e+00 -3.801732767844745453e-02 -4.490967798943167055e-03
3.000000000000497380e+00 -3.879865040965153888e-02 -4.883767060729285112e-03
3.100000000000498801e+00 -3.964297786143601565e-02 -5.320973952170791541e-03
3.200000000000500222e+00 -4.055634780404260287e-02 -5.809828755106935701e-03
3.300000000000501643e+00 -4.154553677921218879e-02 -6.359053125080888283e-03
3.400000000000503064e+00 -4.261813839830044803e-02 -6.979220229755585606e-03
3.500000000000504485e+00 -4.378263573278914217e-02 -7.683233313813155399e-03
3.600000000000505906e+00 -4.504845540480134636e-02 -8.486948747400609519e-03
3.700000000000507328e+00 -4.642598162278804841e-02 -9.409992678966378615e-03
3.800000000000508749e+00 -4.792649261598041360e-02 -1.047683828353274463e-02
3.900000000000510170e+00 -4.956195523633074446e-02 -1.171823474412632751e-02
4.000000000000511591e+00 -5.134456824452569845e-02 -1.317311091004810461e-02
4.100000000000513012e+00 -5.328586775747395227e-02 -1.489111636840512350e-02
4.200000000000514433e+00 -5.539507676930458674e-02 -1.693600711655761371e-02
4.300000000000515854e+00 -5.767615582126165569e-02 -1.939011864356339140e-02
4.400000000000517275e+00 -6.012262945695857896e-02 -2.236015680751012730e-02
4.500000000000518696e+00 -6.270862227400714195e-02 -2.598437536252045515e-02
4.600000000000520117e+00 -6.537350215511154861e-02 -3.044065469153476103e-02
4.700000000000521538e+00 -6.799598300054041089e-02 -3.595349351047757297e-02
4.800000000000522959e+00 -7.035167062539381122e-02 -4.279429375606875335e-02
4.900000000000524381e+00 -7.204725708859530120e-02 -5.126135897539167013e-02
5.000000000000525802e+00 -7.243005363806803709e-02 -6.161081757308959489e-02
5.100000000000527223e+00 -7.049723769867857759e-02 -7.388802762293700255e-02
5.200000000000528644e+00 -6.490007252477240918e-02 -8.760342918610014573e-02
5.300000000000530065e+00 -5.425767478564159224e-02 -1.012890366664391806e-01
5.400000000000531486e+00 -3.800942738562215067e-02 -1.122840340770922263e-01
5.500000000000532907e+00 -1.753461023028595606e-02 -1.174512851975469535e-01
5.600000000000534328e+00 3.682177089527262359e-03 -1.149844940709032898e-01
5.700000000000535749e+00 2.173245288346978971e-02 -1.057802180930114272e-01
5.800000000000537170e+00 3.440060555519941499e-02 -9.273058943054991732e-02
5.900000000000538591e+00 4.166088021870854863e-02 -7.881920333412818780e-02
6.000000000000540012e+00 4.472590251064562095e-02 -6.595185208815533551e-02
6.100000000000541434e+00 4.501712377794221676e-02 -5.491973538065141741e-02
6.200000000000542855e+00 4.367287284014746002e-02 -4.582406090654456143e-02
6.300000000000544276e+00 4.146345501748081863e-02 -3.845814472990934790e-02
6.400000000000545697e+00 3.886424845991075239e-02 -3.252706430546002669e-02
6.500000000000547118e+00 3.615153651769554416e-02 -2.774570066282884551e-02
6.600000000000548539e+00 3.347775275653148974e-02 -2.387205654993064530e-02
6.700000000000549960e+00 3.092163617158007194e-02 -2.071210905512103559e-02
6.800000000000551381e+00 2.851931364009139061e-02 -1.811429425677860486e-02
6.900000000000552802e+00 2.628288288029182948e-02 -1.596146411588436273e-02
7.000000000000554223e+00 2.421131200787565718e-02 -1.416327821428601391e-02
7.100000000000555644e+00 2.229675488614623127e-02 -1.264990411296138331e-02
7.200000000000557066e+00 2.052816881686173392e-02 -1.136709213822855932e-02
7.300000000000558487e+00 1.889335467931104601e-02 -1.027242678338928343e-02
7.400000000000559908e+00 1.738007778738687517e-02 -9.332507447771098280e-03
7.500000000000561329e+00 1.597665517320349948e-02 -8.520836204257069973e-03
7.600000000000562750e+00 1.467223537369912595e-02 -7.816233981917617216e-03
7.700000000000564171e+00 1.345690338428712912e-02 -7.201648739479244929e-03
7.800000000000565592e+00 1.232168864339317459e-02 -6.663253963671853311e-03
7.900000000000567013e+00 1.125852164294832009e-02 -6.189762600289064678e-03
8.000000000000568434e+00 1.026016568532392426e-02 -5.771901483955096772e-03
8.100000000000569855e+00 9.320139002839272074e-03 -5.402005972038708727e-03
8.200000000000571276e+00 8.432635752569611620e-03 -5.073705148853051815e-03
8.300000000000572697e+00 7.592450433164650569e-03 -4.781675713685747640e-03
8.400000000000574119e+00 6.794907942220236932e-03 -4.521448303955941973e-03
8.500000000000575540e+00 6.035800143988823488e-03 -4.289254119876223688e-03
8.600000000000576961e+00 5.311329056161322171e-03 -4.081902734571553858e-03
8.700000000000578382e+00 4.618056354228836091e-03 -3.896684198088170951e-03
8.800000000000579803e+00 3.952858688528219748e-03 -3.731290192856696712e-03
8.900000000000581224e+00 3.312888227638259749e-03 -3.583750228682449843e-03
9.000000000000582645e+00 2.695537828237027159e-03 -3.452379788913583544e-03
9.100000000000584066e+00 2.098410255390818074e-03 -3.335738037368144587e-03
9.200000000000585487e+00 1.519290919584711727e-03 -3.232593226473659889e-03
9.300000000000586908e+00 9.561236457371301289e-04 -3.141894353475842457e-03
9.400000000000588329e+00 4.069890400075094200e-04 -3.062747925130391343e-03
9.500000000000589750e+00 -1.299149324912752396e-04 -2.994398934810997386e-03
9.600000000000591172e+00 -6.562905028457731785e-04 -2.936215346802644593e-03
9.700000000000592593e+00 -1.173756092026405351e-03 -2.887675533498162452e-03
9.800000000000594014e+00 -1.683861016597868951e-03 -2.848358231891950140e-03
9.900000000000595435e+00 -2.188099152388576357e-03 -2.817934683715023637e-03
1.000000000000059686e+01 -2.687921780077646809e-03 -2.796162704339585393e-03
1.010000000000059828e+01 -3.184749819236887269e-03 -2.782882493802599482e-03
1.020000000000059970e+01 -3.679985644244693384e-03 -2.778014062551039959e-03
1.030000000000060112e+01 -4.175024667108132026e-03 -2.781556197802468981e-03
1.040000000000060254e+01 -4.671266867282359951e-03 -2.793586946426833851e-03
1.050000000000060396e+01 -5.170128448098799782e-03 -2.814265639364385476e-03
1.060000000000060538e+01 -5.673053802696134337e-03 -2.843836533221145817e-03
1.070000000000060680e+01 -6.181527979432851691e-03 -2.882634199292011951e-03
1.080000000000060822e+01 -6.697089848428756757e-03 -2.931090851670210395e-03
1.090000000000060965e+01 -7.221346186140683611e-03 -2.989745877523516341e-03
1.100000000000061107e+01 -7.755986915002430031e-03 -3.059257918081494197e-03
1.110000000000061249e+01 -8.302801759571341866e-03 -3.140419953382467787e-03
1.120000000000061391e+01 -8.863698609246878357e-03 -3.234177973792503637e-03
1.130000000000061533e+01 -9.440723910845806588e-03 -3.341653985278111253e-03
1.140000000000061675e+01 -1.003608545001474263e-02 -3.464174304405606176e-03
1.150000000000061817e+01 -1.065217791797957309e-02 -3.603304368152615480e-03
1.160000000000061959e+01 -1.129161169527105081e-02 -3.760891632921740772e-03
1.170000000000062101e+01 -1.195724531057041837e-02 -3.939118593958134545e-03
1.180000000000062244e+01 -1.265222204089724856e-02 -4.140568558306385351e-03
1.190000000000062386e+01 -1.338001108965139636e-02 -4.368307602619442287e-03
1.200000000000062528e+01 -1.414445368298565889e-02 -4.625987212976883332e-03
1.210000000000062670e+01 -1.494981421224728622e-02 -4.917973535975139233e-03
1.220000000000062812e+01 -1.580083613877608650e-02 -5.249511106266335249e-03
1.230000000000062954e+01 -1.670280163289472597e-02 -5.626931548033486594e-03
1.240000000000063096e+01 -1.766159261542162018e-02 -6.057921344379525730e-03
1.250000000000063238e+01 -1.868374863594767649e-02 -6.551867703183350371e-03
1.260000000000063380e+01 -1.977651323195572103e-02 -7.120308334862087384e-03
1.270000000000063523e+01 -2.094785401494698995e-02 -7.777520292326220962e-03
1.280000000000063665e+01 -2.220643094318385316e-02 -8.541295814070591283e-03
1.290000000000063807e+01 -2.356146902195782600e-02 -9.433970454494434998e-03
1.300000000000063949e+01 -2.502246080502308623e-02 -1.048379179471009559e-02
1.310000000000064091e+01 -2.659857156547424523e-02 -1.172674623924616598e-02
1.320000000000064233e+01 -2.829753038450835700e-02 -1.320899516239267858e-02
1.330000000000064375e+01 -3.012363722706071570e-02 -1.499010203261055482e-02
1.340000000000064517e+01 -3.207425507937225473e-02 -1.714723500678701912e-02
1.350000000000064659e+01 -3.413371689738617376e-02 -1.978044149886027184e-02
1.360000000000064801e+01 -3.626285927465353054e-02 -2.301875772082429342e-02
1.370000000000064944e+01 -3.838129824003817803e-02 -2.702597995862551783e-02
1.380000000000065086e+01 -4.033814416278810877e-02 -3.200261250035368182e-02
1.390000000000065228e+01 -4.186588135326393262e-02 -3.817532395820980723e-02
1.400000000000065370e+01 -4.251468334528864246e-02 -4.575496531901865338e-02
1.410000000000065512e+01 -4.157931881725766832e-02 -5.482816069883348492e-02
1.420000000000065654e+01 -3.807583110248227709e-02 -6.513722664175813915e-02
1.430000000000065796e+01 -3.091188600632612665e-02 -7.574900966975282868e-02
1.440000000000065938e+01 -1.944487371699681055e-02 -8.481185076685415769e-02
1.450000000000066080e+01 -4.351390796074093917e-03 -8.990501591084196220e-02
1.460000000000066223e+01 1.198845675122917412e-02 -8.929313503720004430e-02
1.470000000000066365e+01 2.649430430057313560e-02 -8.319614325232270458e-02
1.480000000000066507e+01 3.709821113277532445e-02 -7.361410540217315501e-02
1.490000000000066649e+01 4.345408588814984874e-02 -6.292766635080999926e-02
1.500000000000066791e+01 4.636166088429909127e-02 -5.280311368401341410e-02
1.510000000000066933e+01 4.692163515196708101e-02 -4.400916773606665389e-02
1.520000000000067075e+01 4.606625577538013550e-02 -3.670983692328003145e-02
1.530000000000067217e+01 4.444428621510056882e-02 -3.077984120733022813e-02
1.540000000000067359e+01 4.246270030489584374e-02 -2.599916606814280801e-02
1.550000000000067502e+01 4.036081603100772491e-02 -2.214442102716221092e-02
1.560000000000067644e+01 3.827223094322511343e-02 -1.902222824164297513e-02
1.570000000000067786e+01 3.626714252051405074e-02 -1.647614073453257735e-02
1.580000000000067928e+01 3.437888447100274913e-02 -1.438344944488988836e-02
1.590000000000068070e+01 3.261988647098489069e-02 -1.264916673088845901e-02
1.600000000000068212e+01 3.099106641810883689e-02 -1.120003430756388342e-02
1.610000000000068354e+01 2.948728568207792389e-02 -9.979462279198684713e-03
1.620000000000068496e+01 2.810048255705178619e-02 -8.943536170207050037e-03
1.630000000000068638e+01 2.682144660150315163e-02 -8.057964871696104980e-03
1.640000000000068781e+01 2.564080043322224112e-02 -7.295781181372994195e-03
1.650000000000068923e+01 2.454952104318847833e-02 -6.635618365816471111e-03
1.660000000000069065e+01 2.353919522130714509e-02 -6.060418425710338217e-03
1.670000000000069207e+01 2.260212325819314222e-02 -5.556460930211980405e-03
1.680000000000069349e+01 2.173133793762473120e-02 -5.112629270588048974e-03
1.690000000000069491e+01 2.092057809465221185e-02 -4.719852972001776885e-03
1.700000000000069633e+01 2.016423962970820966e-02 -4.370681031613784899e-03
1.710000000000069775e+01 1.945731716329428956e-02 -4.058953259806194480e-03
1.720000000000069917e+01 1.879534375997259088e-02 -3.779545355218223365e-03
1.730000000000070060e+01 1.817433274224458314e-02 -3.528169806496998795e-03
1.740000000000070202e+01 1.759072361020590572e-02 -3.301219341100700838e-03
1.750000000000070344e+01 1.704133291733829839e-02 -3.095643016119395234e-03
1.760000000000070486e+01 1.652331029089576520e-02 -2.908847517828644542e-03
1.770000000000070628e+01 1.603409942443249220e-02 -2.738618056347656964e-03
1.780000000000070770e+01 1.557140368713843051e-02 -2.583054588716171725e-03
1.790000000000070912e+01 1.513315591705421265e-02 -2.440520107035821888e-03
1.800000000000071054e+01 1.471749194692417544e-02 -2.309598479915598527e-03
1.810000000000071196e+01 1.432272742621703947e-02 -2.189059902142920840e-03
1.820000000000071338e+01 1.394733753446434493e-02 -2.077832437363186843e-03
1.830000000000071481e+01 1.358993921948396105e-02 -1.974978466448787644e-03
1.840000000000071623e+01 1.324927563473068254e-02 -1.879675106076704634e-03
1.850000000000071765e+01 1.292420248897527962e-02 -1.791197856345768183e-03
1.860000000000071907e+01 1.261367605779622689e-02 -1.708906887167038454e-03
1.870000000000072049e+01 1.231674263923830323e-02 -1.632235490983034720e-03
1.880000000000072191e+01 1.203252926486006978e-02 -1.560680321752087483e-03
1.890000000000072333e+01 1.176023550310997465e-02 -1.493793113101970051e-03
1.900000000000072475e+01 1.149912621405763460e-02 -1.431173626319482816e-03
1.910000000000072617e+01 1.124852513374419161e-02 -1.372463624879916239e-03
1.920000000000072760e+01 1.100780918309803187e-02 -1.317341709077254246e-03
1.930000000000072902e+01 1.077640341047577180e-02 -1.265518873882867526e-03
1.940000000000073044e+01 1.055377648932945452e-02 -1.216734677100011607e-03
1.950000000000073186e+01 1.033943670294822093e-02 -1.170753924231242174e-03
1.960000000000073328e+01 1.013292835728615837e-02 -1.127363792245869752e-03
1.970000000000073470e+01 9.933828570745754927e-03 -1.086371327333750421e-03
1.980000000000073612e+01 9.741744396340269729e-03 -1.047601262268470397e-03
1.990000000000073754e+01 9.556310237551539355e-03 -1.010894107729423067e-03
2.000000000000073896e+01 9.377185524079047207e-03 -9.761044790991437034e-04
2.010000000000074039e+01 9.204052617957541801e-03 -9.430996262083538115e-04
2.020000000000074181e+01 9.036614924277392574e-03 -9.117581384650026276e-04
2.030000000000074323e+01 8.874595183821729419e-03 -8.819688019123129302e-04
2.040000000000074465e+01 8.717733927814441675e-03 -8.536295882397201265e-04
2.050000000000074607e+01 8.565788077305874770e-03 -8.266467586588518860e-04
2.060000000000074749e+01 8.418529671811010584e-03 -8.009340679999405301e-04
2.070000000000074891e+01 8.275744713682385567e-03 -7.764120564550083987e-04
2.080000000000075033e+01 8.137232116183615999e-03 -7.530074181218552633e-04
2.090000000000075175e+01 8.002802744705595633e-03 -7.306524370008393070e-04
2.100000000000075318e+01 7.872278541716732150e-03 -7.092844823462417453e-04
2.110000000000075460e+01 7.745491727097832645e-03 -6.888455563494114142e-04
2.120000000000075602e+01 7.622284066484289432e-03 -6.692818880572136810e-04
2.130000000000075744e+01 7.502506200968866480e-03 -6.505435682031606923e-04
2.140000000000075886e+01 7.386017032316728216e-03 -6.325842203185774552e-04
2.150000000000076028e+01 7.272683158426551664e-03 -6.153607040654764018e-04
2.160000000000076170e+01 7.162378354330072722e-03 -5.988328472357333813e-04
2.170000000000076312e+01 7.054983094554499561e-03 -5.829632033015511939e-04
2.180000000000076454e+01 6.950384113034978502e-03 -5.677168317674821576e-04
2.190000000000076597e+01 6.848473997222002778e-03 -5.530610989118218577e-04
2.200000000000076739e+01 6.749150813328925677e-03 -5.389654967828161379e-04
2.210000000000076881e+01 6.652317759970601679e-03 -5.254014785630353301e-04
2.220000000000077023e+01 6.557882847750478444e-03 -5.123423086363114356e-04
2.230000000000077165e+01 6.465758602531236111e-03 -4.997629258715854039e-04
2.240000000000077307e+01 6.375861790402547261e-03 -4.876398188125026078e-04
2.250000000000077449e+01 6.288113162515119106e-03 -4.759509116015781817e-04
2.260000000000077591e+01 6.202437218123811428e-03 -4.646754595957455812e-04
2.270000000000077733e+01 6.118761984367991971e-03 -4.537939537466343189e-04
2.280000000000077875e+01 6.037018811399739830e-03 -4.432880329105860014e-04
2.290000000000078018e+01 5.957142181650419005e-03 -4.331404033483758479e-04
2.300000000000078160e+01 5.879069532105266754e-03 -4.233347647476755956e-04
2.310000000000078302e+01 5.802741088557401145e-03 -4.138557421701123413e-04
2.320000000000078444e+01 5.728099710931145935e-03 -4.046888233890917163e-04
2.330000000000078586e+01 5.655090748796349348e-03 -3.958203011323242239e-04
2.340000000000078728e+01 5.583661906318959298e-03 -3.872372197973056470e-04
2.350000000000078870e+01 5.513763115930768975e-03 -3.789273262471528139e-04
2.360000000000079012e+01 5.445346420062826751e-03 -3.708790243325860874e-04
2.370000000000079154e+01 5.378365860366609089e-03 -3.630813328228897066e-04
2.380000000000079297e+01 5.312777373852163934e-03 -3.555238464538737942e-04
2.390000000000079439e+01 5.248538695461834463e-03 -3.481966998334381060e-04
2.400000000000079581e+01 5.185609266613375352e-03 -3.410905339667163311e-04
2.410000000000079723e+01 5.123950149284347416e-03 -3.341964651848859831e-04
2.420000000000079865e+01 5.063523945266127854e-03 -3.275060562839846121e-04
2.430000000000080007e+01 5.004294720206640262e-03 -3.210112896932747466e-04
2.440000000000080149e+01 4.946227932129139589e-03 -3.147045425131984962e-04
2.450000000000080291e+01 4.889290364116864393e-03 -3.085785632747161484e-04
2.460000000000080433e+01 4.833450060877693064e-03 -3.026264502849487716e-04
2.470000000000080576e+01 4.778676268944802991e-03 -2.968416314379573135e-04
2.480000000000080718e+01 4.724939380252821466e-03 -2.912178453762010897e-04
2.490000000000080860e+01 4.672210878883101270e-03 -2.857491239017119337e-04
2.500000000000081002e+01 4.620463290767400609e-03 -2.804297755424597417e-04
2.510000000000081144e+01 4.569670136155022655e-03 -2.752543701873743026e-04
2.520000000000081286e+01 4.519805884681045438e-03 -2.702177247125539701e-04
2.530000000000081428e+01 4.470845912853056367e-03 -2.653148895243061028e-04
2.540000000000081570e+01 4.422766463818542451e-03 -2.605411359539689330e-04
2.550000000000081712e+01 4.375544609266871637e-03 -2.558919444428797035e-04
2.560000000000081855e+01 4.329158213330382490e-03 -2.513629934608534416e-04
2.570000000000081997e+01 4.283585898375260811e-03 -2.469501491076679569e-04
2.580000000000082139e+01 4.238807012551347800e-03 -2.426494553481749379e-04
2.590000000000082281e+01 4.194801599007846535e-03 -2.384571248383435173e-04
2.600000000000082423e+01 4.151550366671825226e-03 -2.343695303012320228e-04
2.610000000000082565e+01 4.109034662493606972e-03 -2.303831964150772837e-04
2.620000000000082707e+01 4.067236445084918689e-03 -2.264947921800087010e-04
2.630000000000082849e+01 4.026138259653801350e-03 -2.227011237299045851e-04
2.640000000000082991e+01 3.985723214173215664e-03 -2.189991275609087437e-04
2.650000000000083134e+01 3.945974956709203708e-03 -2.153858641488184055e-04
2.660000000000083276e+01 3.906877653839593151e-03 -2.118585119296353373e-04
2.670000000000083418e+01 3.868415970112689013e-03 -2.084143616207274224e-04
2.680000000000083560e+01 3.830575048474112870e-03 -2.050508108594501378e-04
2.690000000000083702e+01 3.793340491618826023e-03 -2.017653591399535249e-04
2.700000000000083844e+01 3.756698344214232793e-03 -1.985556030290113816e-04
2.710000000000083986e+01 3.720635075943805412e-03 -1.954192316430980751e-04
2.720000000000084128e+01 3.685137565336832691e-03 -1.923540223713198524e-04
2.730000000000084270e+01 3.650193084329305619e-03 -1.893578368278973380e-04
2.740000000000084412e+01 3.615789283526809565e-03 -1.864286170209878356e-04
2.750000000000084555e+01 3.581914178129275497e-03 -1.835643817244203221e-04
2.760000000000084697e+01 3.548556134479993567e-03 -1.807632230398588976e-04
2.770000000000084839e+01 3.515703857215574796e-03 -1.780233031387644155e-04
2.780000000000084981e+01 3.483346376973983725e-03 -1.753428511724682720e-04
2.790000000000085123e+01 3.451473038641027918e-03 -1.727201603412048449e-04
2.800000000000085265e+01 3.420073490105081555e-03 -1.701535851125523580e-04
2.810000000000085407e+01 3.389137671491636132e-03 -1.676415385803820370e-04
2.820000000000085549e+01 3.358655804862134726e-03 -1.651824899569028675e-04
2.830000000000085691e+01 3.328618384342925743e-03 -1.627749621892813996e-04
2.840000000000085834e+01 3.299016166671456252e-03 -1.604175296944362818e-04
2.850000000000085976e+01 3.269840162136549398e-03 -1.581088162051199415e-04
2.860000000000086118e+01 3.241081625891028065e-03 -1.558474927208513704e-04
2.870000000000086260e+01 3.212732049626573945e-03 -1.536322755584907209e-04
2.880000000000086402e+01 3.184783153583109396e-03 -1.514619244961386117e-04
2.890000000000086544e+01 3.157226878884536285e-03 -1.493352410058550899e-04
2.900000000000086686e+01 3.130055380182871806e-03 -1.472510665701609134e-04
2.910000000000086828e+01 3.103261018593861213e-03 -1.452082810776080977e-04
2.920000000000086970e+01 3.076836354917832431e-03 -1.432058012937341190e-04
2.930000000000087113e+01 3.050774143122917184e-03 -1.412425794026426183e-04
2.940000000000087255e+01 3.025067324085794433e-03 -1.393176016160224023e-04
2.950000000000087397e+01 2.999709019575831116e-03 -1.374298868458732155e-04
2.960000000000087539e+01 2.974692526469293642e-03 -1.355784854374446043e-04
2.970000000000087681e+01 2.950011311190102112e-03 -1.337624779597677090e-04
2.980000000000087823e+01 2.925659004357974210e-03 -1.319809740501433793e-04
2.990000000000087965e+01 2.901629395641466824e-03 -1.302331113103220959e-04
3.000000000000088107e+01 2.877916428804628418e-03 -1.285180542515793490e-04
3.010000000000088249e+01 2.854514196936661693e-03 -1.268349932860639534e-04
3.020000000000088392e+01 2.831416937862988453e-03 -1.251831437625540097e-04
3.030000000000088534e+01 2.808619029721401168e-03 -1.235617450437973865e-04
3.040000000000088676e+01 2.786114986702542713e-03 -1.219700596238290803e-04
3.050000000000088818e+01 2.763899454945534153e-03 -1.204073722831440919e-04
3.060000000000088960e+01 2.741967208580217003e-03 -1.188729892797344079e-04
3.070000000000089102e+01 2.720313145915767561e-03 -1.173662375746642743e-04
3.080000000000089244e+01 2.698932285761633347e-03 -1.158864640899595719e-04
3.090000000000089386e+01 2.677819763881184555e-03 -1.144330349976729660e-04
3.100000000000089528e+01 2.656970829570596930e-03 -1.130053350384973318e-04
3.110000000000089670e+01 2.636380842355964729e-03 -1.116027668683995449e-04
3.120000000000089813e+01 2.616045268809383609e-03 -1.102247504323347290e-04
3.130000000000089955e+01 2.595959679471750246e-03 -1.088707223632653476e-04
3.140000000000090097e+01 2.576119745883491234e-03 -1.075401354056838073e-04
3.150000000000090239e+01 2.556521237717043066e-03 -1.062324578623769411e-04
3.160000000000090381e+01 2.537160020005263181e-03 -1.049471730632470386e-04
3.170000000000090523e+01 2.518032050467212783e-03 -1.036837788555291601e-04
3.180000000000090665e+01 2.499133376920501491e-03 -1.024417871139676766e-04
3.190000000000090807e+01 2.480460134781976682e-03 -1.012207232703949203e-04
