-3.200000000000000000e+01 2.666618114989628870e-03 1.087383565737668660e-04
-3.189999999999999858e+01 2.686678203921869911e-03 1.100492000120076102e-04
-3.179999999999999716e+01 2.706980299699123481e-03 1.113824844215268567e-04
-3.169999999999999574e+01 2.727528546343914884e-03 1.127387177065958723e-04
-3.159999999999999432e+01 2.748327181634600651e-03 1.141184222403147415e-04
-3.149999999999999289e+01 2.769380539771004908e-03 1.155221353647202564e-04
-3.139999999999999147e+01 2.790693054135849789e-03 1.169504099115559350e-04
-3.129999999999999005e+01 2.812269260150148005e-03 1.184038147442987448e-04
-3.119999999999998863e+01 2.834113798228312959e-03 1.198829353225759430e-04
-3.109999999999998721e+01 2.856231416839100003e-03 1.213883742901786955e-04
-3.099999999999998579e+01 2.878626975670736925e-03 1.229207520873949343e-04
-3.089999999999998437e+01 2.901305448912684659e-03 1.244807075893864987e-04
-3.079999999999998295e+01 2.924271928652810021e-03 1.260688987714624597e-04
-3.069999999999998153e+01 2.947531628396884637e-03 1.276860034027014709e-04
-3.059999999999998010e+01 2.971089886717745779e-03 1.293327197694693555e-04
-3.049999999999997868e+01 2.994952171033230491e-03 1.310097674298646843e-04
-3.039999999999997726e+01 3.019124081527060043e-03 1.327178880012364233e-04
-3.029999999999997584e+01 3.043611355212333391e-03 1.344578459819792296e-04
-3.019999999999997442e+01 3.068419870146041773e-03 1.362304296094885426e-04
-3.009999999999997300e+01 3.093555649803499639e-03 1.380364517562791859e-04
-2.999999999999997158e+01 3.119024867612878432e-03 1.398767508657276272e-04
-2.989999999999997016e+01 3.144833851666179077e-03 1.417521919301401642e-04
-2.979999999999996874e+01 3.170989089607582564e-03 1.436636675128440544e-04
-2.969999999999996732e+01 3.197497233709467243e-03 1.456120988167638412e-04
-2.959999999999996589e+01 3.224365106147072772e-03 1.475984368021090011e-04
-2.949999999999996447e+01 3.251599704473484738e-03 1.496236633552293490e-04
-2.939999999999996305e+01 3.279208207314036633e-03 1.516887925120907310e-04
-2.929999999999996163e+01 3.307197980282813692e-03 1.537948717387535959e-04
-2.919999999999996021e+01 3.335576582134076439e-03 1.559429832721145328e-04
-2.909999999999995879e+01 3.364351771162257983e-03 1.581342455243887847e-04
-2.899999999999995737e+01 3.393531511854366162e-03 1.603698145542277204e-04
-2.889999999999995595e+01 3.423123981817373200e-03 1.626508856089494792e-04
-2.879999999999995453e+01 3.453137578985772740e-03 1.649786947412265484e-04
-2.869999999999995310e+01 3.483580929125453668e-03 1.673545205045980110e-04
-2.859999999999995168e+01 3.514462893651108290e-03 1.697796857324700766e-04
-2.849999999999995026e+01 3.545792577764038736e-03 1.722555594046812247e-04
-2.839999999999994884e+01 3.577579338937473576e-03 1.747835586075289637e-04
-2.829999999999994742e+01 3.609832795758083877e-03 1.773651505919688471e-04
-2.819999999999994600e+01 3.642562837144335854e-03 1.800018549359055984e-04
-2.809999999999994458e+01 3.675779631963665105e-03 1.826952458169077073e-04
-2.799999999999994316e+01 3.709493639059607654e-03 1.854469544011136406e-04
-2.789999999999994174e+01 3.743715617722040076e-03 1.882586713562129851e-04
-2.779999999999994031e+01 3.778456638614087308e-03 1.911321494951757861e-04
-2.769999999999993889e+01 3.813728095182469281e-03 1.940692065588555792e-04
-2.759999999999993747e+01 3.849541715579784390e-03 1.970717281461740501e-04
-2.749999999999993605e+01 3.885909575115896204e-03 2.001416708000985532e-04
-2.739999999999993463e+01 3.922844109279633069e-03 2.032810652601231322e-04
-2.729999999999993321e+01 3.960358127351365325e-03 2.064920198907723391e-04
-2.719999999999993179e+01 3.998464826641565280e-03 2.097767242974313360e-04
-2.709999999999993037e+01 4.037177807392950540e-03 2.131374531416454251e-04
-2.699999999999992895e+01 4.076511088371828628e-03 2.165765701676700572e-04
-2.689999999999992752e+01 4.116479123200989486e-03 2.200965324550675870e-04
-2.679999999999992610e+01 4.157096817464578549e-03 2.236998949110492643e-04
-2.669999999999992468e+01 4.198379546631839966e-03 2.273893150185169018e-04
-2.659999999999992326e+01 4.240343174849826174e-03 2.311675578569772239e-04
-2.649999999999992184e+01 4.283004074643128462e-03 2.350375014134040218e-04
-2.639999999999992042e+01 4.326379147588170840e-03 2.390021422038407029e-04
-2.629999999999991900e+01 4.370485846006869068e-03 2.430646012256679948e-04
-2.619999999999991758e+01 4.415342195743124885e-03 2.472281302633954464e-04
-2.609999999999991616e+01 4.460966820090121916e-03 2.514961185726445744e-04
-2.599999999999991473e+01 4.507378964924315182e-03 2.558720999673563660e-04
-2.589999999999991331e+01 4.554598525135277257e-03 2.603597603399719108e-04
-2.579999999999991189e+01 4.602646072417033475e-03 2.649629456439274639e-04
-2.569999999999991047e+01 4.651542884508202622e-03 2.696856703717492453e-04
-2.559999999999990905e+01 4.701310975974624246e-03 2.745321265647705116e-04
-2.549999999999990763e+01 4.751973130616635177e-03 2.795066933916618541e-04
-2.539999999999990621e+01 4.803552935621078004e-03 2.846139473391437837e-04
-2.529999999999990479e+01 4.856074817554520764e-03 2.898586730587131895e-04
-2.519999999999990337e+01 4.909564080319714363e-03 2.952458749186956215e-04
-2.509999999999990195e+01 4.964046945206721656e-03 3.007807893151685677e-04
-2.499999999999990052e+01 5.019550593159846988e-03 3.064688977978565734e-04
-2.489999999999989910e+01 5.076103209425829321e-03 3.123159410754972271e-04
-2.479999999999989768e+01 5.133734030725740569e-03 3.183279339672097537e-04
-2.469999999999989626e+01 5.192473395124361582e-03 3.245111813743095435e-04
-2.459999999999989484e+01 5.252352794784549868e-03 3.308722953537036925e-04
-2.449999999999989342e+01 5.313404931786735313e-03 3.374182133789493032e-04
-2.439999999999989200e+01 5.375663777246568464e-03 3.441562178869630052e-04
-2.429999999999989058e+01 5.439164633943165995e-03 3.510939572132020610e-04
-2.419999999999988916e+01 5.503944202709881196e-03 3.582394680300272742e-04
-2.409999999999988773e+01 5.570040652860357849e-03 3.656011994137649181e-04
-2.399999999999988631e+01 5.637493696920655231e-03 3.731880386751425618e-04
-2.389999999999988489e+01 5.706344670003326604e-03 3.810093391053734173e-04
-2.379999999999988347e+01 5.776636614144226717e-03 3.890749498000617835e-04
-2.369999999999988205e+01 5.848414367974640905e-03 3.973952477416652757e-04
-2.359999999999988063e+01 5.921724662133570800e-03 4.059811723391704152e-04
-2.349999999999987921e+01 5.996616220832918544e-03 4.148442626402906340e-04
-2.339999999999987779e+01 6.073139870071627561e-03 4.239966974587259705e-04
-2.329999999999987637e+01 6.151348652990488997e-03 4.334513386781439141e-04
-2.319999999999987494e+01 6.231297952930620054e-03 4.432217780247226543e-04
-2.309999999999987352e+01 6.313045624809651701e-03 4.533223876306449567e-04
-2.299999999999987210e+01 6.396652135455425589e-03 4.637683747412324389e-04
-2.289999999999987068e+01 6.482180713648626018e-03 4.745758409625521748e-04
-2.279999999999986926e+01 6.569697510641938666e-03 4.857618464825854418e-04
-2.269999999999986784e+01 6.659271772026187364e-03 4.973444797501463347e-04
-2.259999999999986642e+01 6.750976021897139162e-03 5.093429331494579628e-04
-2.249999999999986500e+01 6.844886260334497562e-03 5.217775852641058035e-04
-2.239999999999986358e+01 6.941082175362183436e-03 5.346700903991307829e-04
-2.229999999999986215e+01 7.039647370613801372e-03 5.480434760989519403e-04
-2.219999999999986073e+01 7.140669610083292575e-03 5.619222494890423452e-04
-2.209999999999985931e+01 7.244241081480412917e-03 5.763325133669879551e-04
-2.199999999999985789e+01 7.350458679827120631e-03 5.913020930736656751e-04
-2.189999999999985647e+01 7.459424313166802475e-03 6.068606753091697770e-04
-2.179999999999985505e+01 7.571245232385096294e-03 6.230399601913189610e-04
-2.169999999999985363e+01 7.686034387391431875e-03 6.398738280211146772e-04
-2.159999999999985221e+01 7.803910812151476986e-03 6.573985224040754119e-04
-2.149999999999985079e+01 7.925000041286711649e-03 6.756528515803447623e-04
-2.139999999999984936e+01 8.049434561331517135e-03 6.946784100675769055e-04
-2.129999999999984794e+01 8.177354300003287363e-03 7.145198229852835941e-04
-2.119999999999984652e+01 8.308907157263003759e-03 7.352250157513348563e-04
-2.109999999999984510e+01 8.444249582374678889e-03 7.568455122052336528e-04
-2.099999999999984368e+01 8.583547201607652846e-03 7.794367646237402962e-04
-2.089999999999984226e+01 8.726975501856266276e-03 8.030585195908549823e-04
-2.079999999999984084e+01 8.874720575986578749e-03 8.277752242299943764e-04
-2.069999999999983942e+01 9.026979936468296217e-03 8.536564779614261344e-04
-2.059999999999983800e+01 9.183963404648873285e-03 8.807775357013949329e-04
-2.049999999999983658e+01 9.345894083875511127e-03 9.092198692859141491e-04
-2.039999999999983515e+01 9.513009425798021196e-03 9.390717949410896069e-04
-2.029999999999983373e+01 9.685562400263393601e-03 9.704291758011519310e-04
-2.019999999999983231e+01 9.863822780609127205e-03 1.003396209886434987e-03
-2.009999999999983089e+01 1.004807855770059946e-02 1.038086315602257783e-03
-1.999999999999982947e+01 1.023863749775031501e-02 1.074623128748934935e-03
-1.989999999999982805e+01 1.043582886108805445e-02 1.113141627348039836e-03
-1.979999999999982663e+01 1.064000530125666644e-02 1.153789403286601713e-03
-1.969999999999982521e+01 1.085154496654140363e-02 1.196728103020932698e-03
-1.959999999999982379e+01 1.107085382912300145e-02 1.242135063429667449e-03
-1.949999999999982236e+01 1.129836827052020307e-02 1.290205173486141032e-03
-1.939999999999982094e+01 1.153455795623161903e-02 1.341152997957585679e-03
-1.929999999999981952e+01 1.177992903711113162e-02 1.395215205937295642e-03
-1.919999999999981810e+01 1.203502772060827293e-02 1.452653355026196523e-03
-1.909999999999981668e+01 1.230044426138263147e-02 1.513757091651854198e-03
-1.899999999999981526e+01 1.257681742827132867e-02 1.578847839777860942e-03
-1.889999999999981384e+01 1.286483951316939184e-02 1.648283064570989567e-03
-1.879999999999981242e+01 1.316526195759979909e-02 1.722461215175250882e-03
-1.869999999999981100e+01 1.347890168433871910e-02 1.801827472263506282e-03
-1.859999999999980957e+01 1.380664823520197718e-02 1.886880452652105753e-03
-1.849999999999980815e+01 1.414947183200108982e-02 1.978180056213051097e-03
-1.839999999999980673e+01 1.450843249601485585e-02 2.076356681275035206e-03
-1.829999999999980531e+01 1.488469038292830962e-02 2.182122085983632855e-03
-1.819999999999980389e+01 1.527951751469430047e-02 2.296282237350261157e-03
-1.809999999999980247e+01 1.569431111827596786e-02 2.419752570882546371e-03
-1.799999999999980105e+01 1.613060881359349580e-02 2.553576186554682836e-03
-1.789999999999979963e+01 1.659010592929252570e-02 2.698945637904595369e-03
-1.779999999999979821e+01 1.707467526557589904e-02 2.857229139036074513e-03
-1.769999999999979678e+01 1.758638966660207997e-02 3.030002230505016939e-03
-1.759999999999979536e+01 1.812754781006592486e-02 3.219086225255993455e-03
-1.749999999999979394e+01 1.870070366463824629e-02 3.426595120751570796e-03
-1.739999999999979252e+01 1.930870010076166099e-02 3.654993141651437585e-03
-1.729999999999979110e+01 1.995470715706024536e-02 3.907165708092878373e-03
-1.719999999999978968e+01 2.064226544412724185e-02 4.186507460941323207e-03
-1.709999999999978826e+01 2.137533508091014195e-02 4.497032091774041257e-03
-1.699999999999978684e+01 2.215835035582199367e-02 4.843510224357284143e-03
-1.689999999999978542e+01 2.299627990260973143e-02 5.231643619038489970e-03
-1.679999999999978400e+01 2.389469144489840893e-02 5.668286722136121544e-03
-1.669999999999978257e+01 2.485981886621771442e-02 6.161730337542524992e-03
-1.659999999999978115e+01 2.589862713127468602e-02 6.722067346874686065e-03
-1.649999999999977973e+01 2.701886679233412095e-02 7.361667484463400510e-03
-1.639999999999977831e+01 2.822910340895766132e-02 8.095797914169830176e-03
-1.629999999999977689e+01 2.953869640968145166e-02 8.943439718174682126e-03
-1.619999999999977547e+01 3.095768369169626250e-02 9.928368578524382829e-03
-1.609999999999977405e+01 3.249649738637342550e-02 1.108059217777712484e-02
-1.599999999999977263e+01 3.416538375276162443e-02 1.243826798531468859e-02
-1.589999999999977121e+01 3.597331066150015466e-02 1.405026202307674450e-02
-1.579999999999976978e+01 3.792599315935927390e-02 1.597954509363233230e-02
-1.569999999999976836e+01 4.002240665562274008e-02 1.830763602993970909e-02
-1.559999999999976694e+01 4.224871648307791661e-02 2.114023338006633043e-02
-1.549999999999976552e+01 4.456782648546623454e-02 2.461388318524479132e-02
-1.539999999999976410e+01 4.690161951082063435e-02 2.890267394753889829e-02
-1.529999999999976268e+01 4.910142863747393033e-02 3.422178964195540796e-02
-1.519999999999976126e+01 5.090094438401693983e-02 4.081981132385181787e-02
-1.509999999999975984e+01 5.184729490774044047e-02 4.894156333955024946e-02
-1.499999999999975842e+01 5.121855223926818218e-02 5.872645240938187405e-02
-1.489999999999975699e+01 4.797733649417774277e-02 6.999197403215756674e-02
-1.479999999999975557e+01 4.089881952537395560e-02 8.188271909147414040e-02
-1.469999999999975415e+01 2.909307935263763523e-02 9.254449357396500597e-02
-1.459999999999975273e+01 1.294523062523724594e-02 9.932818890703429271e-02
-1.449999999999975131e+01 -5.243591981875678557e-03 1.000081940202976749e-01
-1.439999999999974989e+01 -2.204566029295378440e-02 9.433977060901634071e-02
-1.429999999999974847e+01 -3.481247232814230208e-02 8.425398288548184567e-02
-1.419999999999974705e+01 -4.279113853914649768e-02 7.244454660834162563e-02
-1.409999999999974563e+01 -4.669674135547603744e-02 6.097192853209008195e-02
-1.399999999999974420e+01 -4.774480276695743097e-02 5.087451100508531832e-02
-1.389999999999974278e+01 -4.703024594518902257e-02 4.243903430383268865e-02
-1.379999999999974136e+01 -4.533783752592637772e-02 3.556910386864439721e-02
-1.369999999999973994e+01 -4.316813794222784662e-02 3.003008923330830610e-02
-1.359999999999973852e+01 -4.081883825667780019e-02 2.556975844322187733e-02
-1.349999999999973710e+01 -3.845785208887594897e-02 2.196499424896635952e-02
-1.339999999999973568e+01 -3.617463698186379473e-02 1.903352677221847866e-02
-1.329999999999973426e+01 -3.401278196869738507e-02 1.663176590043892109e-02
-1.319999999999973284e+01 -3.198973054016052142e-02 1.464837917838241084e-02
-1.309999999999973141e+01 -3.010842728353379377e-02 1.299749328807631339e-02
-1.299999999999972999e+01 -2.836409807326447513e-02 1.161282465832499597e-02
-1.289999999999972857e+01 -2.674815354672512371e-02 1.044300293277763796e-02
-1.279999999999972715e+01 -2.525040680678431598e-02 9.447979908649588310e-03
-1.269999999999972573e+01 -2.386030742512819380e-02 8.596318649378355270e-03
-1.259999999999972431e+01 -2.256760339471537702e-02 7.863160660822751669e-03
-1.249999999999972289e+01 -2.136267222551175085e-02 7.228702808839302003e-03
-1.239999999999972147e+01 -2.023666265258675795e-02 6.677053221958644674e-03
-1.229999999999972005e+01 -1.918152999847605455e-02 6.195367928667690725e-03
-1.219999999999971863e+01 -1.819001388405434155e-02 5.773195582937648736e-03
-1.209999999999971720e+01 -1.725558670924749391e-02 5.401976930575787608e-03
-1.199999999999971578e+01 -1.637238932135298003e-02 5.074659901674469925e-03
-1.189999999999971436e+01 -1.553516317015555918e-02 4.785401602235153998e-03
-1.179999999999971294e+01 -1.473918403088911658e-02 4.529336029943061177e-03
-1.169999999999971152e+01 -1.398019989045055575e-02 4.302391830176309669e-03
-1.159999999999971010e+01 -1.325437414205549516e-02 4.101148410345612297e-03
-1.149999999999970868e+01 -1.255823440471637298e-02 3.922721659553376865e-03
-1.139999999999970726e+01 -1.188862682676779942e-02 3.764672674843553158e-03
-1.129999999999970584e+01 -1.124267549558876853e-02 3.624934488630384647e-03
-1.119999999999970441e+01 -1.061774646918262933e-02 3.501752977846446513e-03
-1.109999999999970299e+01 -1.001141591256095656e-02 3.393639023365859972e-03
-1.099999999999970157e+01 -9.421441830652868554e-03 3.299329657760020646e-03
-1.089999999999970015e+01 -8.845738919660542723e-03 3.217756447597667699e-03
-1.079999999999969873e+01 -8.282356097757053587e-03 3.148019744801058232e-03
-1.069999999999969731e+01 -7.729456318258104766e-03 3.089367740698823871e-03
-1.059999999999969589e+01 -7.185298308635091995e-03 3.041179488535340411e-03
-1.049999999999969447e+01 -6.648219915747980401e-03 3.002951242082186993e-03
-1.039999999999969305e+01 -6.116622770421277500e-03 2.974285602023383525e-03
-1.029999999999969162e+01 -5.588958011856023748e-03 2.954883077269549428e-03
-1.019999999999969020e+01 -5.063712835555417985e-03 2.944535762556558557e-03
-1.009999999999968878e+01 -4.539397646322136139e-03 2.943122912035223658e-03
-9.999999999999687361e+00 -4.014533611388560255e-03 2.950608255524597972e-03
-9.899999999999685940e+00 -3.487640418028070677e-03 2.967038963221029814e-03
-9.799999999999684519e+00 -2.957224044490858531e-03 2.992546218958112500e-03
-9.699999999999683098e+00 -2.421764354076911749e-03 3.027347414285202175e-03
-9.599999999999681677e+00 -1.879702318411874580e-03 3.071750028201754128e-03
-9.499999999999680256e+00 -1.329426668164579960e-03 3.126157312914246665e-03
-9.399999999999678835e+00 -7.692597574001629884e-04 3.191075967178535859e-03
-9.299999999999677414e+00 -1.974424105384694692e-04 3.267126048840420394e-03
-9.199999999999675993e+00 3.878825005491273042e-04 3.355053460701099867e-03
-9.099999999999674571e+00 9.886880289297940438e-04 3.455745443492674526e-03
-8.999999999999673150e+00 1.607082986502667010e-03 3.570249632308304839e-03
-8.899999999999671729e+00 2.245333989086368762e-03 3.699797385743151291e-03
-8.799999999999670308e+00 2.905890105970587722e-03 3.845832290225289531e-03
-8.699999999999668887e+00 3.591410554528078579e-03 4.010044988303991531e-03
-8.599999999999667466e+00 4.304795931115417557e-03 4.194415796585348848e-03
-8.499999999999666045e+00 5.049223519099179693e-03 4.401266989791460631e-03
-8.399999999999664624e+00 5.828187256926166404e-03 4.633327163657075323e-03
-8.299999999999663203e+00 6.645542973519658059e-03 4.893810794513253973e-03
-8.199999999999661782e+00 7.505559484279623536e-03 5.186517046268506251e-03
-8.099999999999660361e+00 8.412976058356844491e-03 5.515953118246801762e-03
-7.999999999999658939e+00 9.373066562853631101e-03 5.887489093099088425e-03
-7.899999999999657518e+00 1.039171017460803828e-02 6.307553490423062001e-03
-7.799999999999656097e+00 1.147546778208232907e-02 6.783881779471471161e-03
-7.699999999999654676e+00 1.263166183747852465e-02 7.325834260215839146e-03
-7.599999999999653255e+00 1.386845506757394646e-02 7.944805415557119194e-03
-7.499999999999651834e+00 1.519491944707609780e-02 8.654754662017625361e-03
-7.399999999999650413e+00 1.662108006759559220e-02 9.472899192262951990e-03
-7.299999999999648992e+00 1.815790711963942775e-02 1.042062438770360172e-02
-7.199999999999647571e+00 1.981720994112362230e-02 1.152468743533031567e-02
-7.099999999999646150e+00 2.161135449684348231e-02 1.281881682176599230e-02
-6.999999999999644729e+00 2.355267031099090788e-02 1.434584548091693244e-02
-6.899999999999643308e+00 2.565231853552273067e-02 1.616055797807746872e-02
-6.799999999999641886e+00 2.791823162415284221e-02 1.833347624259077172e-02
-6.699999999999640465e+00 3.035145981907889229e-02 2.095583357764498403e-02
-6.599999999999639044e+00 3.293979324226747191e-02 2.414593671932624072e-02
-6.499999999999637623e+00 3.564675434962340239e-02 2.805684948554534180e-02
-6.399999999999636202e+00 3.839283083829826693e-02 3.288451558027890437e-02
-6.299999999999634781e+00 4.102408518966745715e-02 3.887332859236737603e-02
-6.199999999999633360e+00 4.326150243863197131e-02 4.631123127542783463e-02
-6.099999999999631939e+00 4.462499950194535880e-02 5.549606721594362718e-02
-5.999999999999630518e+00 4.433664312961814458e-02 6.663656704797769892e-02
-5.899999999999629097e+00 4.124682921003470365e-02 7.963051867100705283e-02
-5.799999999999627676e+00 3.392002512281300231e-02 9.367888028197021710e-02
-5.699999999999626255e+00 2.113159318107953044e-02 1.068569719887921127e-01
-5.599999999999624833e+00 2.907548308774789841e-03 1.161516300214257558e-01
-5.499999999999623412e+00 -1.851453666451389687e-02 1.186420601625955140e-01
-5.399999999999621991e+00 -3.918744272542198231e-02 1.134228191095715405e-01
-5.299999999999620570e+00 -5.559203379942397744e-02 1.023181021592666495e-01
-5.199999999999619149e+00 -6.633535731110941358e-02 8.849613351602961253e-02
-5.099999999999617728e+00 -7.198358215843628227e-02 7.464409689448468777e-02
-4.999999999999616307e+00 -7.393127243412134231e-02 6.224452477005449486e-02
-4.899999999999614886e+00 -7.354052721461887265e-02 5.179182785563482549e-02
-4.799999999999613465e+00 -7.182410353985244078e-02 4.324019788917998069e-02
-4.699999999999612044e+00 -6.944115493470280620e-02 3.633096760786681811e-02
-4.599999999999610623e+00 -6.678888377081462768e-02 3.076287670811278172e-02
-4.499999999999609201e+00 -6.409390483748531042e-02 2.626183314749793579e-02
-4.399999999999607780e+00 -6.147870313563506828e-02 2.260111297221837484e-02
-4.299999999999606359e+00 -5.900450868967609813e-02 1.960107260768095480e-02
-4.199999999999604938e+00 -5.669745044679521534e-02 1.712208787010425712e-02
-4.099999999999603517e+00 -5.456406522089335409e-02 1.505639517751245285e-02
-3.999999999999602096e+00 -5.260035046321860641e-02 1.332084289901930806e-02
-3.899999999999600675e+00 -5.079698906622424209e-02 1.185104309697313819e-02
-3.799999999999599254e+00 -4.914232790984088273e-02 1.059685412572067449e-02
-3.699999999999597833e+00 -4.762404468457456103e-02 9.518961417998787755e-03
-3.599999999999596412e+00 -4.623005129556638504e-02 8.586311244581134108e-03
-3.499999999999594991e+00 -4.494895508810398815e-02 7.774188207314784715e-03
-3.399999999999593570e+00 -4.377026626530334391e-02 7.062772117095358730e-03
-3.299999999999592148e+00 -4.268446206576241575e-02 6.436050095534349980e-03
-3.199999999999590727e+00 -4.168297256919302474e-02 5.880991861024589644e-03
-3.099999999999589306e+00 -4.075812604781308551e-02 5.386920545701437933e-03
-2.999999999999587885e+00 -3.990307583398136626e-02 4.945029438061742354e-03
-2.899999999999586464e+00 -3.911172121901443366e-02 4.548008239696740840e-03
-2.799999999999585043e+00 -3.837862929311997018e-02 4.189752020743355530e-03
-2.699999999999583622e+00 -3.769896132882643441e-02 3.865133034633675031e-03
-2.599999999999582201e+00 -3.706840537581457262e-02 3.569820633747802091e-03
-2.499999999999580780e+00 -3.648311562459054941e-02 3.300138243127088977e-03
-2.399999999999579359e+00 -3.593965847950773840e-02 3.052949080098354712e-03
-2.299999999999577938e+00 -3.543496495852403727e-02 2.825564326114639660e-03
-2.199999999999576517e+00 -3.496628888924996348e-02 2.615668959646470608e-03
-2.099999999999575095e+00 -3.453117032485565618e-02 2.421261585482053103e-03
-1.999999999999573674e+00 -3.412740361767097746e-02 2.240605448286038179e-03
-1.899999999999572253e+00 -3.375300963886802841e-02 2.072188470508068252e-03
-1.799999999999570832e+00 -3.340621170769086240e-02 1.914690660623055533e-03
-1.699999999999569411e+00 -3.308541489284921866e-02 1.766957637481270885e-03
-1.599999999999567990e+00 -3.278918847912256490e-02 1.627979338427490126e-03
-1.499999999999566569e+00 -3.251625157493280571e-02 1.496873240984746608e-03
-1.399999999999565148e+00 -3.226546211010276194e-02 1.372871633455611867e-03
-1.299999999999563727e+00 -3.203580990409926610e-02 1.255312594133262735e-03
-1.199999999999562306e+00 -3.182641518539196940e-02 1.143634297237096191e-03
-1.099999999999560885e+00 -3.163653507919370056e-02 1.037371833266371307e-03
-9.999999999995594635e-01 -3.146558235775558793e-02 9.361543804049200432e-04
-8.999999999995580424e-01 -3.131316323155945713e-02 8.396970927368691082e-04
-7.999999999995566213e-01 -3.117914338541659738e-02 7.477739682285504744e-04
-6.999999999995552002e-01 -3.106374997839746882e-02 6.601406603657967997e-04
-5.999999999995537792e-01 -3.096769888785799729e-02 5.763442113353267442e-04
-4.999999999995523581e-01 -3.089226663044872256e-02 4.953153574397853136e-04
-3.999999999995509370e-01 -3.083904354404331388e-02 4.146524447280496885e-04
-2.999999999995495159e-01 -3.080880982088675737e-02 3.298056381140397619e-04
-1.999999999995480948e-01 -3.079904654405667477e-02 2.343265570503138412e-04
-9.999999999954667373e-02 -3.080144436151782683e-02 1.233632534610121928e-04
4.547473508864641190e-13 -3.080423068964387168e-02 0.000000000000000000e+00
1.000000000004561684e-01 -3.080144436151782683e-02 -1.233632534610121928e-04
2.000000000004575895e-01 -3.079904654405671294e-02 -2.343265570521856078e-04
3.000000000004590106e-01 -3.080880982088710779e-02 -3.298056381156599937e-04
4.000000000004604317e-01 -3.083904354404331388e-02 -4.146524447280496885e-04
5.000000000004618528e-01 -3.089226663044872256e-02 -4.953153574397853136e-04
6.000000000004632739e-01 -3.096769888785799729e-02 -5.763442113353267442e-04
7.000000000004646949e-01 -3.106374997839939436e-02 -6.601406603673537141e-04
8.000000000004661160e-01 -3.117914338541886987e-02 -7.477739682301832828e-04
9.000000000004675371e-01 -3.131316323155945713e-02 -8.396970927368691082e-04
1.000000000000468958e+00 -3.146558235775558793e-02 -9.361543804049200432e-04
1.100000000000470379e+00 -3.163653507919370056e-02 -1.037371833266371307e-03
1.200000000000471800e+00 -3.182641518539559844e-02 -1.143634297239077462e-03
1.300000000000473221e+00 -3.203580990410324902e-02 -1.255312594135346137e-03
1.400000000000474643e+00 -3.226546211010276194e-02 -1.372871633455611867e-03
1.500000000000476064e+00 -3.251625157493280571e-02 -1.496873240984746608e-03
1.600000000000477485e+00 -3.278918847912256490e-02 -1.627979338427490126e-03
1.700000000000478906e+00 -3.308541489285483223e-02 -1.766957637483876223e-03
1.800000000000480327e+00 -3.340621170769692699e-02 -1.914690660625828923e-03
1.900000000000481748e+00 -3.375300963886802841e-02 -2.072188470508068252e-03
2.000000000000483169e+00 -3.412740361767097746e-02 -2.240605448286038179e-03
2.100000000000484590e+00 -3.453117032485565618e-02 -2.421261585482053103e-03
2.200000000000486011e+00 -3.496628888925817913e-02 -2.615668959650141717e-03
2.300000000000487432e+00 -3.543496495853288436e-02 -2.825564326118609575e-03
2.400000000000488853e+00 -3.593965847950773840e-02 -3.052949080098354712e-03
2.500000000000490274e+00 -3.648311562459054941e-02 -3.300138243127088977e-03
2.600000000000491696e+00 -3.706840537581457262e-02 -3.569820633747802091e-03
2.700000000000493117e+00 -3.769896132883833462e-02 -3.865133034639302041e-03
2.800000000000494538e+00 -3.837862929313280713e-02 -4.189752020749551095e-03
2.900000000000495959e+00 -3.911172121901443366e-02 -4.548008239696740840e-03
3.000000000000497380e+00 -3.990307583398136626e-02 -4.945029438061742354e-03
3.100000000000498801e+00 -4.075812604781308551e-02 -5.386920545701437933e-03
3.200000000000500222e+00 -4.168297256921051769e-02 -5.880991861034100265e-03
3.300000000000501643e+00 -4.268446206578137281e-02 -6.436050095545063632e-03
3.400000000000503064e+00 -4.377026626530334391e-02 -7.062772117095358730e-03
3.500000000000504485e+00 -4.494895508810398815e-02 -7.774188207314784715e-03
3.600000000000505906e+00 -4.623005129556638504e-02 -8.586311244581134108e-03
3.700000000000507328e+00 -4.762404468460101209e-02 -9.518961418016988474e-03
3.800000000000508749e+00 -4.914232790986969301e-02 -1.059685412574177567e-02
3.900000000000510170e+00 -5.079698906622424209e-02 -1.185104309697313819e-02
4.000000000000511591e+00 -5.260035046321860641e-02 -1.332084289901930806e-02
4.100000000000513012e+00 -5.456406522089335409e-02 -1.505639517751245285e-02
4.200000000000514433e+00 -5.669745044683560664e-02 -1.712208787014530414e-02
4.300000000000515854e+00 -5.900450868971962581e-02 -1.960107260773041871e-02
4.400000000000517275e+00 -6.147870313563506828e-02 -2.260111297221837484e-02
4.500000000000518696e+00 -6.409390483748531042e-02 -2.626183314749793579e-02
4.600000000000520117e+00 -6.678888377081462768e-02 -3.076287670811278172e-02
4.700000000000521538e+00 -6.944115493474950496e-02 -3.633096760797940167e-02
4.800000000000522959e+00 -7.182410353989125695e-02 -4.324019788931967451e-02
4.900000000000524381e+00 -7.354052721461887265e-02 -5.179182785563482549e-02
5.000000000000525802e+00 -7.393127243412134231e-02 -6.224452477005449486e-02
5.100000000000527223e+00 -7.198358215843628227e-02 -7.464409689448468777e-02
5.200000000000528644e+00 -6.633535731096400212e-02 -8.849613351628767000e-02
5.300000000000530065e+00 -5.559203379917641852e-02 -1.023181021595030715e-01
5.400000000000531486e+00 -3.918744272542198231e-02 -1.134228191095715405e-01
5.500000000000532907e+00 -1.851453666451389687e-02 -1.186420601625955140e-01
5.600000000000534328e+00 2.907548308774789841e-03 -1.161516300214257558e-01
5.700000000000535749e+00 2.113159318136470857e-02 -1.068569719885776315e-01
5.800000000000537170e+00 3.392002512299337885e-02 -9.367888028171481030e-02
5.900000000000538591e+00 4.124682921003470365e-02 -7.963051867100705283e-02
6.000000000000540012e+00 4.433664312961814458e-02 -6.663656704797769892e-02
6.100000000000541434e+00 4.462499950194535880e-02 -5.549606721594362718e-02
6.200000000000542855e+00 4.326150243859736705e-02 -4.631123127527751737e-02
6.300000000000544276e+00 4.102408518962208372e-02 -3.887332859224619519e-02
6.400000000000545697e+00 3.839283083824999998e-02 -3.288451558018114229e-02
6.500000000000547118e+00 3.564675434962340239e-02 -2.805684948554534180e-02
6.600000000000548539e+00 3.293979324226747191e-02 -2.414593671932624072e-02
6.700000000000549960e+00 3.035145981903316498e-02 -2.095583357759253293e-02
6.800000000000551381e+00 2.791823162411008474e-02 -1.833347624254747649e-02
6.900000000000552802e+00 2.565231853548304367e-02 -1.616055797804144198e-02
7.000000000000554223e+00 2.355267031099090788e-02 -1.434584548091693244e-02
7.100000000000555644e+00 2.161135449684348231e-02 -1.281881682176599230e-02
7.200000000000557066e+00 1.981720994109226197e-02 -1.152468743530861948e-02
7.300000000000558487e+00 1.815790711961038847e-02 -1.042062438768502977e-02
7.400000000000559908e+00 1.662108006756867970e-02 -9.472899192246964778e-03
7.500000000000561329e+00 1.519491944707609780e-02 -8.654754662017625361e-03
7.600000000000562750e+00 1.386845506757394646e-02 -7.944805415557119194e-03
7.700000000000564171e+00 1.263166183745678510e-02 -7.325834260205318915e-03
7.800000000000565592e+00 1.147546778206197902e-02 -6.783881779462242433e-03
7.900000000000567013e+00 1.039171017458893724e-02 -6.307553490414937424e-03
8.000000000000568434e+00 9.373066562853631101e-03 -5.887489093099088425e-03
8.100000000000569855e+00 8.412976058356844491e-03 -5.515953118246801762e-03
8.200000000000571276e+00 7.505559484263565201e-03 -5.186517046262863195e-03
8.300000000000572697e+00 6.645542973504420248e-03 -4.893810794508236285e-03
8.400000000000574119e+00 5.828187256911662381e-03 -4.633327163652605808e-03
8.500000000000575540e+00 5.049223519099179693e-03 -4.401266989791460631e-03
8.600000000000576961e+00 4.304795931115417557e-03 -4.194415796585348848e-03
8.700000000000578382e+00 3.591410554515361321e-03 -4.010044988300827395e-03
8.800000000000579803e+00 2.905890105958353585e-03 -3.845832290222474074e-03
8.900000000000581224e+00 2.245333989074565703e-03 -3.699797385740649387e-03
9.000000000000582645e+00 1.607082986502667010e-03 -3.570249632308304839e-03
9.100000000000584066e+00 9.886880289297940438e-04 -3.455745443492674526e-03
9.200000000000585487e+00 3.878825005383433958e-04 -3.355053460699387695e-03
9.300000000000586908e+00 -1.974424105489879649e-04 -3.267126048838931568e-03
9.400000000000588329e+00 -7.692597574104559702e-04 -3.191075967177256067e-03
9.500000000000589750e+00 -1.329426668164579960e-03 -3.126157312914246665e-03
9.600000000000591172e+00 -1.879702318411874580e-03 -3.071750028201754128e-03
9.700000000000592593e+00 -2.421764354086708600e-03 -3.027347414284482265e-03
9.800000000000594014e+00 -2.957224044500546961e-03 -2.992546218957564761e-03
9.900000000000595435e+00 -3.487640418037684514e-03 -2.967038963220649042e-03
1.000000000000059686e+01 -4.014533611388560255e-03 -2.950608255524597972e-03
1.010000000000059828e+01 -4.539397646322136139e-03 -2.943122912035223658e-03
1.020000000000059970e+01 -5.063712835564960699e-03 -2.944535762556664809e-03
1.030000000000060112e+01 -5.588958011865595085e-03 -2.954883077269819178e-03
1.040000000000060254e+01 -6.116622770430905215e-03 -2.974285602023819374e-03
1.050000000000060396e+01 -6.648219915747980401e-03 -3.002951242082186993e-03
1.060000000000060538e+01 -7.185298308635091995e-03 -3.041179488535340411e-03
1.070000000000060680e+01 -7.729456318268079426e-03 -3.089367740699793582e-03
1.080000000000060822e+01 -8.282356097767198250e-03 -3.148019744802223966e-03
1.090000000000060965e+01 -8.845738919670895553e-03 -3.217756447599041166e-03
1.100000000000061107e+01 -9.421441830652868554e-03 -3.299329657760020646e-03
1.110000000000061249e+01 -1.001141591256095656e-02 -3.393639023365859972e-03
1.120000000000061391e+01 -1.061774646919381657e-02 -3.501752977848545528e-03
1.130000000000061533e+01 -1.124267549560032178e-02 -3.624934488632771193e-03
1.140000000000061675e+01 -1.188862682677975340e-02 -3.764672674846255424e-03
1.150000000000061817e+01 -1.255823440471637298e-02 -3.922721659553376865e-03
1.160000000000061959e+01 -1.325437414205549516e-02 -4.101148410345612297e-03
1.170000000000062101e+01 -1.398019989046404496e-02 -4.302391830180193714e-03
1.180000000000062244e+01 -1.473918403090324764e-02 -4.529336029947443089e-03
1.190000000000062386e+01 -1.553516317017039801e-02 -4.785401602240100562e-03
1.200000000000062528e+01 -1.637238932135298003e-02 -5.074659901674469925e-03
1.210000000000062670e+01 -1.725558670924749391e-02 -5.401976930575787608e-03
1.220000000000062812e+01 -1.819001388407184144e-02 -5.773195582944840899e-03
1.230000000000062954e+01 -1.918152999849464732e-02 -6.195367928675882957e-03
1.240000000000063096e+01 -2.023666265260656849e-02 -6.677053221968007844e-03
1.250000000000063238e+01 -2.136267222551175085e-02 -7.228702808839302003e-03
1.260000000000063380e+01 -2.256760339471537702e-02 -7.863160660822751669e-03
1.270000000000063523e+01 -2.386030742515255626e-02 -8.596318649392701433e-03
1.280000000000063665e+01 -2.525040680681055194e-02 -9.447979908666302371e-03
1.290000000000063807e+01 -2.674815354675341011e-02 -1.044300293279722472e-02
1.300000000000063949e+01 -2.836409807326447513e-02 -1.161282465832499597e-02
1.310000000000064091e+01 -3.010842728353379377e-02 -1.299749328807631339e-02
1.320000000000064233e+01 -3.198973054019602774e-02 -1.464837917841523875e-02
1.330000000000064375e+01 -3.401278196873547266e-02 -1.663176590047850748e-02
1.340000000000064517e+01 -3.617463698190431787e-02 -1.903352677226659989e-02
1.350000000000064659e+01 -3.845785208887594897e-02 -2.196499424896635952e-02
1.360000000000064801e+01 -4.081883825667780019e-02 -2.556975844322187733e-02
1.370000000000064944e+01 -4.316813794226960488e-02 -3.003008923339851519e-02
1.380000000000065086e+01 -4.533783752596266120e-02 -3.556910386875646035e-02
1.390000000000065228e+01 -4.703024594521281604e-02 -4.243903430397128612e-02
1.400000000000065370e+01 -4.774480276695743097e-02 -5.087451100508531832e-02
1.410000000000065512e+01 -4.669674135547603744e-02 -6.097192853209008195e-02
1.420000000000065654e+01 -4.279113853904187303e-02 -7.244454660855800809e-02
1.430000000000065796e+01 -3.481247232795416091e-02 -8.425398288568874960e-02
1.440000000000065938e+01 -2.204566029267955585e-02 -9.433977060916773349e-02
1.450000000000066080e+01 -5.243591981875678557e-03 -1.000081940202976749e-01
1.460000000000066223e+01 1.294523062523724594e-02 -9.932818890703429271e-02
1.470000000000066365e+01 2.909307935289587657e-02 -9.254449357379788965e-02
1.480000000000066507e+01 4.089881952554430544e-02 -8.188271909126179637e-02
1.490000000000066649e+01 4.797733649426792757e-02 -6.999197403194298839e-02
1.500000000000066791e+01 5.121855223926818218e-02 -5.872645240938187405e-02
1.510000000000066933e+01 5.184729490774044047e-02 -4.894156333955024946e-02
1.520000000000067075e+01 5.090094438399023202e-02 -4.081981132371860499e-02
1.530000000000067217e+01 4.910142863743650887e-02 -3.422178964184781347e-02
1.540000000000067359e+01 4.690161951077881364e-02 -2.890267394745222804e-02
1.550000000000067502e+01 4.456782648546623454e-02 -2.461388318524479132e-02
1.560000000000067644e+01 4.224871648307791661e-02 -2.114023338006633043e-02
1.570000000000067786e+01 4.002240665558334798e-02 -1.830763602989313524e-02
1.580000000000067928e+01 3.792599315932243531e-02 -1.597954509359389083e-02
1.590000000000068070e+01 3.597331066146595979e-02 -1.405026202304475100e-02
1.600000000000068212e+01 3.416538375276162443e-02 -1.243826798531468859e-02
1.610000000000068354e+01 3.249649738637342550e-02 -1.108059217777712484e-02
1.620000000000068496e+01 3.095768369166939510e-02 -9.928368578505047601e-03
1.630000000000068638e+01 2.953869640965667634e-02 -8.943439718158096435e-03
1.640000000000068781e+01 2.822910340893476644e-02 -8.095797914155508299e-03
1.650000000000068923e+01 2.701886679233412095e-02 -7.361667484463400510e-03
1.660000000000069065e+01 2.589862713127468602e-02 -6.722067346874686065e-03
1.670000000000069207e+01 2.485981886619950676e-02 -6.161730337532975339e-03
1.680000000000069349e+01 2.389469144488148150e-02 -5.668286722127689921e-03
1.690000000000069491e+01 2.299627990259395932e-02 -5.231643619031012445e-03
1.700000000000069633e+01 2.215835035582199367e-02 -4.843510224357284143e-03
1.710000000000069775e+01 2.137533508091014195e-02 -4.497032091774041257e-03
1.720000000000069917e+01 2.064226544411433203e-02 -4.186507460935971585e-03
1.730000000000070060e+01 1.995470715704813006e-02 -3.907165708088054974e-03
1.740000000000070202e+01 1.930870010075026733e-02 -3.654993141647076924e-03
1.750000000000070344e+01 1.870070366463824629e-02 -3.426595120751570796e-03
1.760000000000070486e+01 1.812754781006592486e-02 -3.219086225255993455e-03
1.770000000000070628e+01 1.758638966659251124e-02 -3.030002230501731807e-03
1.780000000000070770e+01 1.707467526556684725e-02 -2.857229139033067803e-03
1.790000000000070912e+01 1.659010592928394229e-02 -2.698945637901837592e-03
1.800000000000071054e+01 1.613060881359349580e-02 -2.553576186554682836e-03
1.810000000000071196e+01 1.569431111827596786e-02 -2.419752570882546371e-03
1.820000000000071338e+01 1.527951751468694525e-02 -2.296282237348104029e-03
1.830000000000071481e+01 1.488469038292130134e-02 -2.182122085981635321e-03
1.840000000000071623e+01 1.450843249600817023e-02 -2.076356681273182955e-03
1.850000000000071765e+01 1.414947183200108982e-02 -1.978180056213051097e-03
1.860000000000071907e+01 1.380664823520197718e-02 -1.886880452652105753e-03
1.870000000000072049e+01 1.347890168433288696e-02 -1.801827472262012252e-03
1.880000000000072191e+01 1.316526195759422022e-02 -1.722461215173856164e-03
1.890000000000072333e+01 1.286483951316403848e-02 -1.648283064569684405e-03
1.900000000000072475e+01 1.257681742827132867e-02 -1.578847839777860942e-03
1.910000000000072617e+01 1.230044426138263147e-02 -1.513757091651854198e-03
1.920000000000072760e+01 1.203502772060396908e-02 -1.452653355025160459e-03
1.930000000000072902e+01 1.177992903710657624e-02 -1.395215205936282130e-03
1.940000000000073044e+01 1.153455795622724059e-02 -1.341152997956631147e-03
1.950000000000073186e+01 1.129836827052020307e-02 -1.290205173486141032e-03
1.960000000000073328e+01 1.107085382912300145e-02 -1.242135063429667449e-03
1.970000000000073470e+01 1.085154496654140363e-02 -1.196728103020932698e-03
1.980000000000073612e+01 1.064000530125288474e-02 -1.153789403285841687e-03
1.990000000000073754e+01 1.043582886108440633e-02 -1.113141627347320360e-03
2.000000000000073896e+01 1.023863749775031501e-02 -1.074623128748934935e-03
2.010000000000074039e+01 1.004807855770059946e-02 -1.038086315602257783e-03
2.020000000000074181e+01 9.863822780609127205e-03 -1.003396209886434987e-03
2.030000000000074323e+01 9.685562400260206914e-03 -9.704291758005673292e-04
2.040000000000074465e+01 9.513009425794933388e-03 -9.390717949405335196e-04
2.050000000000074607e+01 9.345894083875511127e-03 -9.092198692859141491e-04
2.060000000000074749e+01 9.183963404648873285e-03 -8.807775357013949329e-04
2.070000000000074891e+01 9.026979936468296217e-03 -8.536564779614261344e-04
2.080000000000075033e+01 8.874720575983850029e-03 -8.277752242295344579e-04
2.090000000000075175e+01 8.726975501853615619e-03 -8.030585195904155552e-04
2.100000000000075318e+01 8.583547201607652846e-03 -7.794367646237402962e-04
2.110000000000075460e+01 8.444249582374678889e-03 -7.568455122052336528e-04
2.120000000000075602e+01 8.308907157263003759e-03 -7.352250157513348563e-04
2.130000000000075744e+01 8.177354300000931608e-03 -7.145198229849151822e-04
2.140000000000075886e+01 8.049434561329220361e-03 -6.946784100672234556e-04
2.150000000000076028e+01 7.925000041286711649e-03 -6.756528515803447623e-04
2.160000000000076170e+01 7.803910812151476986e-03 -6.573985224040754119e-04
2.170000000000076312e+01 7.686034387391431875e-03 -6.398738280211146772e-04
2.180000000000076454e+01 7.571245232383037177e-03 -6.230399601910188538e-04
2.190000000000076597e+01 7.459424313164795400e-03 -6.068606753088811624e-04
2.200000000000076739e+01 7.350458679827120631e-03 -5.913020930736656751e-04
2.210000000000076881e+01 7.244241081480412917e-03 -5.763325133669879551e-04
2.220000000000077023e+01 7.140669610083292575e-03 -5.619222494890423452e-04
2.230000000000077165e+01 7.039647370611985984e-03 -5.480434760987043085e-04
2.240000000000077307e+01 6.941082175360411416e-03 -5.346700903988920416e-04
2.250000000000077449e+01 6.844886260334497562e-03 -5.217775852641058035e-04
2.260000000000077591e+01 6.750976021897139162e-03 -5.093429331494579628e-04
2.270000000000077733e+01 6.659271772026187364e-03 -4.973444797501463347e-04
2.280000000000077875e+01 6.569697510640329710e-03 -4.857618464823784676e-04
2.290000000000078018e+01 6.482180713647054358e-03 -4.745758409623523563e-04
2.300000000000078160e+01 6.396652135455425589e-03 -4.637683747412324389e-04
2.310000000000078302e+01 6.313045624809651701e-03 -4.533223876306449567e-04
2.320000000000078444e+01 6.231297952930620054e-03 -4.432217780247226543e-04
2.330000000000078586e+01 6.151348652989051778e-03 -4.334513386779690865e-04
2.340000000000078728e+01 6.073139870070221567e-03 -4.239966974585566723e-04
2.350000000000078870e+01 5.996616220832918544e-03 -4.148442626402906340e-04
2.360000000000079012e+01 5.921724662133570800e-03 -4.059811723391704152e-04
2.370000000000079154e+01 5.848414367974640905e-03 -3.973952477416652757e-04
2.380000000000079297e+01 5.776636614142936083e-03 -3.890749497999128684e-04
2.390000000000079439e+01 5.706344670002060256e-03 -3.810093391052289473e-04
2.400000000000079581e+01 5.637493696920655231e-03 -3.731880386751425618e-04
2.410000000000079723e+01 5.570040652860357849e-03 -3.656011994137649181e-04
2.420000000000079865e+01 5.503944202709881196e-03 -3.582394680300272742e-04
2.430000000000080007e+01 5.439164633941999394e-03 -3.510939572130739625e-04
2.440000000000080149e+01 5.375663777245424414e-03 -3.441562178868386472e-04
2.450000000000080291e+01 5.313404931786735313e-03 -3.374182133789493032e-04
2.460000000000080433e+01 5.252352794784549868e-03 -3.308722953537036925e-04
2.470000000000080576e+01 5.192473395124361582e-03 -3.245111813743095435e-04
2.480000000000080718e+01 5.133734030724681520e-03 -3.183279339670988398e-04
2.490000000000080860e+01 5.076103209424790222e-03 -3.123159410753894032e-04
2.500000000000081002e+01 5.019550593159846988e-03 -3.064688977978565734e-04
2.510000000000081144e+01 4.964046945206721656e-03 -3.007807893151685677e-04
2.520000000000081286e+01 4.909564080319714363e-03 -2.952458749186956215e-04
2.530000000000081428e+01 4.856074817553557993e-03 -2.898586730586165871e-04
2.540000000000081570e+01 4.803552935620130845e-03 -2.846139473390496750e-04
2.550000000000081712e+01 4.751973130616635177e-03 -2.795066933916618541e-04
2.560000000000081855e+01 4.701310975974624246e-03 -2.745321265647705116e-04
2.570000000000081997e+01 4.651542884508202622e-03 -2.696856703717492453e-04
2.580000000000082139e+01 4.602646072416152236e-03 -2.649629456438427335e-04
2.590000000000082281e+01 4.554598525134412497e-03 -2.603597603398892946e-04
2.600000000000082423e+01 4.507378964924315182e-03 -2.558720999673563660e-04
2.610000000000082565e+01 4.460966820090121916e-03 -2.514961185726445744e-04
2.620000000000082707e+01 4.415342195743124885e-03 -2.472281302633954464e-04
2.630000000000082849e+01 4.370485846006060687e-03 -2.430646012255932662e-04
2.640000000000082991e+01 4.326379147587375469e-03 -2.390021422037677361e-04
2.650000000000083134e+01 4.283004074643128462e-03 -2.350375014134040218e-04
2.660000000000083276e+01 4.240343174849826174e-03 -2.311675578569772239e-04
2.670000000000083418e+01 4.198379546631839966e-03 -2.273893150185169018e-04
2.680000000000083560e+01 4.157096817463835220e-03 -2.236998949109828840e-04
2.690000000000083702e+01 4.116479123200255698e-03 -2.200965324550028059e-04
2.700000000000083844e+01 4.076511088371828628e-03 -2.165765701676700572e-04
2.710000000000083986e+01 4.037177807392950540e-03 -2.131374531416454251e-04
2.720000000000084128e+01 3.998464826641565280e-03 -2.097767242974313360e-04
2.730000000000084270e+01 3.960358127350676639e-03 -2.064920198907133043e-04
2.740000000000084412e+01 3.922844109278957395e-03 -2.032810652600653713e-04
2.750000000000084555e+01 3.885909575115896204e-03 -2.001416708000985532e-04
2.760000000000084697e+01 3.849541715579784390e-03 -1.970717281461740501e-04
2.770000000000084839e+01 3.813728095182469281e-03 -1.940692065588555792e-04
2.780000000000084981e+01 3.778456638613449797e-03 -1.911321494951229313e-04
2.790000000000085123e+01 3.743715617721411239e-03 -1.882586713561612687e-04
2.800000000000085265e+01 3.709493639059607654e-03 -1.854469544011136406e-04
2.810000000000085407e+01 3.675779631963665105e-03 -1.826952458169077073e-04
2.820000000000085549e+01 3.642562837144335854e-03 -1.800018549359055984e-04
2.830000000000085691e+01 3.609832795757494071e-03 -1.773651505919213861e-04
2.840000000000085834e+01 3.577579338936890709e-03 -1.747835586074825056e-04
2.850000000000085976e+01 3.545792577764038736e-03 -1.722555594046812247e-04
2.860000000000086118e+01 3.514462893651108290e-03 -1.697796857324700766e-04
2.870000000000086260e+01 3.483580929125453668e-03 -1.673545205045980110e-04
2.880000000000086402e+01 3.453137578985223267e-03 -1.649786947411837766e-04
2.890000000000086544e+01 3.423123981816831966e-03 -1.626508856089075748e-04
2.900000000000086686e+01 3.393531511854366162e-03 -1.603698145542277204e-04
2.910000000000086828e+01 3.364351771162257983e-03 -1.581342455243887847e-04
2.920000000000086970e+01 3.335576582134076439e-03 -1.559429832721145328e-04
2.930000000000087113e+01 3.307197980282301948e-03 -1.537948717387149712e-04
2.940000000000087255e+01 3.279208207313530528e-03 -1.516887925120527568e-04
2.950000000000087397e+01 3.251599704473484738e-03 -1.496236633552293490e-04
2.960000000000087539e+01 3.224365106147072772e-03 -1.475984368021090011e-04
2.970000000000087681e+01 3.197497233709467243e-03 -1.456120988167638412e-04
2.980000000000087823e+01 3.170989089607102913e-03 -1.436636675128089534e-04
2.990000000000087965e+01 3.144833851665706798e-03 -1.417521919301057136e-04
3.000000000000088107e+01 3.119024867612878432e-03 -1.398767508657276272e-04
3.010000000000088249e+01 3.093555649803499639e-03 -1.380364517562791859e-04
3.020000000000088392e+01 3.068419870146041773e-03 -1.362304296094885426e-04
3.030000000000088534e+01 3.043611355211883231e-03 -1.344578459819472727e-04
3.040000000000088676e+01 3.019124081526615953e-03 -1.327178880012050356e-04
3.050000000000088818e+01 2.994952171033230491e-03 -1.310097674298646843e-04
3.060000000000088960e+01 2.971089886717745779e-03 -1.293327197694693555e-04
3.070000000000089102e+01 2.947531628396884637e-03 -1.276860034027014709e-04
3.080000000000089244e+01 2.924271928652388917e-03 -1.260688987714333217e-04
3.090000000000089386e+01 2.901305448912270060e-03 -1.244807075893578216e-04
3.100000000000089528e+01 2.878626975670736925e-03 -1.229207520873949343e-04
3.110000000000089670e+01 2.856231416839100003e-03 -1.213883742901786955e-04
3.120000000000089813e+01 2.834113798228312959e-03 -1.198829353225759430e-04
3.130000000000089955e+01 2.812269260149752488e-03 -1.184038147442720870e-04
3.140000000000090097e+01 2.790693054135458609e-03 -1.169504099115297379e-04
3.150000000000090239e+01 2.769380539771004908e-03 -1.155221353647202564e-04
3.160000000000090381e+01 2.748327181634600651e-03 -1.141184222403147415e-04
3.170000000000090523e+01 2.727528546343914884e-03 -1.127387177065958723e-04
3.180000000000090665e+01 2.706980299698750515e-03 -1.113824844215023809e-04
3.190000000000090807e+01 2.686678203921503017e-03 -1.100492000119835409e-04
