-3.200000000000000000e+01 1.725326406789354922e-03 6.953534224385344653e-05
-3.189999999999999858e+01 1.738153967827417261e-03 7.036233869339527150e-05
-3.179999999999999716e+01 1.751134205420311514e-03 7.120330233254548941e-05
-3.169999999999999574e+01 1.764269698798446358e-03 7.205854545091411117e-05
-3.159999999999999432e+01 1.777563084840448268e-03 7.292838914543136371e-05
-3.149999999999999289e+01 1.791017059695772413e-03 7.381316362241142968e-05
-3.139999999999999147e+01 1.804634380465307969e-03 7.471320851203299893e-05
-3.129999999999999005e+01 1.818417866938666812e-03 7.562887319558017488e-05
-3.119999999999998863e+01 1.832370403391669726e-03 7.656051714612499418e-05
-3.109999999999998721e+01 1.846494940447800104e-03 7.750851028337838160e-05
-3.099999999999998579e+01 1.860794497002382208e-03 7.847323334312751380e-05
-3.089999999999998437e+01 1.875272162217282886e-03 7.945507826230942478e-05
-3.079999999999998295e+01 1.889931097585161382e-03 8.045444858021576435e-05
-3.069999999999998153e+01 1.904774539067490002e-03 8.147175985670214275e-05
-3.059999999999998010e+01 1.919805799310836392e-03 8.250744010833057230e-05
-3.049999999999997868e+01 1.935028269940633310e-03 8.356193026304807982e-05
-3.039999999999997726e+01 1.950445423941246561e-03 8.463568463470083853e-05
-3.029999999999997584e+01 1.966060818121901331e-03 8.572917141809027189e-05
-3.019999999999997442e+01 1.981878095673606909e-03 8.684287320569981103e-05
-3.009999999999997300e+01 1.997900988822459614e-03 8.797728752729384568e-05
-2.999999999999997158e+01 2.014133321579217231e-03 8.913292741324569995e-05
-2.989999999999997016e+01 2.030579012595253204e-03 9.031032198322818706e-05
-2.979999999999996874e+01 2.047242078125196749e-03 9.151001706126477789e-05
-2.969999999999996732e+01 2.064126635102525153e-03 9.273257581861549205e-05
-2.959999999999996589e+01 2.081236904334741403e-03 9.397857944607109512e-05
-2.949999999999996447e+01 2.098577213818907800e-03 9.524862785686591079e-05
-2.939999999999996305e+01 2.116152002189287430e-03 9.654334042229079376e-05
-2.929999999999996163e+01 2.133965822298474358e-03 9.786335674141247393e-05
-2.919999999999996021e+01 2.152023344939731596e-03 9.920933744684775919e-05
-2.909999999999995879e+01 2.170329362718824515e-03 1.005819650486741701e-04
-2.899999999999995737e+01 2.188888794077358500e-03 1.019819448181851537e-04
-2.889999999999995595e+01 2.207706687481500365e-03 1.034100057141828849e-04
-2.879999999999995453e+01 2.226788225778892055e-03 1.048669013537862276e-04
-2.869999999999995310e+01 2.246138730733523558e-03 1.063534110303620390e-04
-2.859999999999995168e+01 2.265763667748956021e-03 1.078703407813672591e-04
-2.849999999999995026e+01 2.285668650783673726e-03 1.094185245085120778e-04
-2.839999999999994884e+01 2.305859447475211779e-03 1.109988251537839343e-04
-2.829999999999994742e+01 2.326341984477918890e-03 1.126121359341205393e-04
-2.819999999999994600e+01 2.347122353026793225e-03 1.142593816382655910e-04
-2.809999999999994458e+01 2.368206814740654587e-03 1.159415199895859696e-04
-2.799999999999994316e+01 2.389601807670938688e-03 1.176595430782665812e-04
-2.789999999999994174e+01 2.411313952616397221e-03 1.194144788676049175e-04
-2.779999999999994031e+01 2.433350059711433637e-03 1.212073927783610986e-04
-2.769999999999993889e+01 2.455717135304191952e-03 1.230393893560073680e-04
-2.759999999999993747e+01 2.478422389141518578e-03 1.249116140260714540e-04
-2.749999999999993605e+01 2.501473241870688126e-03 1.268252549424393988e-04
-2.739999999999993463e+01 2.524877332882982921e-03 1.287815449350255019e-04
-2.729999999999993321e+01 2.548642528511009097e-03 1.307817635624528832e-04
-2.719999999999993179e+01 2.572776930600841755e-03 1.328272392764814078e-04
-2.709999999999993037e+01 2.597288885481543672e-03 1.349193517054176109e-04
-2.699999999999992895e+01 2.622186993346963153e-03 1.370595340634950645e-04
-2.689999999999992752e+01 2.647480118081546943e-03 1.392492756950614334e-04
-2.679999999999992610e+01 2.673177397547911362e-03 1.414901247616997800e-04
-2.669999999999992468e+01 2.699288254364292858e-03 1.437836910817844385e-04
-2.659999999999992326e+01 2.725822407201853974e-03 1.461316491326971668e-04
-2.649999999999992184e+01 2.752789882624129009e-03 1.485357412258351997e-04
-2.639999999999992042e+01 2.780201027509419161e-03 1.509977808668138549e-04
-2.629999999999991900e+01 2.808066522082426891e-03 1.535196563126893271e-04
-2.619999999999991758e+01 2.836397393593080487e-03 1.561033343398038277e-04
-2.609999999999991616e+01 2.865205030683199480e-03 1.587508642369341971e-04
-2.599999999999991473e+01 2.894501198473860455e-03 1.614643820385994297e-04
-2.589999999999991331e+01 2.924298054427156447e-03 1.642461150162543323e-04
-2.579999999999991189e+01 2.954608165021014275e-03 1.670983864447866713e-04
-2.569999999999991047e+01 2.985444523289202626e-03 1.700236206641147704e-04
-2.559999999999990905e+01 3.016820567282496937e-03 1.730243484573106699e-04
-2.549999999999990763e+01 3.048750199499412894e-03 1.761032127673245018e-04
-2.539999999999990621e+01 3.081247807358693420e-03 1.792629747781314148e-04
-2.529999999999990479e+01 3.114328284770437241e-03 1.825065203863192179e-04
-2.519999999999990337e+01 3.148007054878723069e-03 1.858368670924343533e-04
-2.509999999999990195e+01 3.182300094054085586e-03 1.892571713439185669e-04
-2.499999999999990052e+01 3.217223957207442173e-03 1.927707363629371372e-04
-2.489999999999989910e+01 3.252795804524608123e-03 1.963810204974724013e-04
-2.479999999999989768e+01 3.289033429705627651e-03 2.000916461351763477e-04
-2.469999999999989626e+01 3.325955289812492811e-03 2.039064092242228766e-04
-2.459999999999989484e+01 3.363580536836972140e-03 2.078292894493750096e-04
-2.449999999999989342e+01 3.401929051095164708e-03 2.118644611143661216e-04
-2.439999999999989200e+01 3.441021476588099551e-03 2.160163047888529018e-04
-2.429999999999989058e+01 3.480879258454168314e-03 2.202894197809779136e-04
-2.419999999999988916e+01 3.521524682663418684e-03 2.246886375036868716e-04
-2.409999999999988773e+01 3.562980918116061355e-03 2.292190358093646038e-04
-2.399999999999988631e+01 3.605272061305632089e-03 2.338859543727300695e-04
-2.389999999999988489e+01 3.648423183747258325e-03 2.386950112124806823e-04
-2.379999999999988347e+01 3.692460382361179884e-03 2.436521204479476677e-04
-2.369999999999988205e+01 3.737410833033132096e-03 2.487635113981017526e-04
-2.359999999999988063e+01 3.783302847592505402e-03 2.540357491408864804e-04
-2.349999999999987921e+01 3.830165934452907373e-03 2.594757566606750395e-04
-2.339999999999987779e+01 3.878030863210802943e-03 2.650908387279203929e-04
-2.329999999999987637e+01 3.926929733493790889e-03 2.708887076663031059e-04
-2.319999999999987494e+01 3.976896048393288238e-03 2.768775111806591883e-04
-2.309999999999987352e+01 4.027964792846666989e-03 2.830658624370972027e-04
-2.299999999999987210e+01 4.080172517348336879e-03 2.894628726046299255e-04
-2.289999999999987068e+01 4.133557427437047939e-03 2.960781860939595443e-04
-2.279999999999986926e+01 4.188159479414798984e-03 3.029220187504541085e-04
-2.269999999999986784e+01 4.244020482814562026e-03 3.100051992887394524e-04
-2.259999999999986642e+01 4.301184210183629612e-03 3.173392142882149720e-04
-2.249999999999986500e+01 4.359696514782605142e-03 3.249362571018412889e-04
-2.239999999999986358e+01 4.419605456895390506e-03 3.328092810752092141e-04
-2.229999999999986215e+01 4.480961439476284676e-03 3.409720575136686738e-04
-2.219999999999986073e+01 4.543817353953974111e-03 3.494392388889117442e-04
-2.209999999999985931e+01 4.608228737095089629e-03 3.582264278343795863e-04
-2.199999999999985789e+01 4.674253939898041950e-03 3.673502525411466435e-04
-2.189999999999985647e+01 4.741954309629680883e-03 3.768284492455233276e-04
-2.179999999999985505e+01 4.811394386190766086e-03 3.866799525785082764e-04
-2.169999999999985363e+01 4.882642114145843357e-03 3.969249946461114015e-04
-2.159999999999985221e+01 4.955769071896201292e-03 4.075852138190768324e-04
-2.149999999999985079e+01 5.030850719607634670e-03 4.186837743314576667e-04
-2.139999999999984936e+01 5.107966667728717179e-03 4.302454979366405400e-04
-2.129999999999984794e+01 5.187200968090627945e-03 4.422970090262901021e-04
-2.119999999999984652e+01 5.268642429831132089e-03 4.548668948088224750e-04
-2.109999999999984510e+01 5.352384962641050167e-03 4.679858823599353061e-04
-2.099999999999984368e+01 5.438527950088728469e-03 4.816870346014302936e-04
-2.089999999999984226e+01 5.527176656154437172e-03 4.960059675592719524e-04
-2.079999999999984084e+01 5.618442668421921513e-03 5.109810915754660473e-04
-2.069999999999983942e+01 5.712444381819671048e-03 5.266538795371825338e-04
-2.059999999999983800e+01 5.809307527278562491e-03 5.430691656334920301e-04
-2.049999999999983658e+01 5.909165750174692408e-03 5.602754786640651427e-04
-2.039999999999983515e+01 6.012161244097426541e-03 5.783254145407148820e-04
-2.029999999999983373e+01 6.118445446119911979e-03 5.972760533221034519e-04
-2.019999999999983231e+01 6.228179800578965454e-03 6.171894269591658060e-04
-2.009999999999983089e+01 6.341536599283993138e-03 6.381330449069131869e-04
-1.999999999999982947e+01 6.458699907077284849e-03 6.601804859026985141e-04
-1.989999999999982805e+01 6.579866582935046775e-03 6.834120655845537335e-04
-1.979999999999982663e+01 6.705247408104626598e-03 7.079155912227113462e-04
-1.969999999999982521e+01 6.835068334396319362e-03 7.337872167596719113e-04
-1.959999999999982379e+01 6.969571867576965923e-03 7.611324136369145184e-04
-1.949999999999982236e+01 7.109018602872832319e-03 7.900670756035699368e-04
-1.939999999999982094e+01 7.253688932110011894e-03 8.207187789876101060e-04
-1.929999999999981952e+01 7.403884944761297306e-03 8.532282238244339595e-04
-1.919999999999981810e+01 7.559932548490765070e-03 8.877508859898777934e-04
-1.909999999999981668e+01 7.722183838570815737e-03 9.244589162222200188e-04
-1.899999999999981526e+01 7.891019749976507097e-03 9.635433288969460011e-04
-1.889999999999981384e+01 8.066853031055563200e-03 1.005216531910130273e-03
-1.879999999999981242e+01 8.250131583730686141e-03 1.049715259456102546e-03
-1.869999999999981100e+01 8.441342222067688139e-03 1.097303982252470760e-03
-1.859999999999980957e+01 8.641014909193858035e-03 1.148278885554290460e-03
-1.849999999999980815e+01 8.849727541985706256e-03 1.202972524845606281e-03
-1.839999999999980673e+01 9.068111363822019613e-03 1.261759293393268115e-03
-1.829999999999980531e+01 9.296857098519035328e-03 1.325061866268449759e-03
-1.819999999999980389e+01 9.536721913097803704e-03 1.393358823561508192e-03
-1.809999999999980247e+01 9.788537333944784952e-03 1.467193703664296852e-03
-1.799999999999980105e+01 1.005321826012733899e-02 1.547185798517115027e-03
-1.789999999999979963e+01 1.033177323915452847e-02 1.634043080446935092e-03
-1.779999999999979821e+01 1.062531619457755122e-02 1.728577749881207498e-03
-1.769999999999979678e+01 1.093507982048486961e-02 1.831725021477635619e-03
-1.759999999999979536e+01 1.126243088471176081e-02 1.944565932425369433e-03
-1.749999999999979394e+01 1.160888770812961053e-02 2.068355173187124384e-03
-1.739999999999979252e+01 1.197614010803546743e-02 2.204555224641624282e-03
-1.729999999999979110e+01 1.236607210360965263e-02 2.354878459731585185e-03
-1.719999999999978968e+01 1.278078766924903992e-02 2.521339363848351667e-03
-1.709999999999978826e+01 1.322263977024587533e-02 2.706319690460250605e-03
-1.699999999999978684e+01 1.369426279480444666e-02 2.912650257737865907e-03
-1.689999999999978542e+01 1.419860825785095038e-02 3.143714293013479509e-03
-1.679999999999978400e+01 1.473898321541605716e-02 3.403578863679330296e-03
-1.669999999999978257e+01 1.531909005888418274e-02 3.697163160775808304e-03
-1.659999999999978115e+01 1.594306503489283100e-02 4.030455456118416969e-03
-1.649999999999977973e+01 1.661551058720760199e-02 4.410794753834178239e-03
-1.639999999999977831e+01 1.734151281691617003e-02 4.847238935624227640e-03
-1.629999999999977689e+01 1.812662895063409454e-02 5.351049126456302110e-03
-1.619999999999977547e+01 1.897681889039077446e-02 5.936330786705577497e-03
-1.609999999999977405e+01 1.989827660700586170e-02 6.620886419884369767e-03
-1.599999999999977263e+01 2.089708601468577565e-02 7.427353258324601547e-03
-1.589999999999977121e+01 2.197857287093982551e-02 8.384721195385608228e-03
-1.579999999999976978e+01 2.314613349865753469e-02 9.530347523180682581e-03
-1.569999999999976836e+01 2.439916632518662060e-02 1.091259279211218361e-02
-1.559999999999976694e+01 2.572947074563133180e-02 1.259416168241002908e-02
-1.549999999999976552e+01 2.711504707490090121e-02 1.465605851452366111e-02
-1.539999999999976410e+01 2.850956114148921541e-02 1.720155888942118128e-02
-1.529999999999976268e+01 2.982482703447254455e-02 2.035831743622395704e-02
-1.519999999999976126e+01 3.090287040216462000e-02 2.427380092271094053e-02
-1.509999999999975984e+01 3.147504337832181254e-02 2.909324762842988368e-02
-1.499999999999975842e+01 3.111308706700441351e-02 3.489935934605242068e-02
-1.489999999999975699e+01 2.920160832443095128e-02 4.158387153349246690e-02
-1.479999999999975557e+01 2.501401500548881829e-02 4.863933454974244536e-02
-1.469999999999975415e+01 1.802239075460394108e-02 5.496579266822169269e-02
-1.459999999999975273e+01 8.455205836206521053e-03 5.899172548111047271e-02
-1.449999999999975131e+01 -2.322434161268057892e-03 5.939684288511030974e-02
-1.439999999999974989e+01 -1.227709745923958283e-02 5.603596220389356342e-02
-1.429999999999974847e+01 -1.983760983479347997e-02 5.005464579690659804e-02
-1.419999999999974705e+01 -2.455732509162335958e-02 4.305088170674168518e-02
-1.409999999999974563e+01 -2.686043715083327038e-02 3.624699772302647505e-02
-1.399999999999974420e+01 -2.746801362965789819e-02 3.025899372153650901e-02
-1.389999999999974278e+01 -2.702957905006754882e-02 2.525697538249195920e-02
-1.379999999999974136e+01 -2.601066403902956709e-02 2.118376266089175980e-02
-1.369999999999973994e+01 -2.470819972859591637e-02 1.790017046897656935e-02
-1.359999999999973852e+01 -2.329876892191099641e-02 1.525657229207351938e-02
-1.349999999999973710e+01 -2.188196615574702214e-02 1.312061351661401171e-02
-1.339999999999973568e+01 -2.051084287427995881e-02 1.138417158535911383e-02
-1.329999999999973426e+01 -1.921123920266714497e-02 9.962070137754937618e-03
-1.319999999999973284e+01 -1.799348408883080438e-02 8.788269266005925215e-03
-1.309999999999973141e+01 -1.685930434427289348e-02 7.811832475896448441e-03
-1.299999999999972999e+01 -1.580584677163938967e-02 6.993444834852483721e-03
-1.289999999999972857e+01 -1.482799374213976742e-02 6.302638758704935847e-03
-1.279999999999972715e+01 -1.391967872117819138e-02 5.715663732043631609e-03
-1.269999999999972573e+01 -1.307461823092748859e-02 5.213878174933387136e-03
-1.259999999999972431e+01 -1.228670445022353279e-02 4.782543559022515989e-03
-1.249999999999972289e+01 -1.155020153403380455e-02 4.409920920211432560e-03
-1.239999999999972147e+01 -1.085982957508785374e-02 4.086592200203559462e-03
-1.229999999999972005e+01 -1.021078546958506875e-02 3.804948132635533470e-03
-1.219999999999971863e+01 -9.598729572859888287e-03 3.558799578618645262e-03
-1.209999999999971720e+01 -9.019755004337248402e-03 3.343080665259576603e-03
-1.199999999999971578e+01 -8.470349340162979662e-03 3.153620524044403566e-03
-1.189999999999971436e+01 -7.947354208841959575e-03 2.986966588405046662e-03
-1.179999999999971294e+01 -7.447925802746481472e-03 2.840246889908167385e-03
-1.169999999999971152e+01 -6.969497843660146796e-03 2.711062050125658592e-03
-1.159999999999971010e+01 -6.509747680023580604e-03 2.597400039521342505e-03
-1.149999999999970868e+01 -6.066565701667673075e-03 2.497568512387280532e-03
-1.139999999999970726e+01 -5.638027986397570711e-03 2.410140805073024590e-03
-1.129999999999970584e+01 -5.222371951862729220e-03 2.333912630226385020e-03
-1.119999999999970441e+01 -4.817974722687332761e-03 2.267867203619368562e-03
-1.109999999999970299e+01 -4.423333903065770380e-03 2.211147067305502863e-03
-1.099999999999970157e+01 -4.037050449829647850e-03 2.163031270463809056e-03
-1.089999999999970015e+01 -3.657813358458519154e-03 2.122916871255345079e-03
-1.079999999999969873e+01 -3.284385897074093737e-03 2.090303953991580997e-03
-1.069999999999969731e+01 -2.915593147923715989e-03 2.064783534094851835e-03
-1.059999999999969589e+01 -2.550310639010868602e-03 2.046027861907623573e-03
-1.049999999999969447e+01 -2.187453869671915005e-03 2.033782745351520992e-03
-1.039999999999969305e+01 -1.825968552398806247e-03 2.027861598124538773e-03
-1.029999999999969162e+01 -1.464821408328246914e-03 2.028140990142338236e-03
-1.019999999999969020e+01 -1.102991366336700772e-03 2.034557534617946039e-03
-1.009999999999968878e+01 -7.394610248080612722e-04 2.047105994850032668e-03
-9.999999999999687361e+00 -3.732082414480497948e-04 2.065838536178033792e-03
-9.899999999999685940e+00 -3.197720069117969410e-06 2.090865086871354639e-03
-9.799999999999684519e+00 3.716275364004772291e-04 2.122354807907780080e-03
-9.699999999999683098e+00 7.523550395027080867e-04 2.160538707405881744e-03
-9.599999999999681677e+00 1.140112033613530779e-03 2.205713472666537625e-03
-9.499999999999680256e+00 1.536075265544309225e-03 2.258246633146932230e-03
-9.399999999999678835e+00 1.941481463183245340e-03 2.318583213216568895e-03
-9.299999999999677414e+00 2.357638696135405838e-03 2.387254086636021819e-03
-9.199999999999675993e+00 2.785938809654638429e-03 2.464886308089932372e-03
-9.099999999999674571e+00 3.227871145805780856e-03 2.552215774446501759e-03
-8.999999999999673150e+00 3.685037792448625331e-03 2.650102664188855491e-03
-8.899999999999671729e+00 4.159170631353660552e-03 2.759550223524693483e-03
-8.799999999999670308e+00 4.652150492009783471e-03 2.881727619891059217e-03
-8.699999999999668887e+00 5.166028755850972549e-03 3.017997777989084741e-03
-8.599999999999667466e+00 5.703051796296632579e-03 3.169951364024827922e-03
-8.499999999999666045e+00 6.265688679798797275e-03 3.339448408876326962e-03
-8.399999999999664624e+00 6.856662586869108345e-03 3.528669485474619175e-03
-8.299999999999663203e+00 7.478986431712634358e-03 3.740178914207665552e-03
-8.199999999999661782e+00 8.136003148328322873e-03 3.977003209234619870e-03
-8.099999999999660361e+00 8.831431045722551443e-03 4.242728963362137756e-03
-7.999999999999658939e+00 9.569414472619337808e-03 4.541625689231609808e-03
-7.899999999999657518e+00 1.035457970332921002e-02 4.878800914951868586e-03
-7.799999999999656097e+00 1.119209534775539132e-02 5.260397247895173996e-03
-7.699999999999654676e+00 1.208773550880591109e-02 5.693844414332405179e-03
-7.599999999999653255e+00 1.304794204662377936e-02 6.188183795358571417e-03
-7.499999999999651834e+00 1.407987913490174950e-02 6.754489181478389413e-03
-7.399999999999650413e+00 1.519146792795160461e-02 7.406416001677781913e-03
-7.299999999999648992e+00 1.639138010876654838e-02 8.160923001804182286e-03
-7.199999999999647571e+00 1.768895381910920439e-02 9.039226323345235167e-03
-7.099999999999646150e+00 1.909396964139099123e-02 1.006806736564596315e-02
-6.999999999999644729e+00 2.061618043571282477e-02 1.128140363885006547e-02
-6.899999999999643308e+00 2.226441405857323280e-02 1.272266558632513360e-02
-6.799999999999641886e+00 2.404494020616800010e-02 1.444775733382704097e-02
-6.699999999999640465e+00 2.595857444153091068e-02 1.652899931016775861e-02
-6.599999999999639044e+00 2.799562276617057616e-02 1.906017108671899732e-02
-6.499999999999637623e+00 3.012715656828050814e-02 2.216260175776277666e-02
-6.399999999999636202e+00 3.229013706078689289e-02 2.599160841047562856e-02
-6.299999999999634781e+00 3.436253396079786554e-02 3.074091114198989477e-02
-6.199999999999633360e+00 3.612317655251852389e-02 3.663874858203953339e-02
-6.099999999999631939e+00 3.719152053399912838e-02 4.392120695545835563e-02
-5.999999999999630518e+00 3.695093482481560249e-02 5.275373797986919466e-02
-5.899999999999629097e+00 3.449018842598779166e-02 6.305532809577080178e-02
-5.799999999999627676e+00 2.867141307095447469e-02 7.419262968202119946e-02
-5.699999999999626255e+00 1.852390450859817822e-02 8.464007110944865575e-02
-5.599999999999624833e+00 4.068274275703071680e-03 9.200930661055330140e-02
-5.499999999999623412e+00 -1.292189994866366209e-02 9.398520599139821574e-02
-5.399999999999621991e+00 -2.931790882634313644e-02 8.985008338940923822e-02
-5.299999999999620570e+00 -4.233035741669304020e-02 8.104986909177593069e-02
-5.199999999999619149e+00 -5.085514477977250147e-02 7.009582219981867757e-02
-5.099999999999617728e+00 -5.534104421495943116e-02 5.911791068698748347e-02
-4.999999999999616307e+00 -5.689344627012890565e-02 4.929124980396180217e-02
-4.899999999999614886e+00 -5.659200793711687688e-02 4.100773166668440772e-02
-4.799999999999613465e+00 -5.523948377255449849e-02 3.423105020221570149e-02
-4.699999999999612044e+00 -5.335834807633123289e-02 2.875617924313884910e-02
-4.599999999999610623e+00 -5.126344205209473759e-02 2.434433188844512333e-02
-4.499999999999609201e+00 -4.913439205615351829e-02 2.077825602455547413e-02
-4.399999999999607780e+00 -4.706828656750483564e-02 1.787824552761924785e-02
-4.299999999999606359e+00 -4.511366037621807046e-02 1.550191226576590371e-02
-4.199999999999604938e+00 -4.329122512873585099e-02 1.353858934932790706e-02
-4.099999999999603517e+00 -4.160616226580038379e-02 1.190286423264794342e-02
-3.999999999999602096e+00 -4.005529854114479871e-02 1.052883323914413465e-02
-3.899999999999600675e+00 -3.863124733693800578e-02 9.365466107098194271e-03
-3.799999999999599254e+00 -3.732476949786062842e-02 8.373025442695662332e-03
-3.699999999999597833e+00 -3.612609442991459446e-02 7.520356662497279000e-03
-3.599999999999596412e+00 -3.502563606889208536e-02 6.782854064755304904e-03
-3.499999999999594991e+00 -3.401435834380199530e-02 6.140937185293824513e-03
-3.399999999999593570e+00 -3.308393944259134523e-02 5.578907178316482376e-03
-3.299999999999592148e+00 -3.222682251765744688e-02 5.084084819024836666e-03
-3.199999999999590727e+00 -3.143620424502015925e-02 4.646157189435153913e-03
-3.099999999999589306e+00 -3.070599128915602050e-02 4.256679442406768529e-03
-2.999999999999587885e+00 -3.003074208521040039e-02 3.908692350636499072e-03
-2.899999999999586464e+00 -2.940560385607247224e-02 3.596426813213707534e-03
-2.799999999999585043e+00 -2.882625034041563783e-02 3.315074109380656761e-03
-2.699999999999583622e+00 -2.828882308875828658e-02 3.060606233138003264e-03
-2.599999999999582201e+00 -2.778987765606682342e-02 2.829634689571218411e-03
-2.499999999999580780e+00 -2.732633514760381133e-02 2.619299105970549889e-03
-2.399999999999579359e+00 -2.689543910000634364e-02 2.427179212531848252e-03
-2.299999999999577938e+00 -2.649471744751290270e-02 2.251225398779133774e-03
-2.199999999999576517e+00 -2.612194924630017318e-02 2.089704314067123390e-03
-2.099999999999575095e+00 -2.577513586055121819e-02 1.941156972292885832e-03
-1.999999999999573674e+00 -2.545247643724656006e-02 1.804367633600474034e-03
-1.899999999999572253e+00 -2.515234772441950900e-02 1.678342441498894069e-03
-1.799999999999570832e+00 -2.487328866284983786e-02 1.562297451351856749e-03
-1.699999999999569411e+00 -2.461399079378147337e-02 1.455656343052655344e-03
-1.599999999999567990e+00 -2.437329653700241738e-02 1.358058793729493251e-03
-1.499999999999566569e+00 -2.415020909143239178e-02 1.269381175548991124e-03
-1.399999999999565148e+00 -2.394392059071812767e-02 1.189771798373797686e-03
-1.299999999999563727e+00 -2.375387005372032664e-02 1.119702896845134812e-03
-1.199999999999562306e+00 -2.357985098960740239e-02 1.060039804162350024e-03
-1.099999999999560885e+00 -2.342220233956393907e-02 1.012121404825615245e-03
-9.999999999995594635e-01 -2.328213829847927685e-02 9.778283167825429362e-04
-8.999999999995580424e-01 -2.316230329226620643e-02 9.595713054723793711e-04
-7.999999999995566213e-01 -2.306766842735105683e-02 9.600307848438432989e-04
-6.999999999995552002e-01 -2.300686697698446637e-02 9.812619036711420217e-04
-5.999999999995537792e-01 -2.299383609847237622e-02 1.022380086821466499e-03
-4.999999999995523581e-01 -2.304875984145312098e-02 1.074525719295719994e-03
-3.999999999995509370e-01 -2.319502568303911244e-02 1.111973584000249676e-03
-2.999999999995495159e-01 -2.344522400646001370e-02 1.081993269189431006e-03
-1.999999999995480948e-01 -2.377010071945124745e-02 9.080069341707019959e-04
-9.999999999954667373e-02 -2.406747449260265154e-02 5.332592502975339044e-04
4.547473508864641190e-13 -2.419130282736340135e-02 0.000000000000000000e+00
1.000000000004561684e-01 -2.406747449260265154e-02 -5.332592502975339044e-04
2.000000000004575895e-01 -2.377010071944516550e-02 -9.080069341756216716e-04
3.000000000004590106e-01 -2.344522400645460136e-02 -1.081993269191033891e-03
4.000000000004604317e-01 -2.319502568303911244e-02 -1.111973584000249676e-03
5.000000000004618528e-01 -2.304875984145312098e-02 -1.074525719295719994e-03
6.000000000004632739e-01 -2.299383609847237622e-02 -1.022380086821466499e-03
7.000000000004646949e-01 -2.300686697698518107e-02 -9.812619036705695630e-04
8.000000000004661160e-01 -2.306766842735250012e-02 -9.600307848436490099e-04
9.000000000004675371e-01 -2.316230329226620643e-02 -9.595713054723793711e-04
1.000000000000468958e+00 -2.328213829847927685e-02 -9.778283167825429362e-04
1.100000000000470379e+00 -2.342220233956393907e-02 -1.012121404825615245e-03
1.200000000000471800e+00 -2.357985098961041040e-02 -1.060039804163335347e-03
1.300000000000473221e+00 -2.375387005372364344e-02 -1.119702896846319629e-03
1.400000000000474643e+00 -2.394392059071812767e-02 -1.189771798373797686e-03
1.500000000000476064e+00 -2.415020909143239178e-02 -1.269381175548991124e-03
1.600000000000477485e+00 -2.437329653700241738e-02 -1.358058793729493251e-03
1.700000000000478906e+00 -2.461399079378602181e-02 -1.455656343054512365e-03
1.800000000000480327e+00 -2.487328866285472978e-02 -1.562297451353881171e-03
1.900000000000481748e+00 -2.515234772441950900e-02 -1.678342441498894069e-03
2.000000000000483169e+00 -2.545247643724656006e-02 -1.804367633600474034e-03
2.100000000000484590e+00 -2.577513586055121819e-02 -1.941156972292885832e-03
2.200000000000486011e+00 -2.612194924630670614e-02 -2.089704314069939280e-03
2.300000000000487432e+00 -2.649471744751992833e-02 -2.251225398782197296e-03
2.400000000000488853e+00 -2.689543910000634364e-02 -2.427179212531848252e-03
2.500000000000490274e+00 -2.732633514760381133e-02 -2.619299105970549889e-03
2.600000000000491696e+00 -2.778987765606682342e-02 -2.829634689571218411e-03
2.700000000000493117e+00 -2.828882308876769919e-02 -3.060606233142408161e-03
2.800000000000494538e+00 -2.882625034042578249e-02 -3.315074109385517890e-03
2.900000000000495959e+00 -2.940560385607247224e-02 -3.596426813213707534e-03
3.000000000000497380e+00 -3.003074208521040039e-02 -3.908692350636499072e-03
3.100000000000498801e+00 -3.070599128915602050e-02 -4.256679442406768529e-03
3.200000000000500222e+00 -3.143620424503397459e-02 -4.646157189442655724e-03
3.300000000000501643e+00 -3.222682251767242101e-02 -5.084084819033290840e-03
3.400000000000503064e+00 -3.308393944259134523e-02 -5.578907178316482376e-03
3.500000000000504485e+00 -3.401435834380199530e-02 -6.140937185293824513e-03
3.600000000000505906e+00 -3.502563606889208536e-02 -6.782854064755304904e-03
3.700000000000507328e+00 -3.612609442993547360e-02 -7.520356662511673736e-03
3.800000000000508749e+00 -3.732476949788338105e-02 -8.373025442712360780e-03
3.900000000000510170e+00 -3.863124733693800578e-02 -9.365466107098194271e-03
4.000000000000511591e+00 -4.005529854114479871e-02 -1.052883323914413465e-02
4.100000000000513012e+00 -4.160616226580038379e-02 -1.190286423264794342e-02
4.200000000000514433e+00 -4.329122512876774909e-02 -1.353858934936041231e-02
4.300000000000515854e+00 -4.511366037625247349e-02 -1.550191226580507897e-02
4.400000000000517275e+00 -4.706828656750483564e-02 -1.787824552761924785e-02
4.500000000000518696e+00 -4.913439205615351829e-02 -2.077825602455547413e-02
4.600000000000520117e+00 -5.126344205209473759e-02 -2.434433188844512333e-02
4.700000000000521538e+00 -5.335834807636809923e-02 -2.875617924322805552e-02
4.800000000000522959e+00 -5.523948377258514064e-02 -3.423105020232640461e-02
4.900000000000524381e+00 -5.659200793711687688e-02 -4.100773166668440772e-02
5.000000000000525802e+00 -5.689344627012890565e-02 -4.929124980396180217e-02
5.100000000000527223e+00 -5.534104421495943116e-02 -5.911791068698748347e-02
5.200000000000528644e+00 -5.085514477965706603e-02 -7.009582220002318065e-02
5.300000000000530065e+00 -4.233035741649664174e-02 -8.104986909196328082e-02
5.400000000000531486e+00 -2.931790882634313644e-02 -8.985008338940923822e-02
5.500000000000532907e+00 -1.292189994866366209e-02 -9.398520599139821574e-02
5.600000000000534328e+00 4.068274275703071680e-03 -9.200930661055330140e-02
5.700000000000535749e+00 1.852390450882441392e-02 -8.464007110927861122e-02
5.800000000000537170e+00 2.867141307109764489e-02 -7.419262968181869478e-02
5.900000000000538591e+00 3.449018842598779166e-02 -6.305532809577080178e-02
6.000000000000540012e+00 3.695093482481560249e-02 -5.275373797986919466e-02
6.100000000000541434e+00 3.719152053399912838e-02 -4.392120695545835563e-02
6.200000000000542855e+00 3.612317655249133730e-02 -3.663874858192035094e-02
6.300000000000544276e+00 3.436253396076214411e-02 -3.074091114189378762e-02
6.400000000000545697e+00 3.229013706074863183e-02 -2.599160841039813152e-02
6.500000000000547118e+00 3.012715656828050814e-02 -2.216260175776277666e-02
6.600000000000548539e+00 2.799562276617057616e-02 -1.906017108671899732e-02
6.700000000000549960e+00 2.595857444149492904e-02 -1.652899931012613913e-02
6.800000000000551381e+00 2.404494020613440197e-02 -1.444775733379267089e-02
6.900000000000552802e+00 2.226441405854205982e-02 -1.272266558629652627e-02
7.000000000000554223e+00 2.061618043571282477e-02 -1.128140363885006547e-02
7.100000000000555644e+00 1.909396964139099123e-02 -1.006806736564596315e-02
7.200000000000557066e+00 1.768895381908465458e-02 -9.039226323327983342e-03
7.300000000000558487e+00 1.639138010874385820e-02 -8.160923001789402442e-03
7.400000000000559908e+00 1.519146792793061446e-02 -7.406416001665049910e-03
7.500000000000561329e+00 1.407987913490174950e-02 -6.754489181478389413e-03
7.600000000000562750e+00 1.304794204662377936e-02 -6.188183795358571417e-03
7.700000000000564171e+00 1.208773550878905652e-02 -5.693844414323997842e-03
7.800000000000565592e+00 1.119209534773964870e-02 -5.260397247887785808e-03
7.900000000000567013e+00 1.035457970331447007e-02 -4.878800914945352965e-03
8.000000000000568434e+00 9.569414472619337808e-03 -4.541625689231609808e-03
8.100000000000569855e+00 8.831431045722551443e-03 -4.242728963362137756e-03
8.200000000000571276e+00 8.136003148316034092e-03 -3.977003209230061016e-03
8.300000000000572697e+00 7.478986431701011711e-03 -3.740178914203597625e-03
8.400000000000574119e+00 6.856662586858084177e-03 -3.528669485470982761e-03
8.500000000000575540e+00 6.265688679798797275e-03 -3.339448408876326962e-03
8.600000000000576961e+00 5.703051796296632579e-03 -3.169951364024827922e-03
8.700000000000578382e+00 5.166028755841418560e-03 -3.017997777986468778e-03
8.800000000000579803e+00 4.652150492000634539e-03 -2.881727619888713003e-03
8.900000000000581224e+00 4.159170631344874178e-03 -2.759550223522590998e-03
9.000000000000582645e+00 3.685037792448625331e-03 -2.650102664188855491e-03
9.100000000000584066e+00 3.227871145805780856e-03 -2.552215774446501759e-03
9.200000000000585487e+00 2.785938809646732427e-03 -2.464886308088434872e-03
9.300000000000586908e+00 2.357638696127726217e-03 -2.387254086634692588e-03
9.400000000000588329e+00 1.941481463175779090e-03 -2.318583213215397957e-03
9.500000000000589750e+00 1.536075265544309225e-03 -2.258246633146932230e-03
9.600000000000591172e+00 1.140112033613530779e-03 -2.205713472666537625e-03
9.700000000000592593e+00 7.523550394957180185e-04 -2.160538707405124971e-03
9.800000000000594014e+00 3.716275363936068568e-04 -2.122354807907147339e-03
9.900000000000595435e+00 -3.197720075892064584e-06 -2.090865086870841161e-03
1.000000000000059686e+01 -3.732082414480497948e-04 -2.065838536178033792e-03
1.010000000000059828e+01 -7.394610248080612722e-04 -2.047105994850032668e-03
1.020000000000059970e+01 -1.102991366343296191e-03 -2.034557534617773868e-03
1.030000000000060112e+01 -1.464821408334821516e-03 -2.028140990142276653e-03
1.040000000000060254e+01 -1.825968552405375644e-03 -2.027861598124589947e-03
1.050000000000060396e+01 -2.187453869671915005e-03 -2.033782745351520992e-03
1.060000000000060538e+01 -2.550310639010868602e-03 -2.046027861907623573e-03
1.070000000000060680e+01 -2.915593147930391205e-03 -2.064783534095253423e-03
1.080000000000060822e+01 -3.284385897080840944e-03 -2.090303953992108353e-03
1.090000000000060965e+01 -3.657813358465361771e-03 -2.122916871256004707e-03
1.100000000000061107e+01 -4.037050449829647850e-03 -2.163031270463809056e-03
1.110000000000061249e+01 -4.423333903065770380e-03 -2.211147067305502863e-03
1.120000000000061391e+01 -4.817974722694596049e-03 -2.267867203620482254e-03
1.130000000000061533e+01 -5.222371951870184194e-03 -2.333912630227676956e-03
1.140000000000061675e+01 -5.638027986405243393e-03 -2.410140805074510381e-03
1.150000000000061817e+01 -6.066565701667673075e-03 -2.497568512387280532e-03
1.160000000000061959e+01 -6.509747680023580604e-03 -2.597400039521342505e-03
1.170000000000062101e+01 -6.969497843668674697e-03 -2.711062050127861257e-03
1.180000000000062244e+01 -7.447925802755365858e-03 -2.840246889910669724e-03
1.190000000000062386e+01 -7.947354208851252488e-03 -2.986966588407889006e-03
1.200000000000062528e+01 -8.470349340162979662e-03 -3.153620524044403566e-03
1.210000000000062670e+01 -9.019755004337248402e-03 -3.343080665259576603e-03
1.220000000000062812e+01 -9.598729572870709492e-03 -3.558799578622831583e-03
1.230000000000062954e+01 -1.021078546959652486e-02 -3.804948132640317403e-03
1.240000000000063096e+01 -1.085982957510002109e-02 -4.086592200209042056e-03
1.250000000000063238e+01 -1.155020153403380455e-02 -4.409920920211432560e-03
1.260000000000063380e+01 -1.228670445022353279e-02 -4.782543559022515989e-03
1.270000000000063523e+01 -1.307461823094231874e-02 -5.213878174941832637e-03
1.280000000000063665e+01 -1.391967872119412308e-02 -5.715663732053485706e-03
1.290000000000063807e+01 -1.482799374215690996e-02 -6.302638758716493442e-03
1.300000000000063949e+01 -1.580584677163938967e-02 -6.993444834852483721e-03
1.310000000000064091e+01 -1.685930434427289348e-02 -7.811832475896448441e-03
1.320000000000064233e+01 -1.799348408885219006e-02 -8.788269266025347179e-03
1.330000000000064375e+01 -1.921123920269005372e-02 -9.962070137778373732e-03
1.340000000000064517e+01 -2.051084287430430045e-02 -1.138417158538761534e-02
1.350000000000064659e+01 -2.188196615574702214e-02 -1.312061351661401171e-02
1.360000000000064801e+01 -2.329876892191099641e-02 -1.525657229207351938e-02
1.370000000000064944e+01 -2.470819972862097619e-02 -1.790017046903003700e-02
1.380000000000065086e+01 -2.601066403905136562e-02 -2.118376266095820665e-02
1.390000000000065228e+01 -2.702957905008193315e-02 -2.525697538257413652e-02
1.400000000000065370e+01 -2.746801362965789819e-02 -3.025899372153650901e-02
1.410000000000065512e+01 -2.686043715083327038e-02 -3.624699772302647505e-02
1.420000000000065654e+01 -2.455732509156153751e-02 -4.305088170687002697e-02
1.430000000000065796e+01 -1.983760983468211073e-02 -5.005464579702931238e-02
1.440000000000065938e+01 -1.227709745907714159e-02 -5.603596220398333883e-02
1.450000000000066080e+01 -2.322434161268057892e-03 -5.939684288511030974e-02
1.460000000000066223e+01 8.455205836206521053e-03 -5.899172548111047271e-02
1.470000000000066365e+01 1.802239075475691593e-02 -5.496579266812252895e-02
1.480000000000066507e+01 2.501401500558965776e-02 -4.863933454961644892e-02
1.490000000000066649e+01 2.920160832448423505e-02 -4.158387153336514513e-02
1.500000000000066791e+01 3.111308706700441351e-02 -3.489935934605242068e-02
1.510000000000066933e+01 3.147504337832181254e-02 -2.909324762842988368e-02
1.520000000000067075e+01 3.090287040214858422e-02 -2.427380092263189612e-02
1.530000000000067217e+01 2.982482703445015274e-02 -2.035831743616010187e-02
1.540000000000067359e+01 2.850956114146421805e-02 -1.720155888936973979e-02
1.550000000000067502e+01 2.711504707490090121e-02 -1.465605851452366111e-02
1.560000000000067644e+01 2.572947074563133180e-02 -1.259416168241002908e-02
1.570000000000067786e+01 2.439916632516308734e-02 -1.091259279208453385e-02
1.580000000000067928e+01 2.314613349863550718e-02 -9.530347523157858824e-03
1.590000000000068070e+01 2.197857287091937312e-02 -8.384721195366607802e-03
1.600000000000068212e+01 2.089708601468577565e-02 -7.427353258324601547e-03
1.610000000000068354e+01 1.989827660700586170e-02 -6.620886419884369767e-03
1.620000000000068496e+01 1.897681889037468664e-02 -5.936330786694088424e-03
1.630000000000068638e+01 1.812662895061924531e-02 -5.351049126446445411e-03
1.640000000000068781e+01 1.734151281690243795e-02 -4.847238935615713618e-03
1.650000000000068923e+01 1.661551058720760199e-02 -4.410794753834178239e-03
1.660000000000069065e+01 1.594306503489283100e-02 -4.030455456118416969e-03
1.670000000000069207e+01 1.531909005887324357e-02 -3.697163160770126650e-03
1.680000000000069349e+01 1.473898321540587780e-02 -3.403578863674313042e-03
1.690000000000069491e+01 1.419860825784145797e-02 -3.143714293009028642e-03
1.700000000000069633e+01 1.369426279480444666e-02 -2.912650257737865907e-03
1.710000000000069775e+01 1.322263977024587533e-02 -2.706319690460250605e-03
1.720000000000069917e+01 1.278078766924125448e-02 -2.521339363845163679e-03
1.730000000000070060e+01 1.236607210360234077e-02 -2.354878459728710748e-03
1.740000000000070202e+01 1.197614010802858925e-02 -2.204555224639023932e-03
1.750000000000070344e+01 1.160888770812961053e-02 -2.068355173187124384e-03
1.760000000000070486e+01 1.126243088471176081e-02 -1.944565932425369433e-03
1.770000000000070628e+01 1.093507982047907910e-02 -1.831725021475674297e-03
1.780000000000070770e+01 1.062531619457206949e-02 -1.728577749879412493e-03
1.790000000000070912e+01 1.033177323914932777e-02 -1.634043080445287755e-03
1.800000000000071054e+01 1.005321826012733899e-02 -1.547185798517115027e-03
1.810000000000071196e+01 9.788537333944784952e-03 -1.467193703664296852e-03
1.820000000000071338e+01 9.536721913093338526e-03 -1.393358823560217341e-03
1.830000000000071481e+01 9.296857098514778317e-03 -1.325061866267254534e-03
1.840000000000071623e+01 9.068111363817955156e-03 -1.261759293392159410e-03
1.850000000000071765e+01 8.849727541985706256e-03 -1.202972524845606281e-03
1.860000000000071907e+01 8.641014909193858035e-03 -1.148278885554290460e-03
1.870000000000072049e+01 8.441342222064133691e-03 -1.097303982251575426e-03
1.880000000000072191e+01 8.250131583727284348e-03 -1.049715259455265542e-03
1.890000000000072333e+01 8.066853031052298451e-03 -1.005216531909347046e-03
1.900000000000072475e+01 7.891019749976507097e-03 -9.635433288969460011e-04
1.910000000000072617e+01 7.722183838570815737e-03 -9.244589162222200188e-04
1.920000000000072760e+01 7.559932548488213291e-03 -8.877508859892631592e-04
1.930000000000072902e+01 7.403884944758511340e-03 -8.532282238238247463e-04
1.940000000000073044e+01 7.253688932107330879e-03 -8.207187789870359126e-04
1.950000000000073186e+01 7.109018602872832319e-03 -7.900670756035699368e-04
1.960000000000073328e+01 6.969571867576965923e-03 -7.611324136369145184e-04
1.970000000000073470e+01 6.835068334396319362e-03 -7.337872167596719113e-04
1.980000000000073612e+01 6.705247408102304671e-03 -7.079155912222534876e-04
1.990000000000073754e+01 6.579866582932805512e-03 -6.834120655841199442e-04
2.000000000000073896e+01 6.458699907077284849e-03 -6.601804859026985141e-04
2.010000000000074039e+01 6.341536599283993138e-03 -6.381330449069131869e-04
2.020000000000074181e+01 6.228179800578965454e-03 -6.171894269591658060e-04
2.030000000000074323e+01 6.118445446117950007e-03 -5.972760533217503272e-04
2.040000000000074465e+01 6.012161244095525284e-03 -5.783254145403785625e-04
2.050000000000074607e+01 5.909165750174692408e-03 -5.602754786640651427e-04
2.060000000000074749e+01 5.809307527278562491e-03 -5.430691656334920301e-04
2.070000000000074891e+01 5.712444381819671048e-03 -5.266538795371825338e-04
2.080000000000075033e+01 5.618442668420235361e-03 -5.109810915751874074e-04
2.090000000000075175e+01 5.527176656152801328e-03 -4.960059675590056723e-04
2.100000000000075318e+01 5.438527950088728469e-03 -4.816870346014302936e-04
2.110000000000075460e+01 5.352384962641050167e-03 -4.679858823599353061e-04
2.120000000000075602e+01 5.268642429831132089e-03 -4.548668948088224750e-04
2.130000000000075744e+01 5.187200968089167308e-03 -4.422970090260663770e-04
2.140000000000075886e+01 5.107966667727293839e-03 -4.302454979364258138e-04
2.150000000000076028e+01 5.030850719607634670e-03 -4.186837743314576667e-04
2.160000000000076170e+01 4.955769071896201292e-03 -4.075852138190768324e-04
2.170000000000076312e+01 4.882642114145843357e-03 -3.969249946461114015e-04
2.180000000000076454e+01 4.811394386189486727e-03 -3.866799525783255883e-04
2.190000000000076597e+01 4.741954309628433617e-03 -3.768284492453475784e-04
2.200000000000076739e+01 4.674253939898041950e-03 -3.673502525411466435e-04
2.210000000000076881e+01 4.608228737095089629e-03 -3.582264278343795863e-04
2.220000000000077023e+01 4.543817353953974111e-03 -3.494392388889117442e-04
2.230000000000077165e+01 4.480961439475156238e-03 -3.409720575135175361e-04
2.240000000000077307e+01 4.419605456894286355e-03 -3.328092810750632805e-04
2.250000000000077449e+01 4.359696514782605142e-03 -3.249362571018412889e-04
2.260000000000077591e+01 4.301184210183629612e-03 -3.173392142882149720e-04
2.270000000000077733e+01 4.244020482814562026e-03 -3.100051992887394524e-04
2.280000000000077875e+01 4.188159479413795447e-03 -3.029220187503275279e-04
2.290000000000078018e+01 4.133557427436066953e-03 -2.960781860938372463e-04
2.300000000000078160e+01 4.080172517348336879e-03 -2.894628726046299255e-04
2.310000000000078302e+01 4.027964792846666989e-03 -2.830658624370972027e-04
2.320000000000078444e+01 3.976896048393288238e-03 -2.768775111806591883e-04
2.330000000000078586e+01 3.926929733492892302e-03 -2.708887076661959867e-04
2.340000000000078728e+01 3.878030863209921703e-03 -2.650908387278166347e-04
2.350000000000078870e+01 3.830165934452907373e-03 -2.594757566606750395e-04
2.360000000000079012e+01 3.783302847592505402e-03 -2.540357491408864804e-04
2.370000000000079154e+01 3.737410833033132096e-03 -2.487635113981017526e-04
2.380000000000079297e+01 3.692460382360371503e-03 -2.436521204478561339e-04
2.390000000000079439e+01 3.648423183746465556e-03 -2.386950112123918861e-04
2.400000000000079581e+01 3.605272061305632089e-03 -2.338859543727300695e-04
2.410000000000079723e+01 3.562980918116061355e-03 -2.292190358093646038e-04
2.420000000000079865e+01 3.521524682663418684e-03 -2.246886375036868716e-04
2.430000000000080007e+01 3.480879258453436261e-03 -2.202894197808990379e-04
2.440000000000080149e+01 3.441021476587381375e-03 -2.160163047887762758e-04
2.450000000000080291e+01 3.401929051095164708e-03 -2.118644611143661216e-04
2.460000000000080433e+01 3.363580536836972140e-03 -2.078292894493750096e-04
2.470000000000080576e+01 3.325955289812492811e-03 -2.039064092242228766e-04
2.480000000000080718e+01 3.289033429704961951e-03 -2.000916461351079075e-04
2.490000000000080860e+01 3.252795804523955000e-03 -1.963810204974058855e-04
2.500000000000081002e+01 3.217223957207442173e-03 -1.927707363629371372e-04
2.510000000000081144e+01 3.182300094054085586e-03 -1.892571713439185669e-04
2.520000000000081286e+01 3.148007054878723069e-03 -1.858368670924343533e-04
2.530000000000081428e+01 3.114328284769830521e-03 -1.825065203862594513e-04
2.540000000000081570e+01 3.081247807358098410e-03 -1.792629747780731390e-04
2.550000000000081712e+01 3.048750199499412894e-03 -1.761032127673245018e-04
2.560000000000081855e+01 3.016820567282496937e-03 -1.730243484573106699e-04
2.570000000000081997e+01 2.985444523289202626e-03 -1.700236206641147704e-04
2.580000000000082139e+01 2.954608165020458730e-03 -1.670983864447341688e-04
2.590000000000082281e+01 2.924298054426610009e-03 -1.642461150162031038e-04
2.600000000000082423e+01 2.894501198473860455e-03 -1.614643820385994297e-04
2.610000000000082565e+01 2.865205030683199480e-03 -1.587508642369341971e-04
2.620000000000082707e+01 2.836397393593080487e-03 -1.561033343398038277e-04
2.630000000000082849e+01 2.808066522081915581e-03 -1.535196563126428962e-04
2.640000000000082991e+01 2.780201027508916525e-03 -1.509977808667685353e-04
2.650000000000083134e+01 2.752789882624129009e-03 -1.485357412258351997e-04
2.660000000000083276e+01 2.725822407201853974e-03 -1.461316491326971668e-04
2.670000000000083418e+01 2.699288254364292858e-03 -1.437836910817844385e-04
2.680000000000083560e+01 2.673177397547440819e-03 -1.414901247616585532e-04
2.690000000000083702e+01 2.647480118081082905e-03 -1.392492756950211282e-04
2.700000000000083844e+01 2.622186993346963153e-03 -1.370595340634950645e-04
2.710000000000083986e+01 2.597288885481543672e-03 -1.349193517054176109e-04
2.720000000000084128e+01 2.572776930600841755e-03 -1.328272392764814078e-04
2.730000000000084270e+01 2.548642528510573248e-03 -1.307817635624161016e-04
2.740000000000084412e+01 2.524877332882555746e-03 -1.287815449349895335e-04
2.750000000000084555e+01 2.501473241870688126e-03 -1.268252549424393988e-04
2.760000000000084697e+01 2.478422389141518578e-03 -1.249116140260714540e-04
2.770000000000084839e+01 2.455717135304191952e-03 -1.230393893560073680e-04
2.780000000000084981e+01 2.433350059711028579e-03 -1.212073927783281389e-04
2.790000000000085123e+01 2.411313952615998235e-03 -1.194144788675726489e-04
2.800000000000085265e+01 2.389601807670938688e-03 -1.176595430782665812e-04
2.810000000000085407e+01 2.368206814740654587e-03 -1.159415199895859696e-04
2.820000000000085549e+01 2.347122353026793225e-03 -1.142593816382655910e-04
2.830000000000085691e+01 2.326341984477544190e-03 -1.126121359340909135e-04
2.840000000000085834e+01 2.305859447474841849e-03 -1.109988251537548913e-04
2.850000000000085976e+01 2.285668650783673726e-03 -1.094185245085120778e-04
2.860000000000086118e+01 2.265763667748956021e-03 -1.078703407813672591e-04
2.870000000000086260e+01 2.246138730733523558e-03 -1.063534110303620390e-04
2.880000000000086402e+01 2.226788225778542508e-03 -1.048669013537594885e-04
2.890000000000086544e+01 2.207706687481155589e-03 -1.034100057141566472e-04
2.900000000000086686e+01 2.188888794077358500e-03 -1.019819448181851537e-04
2.910000000000086828e+01 2.170329362718824515e-03 -1.005819650486741701e-04
2.920000000000086970e+01 2.152023344939731596e-03 -9.920933744684775919e-05
2.930000000000087113e+01 2.133965822298148230e-03 -9.786335674138825556e-05
2.940000000000087255e+01 2.116152002188965639e-03 -9.654334042226698197e-05
2.950000000000087397e+01 2.098577213818907800e-03 -9.524862785686591079e-05
2.960000000000087539e+01 2.081236904334741403e-03 -9.397857944607109512e-05
2.970000000000087681e+01 2.064126635102525153e-03 -9.273257581861549205e-05
2.980000000000087823e+01 2.047242078124891437e-03 -9.151001706124275504e-05
2.990000000000087965e+01 2.030579012594950928e-03 -9.031032198320658433e-05
3.000000000000088107e+01 2.014133321579217231e-03 -8.913292741324569995e-05
3.010000000000088249e+01 1.997900988822459614e-03 -8.797728752729384568e-05
3.020000000000088392e+01 1.981878095673606909e-03 -8.684287320569981103e-05
3.030000000000088534e+01 1.966060818121615535e-03 -8.572917141807018704e-05
3.040000000000088676e+01 1.950445423940963367e-03 -8.463568463468109249e-05
3.050000000000088818e+01 1.935028269940633310e-03 -8.356193026304807982e-05
3.060000000000088960e+01 1.919805799310836392e-03 -8.250744010833057230e-05
3.070000000000089102e+01 1.904774539067490002e-03 -8.147175985670214275e-05
3.080000000000089244e+01 1.889931097584892934e-03 -8.045444858019744133e-05
3.090000000000089386e+01 1.875272162217018774e-03 -7.945507826229141347e-05
3.100000000000089528e+01 1.860794497002382208e-03 -7.847323334312751380e-05
3.110000000000089670e+01 1.846494940447800104e-03 -7.750851028337838160e-05
3.120000000000089813e+01 1.832370403391669726e-03 -7.656051714612499418e-05
3.130000000000089955e+01 1.818417866938413976e-03 -7.562887319556335620e-05
3.140000000000090097e+01 1.804634380465058169e-03 -7.471320851201649195e-05
3.150000000000090239e+01 1.791017059695772413e-03 -7.381316362241142968e-05
3.160000000000090381e+01 1.777563084840448268e-03 -7.292838914543136371e-05
3.170000000000090523e+01 1.764269698798446358e-03 -7.205854545091411117e-05
3.180000000000090665e+01 1.751134205420073857e-03 -7.120330233253005308e-05
3.190000000000090807e+01 1.738153967827182206e-03 -7.036233869338009267e-05
