-3.200000000000000000e+01 -5.090708739811593275e-03 -3.940875267916563542e-04
-3.189999999999999858e+01 -5.163350339114790646e-03 -4.042507323487994834e-04
-3.179999999999999716e+01 -5.237858935797970114e-03 -4.148063609475150263e-04
-3.169999999999999574e+01 -5.314306116938400347e-03 -4.257748194908608243e-04
-3.159999999999999432e+01 -5.392767151865462613e-03 -4.371778565247190626e-04
-3.149999999999999289e+01 -5.473321230584408947e-03 -4.490386693055591831e-04
-3.139999999999999147e+01 -5.556051720836297121e-03 -4.613820209503024551e-04
-3.129999999999999005e+01 -5.641046445523116917e-03 -4.742343687687808384e-04
-3.119999999999998863e+01 -5.728397982383543960e-03 -4.876240050119035226e-04
-3.109999999999998721e+01 -5.818203988004969594e-03 -5.015812114233143696e-04
-3.099999999999998579e+01 -5.910567548511798733e-03 -5.161384291635445157e-04
-3.089999999999998437e+01 -6.005597559480316781e-03 -5.313304458712505077e-04
-3.079999999999998295e+01 -6.103409137959549778e-03 -5.471946018645257532e-04
-3.069999999999998153e+01 -6.204124069770933919e-03 -5.637710177468215024e-04
-3.059999999999998010e+01 -6.307871295619177192e-03 -5.811028459870649140e-04
-3.049999999999997868e+01 -6.414787439986838549e-03 -5.992365494007135694e-04
-3.039999999999997726e+01 -6.525017387195816351e-03 -6.182222098562589752e-04
-3.029999999999997584e+01 -6.638714909590934243e-03 -6.381138710095315839e-04
-3.019999999999997442e+01 -6.756043353359894067e-03 -6.589699194069633488e-04
-3.009999999999997300e+01 -6.877176388171870117e-03 -6.808535089300506984e-04
-2.999999999999997158e+01 -7.002298827616677129e-03 -7.038330342951113015e-04
-2.989999999999997016e+01 -7.131607528235224536e-03 -7.279826601695482159e-04
-2.979999999999996874e+01 -7.265312375979930681e-03 -7.533829134788860979e-04
-2.969999999999996732e+01 -7.403637370035735799e-03 -7.801213476472178103e-04
-2.959999999999996589e+01 -7.546821815220639690e-03 -8.082932888931840818e-04
-2.949999999999996447e+01 -7.695121635707980259e-03 -8.380026763380069932e-04
-2.939999999999996305e+01 -7.848810824440527467e-03 -8.693630095887768796e-04
-2.929999999999996163e+01 -8.008183044625848471e-03 -9.024984197472242335e-04
-2.919999999999996021e+01 -8.173553401902712567e-03 -9.375448824855134918e-04
-2.909999999999995879e+01 -8.345260408350818615e-03 -9.746515950443938479e-04
-2.899999999999995737e+01 -8.523668162554884353e-03 -1.013982542860264848e-03
-2.889999999999995595e+01 -8.709168773303714237e-03 -1.055718286110977336e-03
-2.879999999999995453e+01 -8.902185058584513935e-03 -1.100058002017310693e-03
-2.869999999999995310e+01 -9.103173556113798234e-03 -1.147221825393717051e-03
-2.859999999999995168e+01 -9.312627887018651643e-03 -1.197453538007314279e-03
-2.849999999999995026e+01 -9.531082520595261093e-03 -1.251023667113993366e-03
-2.839999999999994884e+01 -9.759116995238936373e-03 -1.308233065452467023e-03
-2.829999999999994742e+01 -9.997360659198782640e-03 -1.369417059599269473e-03
-2.819999999999994600e+01 -1.024649800459387708e-02 -1.434950271497812237e-03
-2.809999999999994458e+01 -1.050727467958414638e-02 -1.505252240069331060e-03
-2.799999999999994316e+01 -1.078050427700715137e-02 -1.580793997189123201e-03
-2.789999999999994174e+01 -1.106707601316847533e-02 -1.662105786286994374e-03
-2.779999999999994031e+01 -1.136796342857382229e-02 -1.749786154332015403e-03
-2.769999999999993889e+01 -1.168423426308764015e-02 -1.844512701218408834e-03
-2.759999999999993747e+01 -1.201706168188339599e-02 -1.947054837720840108e-03
-2.749999999999993605e+01 -1.236773705592250465e-02 -2.058288988285147426e-03
-2.739999999999993463e+01 -1.273768453133450329e-02 -2.179216783179465169e-03
-2.729999999999993321e+01 -1.312847765644646961e-02 -2.310986923197917535e-03
-2.719999999999993179e+01 -1.354185837220796274e-02 -2.454921578460935502e-03
-2.709999999999993037e+01 -1.397975871041452593e-02 -2.612548413682938726e-03
-2.699999999999992895e+01 -1.444432558190383506e-02 -2.785639632753291080e-03
-2.689999999999992752e+01 -1.493794906853620867e-02 -2.976259828718282562e-03
-2.679999999999992610e+01 -1.546329465070437129e-02 -3.186824943338078218e-03
-2.669999999999992468e+01 -1.602333979143697948e-02 -3.420175326764967206e-03
-2.659999999999992326e+01 -1.662141523559610562e-02 -3.679666803034651202e-03
-2.649999999999992184e+01 -1.726125122893673244e-02 -3.969284874730661175e-03
-2.639999999999992042e+01 -1.794702855112041695e-02 -4.293788856624669407e-03
-2.629999999999991900e+01 -1.868343368257254986e-02 -4.658894976406062136e-03
-2.619999999999991758e+01 -1.947571640821453565e-02 -5.071510547603685914e-03
-2.609999999999991616e+01 -2.032974640630144658e-02 -5.540035522423647323e-03
-2.599999999999991473e+01 -2.125206238399551806e-02 -6.074753508991257572e-03
-2.589999999999991331e+01 -2.224990227220304678e-02 -6.688342285859966672e-03
-2.579999999999991189e+01 -2.333119447904799179e-02 -7.396544759936868330e-03
-2.569999999999991047e+01 -2.450447583453019967e-02 -8.219056184112090782e-03
-2.559999999999990905e+01 -2.577867754906779454e-02 -9.180703376009919509e-03
-2.549999999999990763e+01 -2.716267921847912575e-02 -1.031301748890537003e-02
-2.539999999999990621e+01 -2.866446051071759940e-02 -1.165633306016459862e-02
-2.529999999999990479e+01 -3.028955986190395508e-02 -1.326257793714687334e-02
-2.519999999999990337e+01 -3.203834412989400166e-02 -1.519893559330457757e-02
-2.509999999999990195e+01 -3.390124537172661823e-02 -1.755252043643944909e-02
-2.499999999999990052e+01 -3.585054465361448006e-02 -2.043600085309765779e-02
-2.489999999999989910e+01 -3.782637423982861125e-02 -2.399348142688230087e-02
-2.479999999999989768e+01 -3.971333416373308556e-02 -2.840435364635016460e-02
-2.469999999999989626e+01 -4.130285391994172051e-02 -3.387910070017394193e-02
-2.459999999999989484e+01 -4.223701924173240557e-02 -4.063325951223677179e-02
-2.449999999999989342e+01 -4.193793408556796554e-02 -4.881213221407006836e-02
-2.439999999999989200e+01 -3.955671095960895667e-02 -5.832402184365275549e-02
-2.429999999999989058e+01 -3.404573945885146224e-02 -6.855447396281758032e-02
-2.419999999999988916e+01 -2.453928560392965724e-02 -7.805988634834586104e-02
-2.409999999999988773e+01 -1.112348068799015946e-02 -8.462559409108255659e-02
-2.399999999999988631e+01 4.493350059206372565e-03 -8.616864886096049780e-02
-2.389999999999988489e+01 1.941617389173118727e-02 -8.212979755562543893e-02
-2.379999999999988347e+01 3.114440598531524260e-02 -7.391600513986432142e-02
-2.369999999999988205e+01 3.874884691342098814e-02 -6.383965353570621171e-02
-2.359999999999988063e+01 4.269079791331209517e-02 -5.381543403227453948e-02
-2.349999999999987921e+01 4.399385168172778582e-02 -4.487867886729079298e-02
-2.339999999999987779e+01 4.363822979150682596e-02 -3.736203822832270816e-02
-2.329999999999987637e+01 4.234641672192383799e-02 -3.122009014394782137e-02
-2.319999999999987494e+01 4.058642033324924570e-02 -2.626120175581500224e-02
-2.309999999999987352e+01 3.863940880173034886e-02 -2.226662048529821913e-02
-2.299999999999987210e+01 3.666539170942959003e-02 -1.903867313514027645e-02
-2.289999999999987068e+01 3.475058931546314012e-02 -1.641433725389000731e-02
-2.279999999999986926e+01 3.293787653048335651e-02 -1.426462220907575261e-02
-2.269999999999986784e+01 3.124531923275964893e-02 -1.248933246206572478e-02
-2.259999999999986642e+01 2.967715524487781267e-02 -1.101114930880262022e-02
-2.249999999999986500e+01 2.823020015076410996e-02 -9.770409311713388473e-03
-2.239999999999986358e+01 2.689754239198467733e-02 -8.720904137248531793e-03
-2.229999999999986215e+01 2.567064822774786301e-02 -7.826640781208055869e-03
-2.219999999999986073e+01 2.454053827861744225e-02 -7.059390951112391559e-03
-2.209999999999985931e+01 2.349842383033595022e-02 -6.396852194298063496e-03
-2.199999999999985789e+01 2.253603032419544683e-02 -5.821270273578793217e-03
-2.189999999999985647e+01 2.164574140151164644e-02 -5.318404892860055522e-03
-2.179999999999985505e+01 2.082064178707880575e-02 -4.876749818832242130e-03
-2.169999999999985363e+01 2.005450493480271865e-02 -4.486941497786656879e-03
-2.159999999999985221e+01 1.934175227199567276e-02 -4.141307738484993096e-03
-2.149999999999985079e+01 1.867739958199923778e-02 -3.833520951381881245e-03
-2.139999999999984936e+01 1.805699936663218708e-02 -3.558329875243482123e-03
-2.129999999999984794e+01 1.747658406011703622e-02 -3.311350587785271207e-03
-2.119999999999984652e+01 1.693261262328420516e-02 -3.088902587311414052e-03
-2.109999999999984510e+01 1.642192167817491111e-02 -2.887879367612346260e-03
-2.099999999999984368e+01 1.594168155737293521e-02 -2.705645566164552752e-03
-2.089999999999984226e+01 1.548935720635786530e-02 -2.539954718566453818e-03
-2.079999999999984084e+01 1.506267364888205958e-02 -2.388883094733687106e-03
-2.069999999999983942e+01 1.465958561949513850e-02 -2.250776164279106716e-03
-2.059999999999983800e+01 1.427825093265495254e-02 -2.124205039950357362e-03
-2.049999999999983658e+01 1.391700716232538090e-02 -2.007930850674269959e-03
-2.039999999999983515e+01 1.357435123165044201e-02 -1.900875451967006576e-03
-2.029999999999983373e+01 1.324892154755921182e-02 -1.802097228767454533e-03
-2.019999999999983231e+01 1.293948235359743820e-02 -1.710771011727478834e-03
-2.009999999999983089e+01 1.264491001263264199e-02 -1.626171332977047451e-03
-1.999999999999982947e+01 1.236418096679026309e-02 -1.547658406102294087e-03
-1.989999999999982805e+01 1.209636115476767082e-02 -1.474666338800823028e-03
-1.979999999999982663e+01 1.184059669583212120e-02 -1.406693183551953677e-03
-1.969999999999982521e+01 1.159610567541656707e-02 -1.343292507888193361e-03
-1.959999999999982379e+01 1.136217088978491024e-02 -1.284066226240167382e-03
-1.949999999999982236e+01 1.113813342655420834e-02 -1.228658483273633445e-03
-1.939999999999982094e+01 1.092338697474615553e-02 -1.176750416989982102e-03
-1.929999999999981952e+01 1.071737277250293593e-02 -1.128055660615619703e-03
-1.919999999999981810e+01 1.051957511297873724e-02 -1.082316467078312276e-03
-1.909999999999981668e+01 1.032951733971733226e-02 -1.039300359958088456e-03
-1.899999999999981526e+01 1.014675827190205173e-02 -9.987972310794637765e-04
-1.889999999999981384e+01 9.970889007821516145e-03 -9.606168182313822457e-04
-1.879999999999981242e+01 9.801530061668830771e-03 -9.245865073944846369e-04
-1.869999999999981100e+01 9.638328794568509772e-03 -8.905494127994930753e-04
-1.859999999999980957e+01 9.480957105835208579e-03 -8.583626955481834945e-04
-1.849999999999980815e+01 9.329109354709081911e-03 -8.278960876255700516e-04
-1.839999999999980673e+01 9.182500486604974754e-03 -7.990305932240252939e-04
-1.829999999999980531e+01 9.040864341137135052e-03 -7.716573435314812851e-04
-1.819999999999980389e+01 8.903952121929918986e-03 -7.456765846648272071e-04
-1.809999999999980247e+01 8.771531010721216395e-03 -7.209967814103631798e-04
-1.799999999999980105e+01 8.643382910295697996e-03 -6.975338219129353532e-04
-1.789999999999979963e+01 8.519303302660609020e-03 -6.752103105677323197e-04
-1.779999999999979821e+01 8.399100210466508426e-03 -6.539549381460886936e-04
-1.769999999999979678e+01 8.282593251025385794e-03 -6.337019196873279990e-04
-1.759999999999979536e+01 8.169612773554876112e-03 -6.143904919814726284e-04
-1.749999999999979394e+01 8.059999071277502980e-03 -5.959644635486333313e-04
-1.739999999999979252e+01 7.953601660974515819e-03 -5.783718109609371251e-04
-1.729999999999979110e+01 7.850278623408280324e-03 -5.615643161509643140e-04
-1.719999999999978968e+01 7.749895998712052862e-03 -5.454972400307177803e-04
-1.709999999999978826e+01 7.652327231531759477e-03 -5.301290283436970244e-04
-1.699999999999978684e+01 7.557452661209131811e-03 -5.154210461722363466e-04
-1.689999999999978542e+01 7.465159052822078166e-03 -5.013373379670429432e-04
-1.679999999999978400e+01 7.375339165331611102e-03 -4.878444103454819590e-04
-1.669999999999978257e+01 7.287891353441323418e-03 -4.749110352304624348e-04
-1.659999999999978115e+01 7.202719200163819335e-03 -4.625080711954204738e-04
-1.649999999999977973e+01 7.119731177346399521e-03 -4.506083011233940347e-04
-1.639999999999977831e+01 7.038840331707993739e-03 -4.391862845103624191e-04
-1.629999999999977689e+01 6.959963994178339046e-03 -4.282182229328566491e-04
-1.619999999999977547e+01 6.883023510519403060e-03 -4.176818373627869531e-04
-1.609999999999977405e+01 6.807943991441255810e-03 -4.075562561642357643e-04
-1.599999999999977263e+01 6.734654080555532371e-03 -3.978219127295755386e-04
-1.589999999999977121e+01 6.663085738688750807e-03 -3.884604518288192363e-04
-1.579999999999976978e+01 6.593174043213778299e-03 -3.794546438453082747e-04
-1.569999999999976836e+01 6.524857001158338408e-03 -3.707883061557278731e-04
-1.559999999999976694e+01 6.458075374996074744e-03 -3.624462309947854119e-04
-1.549999999999976552e+01 6.392772520089503273e-03 -3.544141192089933696e-04
-1.539999999999976410e+01 6.328894232866665026e-03 -3.466785193679466567e-04
-1.529999999999976268e+01 6.266388608892902584e-03 -3.392267717554004521e-04
-1.519999999999976126e+01 6.205205910051773618e-03 -3.320469568081601663e-04
-1.509999999999975984e+01 6.145298440146914135e-03 -3.251278476175738729e-04
-1.499999999999975842e+01 6.086620428264220145e-03 -3.184588661428110440e-04
-1.489999999999975699e+01 6.029127919307869857e-03 -3.120300428217452062e-04
-1.479999999999975557e+01 5.972778671171372587e-03 -3.058319792956236578e-04
-1.469999999999975415e+01 5.917532058030766477e-03 -2.998558139890400930e-04
-1.459999999999975273e+01 5.863348979315858439e-03 -2.940931903145037850e-04
-1.449999999999975131e+01 5.810191773922938896e-03 -2.885362272897393741e-04
-1.439999999999974989e+01 5.758024139283704837e-03 -2.831774923777362557e-04
-1.429999999999974847e+01 5.706811054934235114e-03 -2.780099763772693054e-04
-1.419999999999974705e+01 5.656518710238474940e-03 -2.730270702060397800e-04
-1.409999999999974563e+01 5.607114435971533029e-03 -2.682225434358314177e-04
-1.399999999999974420e+01 5.558566639464553386e-03 -2.635905244495899457e-04
-1.389999999999974278e+01 5.510844743049878557e-03 -2.591254821039928186e-04
-1.379999999999974136e+01 5.463919125563256214e-03 -2.548222087917918874e-04
-1.369999999999973994e+01 5.417761066661445565e-03 -2.506758048066813757e-04
-1.359999999999973852e+01 5.372342693752915795e-03 -2.466816639246874766e-04
-1.349999999999973710e+01 5.327636931329370572e-03 -2.428354601220806565e-04
-1.339999999999973568e+01 5.283617452513648081e-03 -2.391331353587808676e-04
-1.329999999999973426e+01 5.240258632650485193e-03 -2.355708883630411657e-04
-1.319999999999973284e+01 5.197535504762917750e-03 -2.321451643584054197e-04
-1.309999999999973141e+01 5.155423716728477906e-03 -2.288526456817013670e-04
-1.299999999999972999e+01 5.113899490015756145e-03 -2.256902432444560062e-04
-1.289999999999972857e+01 5.072939579843362828e-03 -2.226550887964090974e-04
-1.279999999999972715e+01 5.032521236629486708e-03 -2.197445279544798732e-04
-1.269999999999972573e+01 4.992622168593651572e-03 -2.169561139640089936e-04
-1.259999999999972431e+01 4.953220505396143704e-03 -2.142876021650926813e-04
-1.249999999999972289e+01 4.914294762688177845e-03 -2.117369451388966103e-04
-1.239999999999972147e+01 4.875823807458216225e-03 -2.093022885142410043e-04
-1.229999999999972005e+01 4.837786824065949329e-03 -2.069819674179085203e-04
-1.219999999999971863e+01 4.800163280846679766e-03 -2.047745035553666360e-04
-1.209999999999971720e+01 4.762932897180948560e-03 -2.026786029127199389e-04
-1.199999999999971578e+01 4.726075610925659608e-03 -2.006931540741497036e-04
-1.189999999999971436e+01 4.689571546091777718e-03 -1.988172271519118134e-04
-1.179999999999971294e+01 4.653400980672620611e-03 -1.970500733305094356e-04
-1.169999999999971152e+01 4.617544314507699733e-03 -1.953911250291420147e-04
-1.159999999999971010e+01 4.581982037077943215e-03 -1.938399966908094327e-04
-1.149999999999970868e+01 4.546694695126295496e-03 -1.923964862100819130e-04
-1.139999999999970726e+01 4.511662859984113053e-03 -1.910605770149022796e-04
-1.129999999999970584e+01 4.476867094498749797e-03 -1.898324408225948387e-04
-1.119999999999970441e+01 4.442287919436309698e-03 -1.887124410937204193e-04
-1.109999999999970299e+01 4.407905779240626175e-03 -1.877011372124037358e-04
-1.099999999999970157e+01 4.373701007024250777e-03 -1.867992894264679520e-04
-1.089999999999970015e+01 4.339653788650462383e-03 -1.860078645855265680e-04
-1.079999999999969873e+01 4.305744125775731214e-03 -1.853280427212301298e-04
-1.069999999999969731e+01 4.271951797697222039e-03 -1.847612245193544988e-04
-1.059999999999969589e+01 4.238256321852134495e-03 -1.843090397402652643e-04
-1.049999999999969447e+01 4.204636912805770517e-03 -1.839733566513249369e-04
-1.039999999999969305e+01 4.171072439543452477e-03 -1.837562925424641373e-04
-1.029999999999969162e+01 4.137541380885992673e-03 -1.836602254049410094e-04
-1.019999999999969020e+01 4.104021778817711075e-03 -1.836878068625322235e-04
-1.009999999999968878e+01 4.070491189511390821e-03 -1.838419764549883355e-04
-9.999999999999687361e+00 4.036926631817366364e-03 -1.841259773850566943e-04
-9.899999999999685940e+00 4.003304532954238965e-03 -1.845433738532648179e-04
-9.799999999999684519e+00 3.969600671134241275e-03 -1.850980701188720213e-04
-9.699999999999683098e+00 3.935790114815931710e-03 -1.857943314414025660e-04
-9.599999999999681677e+00 3.901847158261318501e-03 -1.866368070749211696e-04
-9.499999999999680256e+00 3.867745253045353892e-03 -1.876305555070143210e-04
-9.399999999999678835e+00 3.833456935122521361e-03 -1.887810721570251540e-04
-9.299999999999677414e+00 3.798953747036061361e-03 -1.900943197727299151e-04
-9.199999999999675993e+00 3.764206154798103131e-03 -1.915767617932512257e-04
-9.099999999999674571e+00 3.729183458935004213e-03 -1.932353989774903574e-04
-8.999999999999673150e+00 3.693853699142280941e-03 -1.950778096330592066e-04
-8.899999999999671729e+00 3.658183551926606596e-03 -1.971121938217108166e-04
-8.799999999999670308e+00 3.622138220567561184e-03 -1.993474219622738794e-04
-8.699999999999668887e+00 3.585681316644555479e-03 -2.017930883048994685e-04
-8.599999999999667466e+00 3.548774732307594972e-03 -2.044595698089248588e-04
-8.499999999999666045e+00 3.511378502383428156e-03 -2.073580910236396779e-04
-8.399999999999664624e+00 3.473450655298991607e-03 -2.105007956485916288e-04
-8.299999999999663203e+00 3.434947051712575021e-03 -2.139008255360437083e-04
-8.199999999999661782e+00 3.395821209601029931e-03 -2.175724079993722666e-04
-8.099999999999660361e+00 3.356024114424092583e-03 -2.215309524046871269e-04
-7.999999999999658939e+00 3.315504012830562501e-03 -2.257931571539494519e-04
-7.899999999999657518e+00 3.274206188181781347e-03 -2.303771283199262791e-04
-7.799999999999656097e+00 3.232072715987995351e-03 -2.353025113650164437e-04
-7.699999999999654676e+00 3.189042197107510440e-03 -2.405906375783647500e-04
-7.599999999999653255e+00 3.145049466315342265e-03 -2.462646870961117764e-04
-7.499999999999651834e+00 3.100025273558645530e-03 -2.523498706377493061e-04
-7.399999999999650413e+00 3.053895934872634214e-03 -2.588736324049165332e-04
-7.299999999999648992e+00 3.006582949577910491e-03 -2.658658769485721936e-04
-7.199999999999647571e+00 2.958002579931104815e-03 -2.733592232358717736e-04
-7.099999999999646150e+00 2.908065388927546461e-03 -2.813892896400236069e-04
-6.999999999999644729e+00 2.856675731399116111e-03 -2.899950141542528880e-04
-6.899999999999643308e+00 2.803731192897616128e-03 -2.992190148123688703e-04
-6.799999999999641886e+00 2.749121970149209435e-03 -3.091079960932216117e-04
-6.699999999999640465e+00 2.692730186002671548e-03 -3.197132080327726557e-04
-6.599999999999639044e+00 2.634429130847095943e-03 -3.310909658796704915e-04
-6.499999999999637623e+00 2.574082421367241552e-03 -3.433032394516873087e-04
-6.399999999999636202e+00 2.511543066207727864e-03 -3.564183229261662779e-04
-6.299999999999634781e+00 2.446652426670113418e-03 -3.705115976669428636e-04
-6.199999999999633360e+00 2.379239058830257079e-03 -3.856664029386330924e-04
-6.099999999999631939e+00 2.309117421504356012e-03 -4.019750320462937322e-04
-5.999999999999630518e+00 2.236086432200642005e-03 -4.195398746758965134e-04
-5.899999999999629097e+00 2.159927850508262630e-03 -4.384747301260007320e-04
-5.799999999999627676e+00 2.080404465314001847e-03 -4.589063208491482755e-04
-5.699999999999626255e+00 1.997258058599132077e-03 -4.809760414871309345e-04
-5.599999999999624833e+00 1.910207114394145336e-03 -5.048419856028102089e-04
-5.499999999999623412e+00 1.818944236580477720e-03 -5.306813009100278759e-04
-5.399999999999621991e+00 1.723133233498138316e-03 -5.586929343811865289e-04
-5.299999999999620570e+00 1.622405820714408267e-03 -5.891008416438366091e-04
-5.199999999999619149e+00 1.516357885520680081e-03 -6.221577512511751191e-04
-5.099999999999617728e+00 1.404545247741557402e-03 -6.581495945134505305e-04
-4.999999999999616307e+00 1.286478840983213377e-03 -6.974007367072118744e-04
-4.899999999999614886e+00 1.161619226309242199e-03 -7.402801770418173570e-04
-4.799999999999613465e+00 1.029370336455682263e-03 -7.872089245407572818e-04
-4.699999999999612044e+00 8.890723327216526126e-04 -8.386688074535931245e-04
-4.599999999999610623e+00 7.399934387152659263e-04 -8.952130380557234580e-04
-4.499999999999609201e+00 5.813205951302417157e-04 -9.574789369631069242e-04
-4.399999999999607780e+00 4.121487579661332022e-04 -1.026203327019826854e-03
-4.299999999999606359e+00 2.314686400199088973e-04 -1.102241243887073195e-03
-4.199999999999604938e+00 3.815267331640009515e-05 -1.186588788967460947e-03
-4.099999999999603517e+00 -1.690610485394266824e-04 -1.280411183978719591e-03
-3.999999999999602096e+00 -3.915870996163547599e-04 -1.385077394310682379e-03
-3.899999999999600675e+00 -6.310135681555084641e-04 -1.502203096247886963e-03
-3.799999999999599254e+00 -8.891256295811122284e-04 -1.633704306946820971e-03
-3.699999999999597833e+00 -1.167931965852163963e-03 -1.781864725599881585e-03
-3.599999999999596412e+00 -1.469693970153304044e-03 -1.949420818534798421e-03
-3.499999999999594991e+00 -1.796957341270226339e-03 -2.139670016808791105e-03
-3.399999999999593570e+00 -2.152585079978162376e-03 -2.356609217253107392e-03
-3.299999999999592148e+00 -2.539789878118630523e-03 -2.605113275123231969e-03
-3.199999999999590727e+00 -2.962162153611504548e-03 -2.891166610120819453e-03
-3.099999999999589306e+00 -3.423687049954138827e-03 -3.222165774904932247e-03
-2.999999999999587885e+00 -3.928738774932181120e-03 -3.607317333468586587e-03
-2.899999999999586464e+00 -4.482032319528385898e-03 -4.058164270920546803e-03
-2.799999999999585043e+00 -5.088498511114775830e-03 -4.589286094292093811e-03
-2.699999999999583622e+00 -5.753024453054366404e-03 -5.219233364603886351e-03
-2.599999999999582201e+00 -6.479960683802981139e-03 -5.971776513190419668e-03
-2.499999999999580780e+00 -7.272226824575091057e-03 -6.877569128530909917e-03
-2.399999999999579359e+00 -8.129728669558749718e-03 -7.976339203020823068e-03
-2.299999999999577938e+00 -9.046598047434488074e-03 -9.319705029957589537e-03
-2.199999999999576517e+00 -1.000643094719872415e-02 -1.097460720435748313e-02
-2.099999999999575095e+00 -1.097416362682776189e-02 -1.302701574478823746e-02
-1.999999999999573674e+00 -1.188245253062462925e-02 -1.558469975788350642e-02
-1.899999999999572253e+00 -1.260957590814988996e-02 -1.877578881988296519e-02
-1.799999999999570832e+00 -1.294587870133596073e-02 -2.273546206723628740e-02
-1.699999999999569411e+00 -1.254976521320479502e-02 -2.756509371256111660e-02
-1.599999999999567990e+00 -1.091003238830907419e-02 -3.323819717446176158e-02
-1.499999999999566569e+00 -7.370822388791982080e-03 -3.943079434516302828e-02
-1.399999999999565148e+00 -1.330839142196998210e-03 -4.531672162218847166e-02
-1.299999999999563727e+00 7.301656071127488566e-03 -4.953765242829762799e-02
-1.199999999999562306e+00 1.762604816096389332e-02 -5.067421698356758264e-02
-1.099999999999560885e+00 2.786643417297823486e-02 -4.813182423278838246e-02
-9.999999999995594635e-01 3.629980974783686420e-02 -4.258896154973310783e-02
-8.999999999995580424e-01 4.212057406877754706e-02 -3.545423468337182554e-02
-7.999999999995566213e-01 4.545777643271951135e-02 -2.799604128108081069e-02
-6.999999999995552002e-01 4.685818255697784401e-02 -2.094295185969003922e-02
-5.999999999995537792e-01 4.684331679149538602e-02 -1.456957997717242721e-02
-4.999999999995523581e-01 4.573021158999610036e-02 -8.948511113968287203e-03
-3.999999999995509370e-01 4.365134468750472840e-02 -4.187291620782787258e-03
-2.999999999995495159e-01 4.072519358713719284e-02 -5.905230226081782663e-04
-1.999999999995480948e-01 3.735949928089241090e-02 1.360194758082647337e-03
-9.999999999954667373e-02 3.449792810632951179e-02 1.382811593697946123e-03
4.547473508864641190e-13 3.334867483977523028e-02 -3.837208328860697293e-14
1.000000000004561684e-01 3.449792810634941947e-02 -1.382811593705738501e-03
2.000000000004575895e-01 3.735949928092256733e-02 -1.360194758073713511e-03
3.000000000004590106e-01 4.072519358716679416e-02 5.905230226341644240e-04
4.000000000004604317e-01 4.365134468752778635e-02 4.187291620821454244e-03
5.000000000004618528e-01 4.573021159001072061e-02 8.948511114015783932e-03
6.000000000004632739e-01 4.684331679150082611e-02 1.456957997722704498e-02
7.000000000004646949e-01 4.685818255697218881e-02 2.094295185975127843e-02
8.000000000004661160e-01 4.545777643269886120e-02 2.799604128114750040e-02
9.000000000004675371e-01 4.212057406873657983e-02 3.545423468343972956e-02
1.000000000000468958e+00 3.629980974777165248e-02 4.258896154979299742e-02
1.100000000000470379e+00 2.786643417289125235e-02 4.813182423282702516e-02
1.200000000000471800e+00 1.762604816086736290e-02 5.067421698357405663e-02
1.300000000000473221e+00 7.301656071039075782e-03 4.953765242827146142e-02
1.400000000000474643e+00 -1.330839142264231539e-03 4.531672162214015614e-02
1.500000000000476064e+00 -7.370822388834849699e-03 3.943079434510639997e-02
1.600000000000477485e+00 -1.091003238833157009e-02 3.323819717440698596e-02
1.700000000000478906e+00 -1.254976521321313904e-02 2.756509371251315149e-02
1.800000000000480327e+00 -1.294587870133559297e-02 2.273546206719641999e-02
1.900000000000481748e+00 -1.260957590814465110e-02 1.877578881985064382e-02
2.000000000000483169e+00 -1.188245253061696177e-02 1.558469975785757404e-02
2.100000000000484590e+00 -1.097416362681909521e-02 1.302701574476745026e-02
2.200000000000486011e+00 -1.000643094718988921e-02 1.097460720434077254e-02
2.300000000000487432e+00 -9.046598047425920275e-03 9.319705029944070837e-03
2.400000000000488853e+00 -8.129728669550660702e-03 7.976339203009805839e-03
2.500000000000490274e+00 -7.272226824567579705e-03 6.877569128521861599e-03
2.600000000000491696e+00 -6.479960683796076940e-03 5.971776513182930866e-03
2.700000000000493117e+00 -5.753024453048049408e-03 5.219233364597642214e-03
2.800000000000494538e+00 -5.088498511109004405e-03 4.589286094286845405e-03
2.900000000000495959e+00 -4.482032319523118410e-03 4.058164270916105910e-03
3.000000000000497380e+00 -3.928738774927375069e-03 3.607317333464804456e-03
3.100000000000498801e+00 -3.423687049949745639e-03 3.222165774901691784e-03
3.200000000000500222e+00 -2.962162153607491698e-03 2.891166610118026115e-03
3.300000000000501643e+00 -2.539789878114954644e-03 2.605113275120812030e-03
3.400000000000503064e+00 -2.152585079974791375e-03 2.356609217250998835e-03
3.500000000000504485e+00 -1.796957341267124220e-03 2.139670016806945359e-03
3.600000000000505906e+00 -1.469693970150449773e-03 1.949420818533177538e-03
3.700000000000507328e+00 -1.167931965849530653e-03 1.781864725598451306e-03
3.800000000000508749e+00 -8.891256295786710388e-04 1.633704306945552454e-03
3.900000000000510170e+00 -6.310135681532476858e-04 1.502203096246759392e-03
4.000000000000511591e+00 -3.915870996142592139e-04 1.385077394309676456e-03
4.100000000000513012e+00 -1.690610485374768532e-04 1.280411183977819270e-03
4.200000000000514433e+00 3.815267331821808536e-05 1.186588788966653216e-03
4.300000000000515854e+00 2.314686400216084926e-04 1.102241243886345696e-03
4.400000000000517275e+00 4.121487579677226426e-04 1.026203327019170044e-03
4.500000000000518696e+00 5.813205951317296748e-04 9.574789369625122393e-04
4.600000000000520117e+00 7.399934387166636797e-04 8.952130380551843927e-04
4.700000000000521538e+00 8.890723327229692677e-04 8.386688074531030651e-04
4.800000000000522959e+00 1.029370336456922157e-03 7.872089245403110242e-04
4.900000000000524381e+00 1.161619226310412704e-03 7.402801770414096970e-04
5.000000000000525802e+00 1.286478840984316661e-03 6.974007367068392341e-04
5.100000000000527223e+00 1.404545247742601272e-03 6.581495945131085731e-04
5.200000000000528644e+00 1.516357885521669741e-03 6.221577512508621099e-04
5.300000000000530065e+00 1.622405820715348054e-03 5.891008416435485366e-04
5.400000000000531486e+00 1.723133233499034300e-03 5.586929343809213331e-04
5.500000000000532907e+00 1.818944236581329036e-03 5.306813009097830630e-04
5.600000000000534328e+00 1.910207114394955885e-03 5.048419856025843696e-04
5.700000000000535749e+00 1.997258058599902294e-03 4.809760414869226051e-04
5.800000000000537170e+00 2.080404465314743441e-03 4.589063208489550707e-04
5.900000000000538591e+00 2.159927850508970397e-03 4.384747301258218387e-04
6.000000000000540012e+00 2.236086432201319415e-03 4.195398746757306304e-04
6.100000000000541434e+00 2.309117421505009135e-03 4.019750320461396671e-04
6.200000000000542855e+00 2.379239058830883314e-03 3.856664029384901404e-04
6.300000000000544276e+00 2.446652426670715801e-03 3.705115976668098320e-04
6.400000000000545697e+00 2.511543066208306828e-03 3.564183229260425162e-04
6.500000000000547118e+00 2.574082421367800133e-03 3.433032394515721664e-04
6.600000000000548539e+00 2.634429130847636309e-03 3.310909658795633181e-04
6.700000000000549960e+00 2.692730186003192399e-03 3.197132080326728549e-04
6.800000000000551381e+00 2.749121970149714673e-03 3.091079960931283704e-04
6.900000000000552802e+00 2.803731192898105320e-03 2.992190148122820799e-04
7.000000000000554223e+00 2.856675731399590558e-03 2.899950141541718981e-04
7.100000000000555644e+00 2.908065388928006596e-03 2.813892896399480923e-04
7.200000000000557066e+00 2.958002579931550639e-03 2.733592232358014631e-04
7.300000000000558487e+00 3.006582949578346341e-03 2.658658769485063825e-04
7.400000000000559908e+00 3.053895934873058788e-03 2.588736324048551674e-04
7.500000000000561329e+00 3.100025273559059696e-03 2.523498706376920602e-04
7.600000000000562750e+00 3.145049466315746889e-03 2.462646870960582168e-04
7.700000000000564171e+00 3.189042197107905957e-03 2.405906375783150122e-04
7.800000000000565592e+00 3.232072715988383929e-03 2.353025113649699857e-04
7.900000000000567013e+00 3.274206188182160818e-03 2.303771283198829923e-04
8.000000000000568434e+00 3.315504012830932865e-03 2.257931571539093635e-04
8.100000000000569855e+00 3.356024114424457309e-03 2.215309524046497219e-04
8.200000000000571276e+00 3.395821209601389019e-03 2.175724079993375179e-04
8.300000000000572697e+00 3.434947051712927170e-03 2.139008255360115888e-04
8.400000000000574119e+00 3.473450655299338552e-03 2.105007956485618675e-04
8.500000000000575540e+00 3.511378502383771198e-03 2.073580910236122476e-04
8.600000000000576961e+00 3.548774732307933243e-03 2.044595698088994885e-04
8.700000000000578382e+00 3.585681316644887678e-03 2.017930883048763208e-04
8.800000000000579803e+00 3.622138220567889047e-03 1.993474219622526019e-04
8.900000000000581224e+00 3.658183551926931423e-03 1.971121938216914907e-04
9.000000000000582645e+00 3.693853699142602733e-03 1.950778096330416968e-04
9.100000000000584066e+00 3.729183458935324269e-03 1.932353989774745009e-04
9.200000000000585487e+00 3.764206154798421453e-03 1.915767617932369413e-04
9.300000000000586908e+00 3.798953747036376213e-03 1.900943197727171757e-04
9.400000000000588329e+00 3.833456935122834912e-03 1.887810721570138783e-04
9.500000000000589750e+00 3.867745253045663974e-03 1.876305555070046445e-04
9.600000000000591172e+00 3.901847158261626848e-03 1.866368070749128754e-04
9.700000000000592593e+00 3.935790114816239624e-03 1.857943314413956271e-04
9.800000000000594014e+00 3.969600671134548321e-03 1.850980701188662480e-04
9.900000000000595435e+00 4.003304532954546878e-03 1.845433738532603184e-04
1.000000000000059686e+01 4.036926631817672542e-03 1.841259773850534959e-04
1.010000000000059828e+01 4.070491189511695265e-03 1.838419764549863839e-04
1.020000000000059970e+01 4.104021778818014651e-03 1.836878068625313833e-04
1.030000000000060112e+01 4.137541380886297117e-03 1.836602254049412805e-04
1.040000000000060254e+01 4.171072439543758656e-03 1.837562925424655468e-04
1.050000000000060396e+01 4.204636912806076696e-03 1.839733566513274848e-04
1.060000000000060538e+01 4.238256321852440674e-03 1.843090397402688692e-04
1.070000000000060680e+01 4.271951797697528218e-03 1.847612245193590525e-04
1.080000000000060822e+01 4.305744125776039127e-03 1.853280427212357947e-04
1.090000000000060965e+01 4.339653788650771164e-03 1.860078645855331816e-04
1.100000000000061107e+01 4.373701007024560425e-03 1.867992894264756498e-04
1.110000000000061249e+01 4.407905779240936690e-03 1.877011372124125178e-04
1.120000000000061391e+01 4.442287919436622816e-03 1.887124410937301229e-04
1.130000000000061533e+01 4.476867094499065516e-03 1.898324408226055452e-04
1.140000000000061675e+01 4.511662859984430507e-03 1.910605770149139890e-04
1.150000000000061817e+01 4.546694695126615553e-03 1.923964862100945982e-04
1.160000000000061959e+01 4.581982037078265874e-03 1.938399966908230395e-04
1.170000000000062101e+01 4.617544314508024127e-03 1.953911250291566243e-04
1.180000000000062244e+01 4.653400980672948474e-03 1.970500733305250211e-04
1.190000000000062386e+01 4.689571546092108183e-03 1.988172271519283475e-04
1.200000000000062528e+01 4.726075610925993542e-03 2.006931540741672677e-04
1.210000000000062670e+01 4.762932897181285097e-03 2.026786029127385330e-04
1.220000000000062812e+01 4.800163280847018904e-03 2.047745035553862330e-04
1.230000000000062954e+01 4.837786824066295406e-03 2.069819674179290930e-04
1.240000000000063096e+01 4.875823807458564037e-03 2.093022885142625800e-04
1.250000000000063238e+01 4.914294762688529994e-03 2.117369451389192431e-04
1.260000000000063380e+01 4.953220505396500190e-03 2.142876021651164253e-04
1.270000000000063523e+01 4.992622168594012394e-03 2.169561139640338219e-04
1.280000000000063665e+01 5.032521236629613343e-03 2.197445279544635289e-04
1.290000000000063807e+01 5.072939579843732325e-03 2.226550887964360941e-04
1.300000000000063949e+01 5.113899490016130846e-03 2.256902432444842226e-04
1.310000000000064091e+01 5.155423716728857811e-03 2.288526456817308030e-04
1.320000000000064233e+01 5.197535504763303726e-03 2.321451643584360213e-04
1.330000000000064375e+01 5.240258632650877241e-03 2.355708883630729328e-04
1.340000000000064517e+01 5.283617452514043598e-03 2.391331353588139086e-04
1.350000000000064659e+01 5.327636931329773895e-03 2.428354601221149715e-04
1.360000000000064801e+01 5.372342693753327791e-03 2.466816639247232552e-04
1.370000000000064944e+01 5.417761066661860164e-03 2.506758048067184012e-04
1.380000000000065086e+01 5.463919125563678619e-03 2.548222087918302682e-04
1.390000000000065228e+01 5.510844743050307901e-03 2.591254821040326630e-04
1.400000000000065370e+01 5.558566639464990536e-03 2.635905244496313080e-04
1.410000000000065512e+01 5.607114435971979720e-03 2.682225434358742437e-04
1.420000000000065654e+01 5.656518710238926835e-03 2.730270702060842865e-04
1.430000000000065796e+01 5.706811054934697418e-03 2.780099763773154924e-04
1.440000000000065938e+01 5.758024139284174080e-03 2.831774923777840691e-04
1.450000000000066080e+01 5.810191773923417680e-03 2.885362272897890848e-04
1.460000000000066223e+01 5.863348979316346764e-03 2.940931903145552304e-04
1.470000000000066365e+01 5.917532058031264343e-03 2.998558139890934900e-04
1.480000000000066507e+01 5.972778671171879127e-03 3.058319792956790063e-04
1.490000000000066649e+01 6.029127919308388539e-03 3.120300428218025605e-04
1.500000000000066791e+01 6.086620428264749236e-03 3.184588661428706209e-04
1.510000000000066933e+01 6.145298440147453634e-03 3.251278476176357808e-04
1.520000000000067075e+01 6.205205910052323526e-03 3.320469568082242426e-04
1.530000000000067217e+01 6.266388608893465502e-03 3.392267717554669137e-04
1.540000000000067359e+01 6.328894232867239220e-03 3.466785193680156662e-04
1.550000000000067502e+01 6.392772520090090477e-03 3.544141192090650354e-04
1.560000000000067644e+01 6.458075374996675826e-03 3.624462309948598966e-04
1.570000000000067786e+01 6.524857001158952501e-03 3.707883061558052309e-04
1.580000000000067928e+01 6.593174043214406269e-03 3.794546438453887225e-04
1.590000000000068070e+01 6.663085738689393522e-03 3.884604518289027199e-04
1.600000000000068212e+01 6.734654080556191566e-03 3.978219127296623832e-04
1.610000000000068354e+01 6.807943991441930617e-03 4.075562561643259699e-04
1.620000000000068496e+01 6.883023510520095214e-03 4.176818373628809534e-04
1.630000000000068638e+01 6.959963994179049415e-03 4.282182229329544983e-04
1.640000000000068781e+01 7.038840331708719721e-03 4.391862845104642257e-04
1.650000000000068923e+01 7.119731177347144585e-03 4.506083011234999071e-04
1.660000000000069065e+01 7.202719200164583481e-03 4.625080711955308998e-04
1.670000000000069207e+01 7.287891353442109248e-03 4.749110352305775770e-04
1.680000000000069349e+01 7.375339165332417748e-03 4.878444103456019802e-04
1.690000000000069491e+01 7.465159052822907364e-03 5.013373379671683854e-04
1.700000000000069633e+01 7.557452661209983560e-03 5.154210461723673182e-04
1.710000000000069775e+01 7.652327231532633778e-03 5.301290283438337423e-04
1.720000000000069917e+01 7.749895998712954051e-03 5.454972400308608950e-04
1.730000000000070060e+01 7.850278623409204931e-03 5.615643161511137170e-04
1.740000000000070202e+01 7.953601660975468182e-03 5.783718109610934670e-04
1.750000000000070344e+01 8.059999071278484833e-03 5.959644635487971543e-04
1.760000000000070486e+01 8.169612773555887456e-03 6.143904919816440408e-04
1.770000000000070628e+01 8.282593251026430098e-03 6.337019196875078681e-04
1.780000000000070770e+01 8.399100210467583955e-03 6.539549381462773448e-04
1.790000000000070912e+01 8.519303302661720978e-03 6.752103105679304034e-04
1.800000000000071054e+01 8.643382910296844648e-03 6.975338219131435201e-04
1.810000000000071196e+01 8.771531010722402946e-03 7.209967814105821887e-04
1.820000000000071338e+01 8.903952121931143701e-03 7.456765846650572748e-04
1.830000000000071481e+01 9.040864341138401400e-03 7.716573435317237127e-04
1.840000000000071623e+01 9.182500486606284471e-03 7.990305932242807319e-04
1.850000000000071765e+01 9.329109354710436730e-03 8.278960876258395843e-04
1.860000000000071907e+01 9.480957105836617174e-03 8.583626955484683144e-04
1.870000000000072049e+01 9.638328794569968674e-03 8.905494127997940499e-04
1.880000000000072191e+01 9.801530061670341715e-03 9.245865073948031755e-04
1.890000000000072333e+01 9.970889007823086070e-03 9.606168182317195410e-04
1.900000000000072475e+01 1.014675827190368411e-02 9.987972310798215632e-04
1.910000000000072617e+01 1.032951733971902882e-02 1.039300359958468143e-03
1.920000000000072760e+01 1.051957511298050145e-02 1.082316467078715382e-03
1.930000000000072902e+01 1.071737277250477301e-02 1.128055660616049047e-03
1.940000000000073044e+01 1.092338697474806719e-02 1.176750416990438985e-03
1.950000000000073186e+01 1.113813342655620327e-02 1.228658483274120469e-03
1.960000000000073328e+01 1.136217088978699191e-02 1.284066226240688667e-03
1.970000000000073470e+01 1.159610567541874242e-02 1.343292507888750858e-03
1.980000000000073612e+01 1.184059669583439542e-02 1.406693183552550639e-03
1.990000000000073754e+01 1.209636115477005086e-02 1.474666338801463141e-03
2.000000000000073896e+01 1.236418096679275588e-02 1.547658406102982338e-03
2.010000000000074039e+01 1.264491001263525621e-02 1.626171332977788611e-03
2.020000000000074181e+01 1.293948235360018253e-02 1.710771011728278107e-03
2.030000000000074323e+01 1.324892154756209667e-02 1.802097228768317991e-03
2.040000000000074465e+01 1.357435123165347778e-02 1.900875451967941592e-03
2.050000000000074607e+01 1.391700716232857973e-02 2.007930850675284339e-03
2.060000000000074749e+01 1.427825093265832831e-02 2.124205039951460646e-03
2.070000000000074891e+01 1.465958561949870162e-02 2.250776164280308012e-03
2.080000000000075033e+01 1.506267364888583087e-02 2.388883094735000292e-03
2.090000000000075175e+01 1.548935720636185863e-02 2.539954718567891036e-03
2.100000000000075318e+01 1.594168155737716794e-02 2.705645566166131350e-03
2.110000000000075460e+01 1.642192167817941445e-02 2.887879367614085320e-03
2.120000000000075602e+01 1.693261262328899647e-02 3.088902587313335259e-03
2.130000000000075744e+01 1.747658406012214671e-02 3.311350587787401448e-03
2.140000000000075886e+01 1.805699936663764105e-02 3.558329875245850888e-03
2.150000000000076028e+01 1.867739958200507339e-02 3.833520951384525397e-03
2.160000000000076170e+01 1.934175227200192818e-02 4.141307738487956872e-03
2.170000000000076312e+01 2.005450493480943550e-02 4.486941497789990151e-03
2.180000000000076454e+01 2.082064178708603261e-02 4.876749818836010816e-03
2.190000000000076597e+01 2.164574140151943188e-02 5.318404892864333350e-03
2.200000000000076739e+01 2.253603032420385677e-02 5.821270273583678198e-03
2.210000000000076881e+01 2.349842383034505405e-02 6.396852194303670122e-03
2.220000000000077023e+01 2.454053827862730935e-02 7.059390951118862077e-03
2.230000000000077165e+01 2.567064822775856625e-02 7.826640781215572426e-03
2.240000000000077307e+01 2.689754239199629998e-02 8.720904137257323371e-03
2.250000000000077449e+01 2.823020015077673528e-02 9.770409311723737833e-03
2.260000000000077591e+01 2.967715524489151699e-02 1.101114930881490553e-02
2.270000000000077733e+01 3.124531923277447734e-02 1.248933246208041789e-02
2.280000000000077875e+01 3.293787653049930209e-02 1.426462220909347281e-02
2.290000000000078018e+01 3.475058931548014041e-02 1.641433725391154563e-02
2.300000000000078160e+01 3.666539170944736747e-02 1.903867313516667201e-02
2.310000000000078302e+01 3.863940880174835529e-02 2.226662048533079030e-02
2.320000000000078444e+01 4.058642033326641946e-02 2.626120175585539354e-02
2.330000000000078586e+01 4.234641672193825701e-02 3.122009014399796528e-02
2.340000000000078728e+01 4.363822979151520814e-02 3.736203822838458921e-02
2.350000000000078870e+01 4.399385168172478128e-02 4.487867886736573997e-02
2.360000000000079012e+01 4.269079791328988377e-02 5.381543403236170586e-02
2.370000000000079154e+01 3.874884691336986237e-02 6.383965353579987290e-02
2.380000000000079297e+01 3.114440598522720538e-02 7.391600513995098820e-02
2.390000000000079439e+01 1.941617389160724821e-02 8.212979755568443341e-02
2.400000000000079581e+01 4.493350059062863229e-03 8.616864886097262699e-02
2.410000000000079723e+01 -1.112348068812604729e-02 8.462559409104331021e-02
2.420000000000079865e+01 -2.453928560403515619e-02 7.805988634826910300e-02
2.430000000000080007e+01 -3.404573945891888748e-02 6.855447396272494609e-02
2.440000000000080149e+01 -3.955671095964320705e-02 5.832402184356148128e-02
2.450000000000080291e+01 -4.193793408557865143e-02 4.881213221398918861e-02
2.460000000000080433e+01 -4.223701924172842959e-02 4.063325951216896492e-02
2.470000000000080576e+01 -4.130285391992955663e-02 3.387910070011863894e-02
2.480000000000080718e+01 -3.971333416371686242e-02 2.840435364630554751e-02
2.490000000000080860e+01 -3.782637423981081298e-02 2.399348142684636434e-02
2.500000000000081002e+01 -3.585054465359649445e-02 2.043600085306860811e-02
2.510000000000081144e+01 -3.390124537170922936e-02 1.755252043641582910e-02
2.520000000000081286e+01 -3.203834412987754260e-02 1.519893559328521805e-02
2.530000000000081428e+01 -3.028955986188860972e-02 1.326257793713087746e-02
2.540000000000081570e+01 -2.866446051070338508e-02 1.165633306015127595e-02
2.550000000000081712e+01 -2.716267921846601471e-02 1.031301748889418453e-02
2.560000000000081855e+01 -2.577867754904366107e-02 9.180703375990985002e-03
2.570000000000081997e+01 -2.450447583451908704e-02 8.219056184104022583e-03
2.580000000000082139e+01 -2.333119447903775345e-02 7.396544759929940711e-03
2.590000000000082281e+01 -2.224990227219360295e-02 6.688342285853982744e-03
2.600000000000082423e+01 -2.125206238398680281e-02 6.074753508986058606e-03
2.610000000000082565e+01 -2.032974640629338012e-02 5.540035522419103214e-03
2.620000000000082707e+01 -1.947571640820706246e-02 5.071510547599693448e-03
2.630000000000082849e+01 -1.868343368256560749e-02 4.658894976402538045e-03
2.640000000000082991e+01 -1.794702855111394990e-02 4.293788856621543436e-03
2.650000000000083134e+01 -1.726125122893071295e-02 3.969284874727876944e-03
2.660000000000083276e+01 -1.662141523559048512e-02 3.679666803032162307e-03
2.670000000000083418e+01 -1.602333979143172327e-02 3.420175326762731581e-03
2.680000000000083560e+01 -1.546329465069944467e-02 3.186824943336063771e-03
2.690000000000083702e+01 -1.493794906853158216e-02 2.976259828716462403e-03
2.700000000000083844e+01 -1.444432558189948437e-02 2.785639632751641358e-03
2.710000000000083986e+01 -1.397975871041042505e-02 2.612548413681436889e-03
2.720000000000084128e+01 -1.354185837220409083e-02 2.454921578459566371e-03
2.730000000000084270e+01 -1.312847765644281454e-02 2.310986923196665498e-03
2.740000000000084412e+01 -1.273768453133104772e-02 2.179216783178317650e-03
2.750000000000084555e+01 -1.236773705591923296e-02 2.058288988284093582e-03
2.760000000000084697e+01 -1.201706168188029084e-02 1.947054837719869747e-03
2.770000000000084839e+01 -1.168423426308468939e-02 1.844512701217512849e-03
2.780000000000084981e+01 -1.136796342857101898e-02 1.749786154331186639e-03
2.790000000000085123e+01 -1.106707601316580560e-02 1.662105786286226542e-03
2.800000000000085265e+01 -1.078050427700461000e-02 1.580793997188410663e-03
2.810000000000085407e+01 -1.050727467958171950e-02 1.505252240068668396e-03
2.820000000000085549e+01 -1.024649800459156296e-02 1.434950271497195543e-03
2.830000000000085691e+01 -9.997360659196569133e-03 1.369417059598694196e-03
2.840000000000085834e+01 -9.759116995236818276e-03 1.308233065451929475e-03
2.850000000000085976e+01 -9.531082520593233201e-03 1.251023667113490296e-03
2.860000000000086118e+01 -9.312627887016703548e-03 1.197453538006842434e-03
2.870000000000086260e+01 -9.103173556111931672e-03 1.147221825393274696e-03
2.880000000000086402e+01 -8.902185058582721966e-03 1.100058002016895010e-03
2.890000000000086544e+01 -8.709168773301991656e-03 1.055718286110586155e-03
2.900000000000086686e+01 -8.523668162553231162e-03 1.013982542859896436e-03
2.910000000000086828e+01 -8.345260408349227874e-03 9.746515950440464695e-04
2.920000000000086970e+01 -8.173553401901177337e-03 9.375448824851856291e-04
2.930000000000087113e+01 -8.008183044624373956e-03 9.024984197469144770e-04
2.940000000000087255e+01 -7.848810824439104994e-03 8.693630095884839282e-04
2.950000000000087397e+01 -7.695121635706609828e-03 8.380026763377295459e-04
2.960000000000087539e+01 -7.546821815219314361e-03 8.082932888929210543e-04
2.970000000000087681e+01 -7.403637370034455573e-03 7.801213476469681185e-04
2.980000000000087823e+01 -7.265312375978697293e-03 7.533829134786493081e-04
2.990000000000087965e+01 -7.131607528234029311e-03 7.279826601693230271e-04
3.000000000000088107e+01 -7.002298827615519201e-03 7.038330342948972800e-04
3.010000000000088249e+01 -6.877176388170750353e-03 6.808535089298467600e-04
3.020000000000088392e+01 -6.756043353358808998e-03 6.589699194067689513e-04
3.030000000000088534e+01 -6.638714909589884736e-03 6.381138710093462937e-04
3.040000000000088676e+01 -6.525017387194797201e-03 6.182222098560821418e-04
3.050000000000088818e+01 -6.414787439985850624e-03 5.992365494005447591e-04
3.060000000000088960e+01 -6.307871295618218757e-03 5.811028459869036931e-04
3.070000000000089102e+01 -6.204124069770005842e-03 5.637710177466673288e-04
3.080000000000089244e+01 -6.103409137958645987e-03 5.471946018643783017e-04
3.090000000000089386e+01 -6.005597559479440746e-03 5.313304458711094530e-04
3.100000000000089528e+01 -5.910567548510947851e-03 5.161384291634093157e-04
3.110000000000089670e+01 -5.818203988004140396e-03 5.015812114231848074e-04
3.120000000000089813e+01 -5.728397982382739916e-03 4.876240050117791646e-04
3.130000000000089955e+01 -5.641046445522333690e-03 4.742343687686616845e-04
3.140000000000090097e+01 -5.556051720835533843e-03 4.613820209501879634e-04
3.150000000000090239e+01 -5.473321230583667353e-03 4.490386693054491908e-04
3.160000000000090381e+01 -5.392767151864739233e-03 4.371778565246133529e-04
3.170000000000090523e+01 -5.314306116937696917e-03 4.257748194907590720e-04
3.180000000000090665e+01 -5.237858935797285766e-03 4.148063609474172313e-04
3.190000000000090807e+01 -5.163350339114121043e-03 4.042507323487052120e-04
