-3.200000000000000000e+01 1.324193061707054642e-02 1.488957094054112543e-03
-3.189999999999999858e+01 1.334027953185002585e-02 1.506770182768748427e-03
-3.179999999999999716e+01 1.343979225184363177e-02 1.524885203131391611e-03
-3.169999999999999574e+01 1.354048817890899162e-02 1.543308905365652420e-03
-3.159999999999999432e+01 1.364238713873717687e-02 1.562048229207158804e-03
-3.149999999999999289e+01 1.374550939238185915e-02 1.581110310344047490e-03
-3.139999999999999147e+01 1.384987564818414285e-02 1.600502487118724438e-03
-3.129999999999999005e+01 1.395550707407990434e-02 1.620232307497762592e-03
-3.119999999999998863e+01 1.406242531031375032e-02 1.640307536324092695e-03
-3.109999999999998721e+01 1.417065248258508880e-02 1.660736162866540029e-03
-3.099999999999998579e+01 1.428021121561346557e-02 1.681526408675075145e-03
-3.089999999999998437e+01 1.439112464717912793e-02 1.702686735763713974e-03
-3.079999999999998295e+01 1.450341644262754040e-02 1.724225855130974080e-03
-3.069999999999998153e+01 1.461711080986600325e-02 1.746152735635904570e-03
-3.059999999999998010e+01 1.473223251488243665e-02 1.768476613248827099e-03
-3.049999999999997868e+01 1.484880689777540522e-02 1.791207000688815713e-03
-3.039999999999997726e+01 1.496685988935822151e-02 1.814353697474916250e-03
-3.029999999999997584e+01 1.508641802832820511e-02 1.837926800405204932e-03
-3.019999999999997442e+01 1.520750847903457742e-02 1.861936714486805890e-03
-3.009999999999997300e+01 1.533015904988043951e-02 1.886394164341469691e-03
-2.999999999999997158e+01 1.545439821235120373e-02 1.911310206103759976e-03
-2.989999999999997016e+01 1.558025512074001639e-02 1.936696239845530926e-03
-2.979999999999996874e+01 1.570775963256518248e-02 1.962564022546544901e-03
-2.969999999999996732e+01 1.583694232971937996e-02 1.988925681641217323e-03
-2.959999999999996589e+01 1.596783454039316444e-02 2.015793729173437875e-03
-2.949999999999996447e+01 1.610046836176948215e-02 2.043181076583457274e-03
-2.939999999999996305e+01 1.623487668356944635e-02 2.071101050169413867e-03
-2.929999999999996163e+01 1.637109321244943627e-02 2.099567407251307430e-03
-2.919999999999996021e+01 1.650915249729760503e-02 2.128594353076727723e-03
-2.909999999999995879e+01 1.664908995548126935e-02 2.158196558510285142e-03
-2.899999999999995737e+01 1.679094190004751241e-02 2.188389178540346789e-03
-2.889999999999995595e+01 1.693474556796979030e-02 2.219187871657685336e-03
-2.879999999999995453e+01 1.708053914944724153e-02 2.250608820144895869e-03
-2.869999999999995310e+01 1.722836181831551017e-02 2.282668751328705697e-03
-2.859999999999995168e+01 1.737825376363160562e-02 2.315384959850816642e-03
-2.849999999999995026e+01 1.753025622244389764e-02 2.348775331004366706e-03
-2.839999999999994884e+01 1.768441151385439364e-02 2.382858365207055421e-03
-2.829999999999994742e+01 1.784076307439005568e-02 2.417653203665284366e-03
-2.819999999999994600e+01 1.799935549475526267e-02 2.453179655299198795e-03
-2.809999999999994458e+01 1.816023455804265802e-02 2.489458225003289386e-03
-2.799999999999994316e+01 1.832344727942451096e-02 2.526510143308709124e-03
-2.789999999999994174e+01 1.848904194745096957e-02 2.564357397541007673e-03
-2.779999999999994031e+01 1.865706816698458129e-02 2.603022764549646224e-03
-2.769999999999993889e+01 1.882757690386097083e-02 2.642529845104058580e-03
-2.759999999999993747e+01 1.900062053137175494e-02 2.682903100057614475e-03
-2.749999999999993605e+01 1.917625287860691766e-02 2.724167888372837527e-03
-2.739999999999993463e+01 1.935452928080734145e-02 2.766350507133314394e-03
-2.729999999999993321e+01 1.953550663177404043e-02 2.809478233650134198e-03
-2.719999999999993179e+01 1.971924343844728977e-02 2.853579369792903948e-03
-2.709999999999993037e+01 1.990579987777575666e-02 2.898683288684720215e-03
-2.699999999999992895e+01 2.009523785593403389e-02 2.944820483893505463e-03
-2.689999999999992752e+01 2.028762107006959470e-02 2.992022621290297418e-03
-2.679999999999992610e+01 2.048301507264962615e-02 3.040322593727773793e-03
-2.669999999999992468e+01 2.068148733855077956e-02 3.089754578719796155e-03
-2.659999999999992326e+01 2.088310733504381705e-02 3.140354099316023870e-03
-2.649999999999992184e+01 2.108794659475969613e-02 3.192158088361003905e-03
-2.639999999999992042e+01 2.129607879185744373e-02 3.245204956373219998e-03
-2.629999999999991900e+01 2.150757982149614778e-02 3.299534663263929690e-03
-2.619999999999991758e+01 2.172252788279331603e-02 3.355188794150396753e-03
-2.609999999999991616e+01 2.194100356546333994e-02 3.412210639537429247e-03
-2.599999999999991473e+01 2.216308994026013404e-02 3.470645280140560555e-03
-2.589999999999991331e+01 2.238887265349524466e-02 3.530539676681272287e-03
-2.579999999999991189e+01 2.261844002577634988e-02 3.591942764972600767e-03
-2.569999999999991047e+01 2.285188315519961350e-02 3.654905556658768519e-03
-2.559999999999990905e+01 2.308929602524406252e-02 3.719481246000999261e-03
-2.549999999999990763e+01 2.333077561754225149e-02 3.785725323108218333e-03
-2.539999999999990621e+01 2.357642202986404492e-02 3.853695694083873573e-03
-2.529999999999990479e+01 2.382633859951463137e-02 3.923452808555157739e-03
-2.519999999999990337e+01 2.408063203244727862e-02 3.995059795111742529e-03
-2.509999999999990195e+01 2.433941253840890551e-02 4.068582605223866090e-03
-2.499999999999990052e+01 2.460279397235953097e-02 4.144090166228494090e-03
-2.489999999999989910e+01 2.487089398258495593e-02 4.221654544067144667e-03
-2.479999999999989768e+01 2.514383416577844685e-02 4.301351116467155497e-03
-2.469999999999989626e+01 2.542174022947650547e-02 4.383258757342348676e-03
-2.459999999999989484e+01 2.570474216225677663e-02 4.467460033254524489e-03
-2.449999999999989342e+01 2.599297441202403497e-02 4.554041412816663657e-03
-2.439999999999989200e+01 2.628657607290796339e-02 4.643093490047355172e-03
-2.429999999999989058e+01 2.658569108114160889e-02 4.734711222717218754e-03
-2.419999999999988916e+01 2.689046842041147717e-02 4.828994186848791295e-03
-2.409999999999988773e+01 2.720106233719781982e-02 4.926046848633116801e-03
-2.399999999999988631e+01 2.751763256653490253e-02 5.025978855101040713e-03
-2.389999999999988489e+01 2.784034456884012729e-02 5.128905345067619019e-03
-2.379999999999988347e+01 2.816936977829156627e-02 5.234947281939994999e-03
-2.369999999999988205e+01 2.850488586336862376e-02 5.344231810157877918e-03
-2.359999999999988063e+01 2.884707700019974869e-02 5.456892637197181817e-03
-2.349999999999987921e+01 2.919613415926326089e-02 5.573070443202357907e-03
-2.339999999999987779e+01 2.955225540622546249e-02 5.692913320575665806e-03
-2.329999999999987637e+01 2.991564621751097858e-02 5.816577245994799909e-03
-2.319999999999987494e+01 3.028651981134262983e-02 5.944226587603896467e-03
-2.309999999999987352e+01 3.066509749501442061e-02 6.076034650384348063e-03
-2.299999999999987210e+01 3.105160902904220699e-02 6.212184262950551025e-03
-2.289999999999987068e+01 3.144629300908730052e-02 6.352868409412991586e-03
-2.279999999999986926e+01 3.184939726632223661e-02 6.498290910219512925e-03
-2.269999999999986784e+01 3.226117928704509003e-02 6.648667156318054453e-03
-2.259999999999986642e+01 3.268190665235091996e-02 6.804224901416204042e-03
-2.249999999999986500e+01 3.311185749850498183e-02 6.965205117532687930e-03
-2.239999999999986358e+01 3.355132099890013875e-02 7.131862919659337496e-03
-2.229999999999986215e+01 3.400059786818118018e-02 7.304468565842723096e-03
-2.219999999999986073e+01 3.446000088921040427e-02 7.483308539699524801e-03
-2.209999999999985931e+01 3.492985546347911197e-02 7.668686723108589579e-03
-2.199999999999985789e+01 3.541050018529758037e-02 7.860925667563321839e-03
-2.189999999999985647e+01 3.590228744025460161e-02 8.060367973681061698e-03
-2.179999999999985505e+01 3.640558402797330895e-02 8.267377789255138040e-03
-2.169999999999985363e+01 3.692077180913612422e-02 8.482342437417848824e-03
-2.159999999999985221e+01 3.744824837648625532e-02 8.705674187737329206e-03
-2.149999999999985079e+01 3.798842774898149310e-02 8.937812184388296138e-03
-2.139999999999984936e+01 3.854174108818206324e-02 9.179224547235544790e-03
-2.129999999999984794e+01 3.910863743510722274e-02 9.430410663280954647e-03
-2.119999999999984652e+01 3.968958446534191775e-02 9.691903687958797545e-03
-2.109999999999984510e+01 4.028506925940540662e-02 9.964273277964921099e-03
-2.099999999999984368e+01 4.089559908423037737e-02 1.024812857966806573e-02
-2.089999999999984226e+01 4.152170218081607800e-02 1.054412150007795132e-02
-2.079999999999984084e+01 4.216392855134842854e-02 1.085295029027534032e-02
-2.069999999999983942e+01 4.282285073758916594e-02 1.117536347477895292e-02
-2.059999999999983800e+01 4.349906458028979239e-02 1.151216416423683428e-02
-2.049999999999983658e+01 4.419318994665421413e-02 1.186421479309495222e-02
-2.039999999999983515e+01 4.490587141028384160e-02 1.223244232902593633e-02
-2.029999999999983373e+01 4.563777886398236866e-02 1.261784400622683634e-02
-2.019999999999983231e+01 4.638960804163687335e-02 1.302149364101719102e-02
-2.009999999999983089e+01 4.716208092009287201e-02 1.344454859514663571e-02
-1.999999999999982947e+01 4.795594596524342668e-02 1.388825745988053577e-02
-1.989999999999982805e+01 4.877197817927102219e-02 1.435396854293525572e-02
-1.979999999999982663e+01 4.961097889612044870e-02 1.484313924985712456e-02
-1.969999999999982521e+01 5.047377526120026131e-02 1.535734646249430589e-02
-1.959999999999982379e+01 5.136121931759268094e-02 1.589829802937242284e-02
-1.949999999999982236e+01 5.227418660410554363e-02 1.646784549606747361e-02
-1.939999999999982094e+01 5.321357415090666176e-02 1.706799821888117449e-02
-1.929999999999981952e+01 5.418029773351998313e-02 1.770093902114961565e-02
-1.919999999999981810e+01 5.517528821668137712e-02 1.836904156954652020e-02
-1.909999999999981668e+01 5.619948678349927229e-02 1.907488966694354318e-02
-1.899999999999981526e+01 5.725383880189884034e-02 1.982129867907242091e-02
-1.889999999999981384e+01 5.833928602696260290e-02 2.061133933357163148e-02
-1.879999999999981242e+01 5.945675677407751686e-02 2.144836415261686113e-02
-1.869999999999981100e+01 6.060715361893734276e-02 2.233603680185274401e-02
-1.859999999999980957e+01 6.179133808576950382e-02 2.327836465920518627e-02
-1.849999999999980815e+01 6.301011166969003319e-02 2.427973492474116285e-02
-1.839999999999980673e+01 6.426419239838701558e-02 2.534495460440782874e-02
-1.829999999999980531e+01 6.555418596886961047e-02 2.647929470402705585e-02
-1.819999999999980389e+01 6.688055028795615586e-02 2.768853895819718691e-02
-1.809999999999980247e+01 6.824355199600343203e-02 2.897903738690541658e-02
-1.799999999999980105e+01 6.964321325221101144e-02 3.035776490978400050e-02
-1.789999999999979963e+01 7.107924669714361932e-02 3.183238514045653306e-02
-1.779999999999979821e+01 7.255097607549393368e-02 3.341131931489047663e-02
-1.769999999999979678e+01 7.405723948567931314e-02 3.510382005030911884e-02
-1.759999999999979536e+01 7.559627161535788231e-02 3.692004925435530410e-02
-1.749999999999979394e+01 7.716556061314414072e-02 3.887115896114475694e-02
-1.739999999999979252e+01 7.876167443277337643e-02 4.096937310124509207e-02
-1.729999999999979110e+01 8.038005057389972785e-02 4.322806714000696632e-02
-1.719999999999978968e+01 8.201474215073807639e-02 4.566184103593840665e-02
-1.709999999999978826e+01 8.365811219588892289e-02 4.828657895000228878e-02
-1.699999999999978684e+01 8.530046713778081935e-02 5.111948640970465085e-02
-1.689999999999978542e+01 8.692961962825618283e-02 5.417909199570575263e-02
-1.679999999999978400e+01 8.853037059306194390e-02 5.748519584061253379e-02
-1.669999999999978257e+01 9.008390091947018896e-02 6.105874104510979755e-02
-1.659999999999978115e+01 9.156706517857225724e-02 6.492157628217784526e-02
-1.649999999999977973e+01 9.295158407296284786e-02 6.909606819545513479e-02
-1.639999999999977831e+01 9.420314013696357014e-02 7.360451071288848235e-02
-1.629999999999977689e+01 9.528039427460566202e-02 7.846826549266086581e-02
-1.619999999999977547e+01 9.613396115452017832e-02 8.370655447839864260e-02
-1.609999999999977405e+01 9.670541185741379775e-02 8.933481422599980071e-02
-1.599999999999977263e+01 9.692641514343224018e-02 9.536251631351831681e-02
-1.589999999999977121e+01 9.671818627032637006e-02 1.017903653442532724e-01
-1.579999999999976978e+01 9.599148433469500974e-02 1.086068156340702223e-01
-1.569999999999976836e+01 9.464748096276501266e-02 1.157839128824839359e-01
-1.559999999999976694e+01 9.257990208589841896e-02 1.232725835359475691e-01
-1.549999999999976552e+01 8.967889539509393826e-02 1.309976762572297448e-01
-1.539999999999976410e+01 8.583705805012623036e-02 1.388533116279276336e-01
-1.529999999999976268e+01 8.095791666682658483e-02 1.466994002242358597e-01
-1.519999999999976126e+01 7.496682471222326782e-02 1.543604888026763045e-01
-1.509999999999975984e+01 6.782369350181520484e-02 1.616282807089279294e-01
-1.499999999999975842e+01 5.953622951167833466e-02 1.682690933091740282e-01
-1.489999999999975699e+01 5.017155324943631256e-02 1.740369987998556800e-01
-1.479999999999975557e+01 3.986349772531601332e-02 1.786923616374391233e-01
-1.469999999999975415e+01 2.881288371330556486e-02 1.820240448729755489e-01
-1.459999999999975273e+01 1.727893129954567036e-02 1.838720816303072159e-01
-1.449999999999975131e+01 5.561700773778412155e-03 1.841466724792168996e-01
-1.439999999999974989e+01 -6.022350239533829502e-03 1.828395170322286156e-01
-1.429999999999974847e+01 -1.716770429428529990e-02 1.800249053362103224e-01
-1.419999999999974705e+01 -2.760517973981065770e-02 1.758503141849493689e-01
-1.409999999999974563e+01 -3.712111930801902104e-02 1.705186653922789730e-01
-1.399999999999974420e+01 -4.556784985954651784e-02 1.642660503207332978e-01
-1.389999999999974278e+01 -5.286509345825501222e-02 1.573391305603305812e-01
-1.379999999999974136e+01 -5.899388350230876793e-02 1.499756710602147824e-01
-1.369999999999973994e+01 -6.398558975972598595e-02 1.423902453643941801e-01
-1.359999999999973852e+01 -6.790881243735094608e-02 1.347656659571344895e-01
-1.349999999999973710e+01 -7.085641534352907223e-02 1.272495604033523908e-01
-1.339999999999973568e+01 -7.293418910845606007e-02 1.199548953348616998e-01
-1.329999999999973426e+01 -7.425186537414849020e-02 1.129630916752962649e-01
-1.319999999999973284e+01 -7.491660941603850432e-02 1.063285201236564143e-01
-1.309999999999973141e+01 -7.502874856969452000e-02 1.000834531960591439e-01
-1.299999999999972999e+01 -7.467931865670957015e-02 9.424285936611054293e-02
-1.289999999999972857e+01 -7.394897229165178776e-02 8.880868956282175763e-02
-1.279999999999972715e+01 -7.290783372621995051e-02 8.377350224983100280e-02
-1.269999999999972573e+01 -7.161596062628503012e-02 7.912340192969000152e-02
-1.259999999999972431e+01 -7.012415580138463278e-02 7.484034018418997403e-02
-1.249999999999972289e+01 -6.847494650835289631e-02 7.090386396638256872e-02
-1.239999999999972147e+01 -6.670360955313853202e-02 6.729240667823695177e-02
-1.229999999999972005e+01 -6.483916621404380021e-02 6.398421412440266631e-02
-1.219999999999971863e+01 -6.290530372401251236e-02 6.095798692966524629e-02
-1.209999999999971720e+01 -6.092120227644241826e-02 5.819330793005730862e-02
-1.199999999999971578e+01 -5.890226087808196620e-02 5.567090995958932226e-02
-1.189999999999971436e+01 -5.686072411539075389e-02 5.337282763895437321e-02
-1.179999999999971294e+01 -5.480621679738913871e-02 5.128246673253574611e-02
-1.169999999999971152e+01 -5.274619581006943780e-02 4.938461645145071632e-02
-1.159999999999971010e+01 -5.068632929698822093e-02 4.766542358635780102e-02
-1.149999999999970868e+01 -4.863081311286735625e-02 4.611234231718969873e-02
-1.139999999999970726e+01 -4.658263380834818529e-02 4.471406970720233354e-02
-1.129999999999970584e+01 -4.454378646521828244e-02 4.346047400126833854e-02
-1.119999999999970441e+01 -4.251545468597413280e-02 4.234252070747345637e-02
-1.109999999999970299e+01 -4.049815904377285919e-02 4.135219986986384683e-02
-1.099999999999970157e+01 -3.849187937514611524e-02 4.048245680273908353e-02
-1.089999999999970015e+01 -3.649615547343079691e-02 3.972712774434984662e-02
-1.079999999999969873e+01 -3.451017002086755742e-02 3.908088131569031898e-02
-1.069999999999969731e+01 -3.253281698429989766e-02 3.853916627714852605e-02
-1.059999999999969589e+01 -3.056275818155719526e-02 3.809816581217695397e-02
-1.049999999999969447e+01 -2.859847029617293424e-02 3.775475839881669432e-02
-1.039999999999969305e+01 -2.663828426699713092e-02 3.750648523014320224e-02
-1.029999999999969162e+01 -2.468041869428906632e-02 3.735152409365579546e-02
-1.019999999999969020e+01 -2.272300868098465348e-02 3.728866960409385478e-02
-1.009999999999968878e+01 -2.076413135534566773e-02 3.731731969273281713e-02
-9.999999999999687361e+00 -1.880182919601165042e-02 3.743746828199320809e-02
-9.899999999999685940e+00 -1.683413219821818657e-02 3.764970411119860499e-02
-9.799999999999684519e+00 -1.485907987499661409e-02 3.795521572336742894e-02
-9.699999999999683098e+00 -1.287474408241316010e-02 3.835580267041823616e-02
-9.599999999999681677e+00 -1.087925368869617493e-02 3.885389304200583677e-02
-9.499999999999680256e+00 -8.870822177286095955e-03 3.945256746825459571e-02
-9.399999999999678835e+00 -6.847779386049454575e-03 4.015558978492043962e-02
-9.299999999999677414e+00 -4.808608740456500608e-03 4.096744457719365962e-02
-9.199999999999675993e+00 -2.751991547566383367e-03 4.189338182824816487e-02
-9.099999999999674571e+00 -6.768601828570502965e-04 4.293946888364535974e-02
-8.999999999999673150e+00 1.417537665197185492e-03 4.411264989101675027e-02
-8.899999999999671729e+00 3.531561116896231312e-03 4.542081277026201180e-02
-8.799999999999670308e+00 5.665081515476282081e-03 4.687286359327275109e-02
-8.699999999999668887e+00 7.817367457233548311e-03 4.847880797280833265e-02
-8.599999999999667466e+00 9.986945046454524799e-03 5.024983864107726572e-02
-8.499999999999666045e+00 1.217142814348051716e-02 5.219842778627228203e-02
-8.399999999999664624e+00 1.436731240189436515e-02 5.433842183948952437e-02
-8.299999999999663203e+00 1.656972579320398209e-02 5.668513517551460046e-02
-8.199999999999661782e+00 1.877212711024128095e-02 5.925543748435883884e-02
-8.099999999999660361e+00 2.096594267817221413e-02 6.206782723505912397e-02
-7.999999999999658939e+00 2.314013027740774442e-02 6.514248049111918959e-02
-7.899999999999657518e+00 2.528065826403833039e-02 6.850126010662808962e-02
-7.799999999999656097e+00 2.736988734175180293e-02 7.216766475309883966e-02
-7.699999999999654676e+00 2.938584282972345196e-02 7.616668997643463723e-02
-7.599999999999653255e+00 3.130136726125952451e-02 8.052456425108511784e-02
-7.499999999999651834e+00 3.308314772935574272e-02 8.526831153244404660e-02
-7.399999999999650413e+00 3.469062098856762200e-02 9.042507805370196550e-02
-7.299999999999648992e+00 3.607477388044593586e-02 9.602114543445001982e-02
-7.199999999999647571e+00 3.717687971210200532e-02 1.020805356778877460e-01
-7.099999999999646150e+00 3.792724587465080149e-02 1.086230987581307539e-01
-6.999999999999644729e+00 3.824409755804860506e-02 1.156619646814760066e-01
-6.899999999999643308e+00 3.803278967175977021e-02 1.232002465346547365e-01
-6.799999999999641886e+00 3.718562465828483682e-02 1.312269103597771547e-01
-6.699999999999640465e+00 3.558265357063738338e-02 1.397117972435058808e-01
-6.599999999999639044e+00 3.309393839832997647e-02 1.485999117028944105e-01
-6.499999999999637623e+00 2.958382785208173160e-02 1.578052967849853938e-01
-6.399999999999636202e+00 2.491780050799535795e-02 1.672051098137913028e-01
-6.299999999999634781e+00 1.897229283766270480e-02 1.766348792309585802e-01
-6.199999999999633360e+00 1.164758021590471537e-02 1.858863045226321342e-01
-6.099999999999631939e+00 2.883159880210713066e-03 1.947092377489068604e-01
-5.999999999999630518e+00 -7.325792876426533151e-03 2.028194733260391958e-01
-5.899999999999629097e+00 -1.891332093360423294e-02 2.099134645933557197e-01
-5.799999999999627676e+00 -3.173217073295651891e-02 2.156899444858881576e-01
-5.699999999999626255e+00 -4.555129802571461495e-02 2.198767249592488149e-01
-5.599999999999624833e+00 -6.006400743708577294e-02 2.222590751572983692e-01
-5.499999999999623412e+00 -7.490740282936728112e-02 2.227047077447854573e-01
-5.399999999999621991e+00 -8.969116254477706163e-02 2.211802513051604469e-01
-5.299999999999620570e+00 -1.040311291223823265e-01 2.177555128042770460e-01
-5.199999999999619149e+00 -1.175818047592838977e-01 2.125945361427140634e-01
-5.099999999999617728e+00 -1.300621668156870525e-01 2.059355241188721153e-01
-4.999999999999616307e+00 -1.412711219375700766e-01 1.980640125172783428e-01
-4.899999999999614886e+00 -1.510916099014866232e-01 1.892845390889686674e-01
-4.799999999999613465e+00 -1.594848485681160111e-01 1.798953903217112016e-01
-4.699999999999612044e+00 -1.664777609014378990e-01 1.701693684310991439e-01
-4.599999999999610623e+00 -1.721470445616076206e-01 1.603416423857297046e-01
-4.499999999999609201e+00 -1.766028754494353148e-01 1.506042195683913731e-01
-4.399999999999607780e+00 -1.799743132529219303e-01 1.411056674826219326e-01
-4.299999999999606359e+00 -1.823974967979755113e-01 1.319544079323965724e-01
-4.199999999999604938e+00 -1.840069244467754106e-01 1.232240223583569716e-01
-4.099999999999603517e+00 -1.849295964589348640e-01 1.149593395541135543e-01
-3.999999999999602096e+00 -1.852815319589574128e-01 1.071824634155005146e-01
-3.899999999999600675e+00 -1.851660951017392032e-01 9.989824249845083437e-02
-3.799999999999599254e+00 -1.846735994897433231e-01 9.309894524033744678e-02
-3.699999999999597833e+00 -1.838817478969161923e-01 8.676808122088285058e-02
-3.599999999999596412e+00 -1.828565669280193262e-01 8.088341391936935965e-02
-3.499999999999594991e+00 -1.816535917880974793e-01 7.541926341967269964e-02
-3.399999999999593570e+00 -1.803191354670463098e-01 7.034821636496546571e-02
-3.299999999999592148e+00 -1.788915372918911395e-01 6.564235916018175410e-02
-3.199999999999590727e+00 -1.774023296223615764e-01 6.127413873846127013e-02
-3.099999999999589306e+00 -1.758772915624778888e-01 5.721693935244862028e-02
-2.999999999999587885e+00 -1.743373782290039142e-01 5.344544744830062588e-02
-2.899999999999586464e+00 -1.727995262657958664e-01 4.993586160374197114e-02
-2.799999999999585043e+00 -1.712773432463922108e-01 4.666599155174254443e-02
-2.699999999999583622e+00 -1.697816921170776927e-01 4.361527965368613979e-02
-2.599999999999582201e+00 -1.683211831489556942e-01 4.076476967616093905e-02
-2.499999999999580780e+00 -1.669025858575950982e-01 3.809704108434341929e-02
-2.399999999999579359e+00 -1.655311725894379471e-01 3.559612196806843931e-02
-2.299999999999577938e+00 -1.642110043341830639e-01 3.324738985174436473e-02
-2.199999999999576517e+00 -1.629451680328505569e-01 3.103746674251418869e-02
-2.099999999999575095e+00 -1.617359733394574950e-01 2.895411261208334641e-02
-1.999999999999573674e+00 -1.605851155281088072e-01 2.698611991283438039e-02
-1.899999999999572253e+00 -1.594938100400287717e-01 2.512321056312156325e-02
-1.799999999999570832e+00 -1.584629030314535780e-01 2.335593600266562542e-02
-1.699999999999569411e+00 -1.574929611972407939e-01 2.167558036490713907e-02
-1.599999999999567990e+00 -1.565843430805252401e-01 2.007406651603443198e-02
-1.499999999999566569e+00 -1.557372530232151997e-01 1.854386469482851435e-02
-1.399999999999565148e+00 -1.549517778794194112e-01 1.707790381533624141e-02
-1.299999999999563727e+00 -1.542279056737159981e-01 1.566948626048721843e-02
-1.199999999999562306e+00 -1.535655247066302076e-01 1.431220831177919955e-02
-1.099999999999560885e+00 -1.529644014919047668e-01 1.299989029132792712e-02
-9.999999999995594635e-01 -1.524241368201670055e-01 1.172652296104122194e-02
-8.999999999995580424e-01 -1.519441017691209872e-01 1.048623934204809954e-02
-7.999999999995566213e-01 -1.515233601587507306e-01 9.273322995092890542e-03
-6.999999999995552002e-01 -1.511605908866604508e-01 8.082263427606359296e-03
-5.999999999995537792e-01 -1.508540318394168134e-01 6.907864676784808422e-03
-4.999999999995523581e-01 -1.506014740650239436e-01 5.745402517296577249e-03
-3.999999999995509370e-01 -1.504003362228825413e-01 4.590809070932004576e-03
-2.999999999995495159e-01 -1.502478399696609013e-01 3.440844175963166107e-03
-1.999999999995480948e-01 -1.501412840969330587e-01 2.293198298448956285e-03
-9.999999999954667373e-02 -1.500783821224086489e-01 1.146472077661254974e-03
4.547473508864641190e-13 -1.500575958427995404e-01 0.000000000000000000e+00
1.000000000004561684e-01 -1.500783821224086489e-01 -1.146472077661254974e-03
2.000000000004575895e-01 -1.501412840969346130e-01 -2.293198298469821539e-03
3.000000000004590106e-01 -1.502478399696632883e-01 -3.440844175984052178e-03
4.000000000004604317e-01 -1.504003362228825413e-01 -4.590809070932004576e-03
5.000000000004618528e-01 -1.506014740650239436e-01 -5.745402517296577249e-03
6.000000000004632739e-01 -1.508540318394168134e-01 -6.907864676784808422e-03
7.000000000004646949e-01 -1.511605908866665293e-01 -8.082263427627855989e-03
8.000000000004661160e-01 -1.515233601587578360e-01 -9.273322995114754996e-03
9.000000000004675371e-01 -1.519441017691209872e-01 -1.048623934204809954e-02
1.000000000000468958e+00 -1.524241368201670055e-01 -1.172652296104122194e-02
1.100000000000470379e+00 -1.529644014919047668e-01 -1.299989029132792712e-02
1.200000000000471800e+00 -1.535655247066416984e-01 -1.431220831180345793e-02
1.300000000000473221e+00 -1.542279056737285714e-01 -1.566948626051235111e-02
1.400000000000474643e+00 -1.549517778794194112e-01 -1.707790381533624141e-02
1.500000000000476064e+00 -1.557372530232151997e-01 -1.854386469482851435e-02
1.600000000000477485e+00 -1.565843430805252401e-01 -2.007406651603443198e-02
1.700000000000478906e+00 -1.574929611972578913e-01 -2.167558036493695550e-02
1.800000000000480327e+00 -1.584629030314717579e-01 -2.335593600269697187e-02
1.900000000000481748e+00 -1.594938100400287717e-01 -2.512321056312156325e-02
2.000000000000483169e+00 -1.605851155281088072e-01 -2.698611991283438039e-02
2.100000000000484590e+00 -1.617359733394574950e-01 -2.895411261208334641e-02
2.200000000000486011e+00 -1.629451680328731222e-01 -3.103746674255319915e-02
2.300000000000487432e+00 -1.642110043342065728e-01 -3.324738985178578299e-02
2.400000000000488853e+00 -1.655311725894379471e-01 -3.559612196806843931e-02
2.500000000000490274e+00 -1.669025858575950982e-01 -3.809704108434341929e-02
2.600000000000491696e+00 -1.683211831489556942e-01 -4.076476967616093905e-02
2.700000000000493117e+00 -1.697816921171045879e-01 -4.361527965373976357e-02
2.800000000000494538e+00 -1.712773432464196888e-01 -4.666599155179997072e-02
2.900000000000495959e+00 -1.727995262657958664e-01 -4.993586160374197114e-02
3.000000000000497380e+00 -1.743373782290039142e-01 -5.344544744830062588e-02
3.100000000000498801e+00 -1.758772915624778888e-01 -5.721693935244862028e-02
3.200000000000500222e+00 -1.774023296223890545e-01 -6.127413873853782000e-02
3.300000000000501643e+00 -1.788915372919177571e-01 -6.564235916026420203e-02
3.400000000000503064e+00 -1.803191354670463098e-01 -7.034821636496546571e-02
3.500000000000504485e+00 -1.816535917880974793e-01 -7.541926341967269964e-02
3.600000000000505906e+00 -1.828565669280193262e-01 -8.088341391936935965e-02
3.700000000000507328e+00 -1.838817478969329011e-01 -8.676808122099387288e-02
3.800000000000508749e+00 -1.846735994897552302e-01 -9.309894524045679576e-02
3.900000000000510170e+00 -1.851660951017392032e-01 -9.989824249845083437e-02
4.000000000000511591e+00 -1.852815319589574128e-01 -1.071824634155005146e-01
4.100000000000513012e+00 -1.849295964589348640e-01 -1.149593395541135543e-01
4.200000000000514433e+00 -1.840069244467527343e-01 -1.232240223585116118e-01
4.300000000000515854e+00 -1.823974967979392348e-01 -1.319544079325593311e-01
4.400000000000517275e+00 -1.799743132529219303e-01 -1.411056674826219326e-01
4.500000000000518696e+00 -1.766028754494353148e-01 -1.506042195683913731e-01
4.600000000000520117e+00 -1.721470445616076206e-01 -1.603416423857297046e-01
4.700000000000521538e+00 -1.664777609013230741e-01 -1.701693684312776400e-01
4.800000000000522959e+00 -1.594848485679762617e-01 -1.798953903218858674e-01
4.900000000000524381e+00 -1.510916099014866232e-01 -1.892845390889686674e-01
5.000000000000525802e+00 -1.412711219375700766e-01 -1.980640125172783428e-01
5.100000000000527223e+00 -1.300621668156870525e-01 -2.059355241188721153e-01
5.200000000000528644e+00 -1.175818047590464210e-01 -2.125945361428223657e-01
5.300000000000530065e+00 -1.040311291221276968e-01 -2.177555128043557886e-01
5.400000000000531486e+00 -8.969116254477706163e-02 -2.211802513051604469e-01
5.500000000000532907e+00 -7.490740282936728112e-02 -2.227047077447854573e-01
5.600000000000534328e+00 -6.006400743708577294e-02 -2.222590751572983692e-01
5.700000000000535749e+00 -4.555129802545591911e-02 -2.198767249591884743e-01
5.800000000000537170e+00 -3.173217073271342170e-02 -2.156899444857967585e-01
5.900000000000538591e+00 -1.891332093360423294e-02 -2.099134645933557197e-01
6.000000000000540012e+00 -7.325792876426533151e-03 -2.028194733260391958e-01
6.100000000000541434e+00 2.883159880210713066e-03 -1.947092377489068604e-01
6.200000000000542855e+00 1.164758021605093175e-02 -1.858863045224669885e-01
6.300000000000544276e+00 1.897229283778312237e-02 -1.766348792307879667e-01
6.400000000000545697e+00 2.491780050799535795e-02 -1.672051098137913028e-01
6.500000000000547118e+00 2.958382785208173160e-02 -1.578052967849853938e-01
6.600000000000548539e+00 3.309393839832997647e-02 -1.485999117028944105e-01
6.700000000000549960e+00 3.558265357067419421e-02 -1.397117972433476740e-01
6.800000000000551381e+00 3.718562465830675678e-02 -1.312269103596268582e-01
6.900000000000552802e+00 3.803278967176907527e-02 -1.232002465345131276e-01
7.000000000000554223e+00 3.824409755804860506e-02 -1.156619646814760066e-01
7.100000000000555644e+00 3.792724587465080149e-02 -1.086230987581307539e-01
7.200000000000557066e+00 3.717687971208492870e-02 -1.020805356777732126e-01
7.300000000000558487e+00 3.607477388042314159e-02 -9.602114543434407679e-02
7.400000000000559908e+00 3.469062098854024112e-02 -9.042507805360421036e-02
7.500000000000561329e+00 3.308314772935574272e-02 -8.526831153244404660e-02
7.600000000000562750e+00 3.130136726125952451e-02 -8.052456425108511784e-02
7.700000000000564171e+00 2.938584282968761952e-02 -7.616668997635869798e-02
7.800000000000565592e+00 2.736988734171441617e-02 -7.216766475302921480e-02
7.900000000000567013e+00 2.528065826399980565e-02 -6.850126010656425180e-02
8.000000000000568434e+00 2.314013027740774442e-02 -6.514248049111918959e-02
8.100000000000569855e+00 2.096594267817221413e-02 -6.206782723505912397e-02
8.200000000000571276e+00 1.877212711020127128e-02 -5.925543748430993352e-02
8.300000000000572697e+00 1.656972579316390998e-02 -5.668513517546994868e-02
8.400000000000574119e+00 1.436731240185434161e-02 -5.433842183944877224e-02
8.500000000000575540e+00 1.217142814348051716e-02 -5.219842778627228203e-02
8.600000000000576961e+00 9.986945046454524799e-03 -5.024983864107726572e-02
8.700000000000578382e+00 7.817367457194239477e-03 -4.847880797277764886e-02
8.800000000000579803e+00 5.665081515437278559e-03 -4.687286359324496776e-02
8.900000000000581224e+00 3.531561116857595550e-03 -4.542081277023693464e-02
9.000000000000582645e+00 1.417537665197185492e-03 -4.411264989101675027e-02
9.100000000000584066e+00 -6.768601828570502965e-04 -4.293946888364535974e-02
9.200000000000585487e+00 -2.751991547603985233e-03 -4.189338182823025558e-02
9.300000000000586908e+00 -4.808608740493748590e-03 -4.096744457717788057e-02
9.400000000000588329e+00 -6.847779386086383369e-03 -4.015558978490667286e-02
9.500000000000589750e+00 -8.870822177286095955e-03 -3.945256746825459571e-02
9.600000000000591172e+00 -1.087925368869617493e-02 -3.885389304200583677e-02
9.700000000000592593e+00 -1.287474408244935337e-02 -3.835580267041008296e-02
9.800000000000594014e+00 -1.485907987503262695e-02 -3.795521572336101046e-02
9.900000000000595435e+00 -1.683413219825403290e-02 -3.764970411119390736e-02
1.000000000000059686e+01 -1.880182919601165042e-02 -3.743746828199320809e-02
1.010000000000059828e+01 -2.076413135534566773e-02 -3.731731969273281713e-02
1.020000000000059970e+01 -2.272300868102027083e-02 -3.728866960409416703e-02
1.030000000000060112e+01 -2.468041869432467672e-02 -3.735152409365778692e-02
1.040000000000060254e+01 -2.663828426703276214e-02 -3.750648523014686597e-02
1.050000000000060396e+01 -2.859847029617293424e-02 -3.775475839881669432e-02
1.060000000000060538e+01 -3.056275818155719526e-02 -3.809816581217695397e-02
1.070000000000060680e+01 -3.253281698433578562e-02 -3.853916627715745641e-02
1.080000000000060822e+01 -3.451017002090361191e-02 -3.908088131570110202e-02
1.090000000000060965e+01 -3.649615547346700406e-02 -3.972712774436257949e-02
1.100000000000061107e+01 -3.849187937514611524e-02 -4.048245680273908353e-02
1.110000000000061249e+01 -4.049815904377285919e-02 -4.135219986986384683e-02
1.120000000000061391e+01 -4.251545468601092975e-02 -4.234252070749260077e-02
1.130000000000061533e+01 -4.454378646525527369e-02 -4.346047400128986993e-02
1.140000000000061675e+01 -4.658263380838536388e-02 -4.471406970722642538e-02
1.150000000000061817e+01 -4.863081311286735625e-02 -4.611234231718969873e-02
1.160000000000061959e+01 -5.068632929698822093e-02 -4.766542358635780102e-02
1.170000000000062101e+01 -5.274619581010692865e-02 -4.938461645148357199e-02
1.180000000000062244e+01 -5.480621679742658792e-02 -5.128246673257198102e-02
1.190000000000062386e+01 -5.686072411542803656e-02 -5.337282763899422328e-02
1.200000000000062528e+01 -5.890226087808196620e-02 -5.567090995958932226e-02
1.210000000000062670e+01 -6.092120227644241826e-02 -5.819330793005730862e-02
1.220000000000062812e+01 -6.290530372404817827e-02 -6.095798692971785698e-02
1.230000000000062954e+01 -6.483916621407839753e-02 -6.398421412446023138e-02
1.240000000000063096e+01 -6.670360955317167218e-02 -6.729240667829980427e-02
1.250000000000063238e+01 -6.847494650835289631e-02 -7.090386396638256872e-02
1.260000000000063380e+01 -7.012415580138463278e-02 -7.484034018418997403e-02
1.270000000000063523e+01 -7.161596062631048198e-02 -7.912340192977118658e-02
1.280000000000063665e+01 -7.290783372624135006e-02 -8.377350224991905736e-02
1.290000000000063807e+01 -7.394897229166809416e-02 -8.880868956291691763e-02
1.300000000000063949e+01 -7.467931865670957015e-02 -9.424285936611054293e-02
1.310000000000064091e+01 -7.502874856969452000e-02 -1.000834531960591439e-01
1.320000000000064233e+01 -7.491660941603173196e-02 -1.063285201237736399e-01
1.330000000000064375e+01 -7.425186537413078214e-02 -1.129630916754203185e-01
1.340000000000064517e+01 -7.293418910842552894e-02 -1.199548953349918456e-01
1.350000000000064659e+01 -7.085641534352907223e-02 -1.272495604033523908e-01
1.360000000000064801e+01 -6.790881243735094608e-02 -1.347656659571344895e-01
1.370000000000064944e+01 -6.398558975964513396e-02 -1.423902453645330135e-01
1.380000000000065086e+01 -5.899388350220779315e-02 -1.499756710603513399e-01
1.390000000000065228e+01 -5.286509345813292238e-02 -1.573391305604612544e-01
1.400000000000065370e+01 -4.556784985954651784e-02 -1.642660503207332978e-01
1.410000000000065512e+01 -3.712111930801902104e-02 -1.705186653922789730e-01
1.420000000000065654e+01 -2.760517973962863664e-02 -1.758503141850365492e-01
1.430000000000065796e+01 -1.716770429408825960e-02 -1.800249053362744101e-01
1.440000000000065938e+01 -6.022350239326231675e-03 -1.828395170322664187e-01
1.450000000000066080e+01 5.561700773778412155e-03 -1.841466724792168996e-01
1.460000000000066223e+01 1.727893129954567036e-02 -1.838720816303072159e-01
1.470000000000066365e+01 2.881288371351183042e-02 -1.820240448729280591e-01
1.480000000000066507e+01 3.986349772551095461e-02 -1.786923616373659596e-01
1.490000000000066649e+01 5.017155324961573848e-02 -1.740369987997601453e-01
1.500000000000066791e+01 5.953622951167833466e-02 -1.682690933091740282e-01
1.510000000000066933e+01 6.782369350181520484e-02 -1.616282807089279294e-01
1.520000000000067075e+01 7.496682471234267231e-02 -1.543604888025398303e-01
1.530000000000067217e+01 8.095791666692525590e-02 -1.466994002240942785e-01
1.540000000000067359e+01 8.583705805020527824e-02 -1.388533116277843316e-01
1.550000000000067502e+01 8.967889539509393826e-02 -1.309976762572297448e-01
1.560000000000067644e+01 9.257990208589841896e-02 -1.232725835359475691e-01
1.570000000000067786e+01 9.464748096279572420e-02 -1.157839128823503760e-01
1.580000000000067928e+01 9.599148433471352271e-02 -1.086068156339428381e-01
1.590000000000068070e+01 9.671818627033459959e-02 -1.017903653441327716e-01
1.600000000000068212e+01 9.692641514343224018e-02 -9.536251631351831681e-02
1.610000000000068354e+01 9.670541185741379775e-02 -8.933481422599980071e-02
1.620000000000068496e+01 9.613396115450703605e-02 -8.370655447829986051e-02
1.630000000000068638e+01 9.528039427458792621e-02 -7.846826549256903649e-02
1.640000000000068781e+01 9.420314013694225386e-02 -7.360451071280330049e-02
1.650000000000068923e+01 9.295158407296284786e-02 -6.909606819545513479e-02
1.660000000000069065e+01 9.156706517857225724e-02 -6.492157628217784526e-02
1.670000000000069207e+01 9.008390091944250277e-02 -6.105874104504223354e-02
1.680000000000069349e+01 8.853037059303317524e-02 -5.748519584055002823e-02
1.690000000000069491e+01 8.692961962822676192e-02 -5.417909199564791001e-02
1.700000000000069633e+01 8.530046713778081935e-02 -5.111948640970465085e-02
1.710000000000069775e+01 8.365811219588892289e-02 -4.828657895000228878e-02
1.720000000000069917e+01 8.201474215070822527e-02 -4.566184103589244342e-02
1.730000000000070060e+01 8.038005057387012653e-02 -4.322806713996433375e-02
1.740000000000070202e+01 7.876167443274412205e-02 -4.096937310120549874e-02
1.750000000000070344e+01 7.716556061314414072e-02 -3.887115896114475694e-02
1.760000000000070486e+01 7.559627161535788231e-02 -3.692004925435530410e-02
1.770000000000070628e+01 7.405723948565159920e-02 -3.510382005027724156e-02
1.780000000000070770e+01 7.255097607546683036e-02 -3.341131931486074347e-02
1.790000000000070912e+01 7.107924669711718213e-02 -3.183238514042878442e-02
1.800000000000071054e+01 6.964321325221101144e-02 -3.035776490978400050e-02
1.810000000000071196e+01 6.824355199600343203e-02 -2.897903738690541658e-02
1.820000000000071338e+01 6.688055028793171708e-02 -2.768853895817447244e-02
1.830000000000071481e+01 6.555418596884582394e-02 -2.647929470400575691e-02
1.840000000000071623e+01 6.426419239836389519e-02 -2.534495460438784820e-02
1.850000000000071765e+01 6.301011166969003319e-02 -2.427973492474116285e-02
1.860000000000071907e+01 6.179133808576950382e-02 -2.327836465920518627e-02
1.870000000000072049e+01 6.060715361891612363e-02 -2.233603680183611148e-02
1.880000000000072191e+01 5.945675677405690834e-02 -2.144836415260118270e-02
1.890000000000072333e+01 5.833928602694256338e-02 -2.061133933355684816e-02
1.900000000000072475e+01 5.725383880189884034e-02 -1.982129867907242091e-02
1.910000000000072617e+01 5.619948678349927229e-02 -1.907488966694354318e-02
1.920000000000072760e+01 5.517528821666300293e-02 -1.836904156953402673e-02
1.930000000000072902e+01 5.418029773350215017e-02 -1.770093902113778830e-02
1.940000000000073044e+01 5.321357415088932841e-02 -1.706799821886996818e-02
1.950000000000073186e+01 5.227418660410554363e-02 -1.646784549606747361e-02
1.960000000000073328e+01 5.136121931759268094e-02 -1.589829802937242284e-02
1.970000000000073470e+01 5.047377526120026131e-02 -1.535734646249430589e-02
1.980000000000073612e+01 4.961097889610496803e-02 -1.484313924984800685e-02
1.990000000000073754e+01 4.877197817925596479e-02 -1.435396854292657690e-02
2.000000000000073896e+01 4.795594596524342668e-02 -1.388825745988053577e-02
2.010000000000074039e+01 4.716208092009287201e-02 -1.344454859514663571e-02
2.020000000000074181e+01 4.638960804163687335e-02 -1.302149364101719102e-02
2.030000000000074323e+01 4.563777886396887945e-02 -1.261784400621966500e-02
2.040000000000074465e+01 4.490587141027071322e-02 -1.223244232901908590e-02
2.050000000000074607e+01 4.419318994665421413e-02 -1.186421479309495222e-02
2.060000000000074749e+01 4.349906458028979239e-02 -1.151216416423683428e-02
2.070000000000074891e+01 4.282285073758916594e-02 -1.117536347477895292e-02
2.080000000000075033e+01 4.216392855133659079e-02 -1.085295029026960185e-02
2.090000000000075175e+01 4.152170218080454556e-02 -1.054412150007245051e-02
2.100000000000075318e+01 4.089559908423037737e-02 -1.024812857966806573e-02
2.110000000000075460e+01 4.028506925940540662e-02 -9.964273277964921099e-03
2.120000000000075602e+01 3.968958446534191775e-02 -9.691903687958797545e-03
2.130000000000075744e+01 3.910863743509679358e-02 -9.430410663276293445e-03
2.140000000000075886e+01 3.854174108817187694e-02 -9.179224547231065734e-03
2.150000000000076028e+01 3.798842774898149310e-02 -8.937812184388296138e-03
2.160000000000076170e+01 3.744824837648625532e-02 -8.705674187737329206e-03
2.170000000000076312e+01 3.692077180913612422e-02 -8.482342437417848824e-03
2.180000000000076454e+01 3.640558402796404552e-02 -8.267377789251302567e-03
2.190000000000076597e+01 3.590228744024556023e-02 -8.060367973677365003e-03
2.200000000000076739e+01 3.541050018529758037e-02 -7.860925667563321839e-03
2.210000000000076881e+01 3.492985546347911197e-02 -7.668686723108589579e-03
2.220000000000077023e+01 3.446000088921040427e-02 -7.483308539699524801e-03
2.230000000000077165e+01 3.400059786817292290e-02 -7.304468565839531205e-03
2.240000000000077307e+01 3.355132099889206188e-02 -7.131862919656254893e-03
2.250000000000077449e+01 3.311185749850498183e-02 -6.965205117532687930e-03
2.260000000000077591e+01 3.268190665235091996e-02 -6.804224901416204042e-03
2.270000000000077733e+01 3.226117928704509003e-02 -6.648667156318054453e-03
2.280000000000077875e+01 3.184939726631482587e-02 -6.498290910216823237e-03
2.290000000000078018e+01 3.144629300908004244e-02 -6.352868409410390368e-03
2.300000000000078160e+01 3.105160902904220699e-02 -6.212184262950551025e-03
2.310000000000078302e+01 3.066509749501442061e-02 -6.076034650384348063e-03
2.320000000000078444e+01 3.028651981134262983e-02 -5.944226587603896467e-03
2.330000000000078586e+01 2.991564621750429642e-02 -5.816577245992514411e-03
2.340000000000078728e+01 2.955225540621892258e-02 -5.692913320573451431e-03
2.350000000000078870e+01 2.919613415926326089e-02 -5.573070443202357907e-03
2.360000000000079012e+01 2.884707700019974869e-02 -5.456892637197181817e-03
2.370000000000079154e+01 2.850488586336862376e-02 -5.344231810157877918e-03
2.380000000000079297e+01 2.816936977828550862e-02 -5.234947281938036497e-03
2.390000000000079439e+01 2.784034456883419106e-02 -5.128905345065718629e-03
2.400000000000079581e+01 2.751763256653490253e-02 -5.025978855101040713e-03
2.410000000000079723e+01 2.720106233719781982e-02 -4.926046848633116801e-03
2.420000000000079865e+01 2.689046842041147717e-02 -4.828994186848791295e-03
2.430000000000080007e+01 2.658569108113611676e-02 -4.734711222715529133e-03
2.440000000000080149e+01 2.628657607290257187e-02 -4.643093490045711522e-03
2.450000000000080291e+01 2.599297441202403497e-02 -4.554041412816663657e-03
2.460000000000080433e+01 2.570474216225677663e-02 -4.467460033254524489e-03
2.470000000000080576e+01 2.542174022947650547e-02 -4.383258757342348676e-03
2.480000000000080718e+01 2.514383416577344044e-02 -4.301351116465685319e-03
2.490000000000080860e+01 2.487089398258003972e-02 -4.221654544065716122e-03
2.500000000000081002e+01 2.460279397235953097e-02 -4.144090166228494090e-03
2.510000000000081144e+01 2.433941253840890551e-02 -4.068582605223866090e-03
2.520000000000081286e+01 2.408063203244727862e-02 -3.995059795111742529e-03
2.530000000000081428e+01 2.382633859951005517e-02 -3.923452808553872309e-03
2.540000000000081570e+01 2.357642202985953811e-02 -3.853695694082619801e-03
2.550000000000081712e+01 2.333077561754225149e-02 -3.785725323108218333e-03
2.560000000000081855e+01 2.308929602524406252e-02 -3.719481246000999261e-03
2.570000000000081997e+01 2.285188315519961350e-02 -3.654905556658768519e-03
2.580000000000082139e+01 2.261844002577214144e-02 -3.591942764971468860e-03
2.590000000000082281e+01 2.238887265349110561e-02 -3.530539676680168569e-03
2.600000000000082423e+01 2.216308994026013404e-02 -3.470645280140560555e-03
2.610000000000082565e+01 2.194100356546333994e-02 -3.412210639537429247e-03
2.620000000000082707e+01 2.172252788279331603e-02 -3.355188794150396753e-03
2.630000000000082849e+01 2.150757982149227587e-02 -3.299534663262930056e-03
2.640000000000082991e+01 2.129607879185363775e-02 -3.245204956372242915e-03
2.650000000000083134e+01 2.108794659475969613e-02 -3.192158088361003905e-03
2.660000000000083276e+01 2.088310733504381705e-02 -3.140354099316023870e-03
2.670000000000083418e+01 2.068148733855077956e-02 -3.089754578719796155e-03
2.680000000000083560e+01 2.048301507264604221e-02 -3.040322593726885181e-03
2.690000000000083702e+01 2.028762107006606974e-02 -2.992022621289428756e-03
2.700000000000083844e+01 2.009523785593403389e-02 -2.944820483893505463e-03
2.710000000000083986e+01 1.990579987777575666e-02 -2.898683288684720215e-03
2.720000000000084128e+01 1.971924343844728977e-02 -2.853579369792903948e-03
2.730000000000084270e+01 1.953550663177072710e-02 -2.809478233649339695e-03
2.740000000000084412e+01 1.935452928080407670e-02 -2.766350507132538539e-03
2.750000000000084555e+01 1.917625287860691766e-02 -2.724167888372837527e-03
2.760000000000084697e+01 1.900062053137175494e-02 -2.682903100057614475e-03
2.770000000000084839e+01 1.882757690386097083e-02 -2.642529845104058580e-03
2.780000000000084981e+01 1.865706816698150042e-02 -2.603022764548936288e-03
2.790000000000085123e+01 1.848904194744793728e-02 -2.564357397540311181e-03
2.800000000000085265e+01 1.832344727942451096e-02 -2.526510143308709124e-03
2.810000000000085407e+01 1.816023455804265802e-02 -2.489458225003289386e-03
2.820000000000085549e+01 1.799935549475526267e-02 -2.453179655299198795e-03
2.830000000000085691e+01 1.784076307438719686e-02 -2.417653203664645121e-03
2.840000000000085834e+01 1.768441151385156951e-02 -2.382858365206429619e-03
2.850000000000085976e+01 1.753025622244389764e-02 -2.348775331004366706e-03
2.860000000000086118e+01 1.737825376363160562e-02 -2.315384959850816642e-03
2.870000000000086260e+01 1.722836181831551017e-02 -2.282668751328705697e-03
2.880000000000086402e+01 1.708053914944457352e-02 -2.250608820144317773e-03
2.890000000000086544e+01 1.693474556796715699e-02 -2.219187871657119816e-03
2.900000000000086686e+01 1.679094190004751241e-02 -2.188389178540346789e-03
2.910000000000086828e+01 1.664908995548126935e-02 -2.158196558510285142e-03
2.920000000000086970e+01 1.650915249729760503e-02 -2.128594353076727723e-03
2.930000000000087113e+01 1.637109321244693827e-02 -2.099567407250784844e-03
2.940000000000087255e+01 1.623487668356698305e-02 -2.071101050168901690e-03
2.950000000000087397e+01 1.610046836176948215e-02 -2.043181076583457274e-03
2.960000000000087539e+01 1.596783454039316444e-02 -2.015793729173437875e-03
2.970000000000087681e+01 1.583694232971937996e-02 -1.988925681641217323e-03
2.980000000000087823e+01 1.570775963256285448e-02 -1.962564022546070021e-03
2.990000000000087965e+01 1.558025512073771615e-02 -1.936696239845064720e-03
3.000000000000088107e+01 1.545439821235120373e-02 -1.911310206103759976e-03
3.010000000000088249e+01 1.533015904988043951e-02 -1.886394164341469691e-03
3.020000000000088392e+01 1.520750847903457742e-02 -1.861936714486805890e-03
3.030000000000088534e+01 1.508641802832601242e-02 -1.837926800404771901e-03
3.040000000000088676e+01 1.496685988935606004e-02 -1.814353697474491026e-03
3.050000000000088818e+01 1.484880689777540522e-02 -1.791207000688815713e-03
3.060000000000088960e+01 1.473223251488243665e-02 -1.768476613248827099e-03
3.070000000000089102e+01 1.461711080986600325e-02 -1.746152735635904570e-03
3.080000000000089244e+01 1.450341644262547608e-02 -1.724225855130578780e-03
3.090000000000089386e+01 1.439112464717710871e-02 -1.702686735763326046e-03
3.100000000000089528e+01 1.428021121561346557e-02 -1.681526408675075145e-03
3.110000000000089670e+01 1.417065248258508880e-02 -1.660736162866540029e-03
3.120000000000089813e+01 1.406242531031375032e-02 -1.640307536324092695e-03
3.130000000000089955e+01 1.395550707407797186e-02 -1.620232307497400902e-03
3.140000000000090097e+01 1.384987564818223812e-02 -1.600502487118368386e-03
3.150000000000090239e+01 1.374550939238185915e-02 -1.581110310344047490e-03
3.160000000000090381e+01 1.364238713873717687e-02 -1.562048229207158804e-03
3.170000000000090523e+01 1.354048817890899162e-02 -1.543308905365652420e-03
3.180000000000090665e+01 1.343979225184181031e-02 -1.524885203131058978e-03
3.190000000000090807e+01 1.334027953184823215e-02 -1.506770182768422082e-03
