-3.200000000000000000e+01 1.757571766374683292e-02 1.990117129942633057e-03
-3.189999999999999858e+01 1.770714388746038800e-02 2.014112849852707499e-03
-3.179999999999999716e+01 1.784013728905714177e-02 2.038518445511472779e-03
-3.169999999999999574e+01 1.797472419263621002e-02 2.063343143259020566e-03
-3.159999999999999432e+01 1.811093150120466483e-02 2.088596429913253290e-03
-3.149999999999999289e+01 1.824878671251214945e-02 2.114288061660164579e-03
-3.139999999999999147e+01 1.838831793543035248e-02 2.140428073305773553e-03
-3.129999999999999005e+01 1.852955390686059078e-02 2.167026787899439116e-03
-3.119999999999998863e+01 1.867252400920228067e-02 2.194094826748161416e-03
-3.109999999999998721e+01 1.881725828841726914e-02 2.221643119842651136e-03
-3.099999999999998579e+01 1.896378747267342055e-02 2.249682916707041250e-03
-3.089999999999998437e+01 1.911214299164330083e-02 2.278225797702363407e-03
-3.079999999999998295e+01 1.926235699644361643e-02 2.307283685797795539e-03
-3.069999999999998153e+01 1.941446238025392595e-02 2.336868858834598248e-03
-3.059999999999998010e+01 1.956849279965565749e-02 2.366993962309240501e-03
-3.049999999999997868e+01 1.972448269667814030e-02 2.397672022692667188e-03
-3.039999999999997726e+01 1.988246732163612140e-02 2.428916461322868942e-03
-3.029999999999997584e+01 2.004248275674846286e-02 2.460741108890579509e-03
-3.019999999999997442e+01 2.020456594058347988e-02 2.493160220550144027e-03
-3.009999999999997300e+01 2.036875469337980082e-02 2.526188491689634712e-03
-2.999999999999997158e+01 2.053508774323344402e-02 2.559841074384144009e-03
-2.989999999999997016e+01 2.070360475324704852e-02 2.594133594578731071e-03
-2.979999999999996874e+01 2.087434634963566266e-02 2.629082170028820917e-03
-2.969999999999996732e+01 2.104735415084386940e-02 2.664703429039665377e-03
-2.959999999999996589e+01 2.122267079773251797e-02 2.701014530049150250e-03
-2.949999999999996447e+01 2.140033998483211602e-02 2.738033182087560267e-03
-2.939999999999996305e+01 2.158040649277207304e-02 2.775777666173108102e-03
-2.929999999999996163e+01 2.176291622188733163e-02 2.814266857682136413e-03
-2.919999999999996021e+01 2.194791622706868117e-02 2.853520249748549113e-03
-2.909999999999995879e+01 2.213545475392726669e-02 2.893557977750663146e-03
-2.899999999999995737e+01 2.232558127627870537e-02 2.934400844932489628e-03
-2.889999999999995595e+01 2.251834653507266484e-02 2.976070349234974204e-03
-2.879999999999995453e+01 2.271380257877921721e-02 3.018588711391496926e-03
-2.869999999999995310e+01 2.291200280531283801e-02 3.061978904360000003e-03
-2.859999999999995168e+01 2.311300200558037005e-02 3.106264684169006245e-03
-2.849999999999995026e+01 2.331685640866972692e-02 3.151470622243334081e-03
-2.839999999999994884e+01 2.352362372882605551e-02 3.197622139307828085e-03
-2.829999999999994742e+01 2.373336321423998724e-02 3.244745540945076761e-03
-2.819999999999994600e+01 2.394613569774765860e-02 3.292868054904129864e-03
-2.809999999999994458e+01 2.416200364954898885e-02 3.342017870263994626e-03
-2.799999999999994316e+01 2.438103123197677899e-02 3.392224178544252407e-03
-2.789999999999994174e+01 2.460328435648944517e-02 3.443517216892641973e-03
-2.779999999999994031e+01 2.482883074293007475e-02 3.495928313456232468e-03
-2.769999999999993889e+01 2.505773998117608731e-02 3.549489935067856334e-03
-2.759999999999993747e+01 2.529008359531179084e-02 3.604235737388715097e-03
-2.749999999999993605e+01 2.552593511037802576e-02 3.660200617637387153e-03
-2.739999999999993463e+01 2.576537012190491943e-02 3.717420770079279350e-03
-2.729999999999993321e+01 2.600846636829471856e-02 3.775933744426937175e-03
-2.719999999999993179e+01 2.625530380621103610e-02 3.835778507332065004e-03
-2.709999999999993037e+01 2.650596468914055356e-02 3.896995507163040183e-03
-2.699999999999992895e+01 2.676053364921045230e-02 3.959626742252639504e-03
-2.689999999999992752e+01 2.701909778251017358e-02 4.023715832852807310e-03
-2.679999999999992610e+01 2.728174673801717770e-02 4.089308097010214797e-03
-2.669999999999992468e+01 2.754857281032509209e-02 4.156450630614115516e-03
-2.659999999999992326e+01 2.781967103638421576e-02 4.225192391886417424e-03
-2.649999999999992184e+01 2.809513929637700441e-02 4.295584290578107443e-03
-2.639999999999992042e+01 2.837507841903159911e-02 4.367679282199181737e-03
-2.629999999999991900e+01 2.865959229151774854e-02 4.441532467588594352e-03
-2.619999999999991758e+01 2.894878797417767963e-02 4.517201198178525876e-03
-2.609999999999991616e+01 2.924277582036009099e-02 4.594745187334118609e-03
-2.599999999999991473e+01 2.954166960153224719e-02 4.674226628149774458e-03
-2.589999999999991331e+01 2.984558663804386114e-02 4.755710318161375516e-03
-2.579999999999991189e+01 3.015464793574645225e-02 4.839263791418148795e-03
-2.569999999999991047e+01 3.046897832879191109e-02 4.924957458420415116e-03
-2.559999999999990905e+01 3.078870662895429391e-02 5.012864754469095394e-03
-2.549999999999990763e+01 3.111396578171962690e-02 5.103062296982752849e-03
-2.539999999999990621e+01 3.144489302960822019e-02 5.195630052437678892e-03
-2.529999999999990479e+01 3.178163008301191500e-02 5.290651513580975004e-03
-2.519999999999990337e+01 3.212432329896294098e-02 5.388213887650542683e-03
-2.509999999999990195e+01 3.247312386827547886e-02 5.488408296395474312e-03
-2.499999999999990052e+01 3.282818801139806425e-02 5.591329988717405608e-03
-2.489999999999989910e+01 3.318967718355598367e-02 5.697078566884204893e-03
-2.479999999999989768e+01 3.355775828956959750e-02 5.805758227280169784e-03
-2.469999999999989626e+01 3.393260390888346717e-02 5.917478016773494373e-03
-2.459999999999989484e+01 3.431439253137222312e-02 6.032352105872792677e-03
-2.449999999999989342e+01 3.470330880437963450e-02 6.150500079900594538e-03
-2.439999999999989200e+01 3.509954379171476013e-02 6.272047249589188939e-03
-2.429999999999989058e+01 3.550329524512134405e-02 6.397124982549511063e-03
-2.419999999999988916e+01 3.591476788890211880e-02 6.525871057230965555e-03
-2.409999999999988773e+01 3.633417371841771160e-02 6.658430041131921558e-03
-2.399999999999988631e+01 3.676173231306142236e-02 6.794953695125861663e-03
-2.389999999999988489e+01 3.719767116460757916e-02 6.935601406017779733e-03
-2.379999999999988347e+01 3.764222602160366415e-02 7.080540649547543107e-03
-2.369999999999988205e+01 3.809564125066000617e-02 7.229947486305007137e-03
-2.359999999999988063e+01 3.855817021553116508e-02 7.384007093246758996e-03
-2.349999999999987921e+01 3.903007567475196005e-02 7.542914333693527193e-03
-2.339999999999987779e+01 3.951163019891414108e-02 7.706874369051553916e-03
-2.329999999999987637e+01 4.000311660841381067e-02 7.876103315702789182e-03
-2.319999999999987494e+01 4.050482843269467836e-02 8.050828950888941696e-03
-2.309999999999987352e+01 4.101707039204667560e-02 8.231291471778902358e-03
-2.299999999999987210e+01 4.154015890286056473e-02 8.417744312242838797e-03
-2.289999999999987068e+01 4.207442260757782160e-02 8.610455022408132139e-03
-2.279999999999986926e+01 4.262020293027009993e-02 8.809706216448392677e-03
-2.269999999999986784e+01 4.317785465896788188e-02 9.015796594658748858e-03
-2.259999999999986642e+01 4.374774655586061156e-02 9.229042046472474975e-03
-2.249999999999986500e+01 4.433026199626836222e-02 9.449776841660833052e-03
-2.239999999999986358e+01 4.492579963760525569e-02 9.678354917824670556e-03
-2.229999999999986215e+01 4.553477411914785833e-02 9.915151272972528781e-03
-2.219999999999986073e+01 4.615761679354334762e-02 1.016056347296152157e-02
-2.209999999999985931e+01 4.679477649089427982e-02 1.041501328459317789e-02
-2.199999999999985789e+01 4.744672031588424710e-02 1.067894844619061458e-02
-2.189999999999985647e+01 4.811393447861774669e-02 1.095284458889298797e-02
-2.179999999999985505e+01 4.879692515921159324e-02 1.123720732314533594e-02
-2.169999999999985363e+01 4.949621940609338910e-02 1.153257450650883170e-02
-2.159999999999985221e+01 5.021236606759155174e-02 1.183951871066603843e-02
-2.149999999999985079e+01 5.094593675566726210e-02 1.215864990733309114e-02
-2.139999999999984936e+01 5.169752684049561120e-02 1.249061839515687791e-02
-2.129999999999984794e+01 5.246775647343283194e-02 1.283611799192500326e-02
-2.119999999999984652e+01 5.325727163526822877e-02 1.319588951925071939e-02
-2.109999999999984510e+01 5.406674520558561736e-02 1.357072460996319903e-02
-2.099999999999984368e+01 5.489687804744416283e-02 1.396146987172946358e-02
-2.089999999999984226e+01 5.574840010048053712e-02 1.436903144451092892e-02
-2.079999999999984084e+01 5.662207147307836419e-02 1.479437999354680372e-02
-2.069999999999983942e+01 5.751868352216406993e-02 1.523855618453139743e-02
-2.059999999999983800e+01 5.843905990633475184e-02 1.570267669310785111e-02
-2.049999999999983658e+01 5.938405759422162034e-02 1.618794080674911331e-02
-2.039999999999983515e+01 6.035456780636713758e-02 1.669563768424668984e-02
-2.029999999999983373e+01 6.135151686325103493e-02 1.722715434545617902e-02
-2.019999999999983231e+01 6.237586690629051689e-02 1.778398447276228686e-02
-2.009999999999983089e+01 6.342861645125077996e-02 1.836773811545467164e-02
-1.999999999999982947e+01 6.451080072417154920e-02 1.898015239888714220e-02
-1.989999999999982805e+01 6.562349171974636575e-02 1.962310335284185234e-02
-1.979999999999982663e+01 6.676779790835737916e-02 2.029861898680058313e-02
-1.969999999999982521e+01 6.794486350250915352e-02 2.100889375523718253e-02
-1.959999999999982379e+01 6.915586717427558983e-02 2.175630457300141429e-02
-1.949999999999982236e+01 7.040202009175573761e-02 2.254342855938717277e-02
-1.939999999999982094e+01 7.168456311519535995e-02 2.337306271068261693e-02
-1.929999999999981952e+01 7.300476295864379017e-02 2.424824572334852851e-02
-1.919999999999981810e+01 7.436390708217589796e-02 2.517228221510831726e-02
-1.909999999999981668e+01 7.576329702944195610e-02 2.614876961800558300e-02
-1.899999999999981526e+01 7.720423986469557298e-02 2.718162804632155358e-02
-1.889999999999981384e+01 7.868803728905010564e-02 2.827513347199826776e-02
-1.879999999999981242e+01 8.021597192686975852e-02 2.943395457174261681e-02
-1.869999999999981100e+01 8.178929016325940660e-02 3.066319363999337952e-02
-1.859999999999980957e+01 8.340918078158944537e-02 3.196843199101746108e-02
-1.849999999999980815e+01 8.507674848899096642e-02 3.335578029792286847e-02
-1.839999999999980673e+01 8.679298122157730333e-02 3.483193433264206856e-02
-1.829999999999980531e+01 8.855870988483677264e-02 3.640423657587341794e-02
-1.819999999999980389e+01 9.037455889594044056e-02 3.808074414962430571e-02
-1.809999999999980247e+01 9.224088554726483924e-02 3.987030348058537982e-02
-1.799999999999980105e+01 9.415770579049402567e-02 4.178263201490070577e-02
-1.789999999999979963e+01 9.612460353495974608e-02 4.382840715502379914e-02
-1.779999999999979821e+01 9.814061995062996202e-02 4.601936235435177130e-02
-1.769999999999979678e+01 1.002041185460962047e-01 4.836838994647830320e-02
-1.759999999999979536e+01 1.023126209448167179e-01 5.088964976042446853e-02
-1.749999999999979394e+01 1.044626072945502027e-01 5.359868181599525966e-02
-1.739999999999979252e+01 1.066492741098831187e-01 5.651252032031690159e-02
-1.729999999999979110e+01 1.088662410759934224e-01 5.964980469100777255e-02
-1.719999999999978968e+01 1.111051969572621201e-01 6.303088126398881386e-02
-1.709999999999978826e+01 1.133554733266960435e-01 6.667788652621677026e-02
-1.699999999999978684e+01 1.156035334811324200e-01 7.061479891121394403e-02
-1.689999999999978542e+01 1.178323628448409710e-01 7.486744112522827899e-02
-1.679999999999978400e+01 1.200207467405587786e-01 7.946340830954801149e-02
-1.669999999999978257e+01 1.221424221620031197e-01 8.443188872114865129e-02
-1.659999999999978115e+01 1.241650929473253062e-01 8.980333268994741824e-02
-1.649999999999977973e+01 1.260493037391418047e-01 9.560891213499181363e-02
-1.639999999999977831e+01 1.277471790435021071e-01 1.018796969079394654e-01
-1.629999999999977689e+01 1.292010519076142727e-01 1.086454562392895201e-01
-1.619999999999977547e+01 1.303420352281748351e-01 1.159329751016755367e-01
-1.609999999999977405e+01 1.310886310575754554e-01 1.237637595279425240e-01
-1.599999999999977263e+01 1.313455331926440262e-01 1.321509974606909776e-01
-1.589999999999977121e+01 1.310028585942848434e-01 1.410956517474744598e-01
-1.579999999999976978e+01 1.299361436370564116e-01 1.505816031418424350e-01
-1.569999999999976836e+01 1.280075553209542027e-01 1.605698520937439422e-01
-1.559999999999976694e+01 1.250688776038530459e-01 1.709919504272953972e-01
-1.549999999999976552e+01 1.209669039283004788e-01 1.817430873644691469e-01
-1.539999999999976410e+01 1.155518418921369639e-01 1.926756053289353787e-01
-1.529999999999976268e+01 1.086891372451187637e-01 2.035941448642090701e-01
-1.519999999999976126e+01 1.002746685901238777e-01 2.142540357420686659e-01
-1.509999999999975984e+01 9.025249876057712950e-02 2.243648112107474724e-01
-1.499999999999975842e+01 7.863333217384080309e-02 2.336006061640601705e-01
-1.489999999999975699e+01 6.551071551166645635e-02 2.416184799107163050e-01
-1.479999999999975557e+01 5.107121425730041381e-02 2.480842637024141817e-01
-1.469999999999975415e+01 3.559479643199379983e-02 2.527035239843269387e-01
-1.459999999999975273e+01 1.944285722964604612e-02 2.552531742101827317e-01
-1.449999999999975131e+01 3.033735432017854727e-03 2.556079636690892776e-01
-1.439999999999974989e+01 -1.319136853600313963e-02 2.537562775454451081e-01
-1.429999999999974847e+01 -2.880651069608540504e-02 2.498016585620514429e-01
-1.419999999999974705e+01 -4.343641393220138563e-02 2.439496948228768447e-01
-1.409999999999974563e+01 -5.678322365259753923e-02 2.364832815179486458e-01
-1.399999999999974420e+01 -6.864109241659935301e-02 2.277315609996642121e-01
-1.389999999999974278e+01 -7.889814757126295541e-02 2.180384112866705359e-01
-1.379999999999974136e+01 -8.752800833563453842e-02 2.077353022821867568e-01
-1.369999999999973994e+01 -9.457448300235327121e-02 1.971213636886939846e-01
-1.359999999999973852e+01 -1.001332948364947323e-01 1.864514356996734845e-01
-1.349999999999973710e+01 -1.043340019253952422e-01 1.759312947007655170e-01
-1.339999999999973568e+01 -1.073241899019509310e-01 1.657183836209489003e-01
-1.329999999999973426e+01 -1.092569427435977070e-01 1.559261553496770480e-01
-1.319999999999973284e+01 -1.102817693734972765e-01 1.466303406905961892e-01
-1.309999999999973141e+01 -1.105386477583838595e-01 1.378758528899668989e-01
-1.299999999999972999e+01 -1.101546039364069141e-01 1.296834719669489600e-01
-1.289999999999972857e+01 -1.092421899877748792e-01 1.220558211823228323e-01
-1.279999999999972715e+01 -1.078992818144993981e-01 1.149824212250415006e-01
-1.269999999999972573e+01 -1.062097232026739113e-01 1.084437870367147422e-01
-1.259999999999972431e+01 -1.042444578471064948e-01 1.024146357480787140e-01
-1.249999999999972289e+01 -1.020628950393284162e-01 9.686632384640254945e-02
-1.239999999999972147e+01 -9.971433922061548327e-02 9.176864677680342253e-02
-1.229999999999972005e+01 -9.723937746157024220e-02 8.709112937850127523e-02
-1.219999999999971863e+01 -9.467116454480056786e-02 8.280392091183987058e-02
-1.209999999999971720e+01 -9.203657631900580283e-02 7.887839019648827665e-02
-1.199999999999971578e+01 -8.935722201406792742e-02 7.528749813129699542e-02
-1.189999999999971436e+01 -8.665031839689923965e-02 7.200600839044052348e-02
-1.179999999999971294e+01 -8.392943547510675617e-02 6.901058309024478421e-02
-1.169999999999971152e+01 -8.120512676242339078e-02 6.627979880238460408e-02
-1.159999999999971010e+01 -7.848545820627358949e-02 6.379410923307345105e-02
-1.149999999999970868e+01 -7.577644964317198362e-02 6.153577386386968606e-02
-1.139999999999970726e+01 -7.308244168647139161e-02 5.948876649434822056e-02
-1.129999999999970584e+01 -7.040639964098539816e-02 5.763867359909796706e-02
-1.119999999999970441e+01 -6.775016462175602328e-02 5.597258942464112402e-02
-1.109999999999970299e+01 -6.511466066147805765e-02 5.447901255900172712e-02
-1.099999999999970157e+01 -6.250006530132673488e-02 5.314774711837257776e-02
-1.089999999999970015e+01 -5.990595000812480586e-02 5.196981055987247300e-02
-1.079999999999969873e+01 -5.733139575427882717e-02 5.093734932866791909e-02
-1.069999999999969731e+01 -5.477508823879587846e-02 5.004356299675395692e-02
-1.059999999999969589e+01 -5.223539650176704102e-02 4.928263717956143236e-02
-1.049999999999969447e+01 -4.971043808117568685e-02 4.864968527791979636e-02
-1.039999999999969305e+01 -4.719813336551202665e-02 4.814069894950967488e-02
-1.029999999999969162e+01 -4.469625139147775233e-02 4.775250713789597201e-02
-1.019999999999969020e+01 -4.220244901668465665e-02 4.748274346044054767e-02
-1.009999999999968878e+01 -3.971430514655447525e-02 4.732982176263885593e-02
-9.999999999999687361e+00 -3.722935150761960688e-02 4.729291967631281401e-02
-9.899999999999685940e+00 -3.474510132950924673e-02 4.737197006437719043e-02
-9.799999999999684519e+00 -3.225907721700548708e-02 4.756766028960979914e-02
-9.699999999999683098e+00 -2.976883946442911849e-02 4.788143930462106235e-02
-9.599999999999681677e+00 -2.727201608049027726e-02 4.831553262058557729e-02
-9.499999999999680256e+00 -2.476633585662302989e-02 4.887296526962253002e-02
-9.399999999999678835e+00 -2.224966592810595500e-02 4.955759292514472225e-02
-9.299999999999677414e+00 -1.972005544572305591e-02 5.037414138135233588e-02
-9.199999999999675993e+00 -1.717578720805543885e-02 5.132825460925366512e-02
-9.099999999999674571e+00 -1.461543940300158440e-02 5.242655159359991407e-02
-8.999999999999673150e+00 -1.203795998508959408e-02 5.367669209949355730e-02
-8.899999999999671729e+00 -9.442756684387758337e-03 5.508745140090560988e-02
-8.799999999999670308e+00 -6.829806213218082844e-03 5.666880380323961047e-02
-8.699999999999668887e+00 -4.199786928695478649e-03 5.843201447277469179e-02
-8.599999999999667466e+00 -1.554240030879332213e-03 6.038973860492596185e-02
-8.499999999999666045e+00 1.104234656213551324e-03 6.255612625917847391e-02
-8.399999999999664624e+00 3.771741153470564711e-03 6.494693018019535857e-02
-8.299999999999663203e+00 6.442799613403181469e-03 6.757961250848500134e-02
-8.199999999999661782e+00 9.109998601108032501e-03 7.047344431667115772e-02
-8.099999999999660361e+00 1.176357609050984743e-02 7.364958921431198624e-02
-7.999999999999658939e+00 1.439091648486229280e-02 7.713115861704243625e-02
-7.899999999999657518e+00 1.697594979583220282e-02 8.094322139600081123e-02
-7.799999999999656097e+00 1.949843850275248536e-02 8.511274418738579151e-02
-7.699999999999654676e+00 2.193313806466450078e-02 8.966843027706980496e-02
-7.599999999999653255e+00 2.424881935468019278e-02 9.464041432356887218e-02
-7.499999999999651834e+00 2.640714657262707710e-02 1.000597569537252512e-01
-7.399999999999650413e+00 2.836141410723086453e-02 1.059576673955626852e-01
-7.299999999999648992e+00 3.005516261652969867e-02 1.123643642227048906e-01
-7.199999999999647571e+00 3.142072120508015987e-02 1.193074652583317879e-01
-7.099999999999646150e+00 3.237776256483564791e-02 1.268097805236333142e-01
-6.999999999999644729e+00 3.283201514125679010e-02 1.348863719421892760e-01
-6.899999999999643308e+00 3.267435398399204383e-02 1.435407488533270992e-01
-6.799999999999641886e+00 3.178059068268261622e-02 1.527601022254952423e-01
-6.699999999999640465e+00 3.001239780583102312e-02 1.625095607066435743e-01
-6.599999999999639044e+00 2.721991935051392558e-02 1.727256001394880114e-01
-6.499999999999637623e+00 2.324670435374513039e-02 1.833089762426571567e-01
-6.399999999999636202e+00 1.793760276687819677e-02 1.941178888239280254e-01
-6.299999999999634781e+00 1.115010534325530656e-02 2.049625087812671775e-01
-6.199999999999633360e+00 2.769206104785246203e-03 2.156024393829067964e-01
-6.099999999999631939e+00 -7.274848396596506062e-03 2.257490023763552844e-01
-5.999999999999630518e+00 -1.898757150485817780e-02 2.350742257849061934e-01
-5.899999999999629097e+00 -3.229280933932706515e-02 2.432278239737967473e-01
-5.799999999999627676e+00 -4.702060874040096122e-02 2.498621438172645426e-01
-5.699999999999626255e+00 -6.290433926170962975e-02 2.546630862194270706e-01
-5.599999999999624833e+00 -7.959008466705853879e-02 2.573828492280532121e-01
-5.499999999999623412e+00 -9.665908504649028954e-02 2.578687575923502284e-01
-5.399999999999621991e+00 -1.136609381597400020e-01 2.560822687869941938e-01
-5.299999999999620570e+00 -1.301523558143432846e-01 2.521038909867149846e-01
-5.199999999999619149e+00 -1.457346576724031784e-01 2.461228661205029367e-01
-5.099999999999617728e+00 -1.600835575975294855e-01 2.384140033203657472e-01
-4.999999999999616307e+00 -1.729669948412645986e-01 2.293067265464077409e-01
-4.899999999999614886e+00 -1.842498690618257773e-01 2.191523855920681774e-01
-4.799999999999613465e+00 -1.938873999647716950e-01 2.082951183037427267e-01
-4.699999999999612044e+00 -2.019106202789240911e-01 1.970496590471225162e-01
-4.599999999999610623e+00 -2.084079948668959292e-01 1.856873208673991693e-01
-4.499999999999609201e+00 -2.135066174780165804e-01 1.744296166648713065e-01
-4.399999999999607780e+00 -2.173553712983408714e-01 1.634479379713668634e-01
-4.299999999999606359e+00 -2.201113084228332184e-01 1.528673557116485004e-01
-4.199999999999604938e+00 -2.219295889051463022e-01 1.427727414720084409e-01
-4.099999999999603517e+00 -2.229567219828345048e-01 1.332157914894678830e-01
-3.999999999999602096e+00 -2.233265471536208246e-01 1.242219814446724468e-01
-3.899999999999600675e+00 -2.231583027201161917e-01 1.157968771972088806e-01
-3.799999999999599254e+00 -2.225561691823519372e-01 1.079315289942821832e-01
-3.699999999999597833e+00 -2.216097763943292720e-01 1.006068803577020443e-01
-3.599999999999596412e+00 -2.203952817510306805e-01 9.379724409873126112e-02
-3.499999999999594991e+00 -2.189767369138602149e-01 8.747295905758227519e-02
-3.399999999999593570e+00 -2.174075518828872400e-01 8.160236291539636755e-02
-3.299999999999592148e+00 -2.157319351988180589e-01 7.615321492389122426e-02
-3.199999999999590727e+00 -2.139862396192901417e-01 7.109368892141910978e-02
-3.099999999999589306e+00 -2.122001773383238865e-01 6.639303871317214778e-02
-2.999999999999587885e+00 -2.103978915086385237e-01 6.202201897153176990e-02
-2.899999999999586464e+00 -2.085988848406511997e-01 5.795312742296188785e-02
-2.799999999999585043e+00 -2.068188140722954649e-01 5.416071914264473930e-02
-2.699999999999583622e+00 -2.050701631516218260e-01 5.062103149175541800e-02
-2.599999999999582201e+00 -2.033628094922043106e-01 4.731214842777527879e-02
-2.499999999999580780e+00 -2.017044976515437460e-01 4.421392527410364370e-02
-2.399999999999579359e+00 -2.001012339122203998e-01 4.130788917820198136e-02
-2.299999999999577938e+00 -1.985576139426046272e-01 3.857712605806202372e-02
-2.199999999999576517e+00 -1.970770942488866695e-01 3.600616153115939605e-02
-2.099999999999575095e+00 -1.956622166551863495e-01 3.358084087203730417e-02
-1.999999999999573674e+00 -1.943147936492589101e-01 3.128821125195849207e-02
-1.899999999999572253e+00 -1.930360611441368501e-01 2.911640821564132411e-02
-1.799999999999570832e+00 -1.918268040365250227e-01 2.705454742323925785e-02
-1.699999999999569411e+00 -1.906874588847778940e-01 2.509262205193590889e-02
-1.599999999999567990e+00 -1.896181970629781666e-01 2.322140585319866501e-02
-1.499999999999566569e+00 -1.886189908600445775e-01 2.143236167966595940e-02
-1.399999999999565148e+00 -1.876896641809207011e-01 1.971755533390433246e-02
-1.299999999999563727e+00 -1.868299287929687802e-01 1.806957487424921613e-02
-1.199999999999562306e+00 -1.860394065152847776e-01 1.648145608207681259e-02
-1.099999999999560885e+00 -1.853176375016318822e-01 1.494661566719772752e-02
-9.999999999995594635e-01 -1.846640750283801147e-01 1.345879492284405426e-02
-8.999999999995580424e-01 -1.840780682325170448e-01 1.201201775512794959e-02
-7.999999999995566213e-01 -1.835588362939605256e-01 1.060056788824689442e-02
-6.999999999995552002e-01 -1.831054406666451362e-01 9.218989888325784809e-03
-5.999999999995537792e-01 -1.827167656988371858e-01 7.862116534334565032e-03
-4.999999999995523581e-01 -1.823915211453703000e-01 6.525120190083201488e-03
-3.999999999995509370e-01 -1.821282806370057572e-01 5.203578156173942204e-03
-2.999999999995495159e-01 -1.819255658118631991e-01 3.893533035903146144e-03
-1.999999999995480948e-01 -1.817819752402005107e-01 2.591522438159736541e-03
-9.999999999954667373e-02 -1.816963419669817559e-01 1.294552493282800920e-03
4.547473508864641190e-13 -1.816678886184494024e-01 0.000000000000000000e+00
1.000000000004561684e-01 -1.816963419669817559e-01 -1.294552493282800920e-03
2.000000000004575895e-01 -1.817819752402025646e-01 -2.591522438183363475e-03
3.000000000004590106e-01 -1.819255658118663355e-01 -3.893533035926897978e-03
4.000000000004604317e-01 -1.821282806370057572e-01 -5.203578156173942204e-03
5.000000000004618528e-01 -1.823915211453703000e-01 -6.525120190083201488e-03
6.000000000004632739e-01 -1.827167656988371858e-01 -7.862116534334565032e-03
7.000000000004646949e-01 -1.831054406666527412e-01 -9.218989888350674622e-03
8.000000000004661160e-01 -1.835588362939694074e-01 -1.060056788827228730e-02
9.000000000004675371e-01 -1.840780682325170448e-01 -1.201201775512794959e-02
1.000000000000468958e+00 -1.846640750283801147e-01 -1.345879492284405426e-02
1.100000000000470379e+00 -1.853176375016318822e-01 -1.494661566719772752e-02
1.200000000000471800e+00 -1.860394065152985443e-01 -1.648145608210519961e-02
1.300000000000473221e+00 -1.868299287929838237e-01 -1.806957487427863357e-02
1.400000000000474643e+00 -1.876896641809207011e-01 -1.971755533390433246e-02
1.500000000000476064e+00 -1.886189908600445775e-01 -2.143236167966595940e-02
1.600000000000477485e+00 -1.896181970629781666e-01 -2.322140585319866501e-02
1.700000000000478906e+00 -1.906874588847979890e-01 -2.509262205197073867e-02
1.800000000000480327e+00 -1.918268040365463944e-01 -2.705454742327582235e-02
1.900000000000481748e+00 -1.930360611441368501e-01 -2.911640821564132411e-02
2.000000000000483169e+00 -1.943147936492589101e-01 -3.128821125195849207e-02
2.100000000000484590e+00 -1.956622166551863495e-01 -3.358084087203730417e-02
2.200000000000486011e+00 -1.970770942489130373e-01 -3.600616153120479723e-02
2.300000000000487432e+00 -1.985576139426321329e-01 -3.857712605811018658e-02
2.400000000000488853e+00 -2.001012339122203998e-01 -4.130788917820198136e-02
2.500000000000490274e+00 -2.017044976515437460e-01 -4.421392527410364370e-02
2.600000000000491696e+00 -2.033628094922043106e-01 -4.731214842777527879e-02
2.700000000000493117e+00 -2.050701631516533285e-01 -5.062103149181762518e-02
2.800000000000494538e+00 -2.068188140723275781e-01 -5.416071914271135962e-02
2.900000000000495959e+00 -2.085988848406511997e-01 -5.795312742296188785e-02
3.000000000000497380e+00 -2.103978915086385237e-01 -6.202201897153176990e-02
3.100000000000498801e+00 -2.122001773383238865e-01 -6.639303871317214778e-02
3.200000000000500222e+00 -2.139862396193223659e-01 -7.109368892150780272e-02
3.300000000000501643e+00 -2.157319351988492839e-01 -7.615321492398671732e-02
3.400000000000503064e+00 -2.174075518828872400e-01 -8.160236291539636755e-02
3.500000000000504485e+00 -2.189767369138602149e-01 -8.747295905758227519e-02
3.600000000000505906e+00 -2.203952817510306805e-01 -9.379724409873126112e-02
3.700000000000507328e+00 -2.216097763943490895e-01 -1.006068803578304971e-01
3.800000000000508749e+00 -2.225561691823663146e-01 -1.079315289944202672e-01
3.900000000000510170e+00 -2.231583027201161917e-01 -1.157968771972088806e-01
4.000000000000511591e+00 -2.233265471536208246e-01 -1.242219814446724468e-01
4.100000000000513012e+00 -2.229567219828345048e-01 -1.332157914894678830e-01
4.200000000000514433e+00 -2.219295889051208781e-01 -1.427727414721872978e-01
4.300000000000515854e+00 -2.201113084227920846e-01 -1.528673557118367110e-01
4.400000000000517275e+00 -2.173553712983408714e-01 -1.634479379713668634e-01
4.500000000000518696e+00 -2.135066174780165804e-01 -1.744296166648713065e-01
4.600000000000520117e+00 -2.084079948668959292e-01 -1.856873208673991693e-01
4.700000000000521538e+00 -2.019106202787923632e-01 -1.970496590473288789e-01
4.800000000000522959e+00 -1.938873999646112678e-01 -2.082951183039447041e-01
4.900000000000524381e+00 -1.842498690618257773e-01 -2.191523855920681774e-01
5.000000000000525802e+00 -1.729669948412645986e-01 -2.293067265464077409e-01
5.100000000000527223e+00 -1.600835575975294855e-01 -2.384140033203657472e-01
5.200000000000528644e+00 -1.457346576721301190e-01 -2.461228661206283364e-01
5.300000000000530065e+00 -1.301523558140504910e-01 -2.521038909868061895e-01
5.400000000000531486e+00 -1.136609381597400020e-01 -2.560822687869941938e-01
5.500000000000532907e+00 -9.665908504649028954e-02 -2.578687575923502284e-01
5.600000000000534328e+00 -7.959008466705853879e-02 -2.573828492280532121e-01
5.700000000000535749e+00 -6.290433926141222876e-02 -2.546630862193580147e-01
5.800000000000537170e+00 -4.702060874012160135e-02 -2.498621438171597098e-01
5.900000000000538591e+00 -3.229280933932706515e-02 -2.432278239737967473e-01
6.000000000000540012e+00 -1.898757150485817780e-02 -2.350742257849061934e-01
6.100000000000541434e+00 -7.274848396596506062e-03 -2.257490023763552844e-01
6.200000000000542855e+00 2.769206104952681713e-03 -2.156024393827168373e-01
6.300000000000544276e+00 1.115010534339298809e-02 -2.049625087810709456e-01
6.400000000000545697e+00 1.793760276687819677e-02 -1.941178888239280254e-01
6.500000000000547118e+00 2.324670435374513039e-02 -1.833089762426571567e-01
6.600000000000548539e+00 2.721991935051392558e-02 -1.727256001394880114e-01
6.700000000000549960e+00 3.001239780587210138e-02 -1.625095607064617198e-01
6.800000000000551381e+00 3.178059068270644438e-02 -1.527601022253226026e-01
6.900000000000552802e+00 3.267435398400120317e-02 -1.435407488531644793e-01
7.000000000000554223e+00 3.283201514125679010e-02 -1.348863719421892760e-01
7.100000000000555644e+00 3.237776256483564791e-02 -1.268097805236333142e-01
7.200000000000557066e+00 3.142072120505877419e-02 -1.193074652582004763e-01
7.300000000000558487e+00 3.005516261650164472e-02 -1.123643642225835709e-01
7.400000000000559908e+00 2.836141410719748845e-02 -1.059576673954508302e-01
7.500000000000561329e+00 2.640714657262707710e-02 -1.000597569537252512e-01
7.600000000000562750e+00 2.424881935468019278e-02 -9.464041432356887218e-02
7.700000000000564171e+00 2.193313806462118126e-02 -8.966843027698322144e-02
7.800000000000565592e+00 1.949843850270734091e-02 -8.511274418730650770e-02
7.900000000000567013e+00 1.697594979578569141e-02 -8.094322139592829979e-02
8.000000000000568434e+00 1.439091648486229280e-02 -7.713115861704243625e-02
8.100000000000569855e+00 1.176357609050984743e-02 -7.364958921431198624e-02
8.200000000000571276e+00 9.109998601059605960e-03 -7.047344431661603514e-02
8.300000000000572697e+00 6.442799613354630028e-03 -6.757961250843481926e-02
8.400000000000574119e+00 3.771741153421985515e-03 -6.494693018014974228e-02
8.500000000000575540e+00 1.104234656213551324e-03 -6.255612625917847391e-02
8.600000000000576961e+00 -1.554240030879332213e-03 -6.038973860492596185e-02
8.700000000000578382e+00 -4.199786928743468040e-03 -5.843201447274087162e-02
8.800000000000579803e+00 -6.829806213265794679e-03 -5.666880380320922506e-02
8.900000000000581224e+00 -9.442756684435150982e-03 -5.508745140087843717e-02
9.000000000000582645e+00 -1.203795998508959408e-02 -5.367669209949355730e-02
9.100000000000584066e+00 -1.461543940300158440e-02 -5.242655159359991407e-02
9.200000000000585487e+00 -1.717578720810186699e-02 -5.132825460923502725e-02
9.300000000000586908e+00 -1.972005544576919955e-02 -5.037414138133623764e-02
9.400000000000588329e+00 -2.224966592815182109e-02 -4.955759292513110120e-02
9.500000000000589750e+00 -2.476633585662302989e-02 -4.887296526962253002e-02
9.600000000000591172e+00 -2.727201608049027726e-02 -4.831553262058557729e-02
9.700000000000592593e+00 -2.976883946447446416e-02 -4.788143930461426917e-02
9.800000000000594014e+00 -3.225907721705072867e-02 -4.756766028960517090e-02
9.900000000000595435e+00 -3.474510132955442587e-02 -4.737197006437468549e-02
1.000000000000059686e+01 -3.722935150761960688e-02 -4.729291967631281401e-02
1.010000000000059828e+01 -3.971430514655447525e-02 -4.732982176263885593e-02
1.020000000000059970e+01 -4.220244901672995375e-02 -4.748274346044438488e-02
1.030000000000060112e+01 -4.469625139152318821e-02 -4.775250713790196028e-02
1.040000000000060254e+01 -4.719813336555762906e-02 -4.814069894951782114e-02
1.050000000000060396e+01 -4.971043808117568685e-02 -4.864968527791979636e-02
1.060000000000060538e+01 -5.223539650176704102e-02 -4.928263717956143236e-02
1.070000000000060680e+01 -5.477508823884220945e-02 -5.004356299676897268e-02
1.080000000000060822e+01 -5.733139575432547042e-02 -5.093734932868541898e-02
1.090000000000060965e+01 -5.990595000817180993e-02 -5.196981055989254028e-02
1.100000000000061107e+01 -6.250006530132673488e-02 -5.314774711837257776e-02
1.110000000000061249e+01 -6.511466066147805765e-02 -5.447901255900172712e-02
1.120000000000061391e+01 -6.775016462180413757e-02 -5.597258942466983023e-02
1.130000000000061533e+01 -7.040639964103385939e-02 -5.763867359912989985e-02
1.140000000000061675e+01 -7.308244168652025530e-02 -5.948876649438362280e-02
1.150000000000061817e+01 -7.577644964317198362e-02 -6.153577386386968606e-02
1.160000000000061959e+01 -7.848545820627358949e-02 -6.379410923307345105e-02
1.170000000000062101e+01 -8.120512676247293449e-02 -6.627979880243196897e-02
1.180000000000062244e+01 -8.392943547515632763e-02 -6.901058309029681204e-02
1.190000000000062386e+01 -8.665031839694864457e-02 -7.200600839049751956e-02
1.200000000000062528e+01 -8.935722201406792742e-02 -7.528749813129699542e-02
1.210000000000062670e+01 -9.203657631900580283e-02 -7.887839019648827665e-02
1.220000000000062812e+01 -9.467116454484796051e-02 -8.280392091191449144e-02
1.230000000000062954e+01 -9.723937746161620543e-02 -8.709112937858269621e-02
1.240000000000063096e+01 -9.971433922065946198e-02 -9.176864677689222649e-02
1.250000000000063238e+01 -1.020628950393284162e-01 -9.686632384640254945e-02
1.260000000000063380e+01 -1.042444578471064948e-01 -1.024146357480787140e-01
1.270000000000063523e+01 -1.062097232027073290e-01 -1.084437870368289286e-01
1.280000000000063665e+01 -1.078992818145272231e-01 -1.149824212251652489e-01
1.290000000000063807e+01 -1.092421899877956404e-01 -1.220558211824564615e-01
1.300000000000063949e+01 -1.101546039364069141e-01 -1.296834719669489600e-01
1.310000000000064091e+01 -1.105386477583838595e-01 -1.378758528899668989e-01
1.320000000000064233e+01 -1.102817693734860216e-01 -1.466303406907604467e-01
1.330000000000064375e+01 -1.092569427435712281e-01 -1.559261553498508257e-01
1.340000000000064517e+01 -1.073241899019066331e-01 -1.657183836211311434e-01
1.350000000000064659e+01 -1.043340019253952422e-01 -1.759312947007655170e-01
1.360000000000064801e+01 -1.001332948364947323e-01 -1.864514356996734845e-01
1.370000000000064944e+01 -9.457448300223897375e-02 -1.971213636888882459e-01
1.380000000000065086e+01 -8.752800833549218007e-02 -2.077353022823778261e-01
1.390000000000065228e+01 -7.889814757109123167e-02 -2.180384112868533619e-01
1.400000000000065370e+01 -6.864109241659935301e-02 -2.277315609996642121e-01
1.410000000000065512e+01 -5.678322365259753923e-02 -2.364832815179486458e-01
1.420000000000065654e+01 -4.343641393194618699e-02 -2.439496948229989415e-01
1.430000000000065796e+01 -2.880651069580928564e-02 -2.498016585621413155e-01
1.440000000000065938e+01 -1.319136853571233059e-02 -2.537562775454983433e-01
1.450000000000066080e+01 3.033735432017854727e-03 -2.556079636690892776e-01
1.460000000000066223e+01 1.944285722964604612e-02 -2.552531742101827317e-01
1.470000000000066365e+01 3.559479643228265905e-02 -2.527035239842611580e-01
1.480000000000066507e+01 5.107121425757348704e-02 -2.480842637023125685e-01
1.490000000000066649e+01 6.551071551191782472e-02 -2.416184799105835501e-01
1.500000000000066791e+01 7.863333217384080309e-02 -2.336006061640601705e-01
1.510000000000066933e+01 9.025249876057712950e-02 -2.243648112107474724e-01
1.520000000000067075e+01 1.002746685902914658e-01 -2.142540357418787622e-01
1.530000000000067217e+01 1.086891372452574445e-01 -2.035941448640120055e-01
1.540000000000067359e+01 1.155518418922482360e-01 -1.926756053287360104e-01
1.550000000000067502e+01 1.209669039283004788e-01 -1.817430873644691469e-01
1.560000000000067644e+01 1.250688776038530459e-01 -1.709919504272953972e-01
1.570000000000067786e+01 1.280075553209980288e-01 -1.605698520935580631e-01
1.580000000000067928e+01 1.299361436370832235e-01 -1.505816031416651879e-01
1.590000000000068070e+01 1.310028585942972501e-01 -1.410956517473067606e-01
1.600000000000068212e+01 1.313455331926440262e-01 -1.321509974606909776e-01
1.610000000000068354e+01 1.310886310575754554e-01 -1.237637595279425240e-01
1.620000000000068496e+01 1.303420352281574046e-01 -1.159329751015381049e-01
1.630000000000068638e+01 1.292010519075904584e-01 -1.086454562391617612e-01
1.640000000000068781e+01 1.277471790434732135e-01 -1.018796969078209907e-01
1.650000000000068923e+01 1.260493037391418047e-01 -9.560891213499181363e-02
1.660000000000069065e+01 1.241650929473253062e-01 -8.980333268994741824e-02
1.670000000000069207e+01 1.221424221619653167e-01 -8.443188872105471254e-02
1.680000000000069349e+01 1.200207467405194905e-01 -7.946340830946112266e-02
1.690000000000069491e+01 1.178323628448006977e-01 -7.486744112514788496e-02
1.700000000000069633e+01 1.156035334811324200e-01 -7.061479891121394403e-02
1.710000000000069775e+01 1.133554733266960435e-01 -6.667788652621677026e-02
1.720000000000069917e+01 1.111051969572212222e-01 -6.303088126392493440e-02
1.730000000000070060e+01 1.088662410759528854e-01 -5.964980469094854909e-02
1.740000000000070202e+01 1.066492741098430119e-01 -5.651252032026193167e-02
1.750000000000070344e+01 1.044626072945502027e-01 -5.359868181599525966e-02
1.760000000000070486e+01 1.023126209448167179e-01 -5.088964976042446853e-02
1.770000000000070628e+01 1.002041185460582351e-01 -4.836838994643405387e-02
1.780000000000070770e+01 9.814061995059283894e-02 -4.601936235431053346e-02
1.790000000000070912e+01 9.612460353492352505e-02 -4.382840715498531603e-02
1.800000000000071054e+01 9.415770579049402567e-02 -4.178263201490070577e-02
1.810000000000071196e+01 9.224088554726483924e-02 -3.987030348058537982e-02
1.820000000000071338e+01 9.037455889590695346e-02 -3.808074414959281007e-02
1.830000000000071481e+01 8.855870988480418760e-02 -3.640423657584389988e-02
1.840000000000071623e+01 8.679298122154563422e-02 -3.483193433261435462e-02
1.850000000000071765e+01 8.507674848899096642e-02 -3.335578029792286847e-02
1.860000000000071907e+01 8.340918078158944537e-02 -3.196843199101746108e-02
1.870000000000072049e+01 8.178929016323036039e-02 -3.066319363997034586e-02
1.880000000000072191e+01 8.021597192684154498e-02 -2.943395457172091195e-02
1.890000000000072333e+01 7.868803728902271089e-02 -2.827513347197779803e-02
1.900000000000072475e+01 7.720423986469557298e-02 -2.718162804632155358e-02
1.910000000000072617e+01 7.576329702944195610e-02 -2.614876961800558300e-02
1.920000000000072760e+01 7.436390708215080692e-02 -2.517228221509104288e-02
1.930000000000072902e+01 7.300476295861940690e-02 -2.424824572333217701e-02
1.940000000000073044e+01 7.168456311517168444e-02 -2.337306271066712238e-02
1.950000000000073186e+01 7.040202009175573761e-02 -2.254342855938717277e-02
1.960000000000073328e+01 6.915586717427558983e-02 -2.175630457300141429e-02
1.970000000000073470e+01 6.794486350250915352e-02 -2.100889375523718253e-02
1.980000000000073612e+01 6.676779790833628492e-02 -2.029861898678799598e-02
1.990000000000073754e+01 6.562349171972584050e-02 -1.962310335282986193e-02
2.000000000000073896e+01 6.451080072417154920e-02 -1.898015239888714220e-02
2.010000000000074039e+01 6.342861645125077996e-02 -1.836773811545467164e-02
2.020000000000074181e+01 6.237586690629051689e-02 -1.778398447276228686e-02
2.030000000000074323e+01 6.135151686323266074e-02 -1.722715434544628069e-02
2.040000000000074465e+01 6.035456780634924218e-02 -1.669563768423724254e-02
2.050000000000074607e+01 5.938405759422162034e-02 -1.618794080674911331e-02
2.060000000000074749e+01 5.843905990633475184e-02 -1.570267669310785111e-02
2.070000000000074891e+01 5.751868352216406993e-02 -1.523855618453139743e-02
2.080000000000075033e+01 5.662207147306225208e-02 -1.479437999353889685e-02
2.090000000000075175e+01 5.574840010046484828e-02 -1.436903144450335512e-02
2.100000000000075318e+01 5.489687804744416283e-02 -1.396146987172946358e-02
2.110000000000075460e+01 5.406674520558561736e-02 -1.357072460996319903e-02
2.120000000000075602e+01 5.325727163526822877e-02 -1.319588951925071939e-02
2.130000000000075744e+01 5.246775647341865578e-02 -1.283611799191859172e-02
2.140000000000075886e+01 5.169752684048176811e-02 -1.249061839515071791e-02
2.150000000000076028e+01 5.094593675566726210e-02 -1.215864990733309114e-02
2.160000000000076170e+01 5.021236606759155174e-02 -1.183951871066603843e-02
2.170000000000076312e+01 4.949621940609338910e-02 -1.153257450650883170e-02
2.180000000000076454e+01 4.879692515919901996e-02 -1.123720732314006411e-02
2.190000000000076597e+01 4.811393447860545791e-02 -1.095284458888791217e-02
2.200000000000076739e+01 4.744672031588424710e-02 -1.067894844619061458e-02
2.210000000000076881e+01 4.679477649089427982e-02 -1.041501328459317789e-02
2.220000000000077023e+01 4.615761679354334762e-02 -1.016056347296152157e-02
2.230000000000077165e+01 4.553477411913665202e-02 -9.915151272968148605e-03
2.240000000000077307e+01 4.492579963759431305e-02 -9.678354917820441300e-03
2.250000000000077449e+01 4.433026199626836222e-02 -9.449776841660833052e-03
2.260000000000077591e+01 4.374774655586061156e-02 -9.229042046472474975e-03
2.270000000000077733e+01 4.317785465896788188e-02 -9.015796594658748858e-03
2.280000000000077875e+01 4.262020293026007323e-02 -8.809706216444708124e-03
2.290000000000078018e+01 4.207442260756801000e-02 -8.610455022404565548e-03
2.300000000000078160e+01 4.154015890286056473e-02 -8.417744312242838797e-03
2.310000000000078302e+01 4.101707039204667560e-02 -8.231291471778902358e-03
2.320000000000078444e+01 4.050482843269467836e-02 -8.050828950888941696e-03
2.330000000000078586e+01 4.000311660840479011e-02 -7.876103315699659740e-03
2.340000000000078728e+01 3.951163019890530093e-02 -7.706874369048525089e-03
2.350000000000078870e+01 3.903007567475196005e-02 -7.542914333693527193e-03
2.360000000000079012e+01 3.855817021553116508e-02 -7.384007093246758996e-03
2.370000000000079154e+01 3.809564125066000617e-02 -7.229947486305007137e-03
2.380000000000079297e+01 3.764222602159549708e-02 -7.080540649544868163e-03
2.390000000000079439e+01 3.719767116459955780e-02 -6.935601406015182852e-03
2.400000000000079581e+01 3.676173231306142236e-02 -6.794953695125861663e-03
2.410000000000079723e+01 3.633417371841771160e-02 -6.658430041131921558e-03
2.420000000000079865e+01 3.591476788890211880e-02 -6.525871057230965555e-03
2.430000000000080007e+01 3.550329524511392637e-02 -6.397124982547203013e-03
2.440000000000080149e+01 3.509954379170747429e-02 -6.272047249586945941e-03
2.450000000000080291e+01 3.470330880437963450e-02 -6.150500079900594538e-03
2.460000000000080433e+01 3.431439253137222312e-02 -6.032352105872792677e-03
2.470000000000080576e+01 3.393260390888346717e-02 -5.917478016773494373e-03
2.480000000000080718e+01 3.355775828956284595e-02 -5.805758227278166178e-03
2.490000000000080860e+01 3.318967718354935009e-02 -5.697078566882255932e-03
2.500000000000081002e+01 3.282818801139806425e-02 -5.591329988717405608e-03
2.510000000000081144e+01 3.247312386827547886e-02 -5.488408296395474312e-03
2.520000000000081286e+01 3.212432329896294098e-02 -5.388213887650542683e-03
2.530000000000081428e+01 3.178163008300574632e-02 -5.290651513579224668e-03
2.540000000000081570e+01 3.144489302960214172e-02 -5.195630052435971924e-03
2.550000000000081712e+01 3.111396578171962690e-02 -5.103062296982752849e-03
2.560000000000081855e+01 3.078870662895429391e-02 -5.012864754469095394e-03
2.570000000000081997e+01 3.046897832879191109e-02 -4.924957458420415116e-03
2.580000000000082139e+01 3.015464793574078317e-02 -4.839263791416608361e-03
2.590000000000082281e+01 2.984558663803829615e-02 -4.755710318159874113e-03
2.600000000000082423e+01 2.954166960153224719e-02 -4.674226628149774458e-03
2.610000000000082565e+01 2.924277582036009099e-02 -4.594745187334118609e-03
2.620000000000082707e+01 2.894878797417767963e-02 -4.517201198178525876e-03
2.630000000000082849e+01 2.865959229151254090e-02 -4.441532467587236063e-03
2.640000000000082991e+01 2.837507841902646433e-02 -4.367679282197852939e-03
2.650000000000083134e+01 2.809513929637700441e-02 -4.295584290578107443e-03
2.660000000000083276e+01 2.781967103638421576e-02 -4.225192391886417424e-03
2.670000000000083418e+01 2.754857281032509209e-02 -4.156450630614115516e-03
2.680000000000083560e+01 2.728174673801235517e-02 -4.089308097009008297e-03
2.690000000000083702e+01 2.701909778250542737e-02 -4.023715832851627698e-03
2.700000000000083844e+01 2.676053364921045230e-02 -3.959626742252639504e-03
2.710000000000083986e+01 2.650596468914055356e-02 -3.896995507163040183e-03
2.720000000000084128e+01 2.625530380621103610e-02 -3.835778507332065004e-03
2.730000000000084270e+01 2.600846636829026726e-02 -3.775933744425859911e-03
2.740000000000084412e+01 2.576537012190053405e-02 -3.717420770078227240e-03
2.750000000000084555e+01 2.552593511037802576e-02 -3.660200617637387153e-03
2.760000000000084697e+01 2.529008359531179084e-02 -3.604235737388715097e-03
2.770000000000084839e+01 2.505773998117608731e-02 -3.549489935067856334e-03
2.780000000000084981e+01 2.482883074292594611e-02 -3.495928313455268829e-03
2.790000000000085123e+01 2.460328435648536163e-02 -3.443517216891698717e-03
2.800000000000085265e+01 2.438103123197677899e-02 -3.392224178544252407e-03
2.810000000000085407e+01 2.416200364954898885e-02 -3.342017870263994626e-03
2.820000000000085549e+01 2.394613569774765860e-02 -3.292868054904129864e-03
2.830000000000085691e+01 2.373336321423614309e-02 -3.244745540944211134e-03
2.840000000000085834e+01 2.352362372882226688e-02 -3.197622139306980672e-03
2.850000000000085976e+01 2.331685640866972692e-02 -3.151470622243334081e-03
2.860000000000086118e+01 2.311300200558037005e-02 -3.106264684169006245e-03
2.870000000000086260e+01 2.291200280531283801e-02 -3.061978904360000003e-03
2.880000000000086402e+01 2.271380257877563674e-02 -3.018588711390715867e-03
2.890000000000086544e+01 2.251834653506913989e-02 -2.976070349234210058e-03
2.900000000000086686e+01 2.232558127627870537e-02 -2.934400844932489628e-03
2.910000000000086828e+01 2.213545475392726669e-02 -2.893557977750663146e-03
2.920000000000086970e+01 2.194791622706868117e-02 -2.853520249748549113e-03
2.930000000000087113e+01 2.176291622188399402e-02 -2.814266857681429514e-03
2.940000000000087255e+01 2.158040649276876666e-02 -2.775777666172414213e-03
2.950000000000087397e+01 2.140033998483211602e-02 -2.738033182087560267e-03
2.960000000000087539e+01 2.122267079773251797e-02 -2.701014530049150250e-03
2.970000000000087681e+01 2.104735415084386940e-02 -2.664703429039665377e-03
2.980000000000087823e+01 2.087434634963254709e-02 -2.629082170028179503e-03
2.990000000000087965e+01 2.070360475324396765e-02 -2.594133594578101366e-03
3.000000000000088107e+01 2.053508774323344402e-02 -2.559841074384144009e-03
3.010000000000088249e+01 2.036875469337980082e-02 -2.526188491689634712e-03
3.020000000000088392e+01 2.020456594058347988e-02 -2.493160220550144027e-03
3.030000000000088534e+01 2.004248275674552424e-02 -2.460741108889995341e-03
3.040000000000088676e+01 1.988246732163322442e-02 -2.428916461322295182e-03
3.050000000000088818e+01 1.972448269667814030e-02 -2.397672022692667188e-03
3.060000000000088960e+01 1.956849279965565749e-02 -2.366993962309240501e-03
3.070000000000089102e+01 1.941446238025392595e-02 -2.336868858834598248e-03
3.080000000000089244e+01 1.926235699644086516e-02 -2.307283685797262979e-03
3.090000000000089386e+01 1.911214299164058425e-02 -2.278225797701840388e-03
3.100000000000089528e+01 1.896378747267342055e-02 -2.249682916707041250e-03
3.110000000000089670e+01 1.881725828841726914e-02 -2.221643119842651136e-03
3.120000000000089813e+01 1.867252400920228067e-02 -2.194094826748161416e-03
3.130000000000089955e+01 1.852955390685800258e-02 -2.167026787898950792e-03
3.140000000000090097e+01 1.838831793542780244e-02 -2.140428073305293034e-03
3.150000000000090239e+01 1.824878671251214945e-02 -2.114288061660164579e-03
3.160000000000090381e+01 1.811093150120466483e-02 -2.088596429913253290e-03
3.170000000000090523e+01 1.797472419263621002e-02 -2.063343143259020566e-03
3.180000000000090665e+01 1.784013728905471663e-02 -2.038518445511025221e-03
3.190000000000090807e+01 1.770714388745798368e-02 -2.014112849852267313e-03
