-3.200000000000000000e+01 1.678979677031115086e-02 1.902705965262301707e-03
-3.189999999999999858e+01 1.691544753031096193e-02 1.925668906035666803e-03
-3.179999999999999716e+01 1.704259795311387909e-02 1.949024435327638242e-03
-3.169999999999999574e+01 1.717127325097453014e-02 1.972781397352240361e-03
-3.159999999999999432e+01 1.730149919103505726e-02 1.996948886173800265e-03
-3.149999999999999289e+01 1.743330211051231926e-02 2.021536254238702566e-03
-3.139999999999999147e+01 1.756670893240792550e-02 2.046553121254319520e-03
-3.129999999999999005e+01 1.770174718172505546e-02 2.072009383424491032e-03
-3.119999999999998863e+01 1.783844500222345891e-02 2.097915223060353718e-03
-3.109999999999998721e+01 1.797683117374632850e-02 2.124281118586496958e-03
-3.099999999999998579e+01 1.811693513010299850e-02 2.151117854953836159e-03
-3.089999999999998437e+01 1.825878697758038377e-02 2.178436534488132313e-03
-3.079999999999998295e+01 1.840241751406912485e-02 2.206248588187608058e-03
-3.069999999999998153e+01 1.854785824884188500e-02 2.234565787493586388e-03
-3.059999999999998010e+01 1.869514142302268825e-02 2.263400256559614313e-03
-3.049999999999997868e+01 1.884430003073488818e-02 2.292764485035329262e-03
-3.039999999999997726e+01 1.899536784100872705e-02 2.322671341400769744e-03
-3.029999999999997584e+01 1.914837942043855212e-02 2.353134086870173163e-03
-3.019999999999997442e+01 1.930337015663346686e-02 2.384166389896018312e-03
-3.009999999999997300e+01 1.946037628250813986e-02 2.415782341306035082e-03
-2.999999999999997158e+01 1.961943490140514307e-02 2.447996470096211550e-03
-2.989999999999997016e+01 1.978058401314059314e-02 2.480823759924349198e-03
-2.979999999999996874e+01 1.994386254096792988e-02 2.514279666330941285e-03
-2.969999999999996732e+01 2.010931035951239038e-02 2.548380134727293387e-03
-2.959999999999996589e+01 2.027696832373203015e-02 2.583141619193418496e-03
-2.949999999999996447e+01 2.044687829890269246e-02 2.618581102118016334e-03
-2.939999999999996305e+01 2.061908319173138410e-02 2.654716114736981741e-03
-2.929999999999996163e+01 2.079362698259994841e-02 2.691564758607813308e-03
-2.919999999999996021e+01 2.097055475900240495e-02 2.729145728072357273e-03
-2.909999999999995879e+01 2.114991275024369344e-02 2.767478333763714014e-03
-2.899999999999995737e+01 2.133174836340524794e-02 2.806582527202525733e-03
-2.889999999999995595e+01 2.151611022069785384e-02 2.846478926555124668e-03
-2.879999999999995453e+01 2.170304819821300413e-02 2.887188843605724940e-03
-2.869999999999995310e+01 2.189261346615024861e-02 2.928734312012181394e-03
-2.859999999999995168e+01 2.208485853060330323e-02 2.971138116919473139e-03
-2.849999999999995026e+01 2.227983727692137844e-02 3.014423825994177152e-03
-2.839999999999994884e+01 2.247760501478618389e-02 3.058615821974318243e-03
-2.829999999999994742e+01 2.267821852502859697e-02 3.103739336807576077e-03
-2.819999999999994600e+01 2.288173610828048155e-02 3.149820487471058535e-03
-2.809999999999994458e+01 2.308821763556400536e-02 3.196886313572265721e-03
-2.799999999999994316e+01 2.329772460084985480e-02 3.244964816819994810e-03
-2.789999999999994174e+01 2.351032017575000604e-02 3.294085002489876342e-03
-2.779999999999994031e+01 2.372606926638626268e-02 3.344276922986946180e-03
-2.769999999999993889e+01 2.394503857255381521e-02 3.395571723631747411e-03
-2.759999999999993747e+01 2.416729664930690469e-02 3.448001690805296664e-03
-2.749999999999993605e+01 2.439291397101862185e-02 3.501600302578018742e-03
-2.739999999999993463e+01 2.462196299811261063e-02 3.556402281989821858e-03
-2.729999999999993321e+01 2.485451824653109321e-02 3.612443653125759109e-03
-2.719999999999993179e+01 2.509065636008927375e-02 3.669761800161058189e-03
-2.709999999999993037e+01 2.533045618587551756e-02 3.728395529561586656e-03
-2.699999999999992895e+01 2.557399885277760604e-02 3.788385135617263096e-03
-2.689999999999992752e+01 2.582136785337315471e-02 3.849772469535827323e-03
-2.679999999999992610e+01 2.607264912928070749e-02 3.912601012302353506e-03
-2.669999999999992468e+01 2.632793116016131016e-02 3.976915951546063435e-03
-2.659999999999992326e+01 2.658730505657266180e-02 4.042764262673713416e-03
-2.649999999999992184e+01 2.685086465679355217e-02 4.110194794523337053e-03
-2.639999999999992042e+01 2.711870662790933501e-02 4.179258359852527915e-03
-2.629999999999991900e+01 2.739093057129745462e-02 4.250007830955743540e-03
-2.619999999999991758e+01 2.766763913275537001e-02 4.322498240750974850e-03
-2.609999999999991616e+01 2.794893811752824364e-02 4.396786889701890036e-03
-2.599999999999991473e+01 2.823493661040512442e-02 4.472933458941578434e-03
-2.589999999999991331e+01 2.852574710124148455e-02 4.551000130039105709e-03
-2.579999999999991189e+01 2.882148561610465426e-02 4.631051711835174750e-03
-2.569999999999991047e+01 2.912227185435263543e-02 4.713155774833204664e-03
-2.559999999999990905e+01 2.942822933197652979e-02 4.797382793670151510e-03
-2.549999999999990763e+01 2.973948553144235840e-02 4.883806298201066355e-03
-2.539999999999990621e+01 3.005617205847743723e-02 4.972503033826992935e-03
-2.529999999999990479e+01 3.037842480607338275e-02 5.063553131690661131e-03
-2.519999999999990337e+01 3.070638412610546958e-02 5.157040289444969616e-03
-2.509999999999990195e+01 3.104019500899213302e-02 5.253051963356505580e-03
-2.499999999999990052e+01 3.138000727171944698e-02 5.351679572532453549e-03
-2.489999999999989910e+01 3.172597575478659782e-02 5.453018716184760382e-03
-2.479999999999989768e+01 3.207826052844326564e-02 5.557169404857842387e-03
-2.469999999999989626e+01 3.243702710873254402e-02 5.664236306658073511e-03
-2.459999999999989484e+01 3.280244668388283824e-02 5.774329009610760892e-03
-2.449999999999989342e+01 3.317469635148739826e-02 5.887562301324252706e-03
-2.439999999999989200e+01 3.355395936716656924e-02 6.004056467311263273e-03
-2.429999999999989058e+01 3.394042540520853662e-02 6.123937609361061046e-03
-2.419999999999988916e+01 3.433429083184334762e-02 6.247337985516865540e-03
-2.409999999999988773e+01 3.473575899184134369e-02 6.374396373348919544e-03
-2.399999999999988631e+01 3.514504050901375715e-02 6.505258458315022960e-03
-2.389999999999988489e+01 3.556235360147738667e-02 6.640077249239879909e-03
-2.379999999999988347e+01 3.598792441232723238e-02 6.779013523042945293e-03
-2.369999999999988205e+01 3.642198735653714298e-02 6.922236301082664023e-03
-2.359999999999988063e+01 3.686478548494705881e-02 7.069923359701229398e-03
-2.349999999999987921e+01 3.731657086607026441e-02 7.222261777735886762e-03
-2.339999999999987779e+01 3.777760498676278889e-02 7.379448524112489777e-03
-2.329999999999987637e+01 3.824815917255305203e-02 7.541691088830938805e-03
-2.319999999999987494e+01 3.872851502861595491e-02 7.709208161017232913e-03
-2.309999999999987352e+01 3.921896490240912858e-02 7.882230358067003617e-03
-2.299999999999987210e+01 3.971981236883628114e-02 8.061001010226312782e-03
-2.289999999999987068e+01 4.023137273912835710e-02 8.245777005485314601e-03
-2.279999999999986926e+01 4.075397359433898664e-02 8.436829700022104375e-03
-2.269999999999986784e+01 4.128795534453048865e-02 8.634445900012084965e-03
-2.259999999999986642e+01 4.183367181472764235e-02 8.838928921196602742e-03
-2.249999999999986500e+01 4.239149085850401483e-02 9.050599733168372685e-03
-2.239999999999986358e+01 4.296179500037249771e-02 9.269798196163744203e-03
-2.229999999999986215e+01 4.354498210776101830e-02 9.496884398811251959e-03
-2.219999999999986073e+01 4.414146609347122802e-02 9.732240106228876031e-03
-2.209999999999985931e+01 4.475167764942339366e-02 9.976270328838448415e-03
-2.199999999999985789e+01 4.537606501213357901e-02 1.022940502325926301e-02
-2.189999999999985647e+01 4.601509476056901693e-02 1.049210093799718413e-02
-2.179999999999985505e+01 4.666925264641721971e-02 1.076484361783896018e-02
-2.169999999999985363e+01 4.733904445672555694e-02 1.104814958244387975e-02
-2.159999999999985221e+01 4.802499690851119024e-02 1.134256869630546546e-02
-2.149999999999985079e+01 4.872765857423708852e-02 1.164868674902166078e-02
-2.139999999999984936e+01 4.944760083691013275e-02 1.196712826708470900e-02
-2.129999999999984794e+01 5.018541887243522376e-02 1.229855958056376604e-02
-2.119999999999984652e+01 5.094173265624454827e-02 1.264369217077633209e-02
-2.109999999999984510e+01 5.171718799018975438e-02 1.300328632799229757e-02
-2.099999999999984368e+01 5.251245754413353534e-02 1.337815515138124876e-02
-2.089999999999984226e+01 5.332824190561210459e-02 1.376916892733012071e-02
-2.079999999999984084e+01 5.416527062858054326e-02 1.417725992618725298e-02
-2.069999999999983942e+01 5.502430327024835505e-02 1.460342766226853731e-02
-2.059999999999983800e+01 5.590613040227003505e-02 1.504874466720272294e-02
-2.049999999999983658e+01 5.681157457890383816e-02 1.551436283240797617e-02
-2.039999999999983515e+01 5.774149124126717880e-02 1.600152038336070601e-02
-2.029999999999983373e+01 5.869676953139645048e-02 1.651154955545511283e-02
-2.019999999999983231e+01 5.967833298423685928e-02 1.704588504971956894e-02
-2.009999999999983089e+01 6.068714005858794058e-02 1.760607335600278961e-02
-1.999999999999982947e+01 6.172418445906696638e-02 1.819378304150544301e-02
-1.989999999999982805e+01 6.279049519138095448e-02 1.881081611458874578e-02
-1.979999999999982663e+01 6.388713628000389222e-02 1.945912058655203600e-02
-1.969999999999982521e+01 6.501520606250195400e-02 2.014080436887782238e-02
-1.959999999999982379e+01 6.617583595637120675e-02 2.085815065973431817e-02
-1.949999999999982236e+01 6.737018857155947782e-02 2.161363499132131286e-02
-1.939999999999982094e+01 6.859945501557802860e-02 2.240994413001794541e-02
-1.929999999999981952e+01 6.986485120468545473e-02 2.324999704276300982e-02
-1.919999999999981810e+01 7.116761295538880094e-02 2.413696816724941741e-02
-1.909999999999981668e+01 7.250898958221098367e-02 2.507431324923662178e-02
-1.899999999999981526e+01 7.389023566943841992e-02 2.606579803798985892e-02
-1.889999999999981384e+01 7.531260061308248099e-02 2.711553015944163231e-02
-1.879999999999981242e+01 7.677731544392635277e-02 2.822799451696291623e-02
-1.869999999999981100e+01 7.828557633690225170e-02 2.940809259846151671e-02
-1.859999999999980957e+01 7.983852408519262478e-02 3.066118609646816678e-02
-1.849999999999980815e+01 8.143721866276337762e-02 3.199314527142980286e-02
-1.839999999999980673e+01 8.308260781055495925e-02 3.341040250405821060e-02
-1.829999999999980531e+01 8.477548835451154119e-02 3.492001148732114951e-02
-1.819999999999980389e+01 8.651645868625507108e-02 3.652971249296118467e-02
-1.809999999999980247e+01 8.830586050339363224e-02 3.824800410475436008e-02
-1.799999999999980105e+01 9.014370750298976442e-02 4.008422172649447196e-02
-1.789999999999979963e+01 9.202959823584649923e-02 4.204862302869329105e-02
-1.779999999999979821e+01 9.396260974968045909e-02 4.415248027220566862e-02
-1.769999999999979678e+01 9.594116795743717896e-02 4.640817910221325948e-02
-1.759999999999979536e+01 9.796288985313778008e-02 4.882932290113059515e-02
-1.749999999999979394e+01 1.000243917480884009e-01 5.143084106148676504e-02
-1.739999999999979252e+01 1.021210566097776606e-01 5.422909850883557425e-02
-1.729999999999979110e+01 1.042467523639065419e-01 5.724200236780870726e-02
-1.719999999999978968e+01 1.063934916897764649e-01 6.048909967807541282e-02
-1.709999999999978826e+01 1.085510224676104057e-01 6.399165735977373204e-02
-1.699999999999978684e+01 1.107063367383806229e-01 6.777271197471826381e-02
-1.689999999999978542e+01 1.128430850160360571e-01 7.185707195852222839e-02
-1.679999999999978400e+01 1.149408823850516931e-01 7.627124859778877664e-02
-1.669999999999978257e+01 1.169744935416205112e-01 8.104328374143363045e-02
-1.659999999999978115e+01 1.189128865937504331e-01 8.620243173978557605e-02
-1.649999999999977973e+01 1.207181511868933299e-01 9.177864015775952233e-02
-1.639999999999977831e+01 1.223442870198563348e-01 9.780175842257365915e-02
-1.629999999999977689e+01 1.237358863090143174e-01 1.043003862793579345e-01
-1.619999999999977547e+01 1.248267611332689181e-01 1.113002561909896132e-01
-1.609999999999977405e+01 1.255386072862286484e-01 1.188220286607400977e-01
-1.599999999999977263e+01 1.257798538292044799e-01 1.268783722879367748e-01
-1.589999999999977121e+01 1.254449246539742491e-01 1.354702100106235374e-01
-1.579999999999976978e+01 1.244142348747537402e-01 1.445820526173290377e-01
-1.569999999999976836e+01 1.225553545251589771e-01 1.541764279668997595e-01
-1.559999999999976694e+01 1.197258777463432733e-01 1.641875703030429290e-01
-1.549999999999976552e+01 1.157786037860741579e-01 1.745147774726861778e-01
-1.539999999999976410e+01 1.105696119897985191e-01 1.850161810658908501e-01
-1.529999999999976268e+01 1.039696219941047411e-01 1.955040817674595088e-01
-1.519999999999976126e+01 9.587859240832710683e-02 2.057434035662414340e-01
-1.509999999999975984e+01 8.624277588623817381e-02 2.154550701481079689e-01
-1.499999999999975842e+01 7.507245248141750094e-02 2.243259951869401303e-01
-1.489999999999975699e+01 6.245749484750823255e-02 2.320266863921116030e-01
-1.479999999999975557e+01 4.857714559224858564e-02 2.382360791548160939e-01
-1.469999999999975415e+01 3.370038595388222258e-02 2.426712852514342766e-01
-1.459999999999975273e+01 1.817443016202074935e-02 2.451179646706864168e-01
-1.449999999999975131e+01 2.401202214520829770e-03 2.454557754012576809e-01
-1.439999999999974989e+01 -1.319540920962058647e-02 2.436735537192606382e-01
-1.429999999999974847e+01 -2.820617366468862464e-02 2.398707761298590757e-01
-1.419999999999974705e+01 -4.227054038793957164e-02 2.342449615193681334e-01
-1.409999999999974563e+01 -5.510234447940030172e-02 2.270679032044149448e-01
-1.399999999999974420e+01 -6.650381945682240503e-02 2.186558273175668310e-01
-1.389999999999974278e+01 -7.636748772344276182e-02 2.093391173320582888e-01
-1.379999999999974136e+01 -8.466801040765255248e-02 1.994362349754678077e-01
-1.369999999999973994e+01 -9.144748483103341818e-02 1.892345699587221486e-01
-1.359999999999973852e+01 -9.679788722384180533e-02 1.789789593552592317e-01
-1.349999999999973710e+01 -1.008437017843867856e-01 1.688671005473008080e-01
-1.339999999999973568e+01 -1.037267334589205559e-01 1.590502528996286524e-01
-1.329999999999973426e+01 -1.055940702151413058e-01 1.496374107741254567e-01
-1.319999999999973284e+01 -1.065893655645138854e-01 1.407013255881786606e-01
-1.309999999999973141e+01 -1.068471162979430233e-01 1.322851394752249943e-01
-1.299999999999972999e+01 -1.064893757193725310e-01 1.244088073813036932e-01
-1.289999999999972857e+01 -1.056242913367694408e-01 1.170748390625279550e-01
-1.279999999999972715e+01 -1.043459105933656622e-01 1.102731549731983812e-01
-1.269999999999972573e+01 -1.027347996867024604e-01 1.039850223403059049e-01
-1.259999999999972431e+01 -1.008591312104245574e-01 9.818613721216845613e-02
-1.249999999999972289e+01 -9.877599629472333387e-02 9.284896596647501665e-02
-1.239999999999972147e+01 -9.653277810738158937e-02 8.794447425531204399e-02
-1.229999999999972005e+01 -9.416848493236665285e-02 8.344336675110199109e-02
-1.219999999999971863e+01 -9.171498486862592059e-02 7.931694698658266207e-02
-1.209999999999971720e+01 -8.919811396783991486e-02 7.553768906175378772e-02
-1.199999999999971578e+01 -8.663864886580824320e-02 7.207959545655746869e-02
-1.189999999999971436e+01 -8.405314667409685692e-02 6.891839935839497167e-02
-1.179999999999971294e+01 -8.145466145804691749e-02 6.603165646240798103e-02
-1.169999999999971152e+01 -7.885334980436028984e-02 6.339876023153151463e-02
-1.159999999999971010e+01 -7.625697902521921812e-02 6.100090590236224852e-02
-1.149999999999970868e+01 -7.367135132035718126e-02 5.882102177426348777e-02
-1.139999999999970726e+01 -7.110065629491627015e-02 5.684368117366554729e-02
-1.129999999999970584e+01 -6.854776297221687464e-02 5.505500461553958225e-02
-1.119999999999970441e+01 -6.601446107875413860e-02 5.344255881412688508e-02
-1.109999999999970299e+01 -6.350166004044684176e-02 5.199525708792745310e-02
-1.099999999999970157e+01 -6.100955288979003494e-02 5.070326417772468008e-02
-1.089999999999970015e+01 -5.853775117668094663e-02 4.955790740522965365e-02
-1.079999999999969873e+01 -5.608539600838009787e-02 4.855159533030031782e-02
-1.069999999999969731e+01 -5.365124951924277186e-02 4.767774453498246218e-02
-1.059999999999969589e+01 -5.123377037298117859e-02 4.693071480565848275e-02
-1.049999999999969447e+01 -4.883117631984317669e-02 4.630575275488084397e-02
-1.039999999999969305e+01 -4.644149635450742220e-02 4.579894378622770268e-02
-1.029999999999969162e+01 -4.406261463140183354e-02 4.540717223192350382e-02
-1.019999999999969020e+01 -4.169230798635767399e-02 4.512808946666487658e-02
-1.009999999999968878e+01 -3.932827867153181750e-02 4.496008980646743619e-02
-9.999999999999687361e+00 -3.696818372949105952e-02 4.490229402940045661e-02
-9.899999999999685940e+00 -3.460966230586556142e-02 4.495454039789337219e-02
-9.799999999999684519e+00 -3.225036212025234050e-02 4.511738311413012598e-02
-9.699999999999683098e+00 -2.988796628460198279e-02 4.539209819676000984e-02
-9.599999999999681677e+00 -2.752022167060757390e-02 4.578069682445923966e-02
-9.499999999999680256e+00 -2.514497008633746061e-02 4.628594624635054555e-02
-9.399999999999678835e+00 -2.276018362967122816e-02 4.691139840635330516e-02
-9.299999999999677414e+00 -2.036400574262987873e-02 4.766142646375631092e-02
-9.199999999999675993e+00 -1.795479970743003167e-02 4.854126940814099123e-02
-9.099999999999674571e+00 -1.553120660407656534e-02 4.955708495516523981e-02
-8.999999999999673150e+00 -1.309221510299994617e-02 5.071601085807652537e-02
-8.899999999999671729e+00 -1.063724590569756212e-02 5.202623466102045124e-02
-8.799999999999670308e+00 -8.166254180759960346e-03 5.349707173296704837e-02
-8.699999999999668887e+00 -5.679853991090992593e-03 5.513905112199805891e-02
-8.599999999999667466e+00 -3.179469478494706403e-03 5.696400831901130002e-02
-8.499999999999666045e+00 -6.675184788922303158e-04 5.898518335984490046e-02
-8.399999999999664624e+00 1.852364708335406396e-03 6.121732174936025256e-02
-8.299999999999663203e+00 4.375059487372850997e-03 6.367677436306828920e-02
-8.199999999999661782e+00 6.893632854813758204e-03 6.638159063691498329e-02
-8.099999999999660361e+00 9.398946430932010598e-03 6.935159683013385201e-02
-7.999999999999658939e+00 1.187918472970826700e-02 7.260844772550678616e-02
-7.899999999999657518e+00 1.431929166230751227e-02 7.617563555467146696e-02
-7.799999999999656097e+00 1.670030169409406073e-02 8.007843389970173420e-02
-7.699999999999654676e+00 1.899855249836357451e-02 8.434374647670994651e-02
-7.599999999999653255e+00 2.118476810434600371e-02 8.899982071697305763e-02
-7.499999999999651834e+00 2.322300649532310635e-02 9.407577365351962873e-02
-7.399999999999650413e+00 2.506947491247130122e-02 9.960086273653805111e-02
-7.299999999999648992e+00 2.667123187470958612e-02 1.056034172340355043e-01
-7.199999999999647571e+00 2.796481988273354091e-02 1.121093280290285654e-01
-7.099999999999646150e+00 2.887491028122687181e-02 1.191399775271028971e-01
-6.999999999999644729e+00 2.931309539720589052e-02 1.267094818462961570e-01
-6.899999999999643308e+00 2.917703585285151557e-02 1.348211224713249667e-01
-6.799999999999641886e+00 2.835026356241387990e-02 1.434628762914977596e-01
-6.699999999999640465e+00 2.670304879970791800e-02 1.526020282058690170e-01
-6.599999999999639044e+00 2.409484860553479102e-02 1.621789897515850121e-01
-6.499999999999637623e+00 2.037893413054615854e-02 1.721006705045962926e-01
-6.399999999999636202e+00 1.540979633854733244e-02 1.822340666423217792e-01
-6.299999999999634781e+00 9.053781912655253783e-03 1.924011276937796777e-01
-6.199999999999633360e+00 1.203033052483003240e-03 2.023763754077770316e-01
-6.099999999999631939e+00 -8.207865151313741003e-03 2.118890479208115907e-01
-5.999999999999630518e+00 -1.918407590721809414e-02 2.206315295650189967e-01
-5.899999999999629097e+00 -3.165416549239238875e-02 2.282752767770308278e-01
-5.799999999999627676e+00 -4.545872436406830225e-02 2.344942155635985348e-01
-5.699999999999626255e+00 -6.034766781370169697e-02 2.389937433654986676e-01
-5.599999999999624833e+00 -7.598904441821321964e-02 2.415414394305386570e-01
-5.499999999999623412e+00 -9.199008491007747146e-02 2.419941045934912993e-01
-5.399999999999621991e+00 -1.079283423277630355e-01 2.403155873855704339e-01
-5.299999999999620570e+00 -1.233880423380802061e-01 2.365813967054434808e-01
-5.199999999999619149e+00 -1.379952493719049933e-01 2.309690253805417870e-01
-5.099999999999617728e+00 -1.514458037934663936e-01 2.237362218499767408e-01
-4.999999999999616307e+00 -1.635220461065808872e-01 2.151919593840430911e-01
-4.899999999999614886e+00 -1.740972580266785807e-01 2.056657765009374528e-01
-4.799999999999613465e+00 -1.831294343797627844e-01 1.954804481387129311e-01
-4.699999999999612044e+00 -1.906476767163577946e-01 1.849311718466149779e-01
-4.599999999999610623e+00 -1.967349535619311307e-01 1.742724202417230139e-01
-4.499999999999609201e+00 -2.015104645381317616e-01 1.637119582466339540e-01
-4.399999999999607780e+00 -2.051138463750802887e-01 1.534105418707774893e-01
-4.299999999999606359e+00 -2.076923980216907328e-01 1.434854830860623209e-01
-4.199999999999604938e+00 -2.093916443633978830e-01 1.340163911580995182e-01
-4.099999999999603517e+00 -2.103489971278970083e-01 1.250517606652945535e-01
-3.999999999999602096e+00 -2.106899855679243982e-01 1.166154946274279708e-01
-3.899999999999600675e+00 -2.105264450435870294e-01 1.087128235710040358e-01
-3.799999999999599254e+00 -2.099560889211330161e-01 1.013353649776237292e-01
-3.699999999999597833e+00 -2.090629844394295000e-01 9.446525859083078347e-02
-3.599999999999596412e+00 -2.079185641996033340e-01 8.807842677379316976e-02
-3.499999999999594991e+00 -2.065829083324191573e-01 8.214706646036529225e-02
-3.399999999999593570e+00 -2.051061180321530897e-01 7.664149964143905647e-02
-3.299999999999592148e+00 -2.035296667782886537e-01 7.153150791722445723e-02
-3.199999999999590727e+00 -2.018876629915583587e-01 6.678726400363493854e-02
-3.099999999999589306e+00 -2.002079904421359413e-01 6.237995592179181037e-02
-2.999999999999587885e+00 -1.985133140129863860e-01 5.828218184755928899e-02
-2.899999999999586464e+00 -1.968219515685942222e-01 5.446817728111019719e-02
-2.799999999999585043e+00 -1.951486202046276985e-01 5.091392216986039693e-02
-2.699999999999583622e+00 -1.935050689529067558e-01 4.759716408214151318e-02
-2.599999999999582201e+00 -1.919006114406732744e-01 4.449738431674477024e-02
-2.499999999999580780e+00 -1.903425719920175674e-01 4.159572664244443746e-02
-2.399999999999579359e+00 -1.888366578362803694e-01 3.887490284063797874e-02
-2.299999999999577938e+00 -1.873872688518734009e-01 3.631908503510816039e-02
-2.199999999999576517e+00 -1.859977548735137765e-01 3.391379165008621965e-02
-2.099999999999575095e+00 -1.846706291628657515e-01 3.164577149198112560e-02
-1.999999999999573674e+00 -1.834077452589570334e-01 2.950288871393190807e-02
-1.899999999999572253e+00 -1.822104431085091458e-01 2.747401015064810173e-02
-1.799999999999570832e+00 -1.810796691193396479e-01 2.554889560076089444e-02
-1.699999999999569411e+00 -1.800160735621308683e-01 2.371809103312361167e-02
-1.599999999999567990e+00 -1.790200875367010114e-01 2.197282438403311972e-02
-1.499999999999566569e+00 -1.780919805045991788e-01 2.030490363128002046e-02
-1.399999999999565148e+00 -1.772318981894666634e-01 1.870661725991948354e-02
-1.299999999999563727e+00 -1.764398795482682858e-01 1.717063819477722408e-02
-1.199999999999562306e+00 -1.757158507290663141e-01 1.568993390725210990e-02
-1.099999999999560885e+00 -1.750595938277737518e-01 1.425768778956164329e-02
-9.999999999995594635e-01 -1.744706894132782571e-01 1.286723993458578630e-02
-8.999999999995580424e-01 -1.739484349334956270e-01 1.151205868728063381e-02
-7.999999999995566213e-01 -1.734917469081020680e-01 1.018575664684803067e-02
-6.999999999995552002e-01 -1.730990633876311746e-01 8.882164333220476937e-03
-5.999999999995537792e-01 -1.727682733621923317e-01 7.595469035126853341e-03
-4.999999999995523581e-01 -1.724967084358551284e-01 6.320413280609581130e-03
-3.999999999995509370e-01 -1.722812337356778856e-01 5.052526808189010399e-03
-2.999999999995495159e-01 -1.721184634934833091e-01 3.788341965430014335e-03
-1.999999999995480948e-01 -1.720050985765743667e-01 2.525524484104854639e-03
-9.999999999954667373e-02 -1.719383424136325111e-01 1.262851961196284623e-03
4.547473508864641190e-13 -1.719163120660647526e-01 0.000000000000000000e+00
1.000000000004561684e-01 -1.719383424136325111e-01 -1.262851961196284623e-03
2.000000000004575895e-01 -1.720050985765759766e-01 -2.525524484127808500e-03
3.000000000004590106e-01 -1.721184634934858071e-01 -3.788341965452995952e-03
4.000000000004604317e-01 -1.722812337356778856e-01 -5.052526808189010399e-03
5.000000000004618528e-01 -1.724967084358551284e-01 -6.320413280609581130e-03
6.000000000004632739e-01 -1.727682733621923317e-01 -7.595469035126853341e-03
7.000000000004646949e-01 -1.730990633876377249e-01 -8.882164333244013665e-03
8.000000000004661160e-01 -1.734917469081098118e-01 -1.018575664687193516e-02
9.000000000004675371e-01 -1.739484349334956270e-01 -1.151205868728063381e-02
1.000000000000468958e+00 -1.744706894132782571e-01 -1.286723993458578630e-02
1.100000000000470379e+00 -1.750595938277737518e-01 -1.425768778956164329e-02
1.200000000000471800e+00 -1.757158507290788596e-01 -1.568993390727858178e-02
1.300000000000473221e+00 -1.764398795482820526e-01 -1.717063819480465353e-02
1.400000000000474643e+00 -1.772318981894666634e-01 -1.870661725991948354e-02
1.500000000000476064e+00 -1.780919805045991788e-01 -2.030490363128002046e-02
1.600000000000477485e+00 -1.790200875367010114e-01 -2.197282438403311972e-02
1.700000000000478906e+00 -1.800160735621496033e-01 -2.371809103315611345e-02
1.800000000000480327e+00 -1.810796691193596319e-01 -2.554889560079503033e-02
1.900000000000481748e+00 -1.822104431085091458e-01 -2.747401015064810173e-02
2.000000000000483169e+00 -1.834077452589570334e-01 -2.950288871393190807e-02
2.100000000000484590e+00 -1.846706291628657515e-01 -3.164577149198112560e-02
2.200000000000486011e+00 -1.859977548735385344e-01 -3.391379165012868568e-02
2.300000000000487432e+00 -1.873872688518992136e-01 -3.631908503515324238e-02
2.400000000000488853e+00 -1.888366578362803694e-01 -3.887490284063797874e-02
2.500000000000490274e+00 -1.903425719920175674e-01 -4.159572664244443746e-02
2.600000000000491696e+00 -1.919006114406732744e-01 -4.449738431674477024e-02
2.700000000000493117e+00 -1.935050689529363432e-01 -4.759716408219981376e-02
2.800000000000494538e+00 -1.951486202046578966e-01 -5.091392216992282616e-02
2.900000000000495959e+00 -1.968219515685942222e-01 -5.446817728111019719e-02
3.000000000000497380e+00 -1.985133140129863860e-01 -5.828218184755928899e-02
3.100000000000498801e+00 -2.002079904421359413e-01 -6.237995592179181037e-02
3.200000000000500222e+00 -2.018876629915886123e-01 -6.678726400371806649e-02
3.300000000000501643e+00 -2.035296667783180469e-01 -7.153150791731399671e-02
3.400000000000503064e+00 -2.051061180321530897e-01 -7.664149964143905647e-02
3.500000000000504485e+00 -2.065829083324191573e-01 -8.214706646036529225e-02
3.600000000000505906e+00 -2.079185641996033340e-01 -8.807842677379316976e-02
3.700000000000507328e+00 -2.090629844394481796e-01 -9.446525859095128430e-02
3.800000000000508749e+00 -2.099560889211465886e-01 -1.013353649777532645e-01
3.900000000000510170e+00 -2.105264450435870294e-01 -1.087128235710040358e-01
4.000000000000511591e+00 -2.106899855679243982e-01 -1.166154946274279708e-01
4.100000000000513012e+00 -2.103489971278970083e-01 -1.250517606652945535e-01
4.200000000000514433e+00 -2.093916443633741520e-01 -1.340163911582673284e-01
4.300000000000515854e+00 -2.076923980216522081e-01 -1.434854830862388742e-01
4.400000000000517275e+00 -2.051138463750802887e-01 -1.534105418707774893e-01
4.500000000000518696e+00 -2.015104645381317616e-01 -1.637119582466339540e-01
4.600000000000520117e+00 -1.967349535619311307e-01 -1.742724202417230139e-01
4.700000000000521538e+00 -1.906476767162344210e-01 -1.849311718468085730e-01
4.800000000000522959e+00 -1.831294343796124324e-01 -1.954804481389023629e-01
4.900000000000524381e+00 -1.740972580266785807e-01 -2.056657765009374528e-01
5.000000000000525802e+00 -1.635220461065808872e-01 -2.151919593840430911e-01
5.100000000000527223e+00 -1.514458037934663936e-01 -2.237362218499767408e-01
5.200000000000528644e+00 -1.379952493716490036e-01 -2.309690253806594984e-01
5.300000000000530065e+00 -1.233880423378057034e-01 -2.365813967055291345e-01
5.400000000000531486e+00 -1.079283423277630355e-01 -2.403155873855704339e-01
5.500000000000532907e+00 -9.199008491007747146e-02 -2.419941045934912993e-01
5.600000000000534328e+00 -7.598904441821321964e-02 -2.415414394305386570e-01
5.700000000000535749e+00 -6.034766781342291997e-02 -2.389937433654339416e-01
5.800000000000537170e+00 -4.545872436380644227e-02 -2.344942155635001968e-01
5.900000000000538591e+00 -3.165416549239238875e-02 -2.282752767770308278e-01
6.000000000000540012e+00 -1.918407590721809414e-02 -2.206315295650189967e-01
6.100000000000541434e+00 -8.207865151313741003e-03 -2.118890479208115907e-01
6.200000000000542855e+00 1.203033052639863876e-03 -2.023763754075989241e-01
6.300000000000544276e+00 9.053781912784192309e-03 -1.924011276935957138e-01
6.400000000000545697e+00 1.540979633854733244e-02 -1.822340666423217792e-01
6.500000000000547118e+00 2.037893413054615854e-02 -1.721006705045962926e-01
6.600000000000548539e+00 2.409484860553479102e-02 -1.621789897515850121e-01
6.700000000000549960e+00 2.670304879974617907e-02 -1.526020282056985977e-01
6.800000000000551381e+00 2.835026356243603579e-02 -1.434628762913359723e-01
6.900000000000552802e+00 2.917703585285988388e-02 -1.348211224711725331e-01
7.000000000000554223e+00 2.931309539720589052e-02 -1.267094818462961570e-01
7.100000000000555644e+00 2.887491028122687181e-02 -1.191399775271028971e-01
7.200000000000557066e+00 2.796481988271325159e-02 -1.121093280289055111e-01
7.300000000000558487e+00 2.667123187468307954e-02 -1.056034172339218175e-01
7.400000000000559908e+00 2.506947491243972925e-02 -9.960086273643328769e-02
7.500000000000561329e+00 2.322300649532310635e-02 -9.407577365351962873e-02
7.600000000000562750e+00 2.118476810434600371e-02 -8.899982071697305763e-02
7.700000000000564171e+00 1.899855249832269055e-02 -8.434374647662888635e-02
7.800000000000565592e+00 1.670030169405145593e-02 -8.007843389962752967e-02
7.900000000000567013e+00 1.431929166226358907e-02 -7.617563555460357683e-02
8.000000000000568434e+00 1.187918472970826700e-02 -7.260844772550678616e-02
8.100000000000569855e+00 9.398946430932010598e-03 -6.935159683013385201e-02
8.200000000000571276e+00 6.893632854768051710e-03 -6.638159063686342731e-02
8.300000000000572697e+00 4.375059487327012664e-03 -6.367677436302139615e-02
8.400000000000574119e+00 1.852364708289533368e-03 -6.121732174931764775e-02
8.500000000000575540e+00 -6.675184788922303158e-04 -5.898518335984490046e-02
8.600000000000576961e+00 -3.179469478494706403e-03 -5.696400831901130002e-02
8.700000000000578382e+00 -5.679853991136338265e-03 -5.513905112196655633e-02
8.800000000000579803e+00 -8.166254180805063156e-03 -5.349707173293876544e-02
8.900000000000581224e+00 -1.063724590574236656e-02 -5.202623466099520061e-02
9.000000000000582645e+00 -1.309221510299994617e-02 -5.071601085807652537e-02
9.100000000000584066e+00 -1.553120660407656534e-02 -4.955708495516523981e-02
9.200000000000585487e+00 -1.795479970747400345e-02 -4.854126940812377583e-02
9.300000000000586908e+00 -2.036400574267357294e-02 -4.766142646374151026e-02
9.400000000000588329e+00 -2.276018362971468645e-02 -4.691139840634082209e-02
9.500000000000589750e+00 -2.514497008633746061e-02 -4.628594624635054555e-02
9.600000000000591172e+00 -2.752022167060757390e-02 -4.578069682445923966e-02
9.700000000000592593e+00 -2.988796628464498312e-02 -4.539209819675399382e-02
9.800000000000594014e+00 -3.225036212029529226e-02 -4.511738311412614999e-02
9.900000000000595435e+00 -3.460966230590845072e-02 -4.495454039789141543e-02
1.000000000000059686e+01 -3.696818372949105952e-02 -4.490229402940045661e-02
1.010000000000059828e+01 -3.932827867153181750e-02 -4.496008980646743619e-02
1.020000000000059970e+01 -4.169230798640071595e-02 -4.512808946666892890e-02
1.030000000000060112e+01 -4.406261463144502816e-02 -4.540717223192961005e-02
1.040000000000060254e+01 -4.644149635455080416e-02 -4.579894378623586282e-02
1.050000000000060396e+01 -4.883117631984317669e-02 -4.630575275488084397e-02
1.060000000000060538e+01 -5.123377037298117859e-02 -4.693071480565848275e-02
1.070000000000060680e+01 -5.365124951928688241e-02 -4.767774453499717957e-02
1.080000000000060822e+01 -5.608539600842452066e-02 -4.855159533031740138e-02
1.090000000000060965e+01 -5.853775117672570250e-02 -4.955790740524919358e-02
1.100000000000061107e+01 -6.100955288979003494e-02 -5.070326417772468008e-02
1.110000000000061249e+01 -6.350166004044684176e-02 -5.199525708792745310e-02
1.120000000000061391e+01 -6.601446107880001857e-02 -5.344255881415466841e-02
1.130000000000061533e+01 -6.854776297226314319e-02 -5.505500461557047420e-02
1.140000000000061675e+01 -7.110065629496288564e-02 -5.684368117369976298e-02
1.150000000000061817e+01 -7.367135132035718126e-02 -5.882102177426348777e-02
1.160000000000061959e+01 -7.625697902521921812e-02 -6.100090590236224852e-02
1.170000000000062101e+01 -7.885334980440758534e-02 -6.339876023157721419e-02
1.180000000000062244e+01 -8.145466145809424074e-02 -6.603165646245813536e-02
1.190000000000062386e+01 -8.405314667414402752e-02 -6.891839935844989995e-02
1.200000000000062528e+01 -8.663864886580824320e-02 -7.207959545655746869e-02
1.210000000000062670e+01 -8.919811396783991486e-02 -7.553768906175378772e-02
1.220000000000062812e+01 -9.171498486867120381e-02 -7.931694698665449350e-02
1.230000000000062954e+01 -9.416848493241053442e-02 -8.344336675118038671e-02
1.240000000000063096e+01 -9.653277810742358356e-02 -8.794447425539748953e-02
1.250000000000063238e+01 -9.877599629472333387e-02 -9.284896596647501665e-02
1.260000000000063380e+01 -1.008591312104245574e-01 -9.818613721216845613e-02
1.270000000000063523e+01 -1.027347996867343377e-01 -1.039850223404157475e-01
1.280000000000063665e+01 -1.043459105933921827e-01 -1.102731549733173694e-01
1.290000000000063807e+01 -1.056242913367891889e-01 -1.170748390626564356e-01
1.300000000000063949e+01 -1.064893757193725310e-01 -1.244088073813036932e-01
1.310000000000064091e+01 -1.068471162979430233e-01 -1.322851394752249943e-01
1.320000000000064233e+01 -1.065893655645029081e-01 -1.407013255883365899e-01
1.330000000000064375e+01 -1.055940702151157012e-01 -1.496374107742924897e-01
1.340000000000064517e+01 -1.037267334588778261e-01 -1.590502528998038456e-01
1.350000000000064659e+01 -1.008437017843867856e-01 -1.688671005473008080e-01
1.360000000000064801e+01 -9.679788722384180533e-02 -1.789789593552592317e-01
1.370000000000064944e+01 -9.144748483092340896e-02 -1.892345699589088603e-01
1.380000000000065086e+01 -8.466801040751562035e-02 -1.994362349756514941e-01
1.390000000000065228e+01 -7.636748772327758839e-02 -2.093391173322340371e-01
1.400000000000065370e+01 -6.650381945682240503e-02 -2.186558273175668310e-01
1.410000000000065512e+01 -5.510234447940030172e-02 -2.270679032044149448e-01
1.420000000000065654e+01 -4.227054038769423316e-02 -2.342449615194855117e-01
1.430000000000065796e+01 -2.820617366442317725e-02 -2.398707761299455343e-01
1.440000000000065938e+01 -1.319540920934102191e-02 -2.436735537193118473e-01
1.450000000000066080e+01 2.401202214520829770e-03 -2.454557754012576809e-01
1.460000000000066223e+01 1.817443016202074935e-02 -2.451179646706864168e-01
1.470000000000066365e+01 3.370038595415987548e-02 -2.426712852513711327e-01
1.480000000000066507e+01 4.857714559251105624e-02 -2.382360791547185053e-01
1.490000000000066649e+01 6.245749484774987953e-02 -2.320266863919840661e-01
1.500000000000066791e+01 7.507245248141750094e-02 -2.243259951869401303e-01
1.510000000000066933e+01 8.624277588623817381e-02 -2.154550701481079689e-01
1.520000000000067075e+01 9.587859240848821407e-02 -2.057434035660590799e-01
1.530000000000067217e+01 1.039696219942380789e-01 -1.955040817672702158e-01
1.540000000000067359e+01 1.105696119899055307e-01 -1.850161810656992811e-01
1.550000000000067502e+01 1.157786037860741579e-01 -1.745147774726861778e-01
1.560000000000067644e+01 1.197258777463432733e-01 -1.641875703030429290e-01
1.570000000000067786e+01 1.225553545252011933e-01 -1.541764279667212079e-01
1.580000000000067928e+01 1.244142348747796084e-01 -1.445820526171587572e-01
1.590000000000068070e+01 1.254449246539862950e-01 -1.354702100104624440e-01
1.600000000000068212e+01 1.257798538292044799e-01 -1.268783722879367748e-01
1.610000000000068354e+01 1.255386072862286484e-01 -1.188220286607400977e-01
1.620000000000068496e+01 1.248267611332522509e-01 -1.113002561908576216e-01
1.630000000000068638e+01 1.237358863089914884e-01 -1.043003862792352410e-01
1.640000000000068781e+01 1.223442870198286764e-01 -9.780175842245983353e-02
1.650000000000068923e+01 1.207181511868933299e-01 -9.177864015775952233e-02
1.660000000000069065e+01 1.189128865937504331e-01 -8.620243173978557605e-02
1.670000000000069207e+01 1.169744935415842901e-01 -8.104328374134341095e-02
1.680000000000069349e+01 1.149408823850140288e-01 -7.627124859770532950e-02
1.690000000000069491e+01 1.128430850159974491e-01 -7.185707195844501238e-02
1.700000000000069633e+01 1.107063367383806229e-01 -6.777271197471826381e-02
1.710000000000069775e+01 1.085510224676104057e-01 -6.399165735977373204e-02
1.720000000000069917e+01 1.063934916897372879e-01 -6.048909967801408688e-02
1.730000000000070060e+01 1.042467523638676424e-01 -5.724200236775184997e-02
1.740000000000070202e+01 1.021210566097392192e-01 -5.422909850878278315e-02
1.750000000000070344e+01 1.000243917480884009e-01 -5.143084106148676504e-02
1.760000000000070486e+01 9.796288985313778008e-02 -4.882932290113059515e-02
1.770000000000070628e+01 9.594116795740080528e-02 -4.640817910217076570e-02
1.780000000000070770e+01 9.396260974964487644e-02 -4.415248027216604754e-02
1.790000000000070912e+01 9.202959823581177701e-02 -4.204862302865632062e-02
1.800000000000071054e+01 9.014370750298976442e-02 -4.008422172649447196e-02
1.810000000000071196e+01 8.830586050339363224e-02 -3.824800410475436008e-02
1.820000000000071338e+01 8.651645868622297175e-02 -3.652971249293094497e-02
1.830000000000071481e+01 8.477548835448031617e-02 -3.492001148729280413e-02
1.840000000000071623e+01 8.308260781052462240e-02 -3.341040250403161382e-02
1.850000000000071765e+01 8.143721866276337762e-02 -3.199314527142980286e-02
1.860000000000071907e+01 7.983852408519262478e-02 -3.066118609646816678e-02
1.870000000000072049e+01 7.828557633687441286e-02 -2.940809259843940940e-02
1.880000000000072191e+01 7.677731544389933271e-02 -2.822799451694207873e-02
1.890000000000072333e+01 7.531260061305622422e-02 -2.711553015942197789e-02
1.900000000000072475e+01 7.389023566943841992e-02 -2.606579803798985892e-02
1.910000000000072617e+01 7.250898958221098367e-02 -2.507431324923662178e-02
1.920000000000072760e+01 7.116761295536475074e-02 -2.413696816723283345e-02
1.930000000000072902e+01 6.986485120466209842e-02 -2.324999704274730711e-02
1.940000000000073044e+01 6.859945501555533842e-02 -2.240994413000307536e-02
1.950000000000073186e+01 6.737018857155947782e-02 -2.161363499132131286e-02
1.960000000000073328e+01 6.617583595637120675e-02 -2.085815065973431817e-02
1.970000000000073470e+01 6.501520606250195400e-02 -2.014080436887782238e-02
1.980000000000073612e+01 6.388713627998365840e-02 -1.945912058653994844e-02
1.990000000000073754e+01 6.279049519136128965e-02 -1.881081611457724109e-02
2.000000000000073896e+01 6.172418445906696638e-02 -1.819378304150544301e-02
2.010000000000074039e+01 6.068714005858794058e-02 -1.760607335600278961e-02
2.020000000000074181e+01 5.967833298423685928e-02 -1.704588504971956894e-02
2.030000000000074323e+01 5.869676953137883957e-02 -1.651154955544562042e-02
2.040000000000074465e+01 5.774149124125001892e-02 -1.600152038335164034e-02
2.050000000000074607e+01 5.681157457890383816e-02 -1.551436283240797617e-02
2.060000000000074749e+01 5.590613040227003505e-02 -1.504874466720272294e-02
2.070000000000074891e+01 5.502430327024835505e-02 -1.460342766226853731e-02
2.080000000000075033e+01 5.416527062856511809e-02 -1.417725992617966183e-02
2.090000000000075175e+01 5.332824190559708188e-02 -1.376916892732285742e-02
2.100000000000075318e+01 5.251245754413353534e-02 -1.337815515138124876e-02
2.110000000000075460e+01 5.171718799018975438e-02 -1.300328632799229757e-02
2.120000000000075602e+01 5.094173265624454827e-02 -1.264369217077633209e-02
2.130000000000075744e+01 5.018541887242164434e-02 -1.229855958055761644e-02
2.140000000000075886e+01 4.944760083689687946e-02 -1.196712826707880227e-02
2.150000000000076028e+01 4.872765857423708852e-02 -1.164868674902166078e-02
2.160000000000076170e+01 4.802499690851119024e-02 -1.134256869630546546e-02
2.170000000000076312e+01 4.733904445672555694e-02 -1.104814958244387975e-02
2.180000000000076454e+01 4.666925264640517379e-02 -1.076484361783390346e-02
2.190000000000076597e+01 4.601509476055724857e-02 -1.049210093799231476e-02
2.200000000000076739e+01 4.537606501213357901e-02 -1.022940502325926301e-02
2.210000000000076881e+01 4.475167764942339366e-02 -9.976270328838448415e-03
2.220000000000077023e+01 4.414146609347122802e-02 -9.732240106228876031e-03
2.230000000000077165e+01 4.354498210775030465e-02 -9.496884398807046990e-03
2.240000000000077307e+01 4.296179500036201304e-02 -9.269798196159688419e-03
2.250000000000077449e+01 4.239149085850401483e-02 -9.050599733168372685e-03
2.260000000000077591e+01 4.183367181472764235e-02 -8.838928921196602742e-03
2.270000000000077733e+01 4.128795534453048865e-02 -8.634445900012084965e-03
2.280000000000077875e+01 4.075397359432939015e-02 -8.436829700018570743e-03
2.290000000000078018e+01 4.023137273911896183e-02 -8.245777005481895461e-03
2.300000000000078160e+01 3.971981236883628114e-02 -8.061001010226312782e-03
2.310000000000078302e+01 3.921896490240912858e-02 -7.882230358067003617e-03
2.320000000000078444e+01 3.872851502861595491e-02 -7.709208161017232913e-03
2.330000000000078586e+01 3.824815917254439923e-02 -7.541691088827941203e-03
2.340000000000078728e+01 3.777760498675432344e-02 -7.379448524109586717e-03
2.350000000000078870e+01 3.731657086607026441e-02 -7.222261777735886762e-03
2.360000000000079012e+01 3.686478548494705881e-02 -7.069923359701229398e-03
2.370000000000079154e+01 3.642198735653714298e-02 -6.922236301082664023e-03
2.380000000000079297e+01 3.598792441231942613e-02 -6.779013523040380504e-03
2.390000000000079439e+01 3.556235360146971919e-02 -6.640077249237390580e-03
2.400000000000079581e+01 3.514504050901375715e-02 -6.505258458315022960e-03
2.410000000000079723e+01 3.473575899184134369e-02 -6.374396373348919544e-03
2.420000000000079865e+01 3.433429083184334762e-02 -6.247337985516865540e-03
2.430000000000080007e+01 3.394042540520144507e-02 -6.123937609358851009e-03
2.440000000000080149e+01 3.355395936715960259e-02 -6.004056467309113083e-03
2.450000000000080291e+01 3.317469635148739826e-02 -5.887562301324252706e-03
2.460000000000080433e+01 3.280244668388283824e-02 -5.774329009610760892e-03
2.470000000000080576e+01 3.243702710873254402e-02 -5.664236306658073511e-03
2.480000000000080718e+01 3.207826052843680553e-02 -5.557169404855922049e-03
2.490000000000080860e+01 3.172597575478024179e-02 -5.453018716182892953e-03
2.500000000000081002e+01 3.138000727171944698e-02 -5.351679572532453549e-03
2.510000000000081144e+01 3.104019500899213302e-02 -5.253051963356505580e-03
2.520000000000081286e+01 3.070638412610546958e-02 -5.157040289444969616e-03
2.530000000000081428e+01 3.037842480606746387e-02 -5.063553131688983654e-03
2.540000000000081570e+01 3.005617205847161549e-02 -4.972503033825357091e-03
2.550000000000081712e+01 2.973948553144235840e-02 -4.883806298201066355e-03
2.560000000000081855e+01 2.942822933197652979e-02 -4.797382793670151510e-03
2.570000000000081997e+01 2.912227185435263543e-02 -4.713155774833204664e-03
2.580000000000082139e+01 2.882148561609921417e-02 -4.631051711833698500e-03
2.590000000000082281e+01 2.852574710123614854e-02 -4.551000130037665889e-03
2.600000000000082423e+01 2.823493661040512442e-02 -4.472933458941578434e-03
2.610000000000082565e+01 2.794893811752824364e-02 -4.396786889701890036e-03
2.620000000000082707e+01 2.766763913275537001e-02 -4.322498240750974850e-03
2.630000000000082849e+01 2.739093057129247596e-02 -4.250007830954440763e-03
2.640000000000082991e+01 2.711870662790442227e-02 -4.179258359851256363e-03
2.650000000000083134e+01 2.685086465679355217e-02 -4.110194794523337053e-03
2.660000000000083276e+01 2.658730505657266180e-02 -4.042764262673713416e-03
2.670000000000083418e+01 2.632793116016131016e-02 -3.976915951546063435e-03
2.680000000000083560e+01 2.607264912927610007e-02 -3.912601012301198181e-03
2.690000000000083702e+01 2.582136785336862361e-02 -3.849772469534697150e-03
2.700000000000083844e+01 2.557399885277760604e-02 -3.788385135617263096e-03
2.710000000000083986e+01 2.533045618587551756e-02 -3.728395529561586656e-03
2.720000000000084128e+01 2.509065636008927375e-02 -3.669761800161058189e-03
2.730000000000084270e+01 2.485451824652683619e-02 -3.612443653124727816e-03
2.740000000000084412e+01 2.462196299810841260e-02 -3.556402281988813117e-03
2.750000000000084555e+01 2.439291397101862185e-02 -3.501600302578018742e-03
2.760000000000084697e+01 2.416729664930690469e-02 -3.448001690805296664e-03
2.770000000000084839e+01 2.394503857255381521e-02 -3.395571723631747411e-03
2.780000000000084981e+01 2.372606926638231445e-02 -3.344276922986023741e-03
2.790000000000085123e+01 2.351032017574610986e-02 -3.294085002488973419e-03
2.800000000000085265e+01 2.329772460084985480e-02 -3.244964816819994810e-03
2.810000000000085407e+01 2.308821763556400536e-02 -3.196886313572265721e-03
2.820000000000085549e+01 2.288173610828048155e-02 -3.149820487471058535e-03
2.830000000000085691e+01 2.267821852502493324e-02 -3.103739336806746012e-03
2.840000000000085834e+01 2.247760501478256873e-02 -3.058615821973506392e-03
2.850000000000085976e+01 2.227983727692137844e-02 -3.014423825994177152e-03
2.860000000000086118e+01 2.208485853060330323e-02 -2.971138116919473139e-03
2.870000000000086260e+01 2.189261346615024861e-02 -2.928734312012181394e-03
2.880000000000086402e+01 2.170304819820958325e-02 -2.887188843604976841e-03
2.890000000000086544e+01 2.151611022069448154e-02 -2.846478926554392615e-03
2.900000000000086686e+01 2.133174836340524794e-02 -2.806582527202525733e-03
2.910000000000086828e+01 2.114991275024369344e-02 -2.767478333763714014e-03
2.920000000000086970e+01 2.097055475900240495e-02 -2.729145728072357273e-03
2.930000000000087113e+01 2.079362698259675998e-02 -2.691564758607136332e-03
2.940000000000087255e+01 2.061908319172823384e-02 -2.654716114736317342e-03
2.950000000000087397e+01 2.044687829890269246e-02 -2.618581102118016334e-03
2.960000000000087539e+01 2.027696832373203015e-02 -2.583141619193418496e-03
2.970000000000087681e+01 2.010931035951239038e-02 -2.548380134727293387e-03
2.980000000000087823e+01 1.994386254096494615e-02 -2.514279666330327626e-03
2.990000000000087965e+01 1.978058401313764411e-02 -2.480823759923746381e-03
3.000000000000088107e+01 1.961943490140514307e-02 -2.447996470096211550e-03
3.010000000000088249e+01 1.946037628250813986e-02 -2.415782341306035082e-03
3.020000000000088392e+01 1.930337015663346686e-02 -2.384166389896018312e-03
3.030000000000088534e+01 1.914837942043574187e-02 -2.353134086869613714e-03
3.040000000000088676e+01 1.899536784100596190e-02 -2.322671341400220704e-03
3.050000000000088818e+01 1.884430003073488818e-02 -2.292764485035329262e-03
3.060000000000088960e+01 1.869514142302268825e-02 -2.263400256559614313e-03
3.070000000000089102e+01 1.854785824884188500e-02 -2.234565787493586388e-03
3.080000000000089244e+01 1.840241751406649154e-02 -2.206248588187096748e-03
3.090000000000089386e+01 1.825878697757778862e-02 -2.178436534487631412e-03
3.100000000000089528e+01 1.811693513010299850e-02 -2.151117854953836159e-03
3.110000000000089670e+01 1.797683117374632850e-02 -2.124281118586496958e-03
3.120000000000089813e+01 1.783844500222345891e-02 -2.097915223060353718e-03
3.130000000000089955e+01 1.770174718172257827e-02 -2.072009383424023091e-03
3.140000000000090097e+01 1.756670893240548301e-02 -2.046553121253860252e-03
3.150000000000090239e+01 1.743330211051231926e-02 -2.021536254238702566e-03
3.160000000000090381e+01 1.730149919103505726e-02 -1.996948886173800265e-03
3.170000000000090523e+01 1.717127325097453014e-02 -1.972781397352240361e-03
3.180000000000090665e+01 1.704259795311155803e-02 -1.949024435327209766e-03
3.190000000000090807e+01 1.691544753030866863e-02 -1.925668906035245915e-03
