-3.200000000000000000e+01 1.955368633397009878e-02 2.274503723217080609e-03
-3.189999999999999858e+01 1.970378321419674617e-02 2.302738177591853903e-03
-3.179999999999999716e+01 1.985572167941117641e-02 2.331468437653769731e-03
-3.169999999999999574e+01 2.000953351219550425e-02 2.360705931925096389e-03
-3.159999999999999432e+01 2.016525121053896336e-02 2.390462417714205989e-03
-3.149999999999999289e+01 2.032290800777498616e-02 2.420749992497475949e-03
-3.139999999999999147e+01 2.048253789321079210e-02 2.451581105768424820e-03
-3.129999999999999005e+01 2.064417563343313305e-02 2.482968571367603298e-03
-3.119999999999998863e+01 2.080785679433077434e-02 2.514925580318484559e-03
-3.109999999999998721e+01 2.097361776387691307e-02 2.547465714196167109e-03
-3.099999999999998579e+01 2.114149577565586913e-02 2.580602959045249882e-03
-3.089999999999998437e+01 2.131152893322428576e-02 2.614351719884958937e-03
-3.079999999999998295e+01 2.148375623529405476e-02 2.648726835820700530e-03
-3.069999999999998153e+01 2.165821760178492442e-02 2.683743595794244388e-03
-3.059999999999998010e+01 2.183495390079774612e-02 2.719417755006796680e-03
-3.049999999999997868e+01 2.201400697649726068e-02 2.755765552038056190e-03
-3.039999999999997726e+01 2.219541967800550686e-02 2.792803726708457251e-03
-3.029999999999997584e+01 2.237923588929874655e-02 2.830549538711491994e-03
-3.019999999999997442e+01 2.256550056016462524e-02 2.869020787057603890e-03
-3.009999999999997300e+01 2.275425973828071671e-02 2.908235830373842069e-03
-2.999999999999997158e+01 2.294556060240886264e-02 2.948213608091587376e-03
-2.989999999999997016e+01 2.313945149682094735e-02 2.988973662581678563e-03
-2.979999999999996874e+01 2.333598196695539639e-02 3.030536162274360956e-03
-2.969999999999996732e+01 2.353520279637310447e-02 3.072921925818079044e-03
-2.959999999999996589e+01 2.373716604508626857e-02 3.116152447334665909e-03
-2.949999999999996447e+01 2.394192508926290194e-02 3.160249922816042722e-03
-2.939999999999996305e+01 2.414953466243974570e-02 3.205237277737825897e-03
-2.929999999999996163e+01 2.436005089825230702e-02 3.251138195941912206e-03
-2.919999999999996021e+01 2.457353137476583557e-02 3.297977149859088793e-03
-2.909999999999995879e+01 2.479003516049638201e-02 3.345779432147397842e-03
-2.899999999999995737e+01 2.500962286213617020e-02 3.394571188809102340e-03
-2.889999999999995595e+01 2.523235667413709082e-02 3.444379453883464684e-03
-2.879999999999995453e+01 2.545830043017427435e-02 3.495232185787749794e-03
-2.869999999999995310e+01 2.568751965659257092e-02 3.547158305400865963e-03
-2.859999999999995168e+01 2.592008162794535303e-02 3.600187735990406125e-03
-2.849999999999995026e+01 2.615605542465524250e-02 3.654351445070728229e-03
-2.839999999999994884e+01 2.639551199297745371e-02 3.709681488319167483e-03
-2.829999999999994742e+01 2.663852420730526346e-02 3.766211055651300186e-03
-2.819999999999994600e+01 2.688516693494499843e-02 3.823974519582139416e-03
-2.809999999999994458e+01 2.713551710349617480e-02 3.883007486008798696e-03
-2.799999999999994316e+01 2.738965377088764530e-02 3.943346847537297639e-03
-2.789999999999994174e+01 2.764765819828357563e-02 4.005030839521942117e-03
-2.779999999999994031e+01 2.790961392592332044e-02 4.068099098958635924e-03
-2.769999999999993889e+01 2.817560685205418997e-02 4.132592726404534650e-03
-2.759999999999993747e+01 2.844572531512677693e-02 4.198554351108476669e-03
-2.749999999999993605e+01 2.872006017933205826e-02 4.266028199524801896e-03
-2.739999999999993463e+01 2.899870492373725350e-02 4.335060167437012127e-03
-2.729999999999993321e+01 2.928175573511666852e-02 4.405697895890445248e-03
-2.719999999999993179e+01 2.956931160467817996e-02 4.477990851171033231e-03
-2.709999999999993037e+01 2.986147442889940801e-02 4.551990409084201092e-03
-2.699999999999992895e+01 3.015834911459108064e-02 4.627749943778397025e-03
-2.689999999999992752e+01 3.046004368849974248e-02 4.705324921422224423e-03
-2.679999999999992610e+01 3.076666941158950896e-02 4.784772999017915772e-03
-2.669999999999992468e+01 3.107834089825848092e-02 4.866154128681265435e-03
-2.659999999999992326e+01 3.139517624076088032e-02 4.949530667742341183e-03
-2.649999999999992184e+01 3.171729713900513226e-02 5.034967495016217688e-03
-2.639999999999992042e+01 3.204482903611029221e-02 5.122532133671629274e-03
-2.629999999999991900e+01 3.237790125991964890e-02 5.212294881102597262e-03
-2.619999999999991758e+01 3.271664717079832835e-02 5.304328946268640349e-03
-2.609999999999991616e+01 3.306120431606164589e-02 5.398710595004448630e-03
-2.599999999999991473e+01 3.341171459127399712e-02 5.495519303802653965e-03
-2.589999999999991331e+01 3.376832440889246389e-02 5.594837922671583308e-03
-2.579999999999991189e+01 3.413118487453228878e-02 5.696752847654275136e-03
-2.569999999999991047e+01 3.450045197127448587e-02 5.801354203674579692e-03
-2.559999999999990905e+01 3.487628675246127324e-02 5.908736038428443957e-03
-2.549999999999990763e+01 3.525885554331190108e-02 6.018996528054552757e-03
-2.539999999999990621e+01 3.564833015195072174e-02 6.132238195444788750e-03
-2.529999999999990479e+01 3.604488809022929341e-02 6.248568142052914054e-03
-2.519999999999990337e+01 3.644871280488396620e-02 6.368098294167654633e-03
-2.509999999999990195e+01 3.685999391960251281e-02 6.490945664694914262e-03
-2.499999999999990052e+01 3.727892748845479387e-02 6.617232631532854459e-03
-2.489999999999989910e+01 3.770571626142980859e-02 6.747087233790441570e-03
-2.479999999999989768e+01 3.814056996259680005e-02 6.880643487122737635e-03
-2.469999999999989626e+01 3.858370558158722569e-02 7.018041719606803869e-03
-2.459999999999989484e+01 3.903534767913463543e-02 7.159428929702148399e-03
-2.449999999999989342e+01 3.949572870728378093e-02 7.304959167917372473e-03
-2.439999999999989200e+01 3.996508934520003747e-02 7.454793944032592906e-03
-2.429999999999989058e+01 4.044367885126886469e-02 7.609102661793395658e-03
-2.419999999999988916e+01 4.093175543237436570e-02 7.768063083209264530e-03
-2.409999999999988773e+01 4.142958663129579083e-02 7.931861824776545791e-03
-2.399999999999988631e+01 4.193744973302405976e-02 8.100694888089001941e-03
-2.389999999999988489e+01 4.245563219115666698e-02 8.274768227621680239e-03
-2.379999999999988347e+01 4.298443207526348592e-02 8.454298358615632697e-03
-2.369999999999988205e+01 4.352415854033839238e-02 8.639513008314687187e-03
-2.359999999999988063e+01 4.407513231950385690e-02 8.830651814102681227e-03
-2.349999999999987921e+01 4.463768624098395088e-02 9.027967072343675778e-03
-2.339999999999987779e+01 4.521216577074934490e-02 9.231724542201334358e-03
-2.329999999999987637e+01 4.579892958193772234e-02 9.442204308987385206e-03
-2.319999999999987494e+01 4.639835015238835680e-02 9.659701712087119876e-03
-2.309999999999987352e+01 4.701081439167433679e-02 9.884528342991010658e-03
-2.299999999999987210e+01 4.763672429882836318e-02 1.011701311940760122e-02
-2.289999999999987068e+01 4.827649765236511487e-02 1.035750344215324859e-02
-2.279999999999986926e+01 4.893056873383937189e-02 1.060636644201982254e-02
-2.269999999999986784e+01 4.959938908640113692e-02 1.086399032461175980e-02
-2.259999999999986642e+01 5.028342830981064743e-02 1.113078582193928988e-02
-2.249999999999986500e+01 5.098317489310706663e-02 1.140718776033504238e-02
-2.239999999999986358e+01 5.169913708650383799e-02 1.169365675539741842e-02
-2.229999999999986215e+01 5.243184381358799440e-02 1.199068104558002543e-02
-2.219999999999986073e+01 5.318184562503609769e-02 1.229877847733835787e-02
-2.209999999999985931e+01 5.394971569492898467e-02 1.261849865608725800e-02
-2.199999999999985789e+01 5.473605086027996669e-02 1.295042527859525255e-02
-2.189999999999985647e+01 5.554147270462095332e-02 1.329517866429461535e-02
-2.179999999999985505e+01 5.636662868569509988e-02 1.365341850463785631e-02
-2.169999999999985363e+01 5.721219330716902779e-02 1.402584685180226741e-02
-2.159999999999985221e+01 5.807886933378581668e-02 1.441321137035618885e-02
-2.149999999999985079e+01 5.896738904843655538e-02 1.481630887793592560e-02
-2.139999999999984936e+01 5.987851554938745935e-02 1.523598920409805976e-02
-2.129999999999984794e+01 6.081304408440196818e-02 1.567315939949705597e-02
-2.119999999999984652e+01 6.177180341762271432e-02 1.612878833127827025e-02
-2.109999999999984510e+01 6.275565722365625265e-02 1.660391170463162286e-02
-2.099999999999984368e+01 6.376550550119838845e-02 1.709963755481544445e-02
-2.089999999999984226e+01 6.480228599701678971e-02 1.761715225933625784e-02
-2.079999999999984084e+01 6.586697562791302141e-02 1.815772712538830935e-02
-2.069999999999983942e+01 6.696059188549409458e-02 1.872272561422617249e-02
-2.059999999999983800e+01 6.808419420480815720e-02 1.931361127135508560e-02
-2.049999999999983658e+01 6.923888527290317230e-02 1.993195643929539240e-02
-2.039999999999983515e+01 7.042581224851356125e-02 2.057945183911500525e-02
-2.029999999999983373e+01 7.164616785667406174e-02 2.125791711675859008e-02
-2.019999999999983231e+01 7.290119131434283362e-02 2.196931246184595510e-02
-2.009999999999983089e+01 7.419216903334213686e-02 2.271575141947319507e-02
-1.999999999999982947e+01 7.552043503462087248e-02 2.349951502968052400e-02
-1.989999999999982805e+01 7.688737099433173849e-02 2.432306744582540814e-02
-1.979999999999982663e+01 7.829440582411553717e-02 2.518907320067309205e-02
-1.969999999999982521e+01 7.974301466750513545e-02 2.610041630938350274e-02
-1.959999999999982379e+01 8.123471716906287277e-02 2.706022142099083483e-02
-1.949999999999982236e+01 8.277107484167058049e-02 2.807187725447078328e-02
-1.939999999999982094e+01 8.435368732117043411e-02 2.913906258350774936e-02
-1.929999999999981952e+01 8.598418725161946496e-02 3.026577506363919978e-02
-1.919999999999981810e+01 8.766423349037426316e-02 3.145636322867784856e-02
-1.909999999999981668e+01 8.939550225576706199e-02 3.271556201871303471e-02
-1.899999999999981526e+01 9.117967575996308027e-02 3.404853224011256119e-02
-1.889999999999981384e+01 9.301842777125379769e-02 3.546090439729637778e-02
-1.879999999999981242e+01 9.491340543248022454e-02 3.695882737771785664e-02
-1.869999999999981100e+01 9.686620651697475104e-02 3.854902251118025314e-02
-1.859999999999980957e+01 9.887835112878218258e-02 4.023884356305544585e-02
-1.849999999999980815e+01 1.009512466410207032e-01 4.203634325338808514e-02
-1.839999999999980673e+01 1.030861444068785771e-01 4.395034691538214633e-02
-1.829999999999980531e+01 1.052840864651769237e-01 4.599053391325889917e-02
-1.819999999999980389e+01 1.075458400807569465e-01 4.816752741787698466e-02
-1.809999999999980247e+01 1.098718175004683301e-01 5.049299307975266271e-02
-1.799999999999980105e+01 1.122619777502466276e-01 5.297974702318693913e-02
-1.789999999999979963e+01 1.147157066301136286e-01 5.564187338702943075e-02
-1.779999999999979821e+01 1.172316702661603816e-01 5.849485132683057698e-02
-1.769999999999979678e+01 1.198076366265158343e-01 6.155569091863533765e-02
-1.759999999999979536e+01 1.224402582881294055e-01 6.484307670979450045e-02
-1.749999999999979394e+01 1.251248084343215550e-01 6.837751666088839886e-02
-1.739999999999979252e+01 1.278548605622480128e-01 7.218149280390276368e-02
-1.729999999999979110e+01 1.306219006976588326e-01 7.627960796410453159e-02
-1.719999999999978968e+01 1.334148590836503057e-01 8.069872015928118703e-02
-1.709999999999978826e+01 1.362195464222559771e-01 8.546805256407927209e-02
-1.699999999999978684e+01 1.390179779612841782e-01 9.061926189920901931e-02
-1.689999999999978542e+01 1.417875673141049120e-01 9.618644140113974395e-02
-1.679999999999978400e+01 1.445001713398641752e-01 1.022060257182421800e-01
-1.669999999999978257e+01 1.471209684100517612e-01 1.087165536766496049e-01
-1.659999999999978115e+01 1.496071560439997117e-01 1.157582304143270485e-01
-1.649999999999977973e+01 1.519064618114139842e-01 1.233722125624929361e-01
-1.639999999999977831e+01 1.539554758485542074e-01 1.315995189781735686e-01
-1.629999999999977689e+01 1.556778374103501561e-01 1.404794457394977769e-01
-1.619999999999977547e+01 1.569823455559846981e-01 1.500473397040678336e-01
-1.609999999999977405e+01 1.577611200721645290e-01 1.603315640692134503e-01
-1.599999999999977263e+01 1.578880179673153861e-01 1.713494795071140442e-01
-1.589999999999977121e+01 1.572176170030694098e-01 1.831022777203772101e-01
-1.579999999999976978e+01 1.555852105556531639e-01 1.955685588033377886e-01
-1.569999999999976836e+01 1.528084090187954158e-01 2.086966640226498582e-01
-1.559999999999976694e+01 1.486910884478174766e-01 2.223959902598475202e-01
-1.549999999999976552e+01 1.430305209160891433e-01 2.365278473783024304e-01
-1.539999999999976410e+01 1.356284878332258137e-01 2.508968838737226092e-01
-1.529999999999976268e+01 1.263069146433009049e-01 2.652446666920186824e-01
-1.519999999999976126e+01 1.149279626102484297e-01 2.792475534802603687e-01
-1.509999999999975984e+01 1.014175012963436096e-01 2.925213391682797703e-01
-1.499999999999975842e+01 8.578951454354583062e-02 3.046350051684078575e-01
-1.489999999999975699e+01 6.816752243266188671e-02 3.151349472866067369e-01
-1.479999999999975557e+01 4.879803747586699408e-02 3.235791536308511573e-01
-1.469999999999975415e+01 2.805107172888917505e-02 3.295781470346032527e-01
-1.459999999999975273e+01 6.404301389955416313e-03 3.328367850494563518e-01
-1.449999999999975131e+01 -1.558930829414306371e-02 3.331892857531487118e-01
-1.439999999999974989e+01 -3.734657009481635176e-02 3.306201197151282245e-01
-1.429999999999974847e+01 -5.830447889936314632e-02 3.252660215058149618e-01
-1.419999999999974705e+01 -7.796703545718644546e-02 3.173986508209621915e-01
-1.409999999999974563e+01 -9.594062592402284595e-02 3.073918802636015912e-01
-1.399999999999974420e+01 -1.119533076098350732e-01 2.956807239569788637e-01
-1.389999999999974278e+01 -1.258574112428336722e-01 2.827196689867915724e-01
-1.379999999999974136e+01 -1.376183244414337925e-01 2.689467822334280500e-01
-1.369999999999973994e+01 -1.472942572465193445e-01 2.547573531995654394e-01
-1.359999999999973852e+01 -1.550120787101254005e-01 2.404880924309442392e-01
-1.349999999999973710e+01 -1.609434099712762356e-01 2.264108174090672110e-01
-1.339999999999973568e+01 -1.652837227886779503e-01 2.127334171848735689e-01
-1.329999999999973426e+01 -1.682357727148107163e-01 1.996055944952204730e-01
-1.319999999999973284e+01 -1.699976019207127820e-01 1.871271526034825050e-01
-1.309999999999973141e+01 -1.707546643291765753e-01 1.753571237769161462e-01
-1.299999999999972999e+01 -1.706753027263458178e-01 1.643226064757325466e-01
-1.289999999999972857e+01 -1.699087368831718736e-01 1.540266664029076304e-01
-1.279999999999972715e+01 -1.685847968958943677e-01 1.444550178726792811e-01
-1.269999999999972573e+01 -1.668147755989897729e-01 1.355814390975087491e-01
-1.259999999999972431e+01 -1.646929262417993201e-01 1.273720119215782376e-01
-1.249999999999972289e+01 -1.622982691673728328e-01 1.197883421728829362e-01
-1.239999999999972147e+01 -1.596964829669427766e-01 1.127899367498512301e-01
-1.229999999999972005e+01 -1.569417400253898531e-01 1.063359072065331867e-01
-1.219999999999971863e+01 -1.540784066889112625e-01 1.003861502327655086e-01
-1.209999999999971720e+01 -1.511425692659155717e-01 9.490213131021456305e-02
-1.199999999999971578e+01 -1.481633735452916878e-01 8.984737369024468900e-02
-1.189999999999971436e+01 -1.451641816337198576e-01 8.518773305025087450e-02
-1.179999999999971294e+01 -1.421635589401600563e-01 8.089151966859917109e-02
-1.169999999999971152e+01 -1.391761085059972647e-01 7.692951485528896904e-02
-1.159999999999971010e+01 -1.362131713136492395e-01 7.327491639576318161e-02
-1.149999999999970868e+01 -1.332834108931903461e-01 6.990323847212266684e-02
-1.139999999999970726e+01 -1.303932992717557471e-01 6.679218443875885314e-02
-1.129999999999970584e+01 -1.275475195743590584e-01 6.392150549654374014e-02
-1.119999999999970441e+01 -1.247492987050862340e-01 6.127285435291166676e-02
-1.109999999999970299e+01 -1.220006816898846075e-01 5.882964004698652827e-02
-1.099999999999970157e+01 -1.193027575490855779e-01 5.657688800927514194e-02
-1.089999999999970015e+01 -1.166558450352590537e-01 5.450110791363722146e-02
-1.079999999999969873e+01 -1.140596452304042940e-01 5.259017080833432167e-02
-1.069999999999969731e+01 -1.115133668478334589e-01 5.083319627150104103e-02
-1.059999999999969589e+01 -1.090158291081510383e-01 4.922044983077945857e-02
-1.049999999999969447e+01 -1.065655462409486887e-01 4.774325055497074394e-02
-1.039999999999969305e+01 -1.041607969845477905e-01 4.639388851813322501e-02
-1.029999999999969162e+01 -1.017996818932014047e-01 4.516555171577163463e-02
-1.019999999999969020e+01 -9.948017080314215665e-02 4.405226195603426792e-02
-1.009999999999968878e+01 -9.720014243501300111e-02 4.304881923339026750e-02
-9.999999999999687361e+00 -9.495741781117714164e-02 4.215075410659688965e-02
-9.899999999999685940e+00 -9.274978893135894797e-02 4.135428763642713668e-02
-9.799999999999684519e+00 -9.057504396733992436e-02 4.065629848310192002e-02
-9.699999999999683098e+00 -8.843099010544788752e-02 4.005429681555364163e-02
-9.599999999999681677e+00 -8.631547507410822218e-02 3.954640473814914625e-02
-9.499999999999680256e+00 -8.422640834245725960e-02 3.913134299347614808e-02
-9.399999999999678835e+00 -8.216178296281750892e-02 3.880842374887306240e-02
-9.299999999999677414e+00 -8.011969905120992774e-02 3.857754931588028985e-02
-9.199999999999675993e+00 -7.809838996148729673e-02 3.843921668324982999e-02
-9.099999999999674571e+00 -7.609625230720512556e-02 3.839452775986405136e-02
-8.999999999999673150e+00 -7.411188112701302955e-02 3.844520521868918100e-02
-8.899999999999671729e+00 -7.214411167827664007e-02 3.859361379828776806e-02
-8.799999999999670308e+00 -7.019206958226827109e-02 3.884278684345474075e-02
-8.699999999999668887e+00 -6.825523134295022332e-02 3.919645773630321683e-02
-8.599999999999667466e+00 -6.633349762145498985e-02 3.965909566315474477e-02
-8.499999999999666045e+00 -6.442728207766694470e-02 4.023594485369235557e-02
-8.399999999999664624e+00 -6.253761909143606967e-02 4.093306598008403241e-02
-8.299999999999663203e+00 -6.066629424403751497e-02 4.175737776755660685e-02
-8.199999999999661782e+00 -5.881600206870570002e-02 4.271669597987668571e-02
-8.099999999999660361e+00 -5.699053623677736297e-02 4.381976572293051764e-02
-7.999999999999658939e+00 -5.519501798518156033e-02 4.507628135370263939e-02
-7.899999999999657518e+00 -5.343616912297827898e-02 4.649688606346381869e-02
-7.799999999999656097e+00 -5.172263623047698711e-02 4.809314027496320448e-02
-7.699999999999654676e+00 -5.006537245664766100e-02 4.987744418491006637e-02
-7.599999999999653255e+00 -4.847808227101688128e-02 5.186289493113555027e-02
-7.499999999999651834e+00 -4.697773211441162028e-02 5.406305283660309963e-02
-7.399999999999650413e+00 -4.558512537128143333e-02 5.649158395087872792e-02
-7.299999999999648992e+00 -4.432553242686086692e-02 5.916173786529206613e-02
-7.199999999999647571e+00 -4.322935444038137481e-02 6.208561110678954831e-02
-7.099999999999646150e+00 -4.233278123390680353e-02 6.527313859319791578e-02
-6.999999999999644729e+00 -4.167837762072409274e-02 6.873075099668587984e-02
-6.899999999999643308e+00 -4.131549712010111619e-02 7.245963829947099644e-02
-6.799999999999641886e+00 -4.130037698847780631e-02 7.645357525410909072e-02
-6.699999999999640465e+00 -4.169571606079022080e-02 8.069630104645707236e-02
-6.599999999999639044e+00 -4.256948396993798928e-02 8.515851315755887385e-02
-6.499999999999637623e+00 -4.399267126762776425e-02 8.979464395926679832e-02
-6.399999999999636202e+00 -4.603568908053669306e-02 9.453974297674999638e-02
-6.299999999999634781e+00 -4.876319867161834493e-02 9.930698054685205278e-02
-6.199999999999633360e+00 -5.222733508798386298e-02 1.039864893052469125e-01
-6.099999999999631939e+00 -5.645961474794775753e-02 1.084464053946345707e-01
-5.999999999999630518e+00 -6.146227850796343040e-02 1.125369650451004677e-01
-5.899999999999629097e+00 -6.720034616360534563e-02 1.160982448956320578e-01
-5.799999999999627676e+00 -7.359608499011754956e-02 1.189715341208097271e-01
-5.699999999999626255e+00 -8.052769721720848262e-02 1.210134307779585777e-01
-5.599999999999624833e+00 -8.783360118196437138e-02 1.221107686745335486e-01
-5.499999999999623412e+00 -9.532266226851357493e-02 1.221937601027184989e-01
-5.399999999999621991e+00 -1.027893289906606916e-01 1.212446600843714445e-01
-5.299999999999620570e+00 -1.100313016303924446e-01 1.193000079343537467e-01
-5.199999999999619149e+00 -1.168666252918875575e-01 1.164459232820211354e-01
-5.099999999999617728e+00 -1.231472691522387808e-01 1.128075440111202393e-01
-4.999999999999616307e+00 -1.287672553860832181e-01 1.085349146891449457e-01
-4.899999999999614886e+00 -1.336648175802339633e-01 1.037880833105307016e-01
-4.799999999999613465e+00 -1.378193731448851544e-01 9.872381707058043576e-02
-4.699999999999612044e+00 -1.412449093411089762e-01 9.348548496077063730e-02
-4.599999999999610623e+00 -1.439816032389261424e-01 8.819666677625043194e-02
-4.499999999999609201e+00 -1.460872491462870404e-01 8.295824477517445283e-02
-4.399999999999607780e+00 -1.476295813563465731e-01 7.784825702373290857e-02
-4.299999999999606359e+00 -1.486800644254712145e-01 7.292362998081920733e-02
-4.199999999999604938e+00 -1.493093062893300071e-01 6.822296902985824918e-02
-4.099999999999603517e+00 -1.495839768712058926e-01 6.376976058978647832e-02
-3.999999999999602096e+00 -1.495649758238227767e-01 5.957554270870398655e-02
-3.899999999999600675e+00 -1.493065519896836779e-01 5.564278206088712347e-02
-3.799999999999599254e+00 -1.488560952935464865e-01 5.196733312780059399e-02
-3.699999999999597833e+00 -1.482543680729081215e-01 4.854044819805740374e-02
-3.599999999999596412e+00 -1.475359968099402841e-01 4.535036209569277832e-02
-3.499999999999594991e+00 -1.467300954895630616e-01 4.238350342181060326e-02
-3.399999999999593570e+00 -1.458609334348064390e-01 3.962539400911489762e-02
-3.299999999999592148e+00 -1.449485923749075367e-01 3.706129760107267079e-02
-3.199999999999590727e+00 -1.440095805562419118e-01 3.467667261987289473e-02
-3.099999999999589306e+00 -1.430573875408382434e-01 3.245747554326613299e-02
-2.999999999999587885e+00 -1.421029736862807757e-01 3.039035277681563854e-02
-2.899999999999586464e+00 -1.411551946943215285e-01 2.846275097046561606e-02
-2.799999999999585043e+00 -1.402211652760818605e-01 2.666296890160741589e-02
-2.699999999999583622e+00 -1.393065678304639676e-01 2.498016842793251285e-02
-2.599999999999582201e+00 -1.384159127255961685e-01 2.340435752014553492e-02
-2.499999999999580780e+00 -1.375527567659345085e-01 2.192635486918080578e-02
-2.399999999999579359e+00 -1.367198860214258183e-01 2.053774285320474416e-02
-2.299999999999577938e+00 -1.359194685806986991e-01 1.923081358096009885e-02
-2.199999999999576517e+00 -1.351531820849302123e-01 1.799851116071133142e-02
-2.099999999999575095e+00 -1.344223201631561670e-01 1.683437215719489274e-02
-1.999999999999573674e+00 -1.337278811505456799e-01 1.573246530376144411e-02
-1.899999999999572253e+00 -1.330706417293902599e-01 1.468733086835180210e-02
-1.799999999999570832e+00 -1.324512173716479446e-01 1.369391959115232038e-02
-1.699999999999569411e+00 -1.318701106587758243e-01 1.274753081386765727e-02
-1.599999999999567990e+00 -1.313277476832575563e-01 1.184374933016153070e-02
-1.499999999999566569e+00 -1.308245017884732131e-01 1.097838067365972115e-02
-1.399999999999565148e+00 -1.303607029091495007e-01 1.014738513653620777e-02
-1.299999999999563727e+00 -1.299366298392782837e-01 9.346811928853719642e-03
-1.199999999999562306e+00 -1.295524821133671456e-01 8.572736711225097117e-03
-1.099999999999560885e+00 -1.292083282569589930e-01 7.821208360543084603e-03
-9.999999999995594635e-01 -1.289040285790995222e-01 7.088214163232187115e-03
-8.999999999995580424e-01 -1.286391342425656781e-01 6.369676156181440507e-03
-7.999999999995566213e-01 -1.284127707883807035e-01 5.661493856179887485e-03
-6.999999999995552002e-01 -1.282235237554519292e-01 4.959648095500930609e-03
-5.999999999995537792e-01 -1.280693552689143033e-01 4.260374435688336903e-03
-4.999999999995523581e-01 -1.279475899730920241e-01 3.560400312288179714e-03
-3.999999999995509370e-01 -1.278550105421618344e-01 2.857217554958130235e-03
-2.999999999995495159e-01 -1.277880904290958075e-01 2.149335713891725730e-03
-1.999999999995480948e-01 -1.277433607413929195e-01 1.436441945559925604e-03
-9.999999999954667373e-02 -1.277178634974854843e-01 7.193936170500903060e-04
4.547473508864641190e-13 -1.277096001196734443e-01 0.000000000000000000e+00
1.000000000004561684e-01 -1.277178634974854843e-01 -7.193936170500903060e-04
2.000000000004575895e-01 -1.277433607413935857e-01 -1.436441945572922152e-03
3.000000000004590106e-01 -1.277880904290968345e-01 -2.149335713904645950e-03
4.000000000004604317e-01 -1.278550105421618344e-01 -2.857217554958130235e-03
5.000000000004618528e-01 -1.279475899730920241e-01 -3.560400312288179714e-03
6.000000000004632739e-01 -1.280693552689143033e-01 -4.260374435688336903e-03
7.000000000004646949e-01 -1.282235237554550378e-01 -4.959648095513663479e-03
8.000000000004661160e-01 -1.284127707883844782e-01 -5.661493856192703622e-03
9.000000000004675371e-01 -1.286391342425656781e-01 -6.369676156181440507e-03
1.000000000000468958e+00 -1.289040285790995222e-01 -7.088214163232187115e-03
1.100000000000470379e+00 -1.292083282569589930e-01 -7.821208360543084603e-03
1.200000000000471800e+00 -1.295524821133737792e-01 -8.572736711238940210e-03
1.300000000000473221e+00 -1.299366298392856112e-01 -9.346811928868027641e-03
1.400000000000474643e+00 -1.303607029091495007e-01 -1.014738513653620777e-02
1.500000000000476064e+00 -1.308245017884732131e-01 -1.097838067365972115e-02
1.600000000000477485e+00 -1.313277476832575563e-01 -1.184374933016153070e-02
1.700000000000478906e+00 -1.318701106587860383e-01 -1.274753081388446674e-02
1.800000000000480327e+00 -1.324512173716588526e-01 -1.369391959116996599e-02
1.900000000000481748e+00 -1.330706417293902599e-01 -1.468733086835180210e-02
2.000000000000483169e+00 -1.337278811505456799e-01 -1.573246530376144411e-02
2.100000000000484590e+00 -1.344223201631561670e-01 -1.683437215719489274e-02
2.200000000000486011e+00 -1.351531820849438681e-01 -1.799851116073310567e-02
2.300000000000487432e+00 -1.359194685807129654e-01 -1.923081358098317067e-02
2.400000000000488853e+00 -1.367198860214258183e-01 -2.053774285320474416e-02
2.500000000000490274e+00 -1.375527567659345085e-01 -2.192635486918080578e-02
2.600000000000491696e+00 -1.384159127255961685e-01 -2.340435752014553492e-02
2.700000000000493117e+00 -1.393065678304803712e-01 -2.498016842796212805e-02
2.800000000000494538e+00 -1.402211652760986804e-01 -2.666296890163907460e-02
2.900000000000495959e+00 -1.411551946943215285e-01 -2.846275097046561606e-02
3.000000000000497380e+00 -1.421029736862807757e-01 -3.039035277681563854e-02
3.100000000000498801e+00 -1.430573875408382434e-01 -3.245747554326613299e-02
3.200000000000500222e+00 -1.440095805562591758e-01 -3.467667261991472238e-02
3.300000000000501643e+00 -1.449485923749244121e-01 -3.706129760111763483e-02
3.400000000000503064e+00 -1.458609334348064390e-01 -3.962539400911489762e-02
3.500000000000504485e+00 -1.467300954895630616e-01 -4.238350342181060326e-02
3.600000000000505906e+00 -1.475359968099402841e-01 -4.535036209569277832e-02
3.700000000000507328e+00 -1.482543680729202229e-01 -4.854044819811752925e-02
3.800000000000508749e+00 -1.488560952935562010e-01 -5.196733312786515346e-02
3.900000000000510170e+00 -1.493065519896836779e-01 -5.564278206088712347e-02
4.000000000000511591e+00 -1.495649758238227767e-01 -5.957554270870398655e-02
4.100000000000513012e+00 -1.495839768712058926e-01 -6.376976058978647832e-02
4.200000000000514433e+00 -1.493093062893219858e-01 -6.822296902994155754e-02
4.300000000000515854e+00 -1.486800644254561710e-01 -7.292362998090681780e-02
4.400000000000517275e+00 -1.476295813563465731e-01 -7.784825702373290857e-02
4.500000000000518696e+00 -1.460872491462870404e-01 -8.295824477517445283e-02
4.600000000000520117e+00 -1.439816032389261424e-01 -8.819666677625043194e-02
4.700000000000521538e+00 -1.412449093410531042e-01 -9.348548496086671322e-02
4.800000000000522959e+00 -1.378193731448162929e-01 -9.872381707067456880e-02
4.900000000000524381e+00 -1.336648175802339633e-01 -1.037880833105307016e-01
5.000000000000525802e+00 -1.287672553860832181e-01 -1.085349146891449457e-01
5.100000000000527223e+00 -1.231472691522387808e-01 -1.128075440111202393e-01
5.200000000000528644e+00 -1.168666252917678894e-01 -1.164459232820806156e-01
5.300000000000530065e+00 -1.100313016302638947e-01 -1.193000079343977116e-01
5.400000000000531486e+00 -1.027893289906606916e-01 -1.212446600843714445e-01
5.500000000000532907e+00 -9.532266226851357493e-02 -1.221937601027184989e-01
5.600000000000534328e+00 -8.783360118196437138e-02 -1.221107686745335486e-01
5.700000000000535749e+00 -8.052769721707844774e-02 -1.210134307779297119e-01
5.800000000000537170e+00 -7.359608498999591075e-02 -1.189715341207646521e-01
5.900000000000538591e+00 -6.720034616360534563e-02 -1.160982448956320578e-01
6.000000000000540012e+00 -6.146227850796343040e-02 -1.125369650451004677e-01
6.100000000000541434e+00 -5.645961474794775753e-02 -1.084464053946345707e-01
6.200000000000542855e+00 -5.222733508791391199e-02 -1.039864893051633404e-01
6.300000000000544276e+00 -4.876319867156215376e-02 -9.930698054676577458e-02
6.400000000000545697e+00 -4.603568908053669306e-02 -9.453974297674999638e-02
6.500000000000547118e+00 -4.399267126762776425e-02 -8.979464395926679832e-02
6.600000000000548539e+00 -4.256948396993798928e-02 -8.515851315755887385e-02
6.700000000000549960e+00 -4.169571606077888265e-02 -8.069630104637778856e-02
6.800000000000551381e+00 -4.130037698847453115e-02 -7.645357525403412291e-02
6.900000000000552802e+00 -4.131549712010472442e-02 -7.245963829940073320e-02
7.000000000000554223e+00 -4.167837762072409274e-02 -6.873075099668587984e-02
7.100000000000555644e+00 -4.233278123390680353e-02 -6.527313859319791578e-02
7.200000000000557066e+00 -4.322935444039960329e-02 -6.208561110673398858e-02
7.300000000000558487e+00 -4.432553242688239137e-02 -5.916173786524123873e-02
7.400000000000559908e+00 -4.558512537130565007e-02 -5.649158395083238304e-02
7.500000000000561329e+00 -4.697773211441162028e-02 -5.406305283660309963e-02
7.600000000000562750e+00 -4.847808227101688128e-02 -5.186289493113555027e-02
7.700000000000564171e+00 -5.006537245667721375e-02 -4.987744418487582987e-02
7.800000000000565592e+00 -5.172263623050767090e-02 -4.809314027493251376e-02
7.900000000000567013e+00 -5.343616912300987870e-02 -4.649688606343641006e-02
8.000000000000568434e+00 -5.519501798518156033e-02 -4.507628135370263939e-02
8.100000000000569855e+00 -5.699053623677736297e-02 -4.381976572293051764e-02
8.200000000000571276e+00 -5.881600206873913855e-02 -4.271669597985795069e-02
8.300000000000572697e+00 -6.066629424407135596e-02 -4.175737776754040453e-02
8.400000000000574119e+00 -6.253761909147029230e-02 -4.093306598007022401e-02
8.500000000000575540e+00 -6.442728207766694470e-02 -4.023594485369235557e-02
8.600000000000576961e+00 -6.633349762145498985e-02 -3.965909566315474477e-02
8.700000000000578382e+00 -6.825523134298532024e-02 -3.919645773629581303e-02
8.800000000000579803e+00 -7.019206958230364557e-02 -3.884278684344925903e-02
8.900000000000581224e+00 -7.214411167831229210e-02 -3.859361379828414595e-02
9.000000000000582645e+00 -7.411188112701302955e-02 -3.844520521868918100e-02
9.100000000000584066e+00 -7.609625230720512556e-02 -3.839452775986405136e-02
9.200000000000585487e+00 -7.809838996152390633e-02 -3.843921668325150920e-02
9.300000000000586908e+00 -8.011969905124687041e-02 -3.857754931588365521e-02
9.400000000000588329e+00 -8.216178296285484017e-02 -3.880842374887810697e-02
9.500000000000589750e+00 -8.422640834245725960e-02 -3.913134299347614808e-02
9.600000000000591172e+00 -8.631547507410822218e-02 -3.954640473814914625e-02
9.700000000000592593e+00 -8.843099010548663430e-02 -4.005429681556372384e-02
9.800000000000594014e+00 -9.057504396737922625e-02 -4.065629848311373695e-02
9.900000000000595435e+00 -9.274978893139879110e-02 -4.135428763644070915e-02
1.000000000000059686e+01 -9.495741781117714164e-02 -4.215075410659688965e-02
1.010000000000059828e+01 -9.720014243501300111e-02 -4.304881923339026750e-02
1.020000000000059970e+01 -9.948017080318397043e-02 -4.405226195605349560e-02
1.030000000000060112e+01 -1.017996818932439956e-01 -4.516555171579291622e-02
1.040000000000060254e+01 -1.041607969845911585e-01 -4.639388851815665071e-02
1.050000000000060396e+01 -1.065655462409486887e-01 -4.774325055497074394e-02
1.060000000000060538e+01 -1.090158291081510383e-01 -4.922044983077945857e-02
1.070000000000060680e+01 -1.115133668478793111e-01 -5.083319627153165543e-02
1.080000000000060822e+01 -1.140596452304510761e-01 -5.259017080836765612e-02
1.090000000000060965e+01 -1.166558450353067100e-01 -5.450110791367344942e-02
1.100000000000061107e+01 -1.193027575490855779e-01 -5.657688800927514194e-02
1.110000000000061249e+01 -1.220006816898846075e-01 -5.882964004698652827e-02
1.120000000000061391e+01 -1.247492987051366797e-01 -6.127285435295791449e-02
1.130000000000061533e+01 -1.275475195744103785e-01 -6.392150549659388059e-02
1.140000000000061675e+01 -1.303932992718079553e-01 -6.679218443881321243e-02
1.150000000000061817e+01 -1.332834108931903461e-01 -6.990323847212266684e-02
1.160000000000061959e+01 -1.362131713136492395e-01 -7.327491639576318161e-02
1.170000000000062101e+01 -1.391761085060514158e-01 -7.692951485535816369e-02
1.180000000000062244e+01 -1.421635589402145960e-01 -8.089151966867419441e-02
1.190000000000062386e+01 -1.451641816337744528e-01 -8.518773305033222609e-02
1.200000000000062528e+01 -1.481633735452916878e-01 -8.984737369024468900e-02
1.210000000000062670e+01 -1.511425692659155717e-01 -9.490213131021456305e-02
1.220000000000062812e+01 -1.540784066889640813e-01 -1.003861502328693839e-01
1.230000000000062954e+01 -1.569417400254410622e-01 -1.063359072066458744e-01
1.240000000000063096e+01 -1.596964829669916541e-01 -1.127899367499734518e-01
1.250000000000063238e+01 -1.622982691673728328e-01 -1.197883421728829362e-01
1.260000000000063380e+01 -1.646929262417993201e-01 -1.273720119215782376e-01
1.270000000000063523e+01 -1.668147755990253833e-01 -1.355814390976639583e-01
1.280000000000063665e+01 -1.685847968959228727e-01 -1.444550178728469525e-01
1.290000000000063807e+01 -1.699087368831912193e-01 -1.540266664030882360e-01
1.300000000000063949e+01 -1.706753027263458178e-01 -1.643226064757325466e-01
1.310000000000064091e+01 -1.707546643291765753e-01 -1.753571237769161462e-01
1.320000000000064233e+01 -1.699976019206904110e-01 -1.871271526037032173e-01
1.330000000000064375e+01 -1.682357727147684168e-01 -1.996055944954535921e-01
1.340000000000064517e+01 -1.652837227886122806e-01 -2.127334171851177902e-01
1.350000000000064659e+01 -1.609434099712762356e-01 -2.264108174090672110e-01
1.360000000000064801e+01 -1.550120787101254005e-01 -2.404880924309442392e-01
1.370000000000064944e+01 -1.472942572463615818e-01 -2.547573531998252316e-01
1.380000000000065086e+01 -1.376183244412391149e-01 -2.689467822336834568e-01
1.390000000000065228e+01 -1.258574112426003033e-01 -2.827196689870360435e-01
1.400000000000065370e+01 -1.119533076098350732e-01 -2.956807239569788637e-01
1.410000000000065512e+01 -9.594062592402284595e-02 -3.073918802636015912e-01
1.420000000000065654e+01 -7.796703545684315062e-02 -3.173986508211260049e-01
1.430000000000065796e+01 -5.830447889899233183e-02 -3.252660215059361426e-01
1.440000000000065938e+01 -3.734657009442624021e-02 -3.306201197152008331e-01
1.450000000000066080e+01 -1.558930829414306371e-02 -3.331892857531487118e-01
1.460000000000066223e+01 6.404301389955416313e-03 -3.328367850494563518e-01
1.470000000000066365e+01 2.805107172927633410e-02 -3.295781470345182651e-01
1.480000000000066507e+01 4.879803747623316645e-02 -3.235791536307187632e-01
1.490000000000066649e+01 6.816752243299922798e-02 -3.151349472864330981e-01
1.500000000000066791e+01 8.578951454354583062e-02 -3.046350051684078575e-01
1.510000000000066933e+01 1.014175012963436096e-01 -2.925213391682797703e-01
1.520000000000067075e+01 1.149279626104746932e-01 -2.792475534800110681e-01
1.530000000000067217e+01 1.263069146434888657e-01 -2.652446666917597784e-01
1.540000000000067359e+01 1.356284878333773869e-01 -2.508968838734605411e-01
1.550000000000067502e+01 1.430305209160891433e-01 -2.365278473783024304e-01
1.560000000000067644e+01 1.486910884478174766e-01 -2.223959902598475202e-01
1.570000000000067786e+01 1.528084090188575050e-01 -2.086966640224055536e-01
1.580000000000067928e+01 1.555852105556927156e-01 -1.955685588031047806e-01
1.590000000000068070e+01 1.572176170030898379e-01 -1.831022777201568308e-01
1.600000000000068212e+01 1.578880179673153861e-01 -1.713494795071140442e-01
1.610000000000068354e+01 1.577611200721645290e-01 -1.603315640692134503e-01
1.620000000000068496e+01 1.569823455559654080e-01 -1.500473397038873669e-01
1.630000000000068638e+01 1.556778374103223450e-01 -1.404794457393300777e-01
1.640000000000068781e+01 1.539554758485196517e-01 -1.315995189780180818e-01
1.650000000000068923e+01 1.519064618114139842e-01 -1.233722125624929361e-01
1.660000000000069065e+01 1.496071560439997117e-01 -1.157582304143270485e-01
1.670000000000069207e+01 1.471209684100051873e-01 -1.087165536765264673e-01
1.680000000000069349e+01 1.445001713398155196e-01 -1.022060257181283266e-01
1.690000000000069491e+01 1.417875673140549520e-01 -9.618644140103445317e-02
1.700000000000069633e+01 1.390179779612841782e-01 -9.061926189920901931e-02
1.710000000000069775e+01 1.362195464222559771e-01 -8.546805256407927209e-02
1.720000000000069917e+01 1.334148590835993464e-01 -8.069872015919772601e-02
1.730000000000070060e+01 1.306219006976082619e-01 -7.627960796402713517e-02
1.740000000000070202e+01 1.278548605621979417e-01 -7.218149280383094613e-02
1.750000000000070344e+01 1.251248084343215550e-01 -6.837751666088839886e-02
1.760000000000070486e+01 1.224402582881294055e-01 -6.484307670979450045e-02
1.770000000000070628e+01 1.198076366264684556e-01 -6.155569091857766850e-02
1.780000000000070770e+01 1.172316702661140436e-01 -5.849485132677684218e-02
1.790000000000070912e+01 1.147157066300684147e-01 -5.564187338697932500e-02
1.800000000000071054e+01 1.122619777502466276e-01 -5.297974702318693913e-02
1.810000000000071196e+01 1.098718175004683301e-01 -5.049299307975266271e-02
1.820000000000071338e+01 1.075458400807152159e-01 -4.816752741783607294e-02
1.830000000000071481e+01 1.052840864651363728e-01 -4.599053391322058260e-02
1.840000000000071623e+01 1.030861444068391780e-01 -4.395034691534621674e-02
1.850000000000071765e+01 1.009512466410207032e-01 -4.203634325338808514e-02
1.860000000000071907e+01 9.887835112878218258e-02 -4.023884356305544585e-02
1.870000000000072049e+01 9.686620651693866879e-02 -3.854902251115045059e-02
1.880000000000072191e+01 9.491340543244522476e-02 -3.695882737768979576e-02
1.890000000000072333e+01 9.301842777121983874e-02 -3.546090439726992671e-02
1.900000000000072475e+01 9.117967575996308027e-02 -3.404853224011256119e-02
1.910000000000072617e+01 8.939550225576706199e-02 -3.271556201871303471e-02
1.920000000000072760e+01 8.766423349034324630e-02 -3.145636322865558165e-02
1.930000000000072902e+01 8.598418725158935016e-02 -3.026577506361812983e-02
1.940000000000073044e+01 8.435368732114123524e-02 -2.913906258348781045e-02
1.950000000000073186e+01 8.277107484167058049e-02 -2.807187725447078328e-02
1.960000000000073328e+01 8.123471716906287277e-02 -2.706022142099083483e-02
1.970000000000073470e+01 7.974301466750513545e-02 -2.610041630938350274e-02
1.980000000000073612e+01 7.829440582408958571e-02 -2.518907320065693831e-02
1.990000000000073754e+01 7.688737099430650868e-02 -2.432306744581004196e-02
2.000000000000073896e+01 7.552043503462087248e-02 -2.349951502968052400e-02
2.010000000000074039e+01 7.419216903334213686e-02 -2.271575141947319507e-02
2.020000000000074181e+01 7.290119131434283362e-02 -2.196931246184595510e-02
2.030000000000074323e+01 7.164616785665156584e-02 -2.125791711674595436e-02
2.040000000000074465e+01 7.042581224849166210e-02 -2.057945183910294545e-02
2.050000000000074607e+01 6.923888527290317230e-02 -1.993195643929539240e-02
2.060000000000074749e+01 6.808419420480815720e-02 -1.931361127135508560e-02
2.070000000000074891e+01 6.696059188549409458e-02 -1.872272561422617249e-02
2.080000000000075033e+01 6.586697562789337046e-02 -1.815772712537825490e-02
2.090000000000075175e+01 6.480228599699769387e-02 -1.761715225932664053e-02
2.100000000000075318e+01 6.376550550119838845e-02 -1.709963755481544445e-02
2.110000000000075460e+01 6.275565722365625265e-02 -1.660391170463162286e-02
2.120000000000075602e+01 6.177180341762271432e-02 -1.612878833127827025e-02
2.130000000000075744e+01 6.081304408438475972e-02 -1.567315939948893747e-02
2.140000000000075886e+01 5.987851554937067416e-02 -1.523598920409026738e-02
2.150000000000076028e+01 5.896738904843655538e-02 -1.481630887793592560e-02
2.160000000000076170e+01 5.807886933378581668e-02 -1.441321137035618885e-02
2.170000000000076312e+01 5.721219330716902779e-02 -1.402584685180226741e-02
2.180000000000076454e+01 5.636662868567989676e-02 -1.365341850463121405e-02
2.190000000000076597e+01 5.554147270460611796e-02 -1.329517866428822290e-02
2.200000000000076739e+01 5.473605086027996669e-02 -1.295042527859525255e-02
2.210000000000076881e+01 5.394971569492898467e-02 -1.261849865608725800e-02
2.220000000000077023e+01 5.318184562503609769e-02 -1.229877847733835787e-02
2.230000000000077165e+01 5.243184381357451906e-02 -1.199068104557452635e-02
2.240000000000077307e+01 5.169913708649066797e-02 -1.169365675539211363e-02
2.250000000000077449e+01 5.098317489310706663e-02 -1.140718776033504238e-02
2.260000000000077591e+01 5.028342830981064743e-02 -1.113078582193928988e-02
2.270000000000077733e+01 4.959938908640113692e-02 -1.086399032461175980e-02
2.280000000000077875e+01 4.893056873382734678e-02 -1.060636644201521858e-02
2.290000000000078018e+01 4.827649765235333956e-02 -1.035750344214879902e-02
2.300000000000078160e+01 4.763672429882836318e-02 -1.011701311940760122e-02
2.310000000000078302e+01 4.701081439167433679e-02 -9.884528342991010658e-03
2.320000000000078444e+01 4.639835015238835680e-02 -9.659701712087119876e-03
2.330000000000078586e+01 4.579892958192692543e-02 -9.442204308983494221e-03
2.340000000000078728e+01 4.521216577073878390e-02 -9.231724542197566538e-03
2.350000000000078870e+01 4.463768624098395088e-02 -9.027967072343675778e-03
2.360000000000079012e+01 4.407513231950385690e-02 -8.830651814102681227e-03
2.370000000000079154e+01 4.352415854033839238e-02 -8.639513008314687187e-03
2.380000000000079297e+01 4.298443207525377840e-02 -8.454298358612314171e-03
2.390000000000079439e+01 4.245563219114714681e-02 -8.274768227618465796e-03
2.400000000000079581e+01 4.193744973302405976e-02 -8.100694888089001941e-03
2.410000000000079723e+01 4.142958663129579083e-02 -7.931861824776545791e-03
2.420000000000079865e+01 4.093175543237436570e-02 -7.768063083209264530e-03
2.430000000000080007e+01 4.044367885126008005e-02 -7.609102661790545508e-03
2.440000000000080149e+01 3.996508934519141243e-02 -7.454793944029826890e-03
2.450000000000080291e+01 3.949572870728378093e-02 -7.304959167917372473e-03
2.460000000000080433e+01 3.903534767913463543e-02 -7.159428929702148399e-03
2.470000000000080576e+01 3.858370558158722569e-02 -7.018041719606803869e-03
2.480000000000080718e+01 3.814056996258882032e-02 -6.880643487120275195e-03
2.490000000000080860e+01 3.770571626142197458e-02 -6.747087233788046784e-03
2.500000000000081002e+01 3.727892748845479387e-02 -6.617232631532854459e-03
2.510000000000081144e+01 3.685999391960251281e-02 -6.490945664694914262e-03
2.520000000000081286e+01 3.644871280488396620e-02 -6.368098294167654633e-03
2.530000000000081428e+01 3.604488809022202145e-02 -6.248568142050769068e-03
2.540000000000081570e+01 3.564833015194356775e-02 -6.132238195442701011e-03
2.550000000000081712e+01 3.525885554331190108e-02 -6.018996528054552757e-03
2.560000000000081855e+01 3.487628675246127324e-02 -5.908736038428443957e-03
2.570000000000081997e+01 3.450045197127448587e-02 -5.801354203674579692e-03
2.580000000000082139e+01 3.413118487452562744e-02 -5.696752847652395563e-03
2.590000000000082281e+01 3.376832440888592052e-02 -5.594837922669753175e-03
2.600000000000082423e+01 3.341171459127399712e-02 -5.495519303802653965e-03
2.610000000000082565e+01 3.306120431606164589e-02 -5.398710595004448630e-03
2.620000000000082707e+01 3.271664717079832835e-02 -5.304328946268640349e-03
2.630000000000082849e+01 3.237790125991354961e-02 -5.212294881100944938e-03
2.640000000000082991e+01 3.204482903610428313e-02 -5.122532133670017716e-03
2.650000000000083134e+01 3.171729713900513226e-02 -5.034967495016217688e-03
2.660000000000083276e+01 3.139517624076088032e-02 -4.949530667742341183e-03
2.670000000000083418e+01 3.107834089825848092e-02 -4.866154128681265435e-03
2.680000000000083560e+01 3.076666941158388152e-02 -4.784772999016452533e-03
2.690000000000083702e+01 3.046004368849420524e-02 -4.705324921420795878e-03
2.700000000000083844e+01 3.015834911459108064e-02 -4.627749943778397025e-03
2.710000000000083986e+01 2.986147442889940801e-02 -4.551990409084201092e-03
2.720000000000084128e+01 2.956931160467817996e-02 -4.477990851171033231e-03
2.730000000000084270e+01 2.928175573511147128e-02 -4.405697895889145073e-03
2.740000000000084412e+01 2.899870492373215689e-02 -4.335060167435742309e-03
2.750000000000084555e+01 2.872006017933205826e-02 -4.266028199524801896e-03
2.760000000000084697e+01 2.844572531512677693e-02 -4.198554351108476669e-03
2.770000000000084839e+01 2.817560685205418997e-02 -4.132592726404534650e-03
2.780000000000084981e+01 2.790961392591852219e-02 -4.068099098957476262e-03
2.790000000000085123e+01 2.764765819827885024e-02 -4.005030839520806740e-03
2.800000000000085265e+01 2.738965377088764530e-02 -3.943346847537297639e-03
2.810000000000085407e+01 2.713551710349617480e-02 -3.883007486008798696e-03
2.820000000000085549e+01 2.688516693494499843e-02 -3.823974519582139416e-03
2.830000000000085691e+01 2.663852420730081216e-02 -3.766211055650260653e-03
2.840000000000085834e+01 2.639551199297306833e-02 -3.709681488318150502e-03
2.850000000000085976e+01 2.615605542465524250e-02 -3.654351445070728229e-03
2.860000000000086118e+01 2.592008162794535303e-02 -3.600187735990406125e-03
2.870000000000086260e+01 2.568751965659257092e-02 -3.547158305400865963e-03
2.880000000000086402e+01 2.545830043017013183e-02 -3.495232185786814778e-03
2.890000000000086544e+01 2.523235667413301422e-02 -3.444379453882549617e-03
2.900000000000086686e+01 2.500962286213617020e-02 -3.394571188809102340e-03
2.910000000000086828e+01 2.479003516049638201e-02 -3.345779432147397842e-03
2.920000000000086970e+01 2.457353137476583557e-02 -3.297977149859088793e-03
2.930000000000087113e+01 2.436005089824844899e-02 -3.251138195941069564e-03
2.940000000000087255e+01 2.414953466243594318e-02 -3.205237277736998434e-03
2.950000000000087397e+01 2.394192508926290194e-02 -3.160249922816042722e-03
2.960000000000087539e+01 2.373716604508626857e-02 -3.116152447334665909e-03
2.970000000000087681e+01 2.353520279637310447e-02 -3.072921925818079044e-03
2.980000000000087823e+01 2.333598196695180205e-02 -3.030536162273598545e-03
2.990000000000087965e+01 2.313945149681740157e-02 -2.988973662580929162e-03
3.000000000000088107e+01 2.294556060240886264e-02 -2.948213608091587376e-03
3.010000000000088249e+01 2.275425973828071671e-02 -2.908235830373842069e-03
3.020000000000088392e+01 2.256550056016462524e-02 -2.869020787057603890e-03
3.030000000000088534e+01 2.237923588929536731e-02 -2.830549538710798538e-03
3.040000000000088676e+01 2.219541967800218313e-02 -2.792803726707776806e-03
3.050000000000088818e+01 2.201400697649726068e-02 -2.755765552038056190e-03
3.060000000000088960e+01 2.183495390079774612e-02 -2.719417755006796680e-03
3.070000000000089102e+01 2.165821760178492442e-02 -2.683743595794244388e-03
3.080000000000089244e+01 2.148375623529090450e-02 -2.648726835820069091e-03
3.090000000000089386e+01 2.131152893322118408e-02 -2.614351719884339641e-03
3.100000000000089528e+01 2.114149577565586913e-02 -2.580602959045249882e-03
3.110000000000089670e+01 2.097361776387691307e-02 -2.547465714196167109e-03
3.120000000000089813e+01 2.080785679433077434e-02 -2.514925580318484559e-03
3.130000000000089955e+01 2.064417563343017362e-02 -2.482968571367027370e-03
3.140000000000090097e+01 2.048253789320787083e-02 -2.451581105767859300e-03
3.150000000000090239e+01 2.032290800777498616e-02 -2.420749992497475949e-03
3.160000000000090381e+01 2.016525121053896336e-02 -2.390462417714205989e-03
3.170000000000090523e+01 2.000953351219550425e-02 -2.360705931925096389e-03
3.180000000000090665e+01 1.985572167940839738e-02 -2.331468437653242375e-03
3.190000000000090807e+01 1.970378321419400530e-02 -2.302738177591336088e-03
