-3.200000000000000000e+01 2.869422853254846584e-02 3.356103593388558813e-03
-3.189999999999999858e+01 2.891566875621898181e-02 3.398004001281260296e-03
-3.179999999999999716e+01 2.913984122561233403e-02 3.440644080101567387e-03
-3.169999999999999574e+01 2.936679333891889856e-02 3.484040954434671801e-03
-3.159999999999999432e+01 2.959657356584285970e-02 3.528212243196023837e-03
-3.149999999999999289e+01 2.982923147756429486e-02 3.573176076786952187e-03
-3.139999999999999147e+01 3.006481777774362707e-02 3.618951114955619702e-03
-3.129999999999999005e+01 3.030338433454524832e-02 3.665556565384020353e-03
-3.119999999999998863e+01 3.054498421374115744e-02 3.713012203039087623e-03
-3.109999999999998721e+01 3.078967171295919278e-02 3.761338390328377180e-03
-3.099999999999998579e+01 3.103750239705387742e-02 3.810556098085306469e-03
-3.089999999999998437e+01 3.128853313473387715e-02 3.860686927441195349e-03
-3.079999999999998295e+01 3.154282213642846389e-02 3.911753132613357380e-03
-3.069999999999998153e+01 3.180042899346484375e-02 3.963777644657855669e-03
-3.059999999999998010e+01 3.206141471863271919e-02 4.016784096238646198e-03
-3.049999999999997868e+01 3.232584178812078490e-02 4.070796847448277141e-03
-3.039999999999997726e+01 3.259377418497608897e-02 4.125841012751224439e-03
-3.029999999999997584e+01 3.286527744407659324e-02 4.181942489090748061e-03
-3.019999999999997442e+01 3.314041869870248957e-02 4.239127985221974836e-03
-3.009999999999997300e+01 3.341926672879765026e-02 4.297425052337945292e-03
-2.999999999999997158e+01 3.370189201091494668e-02 4.356862116037769211e-03
-2.989999999999997016e+01 3.398836677001743078e-02 4.417468509726266319e-03
-2.979999999999996874e+01 3.427876503313610768e-02 4.479274509501973700e-03
-2.969999999999996732e+01 3.457316268498766831e-02 4.542311370615169895e-03
-2.959999999999996589e+01 3.487163752566234398e-02 4.606611365582861765e-03
-2.949999999999996447e+01 3.517426933038808601e-02 4.672207824029286048e-03
-2.939999999999996305e+01 3.548113991156898184e-02 4.739135174365620255e-03
-2.929999999999996163e+01 3.579233318311304118e-02 4.807428987387955127e-03
-2.919999999999996021e+01 3.610793522717531401e-02 4.877126021900944457e-03
-2.909999999999995879e+01 3.642803436345037893e-02 4.948264272481617092e-03
-2.899999999999995737e+01 3.675272122103760697e-02 5.020883019478740959e-03
-2.889999999999995595e+01 3.708208881310924576e-02 5.095022881394446410e-03
-2.879999999999995453e+01 3.741623261441612280e-02 5.170725869757992338e-03
-2.869999999999995310e+01 3.775525064178588547e-02 5.248035446634423742e-03
-2.859999999999995168e+01 3.809924353777851408e-02 5.326996584920544800e-03
-2.849999999999995026e+01 3.844831465754578598e-02 5.407655831561135849e-03
-2.839999999999994884e+01 3.880257015916512703e-02 5.490061373877332812e-03
-2.829999999999994742e+01 3.916211909750948877e-02 5.574263109160256663e-03
-2.819999999999994600e+01 3.952707352184528511e-02 5.660312717721787193e-03
-2.809999999999994458e+01 3.989754857736269728e-02 5.748263739607560076e-03
-2.799999999999994316e+01 4.027366261071711750e-02 5.838171655158187756e-03
-2.789999999999994174e+01 4.065553727990254412e-02 5.930093969673201973e-03
-2.779999999999994031e+01 4.104329766855549511e-02 6.024090302392055146e-03
-2.769999999999993889e+01 4.143707240492937316e-02 6.120222480053045741e-03
-2.759999999999993747e+01 4.183699378579491118e-02 6.218554635309242115e-03
-2.749999999999993605e+01 4.224319790538891284e-02 6.319153310263119980e-03
-2.739999999999993463e+01 4.265582478979665360e-02 6.422087565462222120e-03
-2.729999999999993321e+01 4.307501853691551169e-02 6.527429094657726492e-03
-2.719999999999993179e+01 4.350092746230335705e-02 6.635252345684810107e-03
-2.709999999999993037e+01 4.393370425123337142e-02 6.745634647849226007e-03
-2.699999999999992895e+01 4.437350611713627990e-02 6.858656346190752581e-03
-2.689999999999992752e+01 4.482049496689863299e-02 6.974400943090764728e-03
-2.679999999999992610e+01 4.527483757323061409e-02 7.092955247652448642e-03
-2.669999999999992468e+01 4.573670575448952891e-02 7.214409533353404597e-03
-2.659999999999992326e+01 4.620627656236762915e-02 7.338857704506985581e-03
-2.649999999999992184e+01 4.668373247770489509e-02 7.466397472061746948e-03
-2.639999999999992042e+01 4.716926161500117898e-02 7.597130539386269706e-03
-2.629999999999991900e+01 4.766305793593145906e-02 7.731162798653314246e-03
-2.619999999999991758e+01 4.816532147235748351e-02 7.868604538528209402e-03
-2.609999999999991616e+01 4.867625855935949625e-02 8.009570663919872782e-03
-2.599999999999991473e+01 4.919608207865372451e-02 8.154180928557717284e-03
-2.589999999999991331e+01 4.972501171310880763e-02 8.302560181305309803e-03
-2.579999999999991189e+01 5.026327421278387053e-02 8.454838627099208609e-03
-2.569999999999991047e+01 5.081110367312261650e-02 8.611152103521335990e-03
-2.559999999999990905e+01 5.136874182597706701e-02 8.771642374092166600e-03
-2.549999999999990763e+01 5.193643834396694664e-02 8.936457439397528860e-03
-2.539999999999990621e+01 5.251445115906611810e-02 9.105751867351317974e-03
-2.529999999999990479e+01 5.310304679599724825e-02 9.279687143895133661e-03
-2.519999999999990337e+01 5.370250072125220403e-02 9.458432045597996857e-03
-2.509999999999990195e+01 5.431309770860577590e-02 9.642163035738548008e-03
-2.499999999999990052e+01 5.493513222181373862e-02 9.831064685511892512e-03
-2.489999999999989910e+01 5.556890881561476342e-02 1.002533012225476951e-02
-2.479999999999989768e+01 5.621474255582276092e-02 1.022516150661842080e-02
-2.469999999999989626e+01 5.687295945956252069e-02 1.043077054084594682e-02
-2.459999999999989484e+01 5.754389695676379035e-02 1.064237901049284313e-02
-2.449999999999989342e+01 5.822790437384135764e-02 1.086021936204803300e-02
-2.439999999999989200e+01 5.892534344096642118e-02 1.108453531925652873e-02
-2.429999999999989058e+01 5.963658882397608607e-02 1.131558254104671722e-02
-2.419999999999988916e+01 6.036202868226553386e-02 1.155362932429345943e-02
-2.409999999999988773e+01 6.110206525408239109e-02 1.179895735493164712e-02
-2.399999999999988631e+01 6.185711547044094039e-02 1.205186251115264971e-02
-2.389999999999988489e+01 6.262761159940444244e-02 1.231265572290320999e-02
-2.379999999999988347e+01 6.341400192209001307e-02 1.258166389212294831e-02
-2.369999999999988205e+01 6.421675144208213726e-02 1.285923087864630950e-02
-2.359999999999988063e+01 6.503634263002022742e-02 1.314571855714473207e-02
-2.349999999999987921e+01 6.587327620490071589e-02 1.344150795087157430e-02
-2.339999999999987779e+01 6.672807195421269488e-02 1.374700044868755987e-02
-2.329999999999987637e+01 6.760126959458159779e-02 1.406261911226176775e-02
-2.319999999999987494e+01 6.849342967494487233e-02 1.438881008109646822e-02
-2.309999999999987352e+01 6.940513452435262409e-02 1.472604408375344058e-02
-2.299999999999987210e+01 7.033698924620697401e-02 1.507481806433641838e-02
-2.289999999999987068e+01 7.128962276136066589e-02 1.543565693437407016e-02
-2.279999999999986926e+01 7.226368890195411510e-02 1.580911546101606419e-02
-2.269999999999986784e+01 7.325986755820031171e-02 1.619578030365137478e-02
-2.259999999999986642e+01 7.427886588033016935e-02 1.659627221226304267e-02
-2.249999999999986500e+01 7.532141953750801089e-02 1.701124840201816146e-02
-2.239999999999986358e+01 7.638829403609122271e-02 1.744140512031069901e-02
-2.229999999999986215e+01 7.748028609886728479e-02 1.788748042386584247e-02
-2.219999999999986073e+01 7.859822510710057220e-02 1.835025718547053999e-02
-2.209999999999985931e+01 7.974297460702195472e-02 1.883056635192956185e-02
-2.199999999999985789e+01 8.091543388169446238e-02 1.932929047692788158e-02
-2.189999999999985647e+01 8.211653958952169763e-02 1.984736755528555135e-02
-2.179999999999985505e+01 8.334726746947343501e-02 2.038579518759708192e-02
-2.169999999999985363e+01 8.460863411288933877e-02 2.094563510753646302e-02
-2.159999999999985221e+01 8.590169880097550670e-02 2.152801810761221721e-02
-2.149999999999985079e+01 8.722756540568664396e-02 2.213414940284998828e-02
-2.139999999999984936e+01 8.858738435130800171e-02 2.276531447659893570e-02
-2.129999999999984794e+01 8.998235463179404814e-02 2.342288545718569995e-02
-2.119999999999984652e+01 9.141372587758769819e-02 2.410832807980626755e-02
-2.109999999999984510e+01 9.288280046348842967e-02 2.482320929419211397e-02
-2.099999999999984368e+01 9.439093564595428532e-02 2.556920558520313358e-02
-2.089999999999984226e+01 9.593954571590317115e-02 2.634811208164475685e-02
-2.079999999999984084e+01 9.753010414825045993e-02 2.716185253682140352e-02
-2.069999999999983942e+01 9.916414572517999459e-02 2.801249027429346741e-02
-2.059999999999983800e+01 1.008432686044222759e-01 2.890224020323404336e-02
-2.049999999999983658e+01 1.025691362962501685e-01 2.983348201971440863e-02
-2.039999999999983515e+01 1.043434795055302039e-01 3.080877472454695426e-02
-2.029999999999983373e+01 1.061680977839567913e-01 3.183087260322371020e-02
-2.019999999999983231e+01 1.080448609258925080e-01 3.290274283113370224e-02
-2.009999999999983089e+01 1.099757100264209669e-01 3.402758488673498366e-02
-1.999999999999982947e+01 1.119626581015810418e-01 3.520885197677545153e-02
-1.989999999999982805e+01 1.140077901502533353e-01 3.645027470277324710e-02
-1.979999999999982663e+01 1.161132625097539978e-01 3.775588722460685581e-02
-1.969999999999982521e+01 1.182813013261369006e-01 3.913005620793019723e-02
-1.959999999999982379e+01 1.205141999218645593e-01 4.057751287610500412e-02
-1.949999999999982236e+01 1.228143147962312276e-01 4.210338852447555180e-02
-1.939999999999982094e+01 1.251840599390106057e-01 4.371325389727017535e-02
-1.929999999999981952e+01 1.276258990681898020e-01 4.541316287222782466e-02
-1.919999999999981810e+01 1.301423353207266931e-01 4.720970094839955361e-02
-1.909999999999981668e+01 1.327358978245459786e-01 4.911003908622986469e-02
-1.899999999999981526e+01 1.354091244584719467e-01 5.112199350679774712e-02
-1.889999999999981384e+01 1.381645399577627886e-01 5.325409211673956533e-02
-1.879999999999981242e+01 1.410046283447086712e-01 5.551564828851884847e-02
-1.869999999999981100e+01 1.439317984435415920e-01 5.791684278587089230e-02
-1.859999999999980957e+01 1.469483409742124436e-01 6.046881468250621394e-02
-1.849999999999980815e+01 1.500563753969086367e-01 6.318376217128704453e-02
-1.839999999999980673e+01 1.532577842860833317e-01 6.607505419369945343e-02
-1.829999999999980531e+01 1.565541325390034655e-01 6.915735382927613861e-02
-1.819999999999980389e+01 1.599465681453552668e-01 7.244675435189140700e-02
-1.809999999999980247e+01 1.634357005480157610e-01 7.596092877079550776e-02
-1.799999999999980105e+01 1.670214517834632539e-01 7.971929349853956737e-02
-1.789999999999979963e+01 1.707028745768601197e-01 8.374318648757352046e-02
-1.779999999999979821e+01 1.744779303576581286e-01 8.805605970625475509e-02
-1.769999999999979678e+01 1.783432187186012596e-01 9.268368510582861153e-02
-1.759999999999979536e+01 1.822936481431788880e-01 9.765437217673496317e-02
-1.749999999999979394e+01 1.863220358457994830e-01 1.029991936749866666e-01
-1.739999999999979252e+01 1.904186222942475526e-01 1.087522139487070438e-01
-1.729999999999979110e+01 1.945704834349712697e-01 1.149507112973893602e-01
-1.719999999999978968e+01 1.987608208670728627e-01 1.216353816529470722e-01
-1.709999999999978826e+01 2.029681073495113452e-01 1.288505052243649196e-01
-1.699999999999978684e+01 2.071650623183832751e-01 1.366440501270510255e-01
-1.689999999999978542e+01 2.113174299621039254e-01 1.450676768567683017e-01
-1.679999999999978400e+01 2.153825315531668061e-01 1.541765941155255337e-01
-1.669999999999978257e+01 2.193075652484961502e-01 1.640291992141840738e-01
-1.659999999999978115e+01 2.230276321126344330e-01 1.746864143831070304e-01
-1.649999999999977973e+01 2.264634791152709548e-01 1.862106033140544792e-01
-1.639999999999977831e+01 2.295189717537001739e-01 1.986639201618126960e-01
-1.629999999999977689e+01 2.320783454413620495e-01 2.121059071731223045e-01
-1.619999999999977547e+01 2.340033419065983278e-01 2.265901201112116015e-01
-1.609999999999977405e+01 2.351304217329859003e-01 2.421595290251871702e-01
-1.599999999999977263e+01 2.352683642570582989e-01 2.588404269602603280e-01
-1.589999999999977121e+01 2.341967269012625863e-01 2.766345993215670318e-01
-1.579999999999976978e+01 2.316658373397263992e-01 2.955095892680612568e-01
-1.569999999999976836e+01 2.273992206367418389e-01 3.153870767385060225e-01
-1.559999999999976694e+01 2.210995840086378839e-01 3.361297140168710285e-01
-1.549999999999976552e+01 2.124596239856941793e-01 3.575272685213396473e-01
-1.539999999999976410e+01 2.011788703977115123e-01 3.792836269151568795e-01
-1.529999999999976268e+01 1.869873832435363092e-01 4.010070642038219280e-01
-1.519999999999976126e+01 1.696762049981775100e-01 4.222070187077039960e-01
-1.509999999999975984e+01 1.491329369070429900e-01 4.423011346290524615e-01
-1.499999999999975842e+01 1.253787301523890674e-01 4.606361011112922732e-01
-1.489999999999975699e+01 9.860075424556402623e-02 4.765243734832755318e-01
-1.479999999999975557e+01 6.917259200097505834e-02 4.892959753357126185e-01
-1.469999999999975415e+01 3.765500806931636191e-02 4.983605533130087695e-01
-1.459999999999975273e+01 4.771947730458123149e-03 5.032707316827672583e-01
-1.449999999999975131e+01 -2.863853291202200085e-02 5.037751995183342713e-01
-1.439999999999974989e+01 -6.169257348938828739e-02 4.998503757354260668e-01
-1.429999999999974847e+01 -9.353690506907855196e-02 4.917034577168552523e-01
-1.419999999999974705e+01 -1.234198192558380591e-01 4.797461412713075468e-01
-1.409999999999974563e+01 -1.507447917485978950e-01 4.645450397798838726e-01
-1.399999999999974420e+01 -1.750997131369723125e-01 4.467594336498438845e-01
-1.389999999999974278e+01 -1.962608331702325459e-01 4.270781146451636534e-01
-1.379999999999974136e+01 -2.141757604053176889e-01 4.061649837447299793e-01
-1.369999999999973994e+01 -2.289327937065922247e-01 3.846191023358234706e-01
-1.359999999999973852e+01 -2.407242987987824878e-01 3.629507421077137752e-01
-1.349999999999973710e+01 -2.498104735742606164e-01 3.415718147322934217e-01
-1.339999999999973568e+01 -2.564876686654967153e-01 3.207973336390381180e-01
-1.329999999999973426e+01 -2.610632778782638885e-01 3.008541168188072490e-01
-1.319999999999973284e+01 -2.638375546805676874e-01 2.818933465454455667e-01
-1.309999999999973141e+01 -2.650916767275126595e-01 2.640044047069547428e-01
-1.299999999999972999e+01 -2.650808908618561555e-01 2.472282666114358762e-01
-1.289999999999972857e+01 -2.640314639657415086e-01 2.315694758883909965e-01
-1.279999999999972715e+01 -2.621402789831552282e-01 2.170062707280592806e-01
-1.269999999999972573e+01 -2.595761270861354220e-01 2.034987911281528339e-01
-1.259999999999972431e+01 -2.564819778503745762e-01 1.909955043540516317e-01
-1.249999999999972289e+01 -2.529777177810941802e-01 1.794380853122233277e-01
-1.239999999999972147e+01 -2.491630168822790425e-01 1.687650187643592037e-01
-1.229999999999972005e+01 -2.451201109477779694e-01 1.589141806818137881e-01
-1.219999999999971863e+01 -2.409163786709865307e-01 1.498246266845737473e-01
-1.209999999999971720e+01 -2.366066547812069598e-01 1.414377789573133259e-01
-1.199999999999971578e+01 -2.322352605388158797e-01 1.336981664538841319e-01
-1.189999999999971436e+01 -2.278377573496954689e-01 1.265538401755253450e-01
-1.179999999999971294e+01 -2.234424429401213608e-01 1.199565572423182402e-01
-1.169999999999971152e+01 -2.190716161566692022e-01 1.138618045852871352e-01
-1.159999999999971010e+01 -2.147426386290768319e-01 1.082287149281555422e-01
-1.149999999999970868e+01 -2.104688210584649000e-01 1.030199136411018984e-01
-1.139999999999970726e+01 -2.062601599601919522e-01 9.820132430550761182e-02
-1.129999999999970584e+01 -2.021239480582349979e-01 9.374195274408862744e-02
-1.119999999999970441e+01 -1.980652786775956020e-01 8.961366327176573110e-02
-1.109999999999970299e+01 -1.940874616791261054e-01 8.579095651262790001e-02
-1.099999999999970157e+01 -1.901923658827728292e-01 8.225075492843973712e-02
-1.089999999999970015e+01 -1.863807005999914002e-01 7.897219991009785112e-02
-1.079999999999969873e+01 -1.826522468599631188e-01 7.593646265721078203e-02
-1.069999999999969731e+01 -1.790060471697112188e-01 7.312656994388525011e-02
-1.059999999999969589e+01 -1.754405611649035579e-01 7.052724509868274483e-02
-1.049999999999969447e+01 -1.719537932636041044e-01 6.812476401951374216e-02
-1.039999999999969305e+01 -1.685433973994754919e-01 6.590682572530170980e-02
-1.029999999999969162e+01 -1.652067630504747142e-01 6.386243675801556163e-02
-1.019999999999969020e+01 -1.619410860757559967e-01 6.198180865725100991e-02
-1.009999999999968878e+01 -1.587434272960532855e-01 6.025626770007964927e-02
-9.999999999999687361e+00 -1.556107612863558143e-01 5.867817611418839341e-02
-9.899999999999685940e+00 -1.525400174772935935e-01 5.724086401665297308e-02
-9.799999999999684519e+00 -1.495281153653552630e-01 5.593857139098308562e-02
-9.699999999999683098e+00 -1.465719954081533272e-01 5.476639948731165664e-02
-9.599999999999681677e+00 -1.436686470136028793e-01 5.372027110497197555e-02
-9.499999999999680256e+00 -1.408151349191822665e-01 5.279689929117147018e-02
-9.399999999999678835e+00 -1.380086251948126064e-01 5.199376405969523274e-02
-9.299999999999677414e+00 -1.352464120838830774e-01 5.130909679462072187e-02
-9.199999999999675993e+00 -1.325259469272687118e-01 5.074187205426591851e-02
-9.099999999999674571e+00 -1.298448704889162697e-01 5.029180652280831887e-02
-8.999999999999673150e+00 -1.272010501248663772e-01 4.995936486653568959e-02
-8.899999999999671729e+00 -1.245926234137551547e-01 4.974577222974750634e-02
-8.799999999999670308e+00 -1.220180500968870291e-01 4.965303304012275848e-02
-8.699999999999668887e+00 -1.194761744713877388e-01 4.968395567051175910e-02
-8.599999999999667466e+00 -1.169663007402238220e-01 4.984218230168109554e-02
-8.499999999999666045e+00 -1.144882842565554393e-01 5.013222302117846529e-02
-8.399999999999664624e+00 -1.120426421092703545e-01 5.055949273916212489e-02
-8.299999999999663203e+00 -1.096306870756461882e-01 5.113034885335376173e-02
-8.199999999999661782e+00 -1.072546896098577618e-01 5.185212668674955838e-02
-8.099999999999660361e+00 -1.049180732095242041e-01 5.273316846981231792e-02
-7.999999999999658939e+00 -1.026256491578122765e-01 5.378283993755306192e-02
-7.899999999999657518e+00 -1.003838971841611583e-01 5.501152633036933415e-02
-7.799999999999656097e+00 -9.820129886832934529e-02 5.643059657302783305e-02
-7.699999999999654676e+00 -9.608873039668430760e-02 5.805232048527112637e-02
-7.599999999999653255e+00 -9.405992019638233226e-02 5.988971888076993072e-02
-7.499999999999651834e+00 -9.213197448641612108e-02 6.195632020297111436e-02
-7.399999999999650413e+00 -9.032596912406126721e-02 6.426578989691945909e-02
-7.299999999999648992e+00 -8.866759823108763539e-02 6.683139022247033822e-02
-7.199999999999647571e+00 -8.718785758162972410e-02 6.966521928080639248e-02
-7.099999999999646150e+00 -8.592372194529404594e-02 7.277716996707385422e-02
-6.999999999999644729e+00 -8.491874870783487628e-02 7.617354478626023329e-02
-6.899999999999643308e+00 -8.422350363557773445e-02 7.985526498250078431e-02
-6.799999999999641886e+00 -8.389565825978882729e-02 8.381562833191001649e-02
-6.699999999999640465e+00 -8.399955432183420223e-02 8.803760765164685143e-02
-6.599999999999639044e+00 -8.460497618008397391e-02 9.249075184135814587e-02
-6.499999999999637623e+00 -8.578483184398452699e-02 9.712786312229385044e-02
-6.399999999999636202e+00 -8.761144238429049991e-02 1.018817832466697576e-01
-6.299999999999634781e+00 -9.015121339148186863e-02 1.066628201252335095e-01
-6.199999999999633360e+00 -9.345765157108582022e-02 1.113575531458000506e-01
-6.099999999999631939e+00 -9.756302516631747135e-02 1.158299053508447668e-01
-5.999999999999630518e+00 -1.024694426648251749e-01 1.199253642113408402e-01
-5.899999999999629097e+00 -1.081406646507809960e-01 1.234789573021665282e-01
-5.799999999999627676e+00 -1.144964033246301111e-01 1.263269705746424276e-01
-5.699999999999626255e+00 -1.214109696212235801e-01 1.283214739624247702e-01
-5.599999999999624833e+00 -1.287176845895310895e-01 1.293457028720882696e-01
-5.499999999999623412e+00 -1.362194220005832901e-01 1.293276011731946673e-01
-5.399999999999621991e+00 -1.437042056847314675e-01 1.282487491686879477e-01
-5.299999999999620570e+00 -1.509634166627940866e-01 1.261466730663508840e-01
-5.199999999999619149e+00 -1.578094071532462617e-01 1.231099971448143954e-01
-5.099999999999617728e+00 -1.640894936404984628e-01 1.192675592318100664e-01
-4.999999999999616307e+00 -1.696943334300299311e-01 1.147738684587255309e-01
-4.899999999999614886e+00 -1.745601486435470195e-01 1.097937472081308569e-01
-4.799999999999613465e+00 -1.786656060816201042e-01 1.044886414791638685e-01
-4.699999999999612044e+00 -1.820250013497201058e-01 9.900619465633786476e-02
-4.599999999999610623e+00 -1.846796230676091832e-01 9.347366133434295565e-02
-4.499999999999609201e+00 -1.866889186830726910e-01 8.799491000370537885e-02
-4.399999999999607780e+00 -1.881225829076512424e-01 8.265027164505406310e-02
-4.299999999999606359e+00 -1.890541584334861636e-01 7.749832487583908913e-02
-4.199999999999604938e+00 -1.895563089724345285e-01 7.257877131183997077e-02
-4.099999999999603517e+00 -1.896976436909763586e-01 6.791573506433143392e-02
-3.999999999999602096e+00 -1.895408288622680293e-01 6.352102976381508725e-02
-3.899999999999600675e+00 -1.891416802480187231e-01 5.939712303837423046e-02
-3.799999999999599254e+00 -1.885489484036002028e-01 5.553967043863725084e-02
-3.699999999999597833e+00 -1.878045568029952095e-01 5.193958648745956863e-02
-3.599999999999596412e+00 -1.869441082821580724e-01 4.858467749280656611e-02
-3.499999999999594991e+00 -1.859975270921706836e-01 4.546088948872587659e-02
-3.399999999999593570e+00 -1.849897467481524393e-01 4.255323488706978102e-02
-3.299999999999592148e+00 -1.839413867355012000e-01 3.984646071519942767e-02
-3.199999999999590727e+00 -1.828693848910911690e-01 3.732551498177608118e-02
-3.099999999999589306e+00 -1.817875685926126916e-01 3.497585911677389414e-02
-2.999999999999587885e+00 -1.807071585518078005e-01 3.278366553854437232e-02
-2.899999999999586464e+00 -1.796372055937352774e-01 3.073593122588343801e-02
-2.799999999999585043e+00 -1.785849645743070035e-01 2.882053114453705586e-02
-2.699999999999583622e+00 -1.775562114919579659e-01 2.702622959596016200e-02
-2.599999999999582201e+00 -1.765555105630685351e-01 2.534266293721626137e-02
-2.499999999999580780e+00 -1.755864380246721923e-01 2.376030351305697882e-02
-2.399999999999579359e+00 -1.746517690139813839e-01 2.227041186824822369e-02
-2.299999999999577938e+00 -1.737536332509012627e-01 2.086498220024559508e-02
-2.199999999999576517e+00 -1.728936445410718392e-01 1.953668442647413933e-02
-2.099999999999575095e+00 -1.720730083893105000e-01 1.827880505166809208e-02
-1.999999999999573674e+00 -1.712926113005769357e-01 1.708518813593372376e-02
-1.899999999999572253e+00 -1.705530946562093253e-01 1.595017701237663385e-02
-1.799999999999570832e+00 -1.698549153791823751e-01 1.486855693581901755e-02
-1.699999999999569411e+00 -1.691983949298108136e-01 1.383549854155089603e-02
-1.599999999999567990e+00 -1.685837574838084940e-01 1.284650185577233122e-02
-1.499999999999566569e+00 -1.680111574307221467e-01 1.189734066138907476e-02
-1.399999999999565148e+00 -1.674806956080869269e-01 1.098400734654575439e-02
-1.299999999999563727e+00 -1.669924230177908808e-01 1.010265903639747873e-02
-1.199999999999562306e+00 -1.665463303004544593e-01 9.249566930510960683e-03
-1.099999999999560885e+00 -1.661423212274341643e-01 8.421072396943549143e-03
-9.999999999995594635e-01 -1.657801693020989897e-01 7.613555447420768119e-03
-8.999999999995580424e-01 -1.654594587379985826e-01 6.823423413192954146e-03
-7.999999999995566213e-01 -1.651795150545988522e-01 6.047129212446177016e-03
-6.999999999995552002e-01 -1.649393363914123667e-01 5.281228279249108870e-03
-5.999999999995537792e-01 -1.647375436062584741e-01 4.522479343180479949e-03
-4.999999999995523581e-01 -1.645723731157592851e-01 3.767985345354607496e-03
-3.999999999995509370e-01 -1.644417375755743704e-01 3.015356778534220017e-03
-2.999999999995495159e-01 -1.643433716628092678e-01 2.262863435242790100e-03
-1.999999999995480948e-01 -1.642750610679215295e-01 1.509528309799300361e-03
-9.999999999954667373e-02 -1.642349250257369442e-01 7.551176560116959480e-04
4.547473508864641190e-13 -1.642216957080646356e-01 0.000000000000000000e+00
1.000000000004561684e-01 -1.642349250257369442e-01 -7.551176560116959480e-04
2.000000000004575895e-01 -1.642750610679225010e-01 -1.509528309813018554e-03
3.000000000004590106e-01 -1.643433716628107666e-01 -2.262863435256473599e-03
4.000000000004604317e-01 -1.644417375755743704e-01 -3.015356778534220017e-03
5.000000000004618528e-01 -1.645723731157592851e-01 -3.767985345354607496e-03
6.000000000004632739e-01 -1.647375436062584741e-01 -4.522479343180479949e-03
7.000000000004646949e-01 -1.649393363914163912e-01 -5.281228279262965841e-03
8.000000000004661160e-01 -1.651795150546035706e-01 -6.047129212460200520e-03
9.000000000004675371e-01 -1.654594587379985826e-01 -6.823423413192954146e-03
1.000000000000468958e+00 -1.657801693020989897e-01 -7.613555447420768119e-03
1.100000000000470379e+00 -1.661423212274341643e-01 -8.421072396943549143e-03
1.200000000000471800e+00 -1.665463303004622309e-01 -9.249566930526236658e-03
1.300000000000473221e+00 -1.669924230177993740e-01 -1.010265903641325083e-02
1.400000000000474643e+00 -1.674806956080869269e-01 -1.098400734654575439e-02
1.500000000000476064e+00 -1.680111574307221467e-01 -1.189734066138907476e-02
1.600000000000477485e+00 -1.685837574838084940e-01 -1.284650185577233122e-02
1.700000000000478906e+00 -1.691983949298223600e-01 -1.383549854156927716e-02
1.800000000000480327e+00 -1.698549153791946986e-01 -1.486855693583824869e-02
1.900000000000481748e+00 -1.705530946562093253e-01 -1.595017701237663385e-02
2.000000000000483169e+00 -1.712926113005769357e-01 -1.708518813593372376e-02
2.100000000000484590e+00 -1.720730083893105000e-01 -1.827880505166809208e-02
2.200000000000486011e+00 -1.728936445410871325e-01 -1.953668442649763790e-02
2.300000000000487432e+00 -1.737536332509172221e-01 -2.086498220027043285e-02
2.400000000000488853e+00 -1.746517690139813839e-01 -2.227041186824822369e-02
2.500000000000490274e+00 -1.755864380246721923e-01 -2.376030351305697882e-02
2.600000000000491696e+00 -1.765555105630685351e-01 -2.534266293721626137e-02
2.700000000000493117e+00 -1.775562114919764511e-01 -2.702622959599176172e-02
2.800000000000494538e+00 -1.785849645743259606e-01 -2.882053114457077195e-02
2.900000000000495959e+00 -1.796372055937352774e-01 -3.073593122588343801e-02
3.000000000000497380e+00 -1.807071585518078005e-01 -3.278366553854437232e-02
3.100000000000498801e+00 -1.817875685926126916e-01 -3.497585911677389414e-02
3.200000000000500222e+00 -1.828693848911107922e-01 -3.732551498182033051e-02
3.300000000000501643e+00 -1.839413867355205179e-01 -3.984646071524691746e-02
3.400000000000503064e+00 -1.849897467481524393e-01 -4.255323488706978102e-02
3.500000000000504485e+00 -1.859975270921706836e-01 -4.546088948872587659e-02
3.600000000000505906e+00 -1.869441082821580724e-01 -4.858467749280656611e-02
3.700000000000507328e+00 -1.878045568030099199e-01 -5.193958648752279583e-02
3.800000000000508749e+00 -1.885489484036124985e-01 -5.553967043870504383e-02
3.900000000000510170e+00 -1.891416802480187231e-01 -5.939712303837423046e-02
4.000000000000511591e+00 -1.895408288622680293e-01 -6.352102976381508725e-02
4.100000000000513012e+00 -1.896976436909763586e-01 -6.791573506433143392e-02
4.200000000000514433e+00 -1.895563089724288663e-01 -7.257877131192717879e-02
4.300000000000515854e+00 -1.890541584334733405e-01 -7.749832487593076580e-02
4.400000000000517275e+00 -1.881225829076512424e-01 -8.265027164505406310e-02
4.500000000000518696e+00 -1.866889186830726910e-01 -8.799491000370537885e-02
4.600000000000520117e+00 -1.846796230676091832e-01 -9.347366133434295565e-02
4.700000000000521538e+00 -1.820250013496655939e-01 -9.900619465643839545e-02
4.800000000000522959e+00 -1.786656060815522973e-01 -1.044886414792624285e-01
4.900000000000524381e+00 -1.745601486435470195e-01 -1.097937472081308569e-01
5.000000000000525802e+00 -1.696943334300299311e-01 -1.147738684587255309e-01
5.100000000000527223e+00 -1.640894936404984628e-01 -1.192675592318100664e-01
5.200000000000528644e+00 -1.578094071531264964e-01 -1.231099971448774005e-01
5.300000000000530065e+00 -1.509634166626652729e-01 -1.261466730663979574e-01
5.400000000000531486e+00 -1.437042056847314675e-01 -1.282487491686879477e-01
5.500000000000532907e+00 -1.362194220005832901e-01 -1.293276011731946673e-01
5.600000000000534328e+00 -1.287176845895310895e-01 -1.293457028720882696e-01
5.700000000000535749e+00 -1.214109696210936701e-01 -1.283214739623970146e-01
5.800000000000537170e+00 -1.144964033245089441e-01 -1.263269705745979354e-01
5.900000000000538591e+00 -1.081406646507809960e-01 -1.234789573021665282e-01
6.000000000000540012e+00 -1.024694426648251749e-01 -1.199253642113408402e-01
6.100000000000541434e+00 -9.756302516631747135e-02 -1.158299053508447668e-01
6.200000000000542855e+00 -9.345765157101847131e-02 -1.113575531457162426e-01
6.300000000000544276e+00 -9.015121339142881385e-02 -1.066628201251469399e-01
6.400000000000545697e+00 -8.761144238429049991e-02 -1.018817832466697576e-01
6.500000000000547118e+00 -8.578483184398452699e-02 -9.712786312229385044e-02
6.600000000000548539e+00 -8.460497618008397391e-02 -9.249075184135814587e-02
6.700000000000549960e+00 -8.399955432182794335e-02 -8.803760765156784518e-02
6.800000000000551381e+00 -8.389565825979103386e-02 -8.381562833183553440e-02
6.900000000000552802e+00 -8.422350363558722686e-02 -7.985526498243124272e-02
7.000000000000554223e+00 -8.491874870783487628e-02 -7.617354478626023329e-02
7.100000000000555644e+00 -8.592372194529404594e-02 -7.277716996707385422e-02
7.200000000000557066e+00 -8.718785758165480126e-02 -6.966521928075233849e-02
7.300000000000558487e+00 -8.866759823111627914e-02 -6.683139022242126637e-02
7.400000000000559908e+00 -9.032596912409286694e-02 -6.426578989687516119e-02
7.500000000000561329e+00 -9.213197448641612108e-02 -6.195632020297111436e-02
7.600000000000562750e+00 -9.405992019638233226e-02 -5.988971888076993072e-02
7.700000000000564171e+00 -9.608873039672202743e-02 -5.805232048523971400e-02
7.800000000000565592e+00 -9.820129886836842514e-02 -5.643059657300020932e-02
7.900000000000567013e+00 -1.003838971842014038e-01 -5.501152633034527700e-02
8.000000000000568434e+00 -1.026256491578122765e-01 -5.378283993755306192e-02
8.100000000000569855e+00 -1.049180732095242041e-01 -5.273316846981231792e-02
8.200000000000571276e+00 -1.072546896099006164e-01 -5.185212668673500752e-02
8.300000000000572697e+00 -1.096306870756897228e-01 -5.113034885334202806e-02
8.400000000000574119e+00 -1.120426421093145553e-01 -5.055949273915306963e-02
8.500000000000575540e+00 -1.144882842565554393e-01 -5.013222302117846529e-02
8.600000000000576961e+00 -1.169663007402238220e-01 -4.984218230168109554e-02
8.700000000000578382e+00 -1.194761744714337159e-01 -4.968395567051005907e-02
8.800000000000579803e+00 -1.220180500969335752e-01 -4.965303304012332747e-02
8.900000000000581224e+00 -1.245926234138022837e-01 -4.974577222975030272e-02
9.000000000000582645e+00 -1.272010501248663772e-01 -4.995936486653568959e-02
9.100000000000584066e+00 -1.298448704889162697e-01 -5.029180652280831887e-02
9.200000000000585487e+00 -1.325259469273178392e-01 -5.074187205427518887e-02
9.300000000000586908e+00 -1.352464120839329265e-01 -5.130909679463210860e-02
9.400000000000588329e+00 -1.380086251948632325e-01 -5.199376405970876358e-02
9.500000000000589750e+00 -1.408151349191822665e-01 -5.279689929117147018e-02
9.600000000000591172e+00 -1.436686470136028793e-01 -5.372027110497197555e-02
9.700000000000592593e+00 -1.465719954082066179e-01 -5.476639948733182106e-02
9.800000000000594014e+00 -1.495281153654095252e-01 -5.593857139100556763e-02
9.900000000000595435e+00 -1.525400174773489104e-01 -5.724086401667786983e-02
1.000000000000059686e+01 -1.556107612863558143e-01 -5.867817611418839341e-02
1.010000000000059828e+01 -1.587434272960532855e-01 -6.025626770007964927e-02
1.020000000000059970e+01 -1.619410860758147552e-01 -6.198180865728376843e-02
1.030000000000060112e+01 -1.652067630505347495e-01 -6.386243675805125530e-02
1.040000000000060254e+01 -1.685433973995368873e-01 -6.590682572534044270e-02
1.050000000000060396e+01 -1.719537932636041044e-01 -6.812476401951374216e-02
1.060000000000060538e+01 -1.754405611649035579e-01 -7.052724509868274483e-02
1.070000000000060680e+01 -1.790060471697767497e-01 -7.312656994393437748e-02
1.080000000000060822e+01 -1.826522468600302040e-01 -7.593646265726387845e-02
1.090000000000060965e+01 -1.863807006000599564e-01 -7.897219991015519414e-02
1.100000000000061107e+01 -1.901923658827728292e-01 -8.225075492843973712e-02
1.110000000000061249e+01 -1.940874616791261054e-01 -8.579095651262790001e-02
1.120000000000061391e+01 -1.980652786776687102e-01 -8.961366327183797886e-02
1.130000000000061533e+01 -2.021239480583095216e-01 -9.374195274416666224e-02
1.140000000000061675e+01 -2.062601599602678915e-01 -9.820132430559193326e-02
1.150000000000061817e+01 -2.104688210584649000e-01 -1.030199136411018984e-01
1.160000000000061959e+01 -2.147426386290768319e-01 -1.082287149281555422e-01
1.170000000000062101e+01 -2.190716161567483611e-01 -1.138618045853936611e-01
1.180000000000062244e+01 -2.234424429402011858e-01 -1.199565572424335647e-01
1.190000000000062386e+01 -2.278377573497754882e-01 -1.265538401756501896e-01
1.200000000000062528e+01 -2.322352605388158797e-01 -1.336981664538841319e-01
1.210000000000062670e+01 -2.366066547812069598e-01 -1.414377789573133259e-01
1.220000000000062812e+01 -2.409163786710641075e-01 -1.498246266847325370e-01
1.230000000000062954e+01 -2.451201109478531315e-01 -1.589141806819859004e-01
1.240000000000063096e+01 -2.491630168823507074e-01 -1.687650187645456934e-01
1.250000000000063238e+01 -2.529777177810941802e-01 -1.794380853122233277e-01
1.260000000000063380e+01 -2.564819778503745762e-01 -1.909955043540516317e-01
1.270000000000063523e+01 -2.595761270861872694e-01 -2.034987911283892281e-01
1.280000000000063665e+01 -2.621402789831962510e-01 -2.170062707283144376e-01
1.290000000000063807e+01 -2.640314639657687645e-01 -2.315694758886657212e-01
1.300000000000063949e+01 -2.650808908618561555e-01 -2.472282666114358762e-01
1.310000000000064091e+01 -2.650916767275126595e-01 -2.640044047069547428e-01
1.320000000000064233e+01 -2.638375546805319383e-01 -2.818933465457809096e-01
1.330000000000064375e+01 -2.610632778781979413e-01 -3.008541168191614656e-01
1.340000000000064517e+01 -2.564876686653953519e-01 -3.207973336394090436e-01
1.350000000000064659e+01 -2.498104735742606164e-01 -3.415718147322934217e-01
1.360000000000064801e+01 -2.407242987987824878e-01 -3.629507421077137752e-01
1.370000000000064944e+01 -2.289327937063514451e-01 -3.846191023362179329e-01
1.380000000000065086e+01 -2.141757604050209818e-01 -4.061649837451177802e-01
1.390000000000065228e+01 -1.962608331698772468e-01 -4.270781146455346899e-01
1.400000000000065370e+01 -1.750997131369723125e-01 -4.467594336498438845e-01
1.410000000000065512e+01 -1.507447917485978950e-01 -4.645450397798838726e-01
1.420000000000065654e+01 -1.234198192553162543e-01 -4.797461412715564588e-01
1.430000000000065796e+01 -9.353690506851505826e-02 -4.917034577170395493e-01
1.440000000000065938e+01 -6.169257348879557401e-02 -4.998503757355368116e-01
1.450000000000066080e+01 -2.863853291202200085e-02 -5.037751995183342713e-01
1.460000000000066223e+01 4.771947730458123149e-03 -5.032707316827672583e-01
1.470000000000066365e+01 3.765500806990447480e-02 -4.983605533128805942e-01
1.480000000000066507e+01 6.917259200153133558e-02 -4.892959753355123342e-01
1.490000000000066649e+01 9.860075424607658845e-02 -4.765243734830127975e-01
1.500000000000066791e+01 1.253787301523890674e-01 -4.606361011112922732e-01
1.510000000000066933e+01 1.491329369070429900e-01 -4.423011346290524615e-01
1.520000000000067075e+01 1.696762049985216514e-01 -4.222070187073265757e-01
1.530000000000067217e+01 1.869873832438223027e-01 -4.010070642034299082e-01
1.540000000000067359e+01 2.011788703979424664e-01 -3.792836269147600858e-01
1.550000000000067502e+01 2.124596239856941793e-01 -3.575272685213396473e-01
1.560000000000067644e+01 2.210995840086378839e-01 -3.361297140168710285e-01
1.570000000000067786e+01 2.273992206368370406e-01 -3.153870767381360962e-01
1.580000000000067928e+01 2.316658373397873782e-01 -2.955095892677084279e-01
1.590000000000068070e+01 2.341967269012945885e-01 -2.766345993212334653e-01
1.600000000000068212e+01 2.352683642570582989e-01 -2.588404269602603280e-01
1.610000000000068354e+01 2.351304217329859003e-01 -2.421595290251871702e-01
1.620000000000068496e+01 2.340033419065700726e-01 -2.265901201109384311e-01
1.630000000000068638e+01 2.320783454413208047e-01 -2.121059071728685075e-01
1.640000000000068781e+01 2.295189717536487706e-01 -1.986639201615773842e-01
1.650000000000068923e+01 2.264634791152709548e-01 -1.862106033140544792e-01
1.660000000000069065e+01 2.230276321126344330e-01 -1.746864143831070304e-01
1.670000000000069207e+01 2.193075652484264282e-01 -1.640291992139977229e-01
1.680000000000069349e+01 2.153825315530939477e-01 -1.541765941153533104e-01
1.690000000000069491e+01 2.113174299620290131e-01 -1.450676768566090125e-01
1.700000000000069633e+01 2.071650623183832751e-01 -1.366440501270510255e-01
1.710000000000069775e+01 2.029681073495113452e-01 -1.288505052243649196e-01
1.720000000000069917e+01 1.987608208669963961e-01 -1.216353816528207843e-01
1.730000000000070060e+01 1.945704834348953582e-01 -1.149507112972723150e-01
1.740000000000070202e+01 1.904186222941724738e-01 -1.087522139485984501e-01
1.750000000000070344e+01 1.863220358457994830e-01 -1.029991936749866666e-01
1.760000000000070486e+01 1.822936481431788880e-01 -9.765437217673496317e-02
1.770000000000070628e+01 1.783432187185301776e-01 -9.268368510574138963e-02
1.780000000000070770e+01 1.744779303575886009e-01 -8.805605970617351452e-02
1.790000000000070912e+01 1.707028745767922850e-01 -8.374318648749778937e-02
1.800000000000071054e+01 1.670214517834632539e-01 -7.971929349853956737e-02
1.810000000000071196e+01 1.634357005480157610e-01 -7.596092877079550776e-02
1.820000000000071338e+01 1.599465681452926780e-01 -7.244675435182956758e-02
1.830000000000071481e+01 1.565541325389426530e-01 -6.915735382921825436e-02
1.840000000000071623e+01 1.532577842860242678e-01 -6.607505419364516352e-02
1.850000000000071765e+01 1.500563753969086367e-01 -6.318376217128704453e-02
1.860000000000071907e+01 1.469483409742124436e-01 -6.046881468250621394e-02
1.870000000000072049e+01 1.439317984434875242e-01 -5.791684278582587969e-02
1.880000000000072191e+01 1.410046283446562687e-01 -5.551564828847647959e-02
1.890000000000072333e+01 1.381645399577118571e-01 -5.325409211669963200e-02
1.900000000000072475e+01 1.354091244584719467e-01 -5.112199350679774712e-02
1.910000000000072617e+01 1.327358978245459786e-01 -4.911003908622986469e-02
1.920000000000072760e+01 1.301423353206802302e-01 -4.720970094836594855e-02
1.930000000000072902e+01 1.276258990681447270e-01 -4.541316287219604453e-02
1.940000000000073044e+01 1.251840599389668629e-01 -4.371325389724008831e-02
1.950000000000073186e+01 1.228143147962312276e-01 -4.210338852447555180e-02
1.960000000000073328e+01 1.205141999218645593e-01 -4.057751287610500412e-02
1.970000000000073470e+01 1.182813013261369006e-01 -3.913005620793019723e-02
1.980000000000073612e+01 1.161132625097151400e-01 -3.775588722458250723e-02
1.990000000000073754e+01 1.140077901502156016e-01 -3.645027470275008508e-02
2.000000000000073896e+01 1.119626581015810418e-01 -3.520885197677545153e-02
2.010000000000074039e+01 1.099757100264209669e-01 -3.402758488673498366e-02
2.020000000000074181e+01 1.080448609258925080e-01 -3.290274283113370224e-02
2.030000000000074323e+01 1.061680977839231377e-01 -3.183087260320466294e-02
2.040000000000074465e+01 1.043434795054974940e-01 -3.080877472452878824e-02
2.050000000000074607e+01 1.025691362962501685e-01 -2.983348201971440863e-02
2.060000000000074749e+01 1.008432686044222759e-01 -2.890224020323404336e-02
2.070000000000074891e+01 9.916414572517999459e-02 -2.801249027429346741e-02
2.080000000000075033e+01 9.753010414822110841e-02 -2.716185253680626285e-02
2.090000000000075175e+01 9.593954571587463842e-02 -2.634811208163027885e-02
2.100000000000075318e+01 9.439093564595428532e-02 -2.556920558520313358e-02
2.110000000000075460e+01 9.288280046348842967e-02 -2.482320929419211397e-02
2.120000000000075602e+01 9.141372587758769819e-02 -2.410832807980626755e-02
2.130000000000075744e+01 8.998235463176837423e-02 -2.342288545717349096e-02
2.140000000000075886e+01 8.858738435128295230e-02 -2.276531447658722285e-02
2.150000000000076028e+01 8.722756540568664396e-02 -2.213414940284998828e-02
2.160000000000076170e+01 8.590169880097550670e-02 -2.152801810761221721e-02
2.170000000000076312e+01 8.460863411288933877e-02 -2.094563510753646302e-02
2.180000000000076454e+01 8.334726746945075870e-02 -2.038579518758710032e-02
2.190000000000076597e+01 8.211653958949957643e-02 -1.984736755527594446e-02
2.200000000000076739e+01 8.091543388169446238e-02 -1.932929047692788158e-02
2.210000000000076881e+01 7.974297460702195472e-02 -1.883056635192956185e-02
2.220000000000077023e+01 7.859822510710057220e-02 -1.835025718547053999e-02
2.230000000000077165e+01 7.748028609884721751e-02 -1.788748042385758519e-02
2.240000000000077307e+01 7.638829403607158564e-02 -1.744140512030273316e-02
2.250000000000077449e+01 7.532141953750801089e-02 -1.701124840201816146e-02
2.260000000000077591e+01 7.427886588033016935e-02 -1.659627221226304267e-02
2.270000000000077733e+01 7.325986755820031171e-02 -1.619578030365137478e-02
2.280000000000077875e+01 7.226368890193621275e-02 -1.580911546100915305e-02
2.290000000000078018e+01 7.128962276134316600e-02 -1.543565693436738974e-02
2.300000000000078160e+01 7.033698924620697401e-02 -1.507481806433641838e-02
2.310000000000078302e+01 6.940513452435262409e-02 -1.472604408375344058e-02
2.320000000000078444e+01 6.849342967494487233e-02 -1.438881008109646822e-02
2.330000000000078586e+01 6.760126959456555507e-02 -1.406261911225592867e-02
2.340000000000078728e+01 6.672807195419698523e-02 -1.374700044868190987e-02
2.350000000000078870e+01 6.587327620490071589e-02 -1.344150795087157430e-02
2.360000000000079012e+01 6.503634263002022742e-02 -1.314571855714473207e-02
2.370000000000079154e+01 6.421675144208213726e-02 -1.285923087864630950e-02
2.380000000000079297e+01 6.341400192207555242e-02 -1.258166389211798179e-02
2.390000000000079439e+01 6.262761159939028710e-02 -1.231265572289839266e-02
2.400000000000079581e+01 6.185711547044094039e-02 -1.205186251115264971e-02
2.410000000000079723e+01 6.110206525408239109e-02 -1.179895735493164712e-02
2.420000000000079865e+01 6.036202868226553386e-02 -1.155362932429345943e-02
2.430000000000080007e+01 5.963658882396303401e-02 -1.131558254104245154e-02
2.440000000000080149e+01 5.892534344095359117e-02 -1.108453531925238447e-02
2.450000000000080291e+01 5.822790437384135764e-02 -1.086021936204803300e-02
2.460000000000080433e+01 5.754389695676379035e-02 -1.064237901049284313e-02
2.470000000000080576e+01 5.687295945956252069e-02 -1.043077054084594682e-02
2.480000000000080718e+01 5.621474255581090235e-02 -1.022516150661473278e-02
2.490000000000080860e+01 5.556890881560314771e-02 -1.002533012225118730e-02
2.500000000000081002e+01 5.493513222181373862e-02 -9.831064685511892512e-03
2.510000000000081144e+01 5.431309770860577590e-02 -9.642163035738548008e-03
2.520000000000081286e+01 5.370250072125220403e-02 -9.458432045597996857e-03
2.530000000000081428e+01 5.310304679598644439e-02 -9.279687143891926157e-03
2.540000000000081570e+01 5.251445115905550159e-02 -9.105751867348195472e-03
2.550000000000081712e+01 5.193643834396694664e-02 -8.936457439397528860e-03
2.560000000000081855e+01 5.136874182597706701e-02 -8.771642374092166600e-03
2.570000000000081997e+01 5.081110367312261650e-02 -8.611152103521335990e-03
2.580000000000082139e+01 5.026327421277396873e-02 -8.454838627096403561e-03
2.590000000000082281e+01 4.972501171309911400e-02 -8.302560181302575879e-03
2.600000000000082423e+01 4.919608207865372451e-02 -8.154180928557717284e-03
2.610000000000082565e+01 4.867625855935949625e-02 -8.009570663919872782e-03
2.620000000000082707e+01 4.816532147235748351e-02 -7.868604538528209402e-03
2.630000000000082849e+01 4.766305793592240381e-02 -7.731162798650846602e-03
2.640000000000082991e+01 4.716926161499226944e-02 -7.597130539383861909e-03
2.650000000000083134e+01 4.668373247770489509e-02 -7.466397472061746948e-03
2.660000000000083276e+01 4.620627656236762915e-02 -7.338857704506985581e-03
2.670000000000083418e+01 4.573670575448952891e-02 -7.214409533353404597e-03
2.680000000000083560e+01 4.527483757322228741e-02 -7.092955247650266359e-03
2.690000000000083702e+01 4.482049496689043122e-02 -6.974400943088631885e-03
2.700000000000083844e+01 4.437350611713627990e-02 -6.858656346190752581e-03
2.710000000000083986e+01 4.393370425123337142e-02 -6.745634647849226007e-03
2.720000000000084128e+01 4.350092746230335705e-02 -6.635252345684810107e-03
2.730000000000084270e+01 4.307501853690781646e-02 -6.527429094655787939e-03
2.740000000000084412e+01 4.265582478978907632e-02 -6.422087565460327802e-03
2.750000000000084555e+01 4.224319790538891284e-02 -6.319153310263119980e-03
2.760000000000084697e+01 4.183699378579491118e-02 -6.218554635309242115e-03
2.770000000000084839e+01 4.143707240492937316e-02 -6.120222480053045741e-03
2.780000000000084981e+01 4.104329766854838968e-02 -6.024090302390327362e-03
2.790000000000085123e+01 4.065553727989554972e-02 -5.930093969671511485e-03
2.800000000000085265e+01 4.027366261071711750e-02 -5.838171655158187756e-03
2.810000000000085407e+01 3.989754857736269728e-02 -5.748263739607560076e-03
2.820000000000085549e+01 3.952707352184528511e-02 -5.660312717721787193e-03
2.830000000000085691e+01 3.916211909750290376e-02 -5.574263109158708422e-03
2.840000000000085834e+01 3.880257015915863916e-02 -5.490061373875818398e-03
2.850000000000085976e+01 3.844831465754578598e-02 -5.407655831561135849e-03
2.860000000000086118e+01 3.809924353777851408e-02 -5.326996584920544800e-03
2.870000000000086260e+01 3.775525064178588547e-02 -5.248035446634423742e-03
2.880000000000086402e+01 3.741623261440999576e-02 -5.170725869756601090e-03
2.890000000000086544e+01 3.708208881310322280e-02 -5.095022881393086386e-03
2.900000000000086686e+01 3.675272122103760697e-02 -5.020883019478740959e-03
2.910000000000086828e+01 3.642803436345037893e-02 -4.948264272481617092e-03
2.920000000000086970e+01 3.610793522717531401e-02 -4.877126021900944457e-03
2.930000000000087113e+01 3.579233318310734435e-02 -4.807428987386700055e-03
2.940000000000087255e+01 3.548113991156335439e-02 -4.739135174364389469e-03
2.950000000000087397e+01 3.517426933038808601e-02 -4.672207824029286048e-03
2.960000000000087539e+01 3.487163752566234398e-02 -4.606611365582861765e-03
2.970000000000087681e+01 3.457316268498766831e-02 -4.542311370615169895e-03
2.980000000000087823e+01 3.427876503313079248e-02 -4.479274509500839191e-03
2.990000000000087965e+01 3.398836677001218498e-02 -4.417468509725151760e-03
3.000000000000088107e+01 3.370189201091494668e-02 -4.356862116037769211e-03
3.010000000000088249e+01 3.341926672879765026e-02 -4.297425052337945292e-03
3.020000000000088392e+01 3.314041869870248957e-02 -4.239127985221974836e-03
3.030000000000088534e+01 3.286527744407162499e-02 -4.181942489089715900e-03
3.040000000000088676e+01 3.259377418497117623e-02 -4.125841012750213095e-03
3.050000000000088818e+01 3.232584178812078490e-02 -4.070796847448277141e-03
3.060000000000088960e+01 3.206141471863271919e-02 -4.016784096238646198e-03
3.070000000000089102e+01 3.180042899346484375e-02 -3.963777644657855669e-03
3.080000000000089244e+01 3.154282213642380095e-02 -3.911753132612419762e-03
3.090000000000089386e+01 3.128853313472928360e-02 -3.860686927440275945e-03
3.100000000000089528e+01 3.103750239705387742e-02 -3.810556098085306469e-03
3.110000000000089670e+01 3.078967171295919278e-02 -3.761338390328377180e-03
3.120000000000089813e+01 3.054498421374115744e-02 -3.713012203039087623e-03
3.130000000000089955e+01 3.030338433454088376e-02 -3.665556565383163400e-03
3.140000000000090097e+01 3.006481777773931802e-02 -3.618951114954779662e-03
3.150000000000090239e+01 2.982923147756429486e-02 -3.573176076786952187e-03
3.160000000000090381e+01 2.959657356584285970e-02 -3.528212243196023837e-03
3.170000000000090523e+01 2.936679333891889856e-02 -3.484040954434671801e-03
3.180000000000090665e+01 2.913984122560823314e-02 -3.440644080100785027e-03
3.190000000000090807e+01 2.891566875621493296e-02 -3.398004001280491813e-03
