-3.200000000000000000e+01 1.311642504351995947e-02 1.474801702721738415e-03
-3.189999999999999858e+01 1.321383904077598828e-02 1.492444868548232790e-03
-3.179999999999999716e+01 1.331240574315172009e-02 1.510387076297042223e-03
-3.169999999999999574e+01 1.341214436685526923e-02 1.528635011399810976e-03
-3.159999999999999432e+01 1.351307454786117648e-02 1.547195546976940644e-03
-3.149999999999999289e+01 1.361521635332867478e-02 1.566075750216009647e-03
-3.139999999999999147e+01 1.371859029341183575e-02 1.585282889008943425e-03
-3.129999999999999005e+01 1.382321733344852102e-02 1.604824438854730254e-03
-3.119999999999998863e+01 1.392911890655201823e-02 1.624708090041707695e-03
-3.109999999999998721e+01 1.403631692663072014e-02 1.644941755124326808e-03
-3.099999999999998579e+01 1.414483380182282590e-02 1.665533576702678742e-03
-3.089999999999998437e+01 1.425469244840198851e-02 1.686491935526503519e-03
-3.079999999999998295e+01 1.436591630514210197e-02 1.707825458933504102e-03
-3.069999999999998153e+01 1.447852934816977466e-02 1.729543029639803685e-03
-3.059999999999998010e+01 1.459255610633364633e-02 1.751653794901482462e-03
-3.049999999999997868e+01 1.470802167708029629e-02 1.774167176059140245e-03
-3.039999999999997726e+01 1.482495174289840192e-02 1.797092878492187766e-03
-3.029999999999997584e+01 1.494337258832290766e-02 1.820440901996854804e-03
-3.019999999999997442e+01 1.506331111753177882e-02 1.844221551610806782e-03
-3.009999999999997300e+01 1.518479487257094751e-02 1.868445448908719053e-03
-2.999999999999997158e+01 1.530785205219954009e-02 1.893123543785718522e-03
-2.989999999999997016e+01 1.543251153142541007e-02 1.918267126762021211e-03
-2.979999999999996874e+01 1.555880288172604986e-02 1.943887841828445973e-03
-2.969999999999996732e+01 1.568675639199413122e-02 1.969997699862486781e-03
-2.959999999999996589e+01 1.581640309025002938e-02 1.996609092646594707e-03
-2.949999999999996447e+01 1.594777476611767414e-02 2.023734807512415999e-03
-2.939999999999996305e+01 1.608090399414378174e-02 2.051388042653159126e-03
-2.929999999999996163e+01 1.621582415795987109e-02 2.079582423131622580e-03
-2.919999999999996021e+01 1.635256947533529626e-02 2.108332017622821693e-03
-2.909999999999995879e+01 1.649117502417172046e-02 2.137651355932735069e-03
-2.899999999999995737e+01 1.663167676944189710e-02 2.167555447326474736e-03
-2.889999999999995595e+01 1.677411159116411199e-02 2.198059799719941781e-03
-2.879999999999995453e+01 1.691851731341931925e-02 2.229180439773454942e-03
-2.869999999999995310e+01 1.706493273446902173e-02 2.260933933938971858e-03
-2.859999999999995168e+01 1.721339765803589841e-02 2.293337410515999559e-03
-2.849999999999995026e+01 1.736395292575804855e-02 2.326408582762842618e-03
-2.839999999999994884e+01 1.751664045092317379e-02 2.360165773133517716e-03
-2.829999999999994742e+01 1.767150325349905321e-02 2.394627938694192555e-03
-2.819999999999994600e+01 1.782858549653191724e-02 2.429814697788336419e-03
-2.809999999999994458e+01 1.798793252398912454e-02 2.465746358024534495e-03
-2.799999999999994316e+01 1.814959090006800294e-02 2.502443945652465217e-03
-2.789999999999994174e+01 1.831360845009617419e-02 2.539929236419857447e-03
-2.779999999999994031e+01 1.848003430305225625e-02 2.578224787986038019e-03
-2.769999999999993889e+01 1.864891893579620138e-02 2.617353973985916439e-03
-2.759999999999993747e+01 1.882031421910406940e-02 2.657341019844805183e-03
-2.749999999999993605e+01 1.899427346554457760e-02 2.698211040436489065e-03
-2.739999999999993463e+01 1.917085147934621814e-02 2.739990079708814509e-03
-2.729999999999993321e+01 1.935010460830127038e-02 2.782705152383536679e-03
-2.719999999999993179e+01 1.953209079781877827e-02 2.826384287859281044e-03
-2.709999999999993037e+01 1.971686964724548435e-02 2.871056576455586692e-03
-2.699999999999992895e+01 1.990450246851237920e-02 2.916752218129205123e-03
-2.689999999999992752e+01 2.009505234728634071e-02 2.963502573831574942e-03
-2.679999999999992610e+01 2.028858420669650900e-02 3.011340219659273780e-03
-2.669999999999992468e+01 2.048516487377715495e-02 3.060299003976486940e-03
-2.659999999999992326e+01 2.068486314877744994e-02 3.110414107701663707e-03
-2.649999999999992184e+01 2.088774987742387373e-02 3.161722107945940871e-03
-2.639999999999992042e+01 2.109389802635356498e-02 3.214261045236527139e-03
-2.629999999999991900e+01 2.130338276181979740e-02 3.268070494542780514e-03
-2.619999999999991758e+01 2.151628153185029466e-02 3.323191640357080808e-03
-2.609999999999991616e+01 2.173267415204993558e-02 3.379667356101796749e-03
-2.599999999999991473e+01 2.195264289517109141e-02 3.437542288133028315e-03
-2.589999999999991331e+01 2.217627258471992907e-02 3.496862944668323921e-03
-2.579999999999991189e+01 2.240365069274240922e-02 3.557677789953632864e-03
-2.569999999999991047e+01 2.263486744202114487e-02 3.620037344029633768e-03
-2.559999999999990905e+01 2.287001591292883718e-02 3.683994288485798515e-03
-2.549999999999990763e+01 2.310919215511095942e-02 3.749603578597022514e-03
-2.539999999999990621e+01 2.335249530433111675e-02 3.816922562309519630e-03
-2.529999999999990479e+01 2.360002770467844319e-02 3.886011106537748221e-03
-2.519999999999990337e+01 2.385189503643449227e-02 3.956931731294365678e-03
-2.509999999999990195e+01 2.410820644991469239e-02 4.029749752217571222e-03
-2.499999999999990052e+01 2.436907470552301946e-02 4.104533432078833269e-03
-2.489999999999989910e+01 2.463461632043539851e-02 4.181354141948000203e-03
-2.479999999999989768e+01 2.490495172218462616e-02 4.260286532700867206e-03
-2.469999999999989626e+01 2.518020540952840836e-02 4.341408717637673838e-03
-2.459999999999989484e+01 2.546050612100456828e-02 4.424802467045792047e-03
-2.449999999999989342e+01 2.574598701149619431e-02 4.510553415578998776e-03
-2.439999999999989200e+01 2.603678583732533039e-02 4.598751283453052577e-03
-2.429999999999989058e+01 2.633304515024066997e-02 4.689490112488304413e-03
-2.419999999999988916e+01 2.663491250078530229e-02 4.782868518149574477e-03
-2.409999999999988773e+01 2.694254065155821110e-02 4.878989958834279578e-03
-2.399999999999988631e+01 2.725608780079498417e-02 4.977963023733939472e-03
-2.389999999999988489e+01 2.757571781691050758e-02 5.079901740772709180e-03
-2.379999999999988347e+01 2.790160048447850802e-02 5.184925906197967310e-03
-2.369999999999988205e+01 2.823391176225661589e-02 5.293161437574953054e-03
-2.359999999999988063e+01 2.857283405389479669e-02 5.404740752097321813e-03
-2.349999999999987921e+01 2.891855649186786739e-02 5.519803172259230527e-03
-2.339999999999987779e+01 2.927127523540871273e-02 5.638495361194604052e-03
-2.329999999999987637e+01 2.963119378303126841e-02 5.760971790131142953e-03
-2.319999999999987494e+01 2.999852330037371811e-02 5.887395240677534454e-03
-2.309999999999987352e+01 3.037348296411787607e-02 6.017937344921188945e-03
-2.299999999999987210e+01 3.075630032262303970e-02 6.152779166550274154e-03
-2.289999999999987068e+01 3.114721167416129380e-02 6.292111826607190220e-03
-2.279999999999986926e+01 3.154646246341647614e-02 6.436137177746489163e-03
-2.269999999999986784e+01 3.195430769704594998e-02 6.585068531298556710e-03
-2.259999999999986642e+01 3.237101237910545992e-02 6.739131441868161619e-03
-2.249999999999986500e+01 3.279685196697591093e-02 6.898564554612750081e-03
-2.239999999999986358e+01 3.323211284866559034e-02 7.063620520962758664e-03
-2.229999999999986215e+01 3.367709284206522879e-02 7.234566989032069351e-03
-2.219999999999986073e+01 3.413210171682351524e-02 7.411687675664844523e-03
-2.209999999999985931e+01 3.459746173944205916e-02 7.595283527786799056e-03
-2.199999999999985789e+01 3.507350824191897420e-02 7.785673981462448538e-03
-2.189999999999985647e+01 3.556059021442759677e-02 7.983198328063139532e-03
-2.179999999999985505e+01 3.605907092205662412e-02 8.188217197831092892e-03
-2.169999999999985363e+01 3.656932854558511692e-02 8.401114172295762184e-03
-2.159999999999985221e+01 3.709175684600218847e-02 8.622297538241459336e-03
-2.149999999999985079e+01 3.762676585195551260e-02 8.852202197229383854e-03
-2.139999999999984936e+01 3.817478256921903040e-02 9.091291746359787818e-03
-2.129999999999984794e+01 3.873625171043182380e-02 9.340060747556121895e-03
-2.119999999999984652e+01 3.931163644291083004e-02 9.599037204667515075e-03
-2.109999999999984510e+01 3.990141915157838920e-02 9.868785269865313833e-03
-2.099999999999984368e+01 4.050610221289308033e-02 1.014990820314935933e-02
-2.089999999999984226e+01 4.112620877489530508e-02 1.044305161167761661e-02
-2.079999999999984084e+01 4.176228353672564730e-02 1.074890699853502801e-02
-2.069999999999983942e+01 4.241489351949701697e-02 1.106821565409268730e-02
-2.059999999999983800e+01 4.308462881837586689e-02 1.140177292698320473e-02
-2.049999999999983658e+01 4.377210332302161611e-02 1.175043291594195238e-02
-2.039999999999983515e+01 4.447795539096886103e-02 1.211511362884473003e-02
-2.029999999999983373e+01 4.520284845451962713e-02 1.249680266054636370e-02
-2.019999999999983231e+01 4.594747153759184966e-02 1.289656344738634997e-02
-2.009999999999983089e+01 4.671253965372389877e-02 1.331554216313795072e-02
-1.999999999999982947e+01 4.749879404980076464e-02 1.375497532876230125e-02
-1.989999999999982805e+01 4.830700225285768090e-02 1.421619821724508931e-02
-1.979999999999982663e+01 4.913795786755133232e-02 1.470065414422377405e-02
-1.969999999999982521e+01 4.999248006091547292e-02 1.520990474606144158e-02
-1.959999999999982379e+01 5.087141265743280044e-02 1.574564135906734302e-02
-1.949999999999982236e+01 5.177562275067259384e-02 1.630969762671839393e-02
-1.939999999999982094e+01 5.270599871834021066e-02 1.690406347680036003e-02
-1.929999999999981952e+01 5.366344750286436427e-02 1.753090062625807868e-02
-1.919999999999981810e+01 5.464889099065086547e-02 1.819255978940009094e-02
-1.909999999999981668e+01 5.566326128742678236e-02 1.889159978411844576e-02
-1.899999999999981526e+01 5.670749464405337725e-02 1.963080875126655550e-02
-1.889999999999981384e+01 5.778252373433711425e-02 2.041322772346975539e-02
-1.879999999999981242e+01 5.888926792328048193e-02 2.124217680204054312e-02
-1.869999999999981100e+01 6.002862108611715236e-02 2.212128422198088654e-02
-1.859999999999980957e+01 6.120143644471186944e-02 2.305451860571380851e-02
-1.849999999999980815e+01 6.240850777355728962e-02 2.404622472360378946e-02
-1.839999999999980673e+01 6.365054618825755073e-02 2.510116309087796760e-02
-1.829999999999980531e+01 6.492815156156558909e-02 2.622455373406953894e-02
-1.819999999999980389e+01 6.624177740697988204e-02 2.742212444849459127e-02
-1.809999999999980247e+01 6.759168782314639579e-02 2.870016383673260410e-02
-1.799999999999980105e+01 6.897790479405696562e-02 3.006557935581963964e-02
-1.789999999999979963e+01 7.040014378085324154e-02 3.152596049441563214e-02
-1.779999999999979821e+01 7.185773511261056568e-02 3.308964703430805621e-02
-1.769999999999979678e+01 7.334952817204377917e-02 3.476580209574105240e-02
-1.759999999999979536e+01 7.487377477044646068e-02 3.656448929284462218e-02
-1.749999999999979394e+01 7.642798740422748760e-02 3.849675278763768638e-02
-1.739999999999979252e+01 7.800876727925398768e-02 4.057469826892350084e-02
-1.729999999999979110e+01 7.961159608596929393e-02 4.281157182016342988e-02
-1.719999999999978968e+01 8.123058452488692016e-02 4.522183217202535577e-02
-1.709999999999978826e+01 8.285816956809698153e-02 4.782120983404353903e-02
-1.699999999999978684e+01 8.448475148289054382e-02 5.062674389919807894e-02
-1.689999999999978542e+01 8.609826088907027164e-02 5.365678371426650661e-02
-1.679999999999978400e+01 8.768364582069107516e-02 5.693093787695450991e-02
-1.669999999999978257e+01 8.922226929919790939e-02 6.046994689614724333e-02
-1.659999999999978115e+01 9.069120988905909897e-02 6.429544809301082631e-02
-1.649999999999977973e+01 9.206246195862943793e-02 6.842959174949117540e-02
-1.639999999999977831e+01 9.330204012959153470e-02 7.289445613695809401e-02
-1.629999999999977689e+01 9.436900533005829206e-02 7.771119627843878219e-02
-1.619999999999977547e+01 9.521445010264817377e-02 8.289884818599335681e-02
-1.609999999999977405e+01 9.578051090147940427e-02 8.847269910959545958e-02
-1.599999999999977263e+01 9.599951766790315588e-02 9.444212903474429044e-02
-1.589999999999977121e+01 9.579344798147609863e-02 1.008078357951004145e-01
-1.579999999999976978e+01 9.507392442702991553e-02 1.075583854611198847e-01
-1.569999999999976836e+01 9.374307488093823471e-02 1.146660942432683600e-01
-1.559999999999976694e+01 9.169565356496570119e-02 1.220823634310509997e-01
-1.549999999999976552e+01 8.882287108309799839e-02 1.297327688365228771e-01
-1.539999999999976410e+01 8.501836381245739260e-02 1.375124554887749984e-01
-1.529999999999976268e+01 8.018659184646878546e-02 1.452826893976240930e-01
-1.519999999999976126e+01 7.425363095736518815e-02 1.528697149027076763e-01
-1.509999999999975984e+01 6.717978042065340938e-02 1.600672506974233078e-01
-1.499999999999975842e+01 5.897267225580098138e-02 1.666438751094886928e-01
-1.489999999999975699e+01 4.969877768428317133e-02 1.723560397729888560e-01
-1.479999999999975557e+01 3.949063498777884845e-02 1.769664277079179004e-01
-1.469999999999975415e+01 2.854712210633759961e-02 1.802659448077143511e-01
-1.459999999999975273e+01 1.712495128059391553e-02 1.820961719701745252e-01
-1.449999999999975131e+01 5.521279828543140811e-03 1.823681786704515473e-01
-1.439999999999974989e+01 -5.950496237323660287e-03 1.810737449244433639e-01
-1.429999999999974847e+01 -1.698781523126231818e-02 1.782864421214321871e-01
-1.419999999999974705e+01 -2.732409970744316408e-02 1.741523203180637691e-01
-1.409999999999974563e+01 -3.674775939644206457e-02 1.688723381637938781e-01
-1.399999999999974420e+01 -4.511254975265398953e-02 1.626803029460643091e-01
-1.389999999999974278e+01 -5.233896937633183977e-02 1.558204899188957993e-01
-1.379999999999974136e+01 -5.840823500609396146e-02 1.485283637777518873e-01
-1.369999999999973994e+01 -6.335141273745467649e-02 1.410164221982016242e-01
-1.359999999999973852e+01 -6.723643889195679568e-02 1.334657090935876256e-01
-1.349999999999973710e+01 -7.015527863425505273e-02 1.260224238819432907e-01
-1.339999999999973568e+01 -7.221269887598077974e-02 1.187984404032250696e-01
-1.329999999999973426e+01 -7.351736940347994298e-02 1.118743920049210805e-01
-1.319999999999973284e+01 -7.417541845822625546e-02 1.053041235322709213e-01
-1.309999999999973141e+01 -7.428620249083313365e-02 9.911959545952404860e-02
-1.299999999999972999e+01 -7.393987632499574025e-02 9.333563164758271191e-02
-1.289999999999972857e+01 -7.321631202622075341e-02 8.795416437071683358e-02
-1.279999999999972715e+01 -7.218495514995523776e-02 8.296782432391142104e-02
-1.269999999999972573e+01 -7.090528205048300669e-02 7.836285069799915626e-02
-1.259999999999972431e+01 -6.942760375645140591e-02 7.412136995841044074e-02
-1.249999999999972289e+01 -6.779403579923001799e-02 7.022312722357682002e-02
-1.239999999999972147e+01 -6.603951339634135664e-02 6.664676485264353634e-02
-1.229999999999972005e+01 -6.419277674827635061e-02 6.337073944199163311e-02
-1.219999999999971863e+01 -6.227728360488809373e-02 6.037395802880515111e-02
-1.209999999999971720e+01 -6.031202826936143263e-02 5.763620134882152524e-02
-1.199999999999971578e+01 -5.831226042791417402e-02 5.513838903403422281e-02
-1.189999999999971436e+01 -5.629010585162029512e-02 5.286272993482404869e-02
-1.179999999999971294e+01 -5.425509586601615780e-02 5.079279080811014563e-02
-1.169999999999971152e+01 -5.221461483324942726e-02 4.891350850374311110e-02
-1.159999999999971010e+01 -5.017427566353584861e-02 4.721116435018855167e-02
-1.149999999999970868e+01 -4.813823320652339116e-02 4.567333445271583303e-02
-1.139999999999970726e+01 -4.610944469114269112e-02 4.428882581468814028e-02
-1.129999999999970584e+01 -4.408988545278488130e-02 4.304760533302701142e-02
-1.119999999999970441e+01 -4.208072718101740078e-02 4.194072659877157161e-02
-1.109999999999970299e+01 -4.008248493289620629e-02 4.096025787764766279e-02
-1.099999999999970157e+01 -3.809513824219187828e-02 4.009921351911836102e-02
-1.089999999999970015e+01 -3.611823083841018273e-02 3.935149023771784826e-02
-1.079999999999969873e+01 -3.415095277645490562e-02 3.871180914384343696e-02
-1.069999999999969731e+01 -3.219220817069987778e-02 3.817566401206128057e-02
-1.059999999999969589e+01 -3.024067121440589256e-02 3.773927601393800568e-02
-1.049999999999969447e+01 -2.829483274014978067e-02 3.739955497571809118e-02
-1.039999999999969305e+01 -2.635303922924950304e-02 3.715406712237503961e-02
-1.029999999999969162e+01 -2.441352589596624406e-02 3.700100921902233636e-02
-1.019999999999969020e+01 -2.247444525154623091e-02 3.693918900529170185e-02
-1.009999999999968878e+01 -2.053389238236735803e-02 3.696801182678433745e-02
-9.999999999999687361e+00 -1.858992805250391650e-02 3.708747339324432180e-02
-9.899999999999685940e+00 -1.664060065959226814e-02 3.729815862975995044e-02
-9.799999999999684519e+00 -1.468396802840212650e-02 3.760124663093563496e-02
-9.699999999999683098e+00 -1.271812002185118695e-02 3.799852177502509309e-02
-9.599999999999681677e+00 -1.074120297974707344e-02 3.849239110240359335e-02
-9.499999999999680256e+00 -8.751447065112494261e-03 3.908590810738246657e-02
-9.399999999999678835e+00 -6.747197709149423128e-03 3.978280313027085513e-02
-9.299999999999677414e+00 -4.726952500046829875e-03 4.058752056400716235e-02
-9.199999999999675993e+00 -2.689405067974978691e-03 4.150526309947574766e-02
-9.099999999999674571e+00 -6.334977813772443844e-04 4.254204321875718758e-02
-8.999999999999673150e+00 1.441514600515565736e-03 4.370474209434410673e-02
-8.899999999999671729e+00 3.535987766792238196e-03 4.500117594911975938e-02
-8.799999999999670308e+00 5.649794139957399486e-03 4.644016975728556401e-02
-8.699999999999668887e+00 7.782208964446840627e-03 4.803163788960514158e-02
-8.599999999999667466e+00 9.931771847838111178e-03 4.978667089111157157e-02
-8.499999999999666045e+00 1.209611857124431172e-02 5.171762697274902287e-02
-8.399999999999664624e+00 1.427177702198212383e-02 5.383822593065803325e-02
-8.299999999999663203e+00 1.645392001408798460e-02 5.616364198917073169e-02
-8.199999999999661782e+00 1.863606656620477031e-02 5.871059037268443193e-02
-8.099999999999660361e+00 2.080972195565121419e-02 6.149740009769832233e-02
-7.999999999999658939e+00 2.296394565414661137e-02 6.454406234325756053e-02
-7.899999999999657518e+00 2.508483524136653070e-02 6.787223956663067381e-02
-7.799999999999656097e+00 2.715491386573340438e-02 7.150521500338789804e-02
-7.699999999999654676e+00 2.915240920878030273e-02 7.546775500712740725e-02
-7.599999999999653255e+00 3.105041388140211689e-02 7.978584753670278640e-02
-7.499999999999651834e+00 3.281592171953469361e-02 8.448626873829689909e-02
-7.399999999999650413e+00 3.440874296096460561e-02 8.959591594141463888e-02
-7.299999999999648992e+00 3.578031570887758861e-02 9.514082985321810348e-02
-7.199999999999647571e+00 3.687245393785798520e-02 1.011448123969210661e-01
-7.099999999999646150e+00 3.761610663634137180e-02 1.076275319014793480e-01
-6.999999999999644729e+00 3.793025179318159495e-02 1.146019986133132995e-01
-6.899999999999643308e+00 3.772111557009275029e-02 1.220712980873809722e-01
-6.799999999999641886e+00 3.688199179189344257e-02 1.300244990717563387e-01
-6.699999999999640465e+00 3.529403565330777037e-02 1.384317214077742941e-01
-6.599999999999639044e+00 3.282850522876847033e-02 1.472384769785475278e-01
-6.499999999999637623e+00 2.935099791433968403e-02 1.563596011747773185e-01
-6.399999999999636202e+00 2.472823060585080390e-02 1.656733831625755715e-01
-6.299999999999634781e+00 1.883777729785868216e-02 1.750168663783086553e-01
-6.199999999999633360e+00 1.158083156855279489e-02 1.841836687109688064e-01
-6.099999999999631939e+00 2.897447994765489643e-03 1.929259458120801130e-01
-5.999999999999630518e+00 -7.217153075207531632e-03 2.009621092161347211e-01
-5.899999999999629097e+00 -1.869762072618069010e-02 2.079914075116899297e-01
-5.799999999999627676e+00 -3.139805561631061476e-02 2.137153480930213401e-01
-5.699999999999626255e+00 -4.508953867835677892e-02 2.178642500145817340e-01
-5.599999999999624833e+00 -5.946819579358582353e-02 2.202253610638900683e-01
-5.499999999999623412e+00 -7.417446919132471284e-02 2.206676142111665129e-01
-5.399999999999621991e+00 -8.882162792848072308e-02 2.191579484662850297e-01
-5.299999999999620570e+00 -1.030290485454077309e-01 2.157655321521558534e-01
-5.199999999999619149e+00 -1.164544115367696642e-01 2.106529037635366253e-01
-5.099999999999617728e+00 -1.288192793333068908e-01 2.040560787117406960e-01
-4.999999999999616307e+00 -1.399244082427542057e-01 1.962579702881608879e-01
-4.899999999999614886e+00 -1.496538145542666842e-01 1.875603193736012919e-01
-4.799999999999613465e+00 -1.579690724710609839e-01 1.782586736230178937e-01
-4.699999999999612044e+00 -1.648968568483269725e-01 1.686233314830413443e-01
-4.599999999999610623e+00 -1.705131594044504706e-01 1.588873050676547771e-01
-4.499999999999609201e+00 -1.749271422602898807e-01 1.492408427585039943e-01
-4.399999999999607780e+00 -1.782666778299443755e-01 1.398311535511621295e-01
-4.299999999999606359e+00 -1.806666528580816444e-01 1.307656710117183207e-01
-4.199999999999604938e+00 -1.822603291332876851e-01 1.221173098939973140e-01
-4.099999999999603517e+00 -1.831735398484541366e-01 1.139304979479815461e-01
-3.999999999999602096e+00 -1.835212387398952871e-01 1.062271483235881359e-01
-3.899999999999600675e+00 -1.834058418041575877e-01 9.901207893016636397e-02
-3.799999999999599254e+00 -1.829168355372630950e-01 9.227764477947345001e-02
-3.699999999999597833e+00 -1.821312128340582537e-01 8.600752423643504008e-02
-3.599999999999596412e+00 -1.811143993165763300e-01 8.017970421502643164e-02
-3.499999999999594991e+00 -1.799214275289515719e-01 7.476876186273537228e-02
-3.399999999999593570e+00 -1.785981948406017428e-01 6.974755895244136306e-02
-3.299999999999592148e+00 -1.771827009913912176e-01 6.508846390667362425e-02
-3.199999999999590727e+00 -1.757062046349715245e-01 6.076420480186507656e-02
-3.099999999999589306e+00 -1.741942680597725612e-01 5.674844098667312930e-02
-2.999999999999587885e+00 -1.726676787576368333e-01 5.301612469072667505e-02
-2.899999999999586464e+00 -1.711432485499403966e-01 4.954370905472285647e-02
-2.799999999999585043e+00 -1.696344978736435971e-01 4.630924616196401000e-02
-2.699999999999583622e+00 -1.681522363098350015e-01 4.329240807799263069e-02
-2.599999999999582201e+00 -1.667050517424241984e-01 4.047445545530487659e-02
-2.499999999999580780e+00 -1.652997205226294786e-01 3.783817165625207035e-02
-2.399999999999579359e+00 -1.639415502551397341e-01 3.536777526664421772e-02
-2.299999999999577938e+00 -1.626346656764457443e-01 3.304882000468178926e-02
-2.199999999999576517e+00 -1.613822467889118317e-01 3.086808811262058139e-02
-2.099999999999575095e+00 -1.601867270649481867e-01 2.881348112417227159e-02
-1.999999999999573674e+00 -1.590499582020217240e-01 2.687391025964848412e-02
-1.899999999999572253e+00 -1.579733466019466737e-01 2.503918748600680866e-02
-1.799999999999570832e+00 -1.569579654469219765e-01 2.329991740719745269e-02
-1.699999999999569411e+00 -1.560046449181595740e-01 2.164738959419826997e-02
-1.599999999999567990e+00 -1.551140417118244130e-01 2.007347074095611195e-02
-1.499999999999566569e+00 -1.542866875370462187e-01 1.857049622774395448e-02
-1.399999999999565148e+00 -1.535230147700250569e-01 1.713116143494900628e-02
-1.299999999999563727e+00 -1.528233560304856353e-01 1.574841468105305647e-02
-1.199999999999562306e+00 -1.521879134669917311e-01 1.441535618394788887e-02
-1.099999999999560885e+00 -1.516166935636109603e-01 1.312515109920446565e-02
-9.999999999995594635e-01 -1.511094051956220763e-01 1.187096933480951549e-02
-8.999999999995580424e-01 -1.506653235787540623e-01 1.064596975745382701e-02
-7.999999999995566213e-01 -1.502831316919486238e-01 9.443349922220733994e-03
-6.999999999995552002e-01 -1.499607639100347667e-01 8.256481733766557474e-03
-5.999999999995537792e-01 -1.496952922092920080e-01 7.079144748640422979e-03
-4.999999999995523581e-01 -1.494829085286190629e-01 5.905848878303629479e-03
-3.999999999995509370e-01 -1.493190594380295055e-01 4.732206889669826611e-03
-2.999999999995495159e-01 -1.491987717285402359e-01 3.555280572931682204e-03
-1.999999999995480948e-01 -1.491171646388610439e-01 2.373797027223761846e-03
-9.999999999954667373e-02 -1.490700822181986462e-01 1.188132084607135264e-03
4.547473508864641190e-13 -1.490547188332514150e-01 0.000000000000000000e+00
1.000000000004561684e-01 -1.490700822181986462e-01 -1.188132084607135264e-03
2.000000000004575895e-01 -1.491171646388622096e-01 -2.373797027245314051e-03
3.000000000004590106e-01 -1.491987717285420401e-01 -3.555280572953123386e-03
4.000000000004604317e-01 -1.493190594380295055e-01 -4.732206889669826611e-03
5.000000000004618528e-01 -1.494829085286190629e-01 -5.905848878303629479e-03
6.000000000004632739e-01 -1.496952922092920080e-01 -7.079144748640422979e-03
7.000000000004646949e-01 -1.499607639100400958e-01 -8.256481733788040289e-03
8.000000000004661160e-01 -1.502831316919550353e-01 -9.443349922242480488e-03
9.000000000004675371e-01 -1.506653235787540623e-01 -1.064596975745382701e-02
1.000000000000468958e+00 -1.511094051956220763e-01 -1.187096933480951549e-02
1.100000000000470379e+00 -1.516166935636109603e-01 -1.312515109920446565e-02
1.200000000000471800e+00 -1.521879134670027223e-01 -1.441535618397171703e-02
1.300000000000473221e+00 -1.528233560304977645e-01 -1.574841468107773118e-02
1.400000000000474643e+00 -1.535230147700250569e-01 -1.713116143494900628e-02
1.500000000000476064e+00 -1.542866875370462187e-01 -1.857049622774395448e-02
1.600000000000477485e+00 -1.551140417118244130e-01 -2.007347074095611195e-02
1.700000000000478906e+00 -1.560046449181763384e-01 -2.164738959422759373e-02
1.800000000000480327e+00 -1.569579654469398511e-01 -2.329991740722830301e-02
1.900000000000481748e+00 -1.579733466019466737e-01 -2.503918748600680866e-02
2.000000000000483169e+00 -1.590499582020217240e-01 -2.687391025964848412e-02
2.100000000000484590e+00 -1.601867270649481867e-01 -2.881348112417227159e-02
2.200000000000486011e+00 -1.613822467889341472e-01 -3.086808811265905755e-02
2.300000000000487432e+00 -1.626346656764690313e-01 -3.304882000472268017e-02
2.400000000000488853e+00 -1.639415502551397341e-01 -3.536777526664421772e-02
2.500000000000490274e+00 -1.652997205226294786e-01 -3.783817165625207035e-02
2.600000000000491696e+00 -1.667050517424241984e-01 -4.047445545530487659e-02
2.700000000000493117e+00 -1.681522363098616468e-01 -4.329240807804564384e-02
2.800000000000494538e+00 -1.696344978736708531e-01 -4.630924616202081179e-02
2.900000000000495959e+00 -1.711432485499403966e-01 -4.954370905472285647e-02
3.000000000000497380e+00 -1.726676787576368333e-01 -5.301612469072667505e-02
3.100000000000498801e+00 -1.741942680597725612e-01 -5.674844098667312930e-02
3.200000000000500222e+00 -1.757062046349987527e-01 -6.076420480194084928e-02
3.300000000000501643e+00 -1.771827009914176132e-01 -6.508846390675523952e-02
3.400000000000503064e+00 -1.785981948406017428e-01 -6.974755895244136306e-02
3.500000000000504485e+00 -1.799214275289515719e-01 -7.476876186273537228e-02
3.600000000000505906e+00 -1.811143993165763300e-01 -8.017970421502643164e-02
3.700000000000507328e+00 -1.821312128340747960e-01 -8.600752423654497991e-02
3.800000000000508749e+00 -1.829168355372749188e-01 -9.227764477959168876e-02
3.900000000000510170e+00 -1.834058418041575877e-01 -9.901207893016636397e-02
4.000000000000511591e+00 -1.835212387398952871e-01 -1.062271483235881359e-01
4.100000000000513012e+00 -1.831735398484541366e-01 -1.139304979479815461e-01
4.200000000000514433e+00 -1.822603291332652864e-01 -1.221173098941505664e-01
4.300000000000515854e+00 -1.806666528580457287e-01 -1.307656710118796084e-01
4.400000000000517275e+00 -1.782666778299443755e-01 -1.398311535511621295e-01
4.500000000000518696e+00 -1.749271422602898807e-01 -1.492408427585039943e-01
4.600000000000520117e+00 -1.705131594044504706e-01 -1.588873050676547771e-01
4.700000000000521538e+00 -1.648968568482132024e-01 -1.686233314832181751e-01
4.800000000000522959e+00 -1.579690724709225114e-01 -1.782586736231909219e-01
4.900000000000524381e+00 -1.496538145542666842e-01 -1.875603193736012919e-01
5.000000000000525802e+00 -1.399244082427542057e-01 -1.962579702881608879e-01
5.100000000000527223e+00 -1.288192793333068908e-01 -2.040560787117406960e-01
5.200000000000528644e+00 -1.164544115365343663e-01 -2.106529037636439283e-01
5.300000000000530065e+00 -1.030290485451554466e-01 -2.157655321522338465e-01
5.400000000000531486e+00 -8.882162792848072308e-02 -2.191579484662850297e-01
5.500000000000532907e+00 -7.417446919132471284e-02 -2.206676142111665129e-01
5.600000000000534328e+00 -5.946819579358582353e-02 -2.202253610638900683e-01
5.700000000000535749e+00 -4.508953867810046312e-02 -2.178642500145219207e-01
5.800000000000537170e+00 -3.139805561606976575e-02 -2.137153480929307736e-01
5.900000000000538591e+00 -1.869762072618069010e-02 -2.079914075116899297e-01
6.000000000000540012e+00 -7.217153075207531632e-03 -2.009621092161347211e-01
6.100000000000541434e+00 2.897447994765489643e-03 -1.929259458120801130e-01
6.200000000000542855e+00 1.158083156869767205e-02 -1.841836687108051041e-01
6.300000000000544276e+00 1.883777729797799644e-02 -1.750168663781396239e-01
6.400000000000545697e+00 2.472823060585080390e-02 -1.656733831625755715e-01
6.500000000000547118e+00 2.935099791433968403e-02 -1.563596011747773185e-01
6.600000000000548539e+00 3.282850522876847033e-02 -1.472384769785475278e-01
6.700000000000549960e+00 3.529403565334424814e-02 -1.384317214076175306e-01
6.800000000000551381e+00 3.688199179191517518e-02 -1.300244990716074300e-01
6.900000000000552802e+00 3.772111557010195126e-02 -1.220712980872406678e-01
7.000000000000554223e+00 3.793025179318159495e-02 -1.146019986133132995e-01
7.100000000000555644e+00 3.761610663634137180e-02 -1.076275319014793480e-01
7.200000000000557066e+00 3.687245393784107511e-02 -1.011448123968075735e-01
7.300000000000558487e+00 3.578031570885501639e-02 -9.514082985311315965e-02
7.400000000000559908e+00 3.440874296093747453e-02 -8.959591594131779968e-02
7.500000000000561329e+00 3.281592171953469361e-02 -8.448626873829689909e-02
7.600000000000562750e+00 3.105041388140211689e-02 -7.978584753670278640e-02
7.700000000000564171e+00 2.915240920874479641e-02 -7.546775500705217576e-02
7.800000000000565592e+00 2.715491386569635762e-02 -7.150521500331889768e-02
7.900000000000567013e+00 2.508483524132833209e-02 -6.787223956656741886e-02
8.000000000000568434e+00 2.296394565414661137e-02 -6.454406234325756053e-02
8.100000000000569855e+00 2.080972195565121419e-02 -6.149740009769832233e-02
8.200000000000571276e+00 1.863606656616513535e-02 -5.871059037263597069e-02
8.300000000000572697e+00 1.645392001404828025e-02 -5.616364198912648237e-02
8.400000000000574119e+00 1.427177702194247499e-02 -5.383822593061764888e-02
8.500000000000575540e+00 1.209611857124431172e-02 -5.171762697274902287e-02
8.600000000000576961e+00 9.931771847838111178e-03 -4.978667089111157157e-02
8.700000000000578382e+00 7.782208964407878737e-03 -4.803163788957474228e-02
8.800000000000579803e+00 5.649794139918763725e-03 -4.644016975725802354e-02
8.900000000000581224e+00 3.535987766753956318e-03 -4.500117594909490426e-02
9.000000000000582645e+00 1.441514600515565736e-03 -4.370474209434410673e-02
9.100000000000584066e+00 -6.334977813772443844e-04 -4.254204321875718758e-02
9.200000000000585487e+00 -2.689405068012219735e-03 -4.150526309945800491e-02
9.300000000000586908e+00 -4.726952500083723974e-03 -4.058752056399150820e-02
9.400000000000588329e+00 -6.747197709186018855e-03 -3.978280313025721326e-02
9.500000000000589750e+00 -8.751447065112494261e-03 -3.908590810738246657e-02
9.600000000000591172e+00 -1.074120297974707344e-02 -3.849239110240359335e-02
9.700000000000592593e+00 -1.271812002188704716e-02 -3.799852177501701622e-02
9.800000000000594014e+00 -1.468396802843781324e-02 -3.760124663092927200e-02
9.900000000000595435e+00 -1.664060065962779528e-02 -3.729815862975528751e-02
1.000000000000059686e+01 -1.858992805250391650e-02 -3.708747339324432180e-02
1.010000000000059828e+01 -2.053389238236735803e-02 -3.696801182678433745e-02
1.020000000000059970e+01 -2.247444525158151518e-02 -3.693918900529199328e-02
1.030000000000060112e+01 -2.441352589600152834e-02 -3.700100921902430007e-02
1.040000000000060254e+01 -2.635303922928482201e-02 -3.715406712237866171e-02
1.050000000000060396e+01 -2.829483274014978067e-02 -3.739955497571809118e-02
1.060000000000060538e+01 -3.024067121440589256e-02 -3.773927601393800568e-02
1.070000000000060680e+01 -3.219220817073543267e-02 -3.817566401207011378e-02
1.080000000000060822e+01 -3.415095277649061317e-02 -3.871180914385411592e-02
1.090000000000060965e+01 -3.611823083844604987e-02 -3.935149023773044930e-02
1.100000000000061107e+01 -3.809513824219187828e-02 -4.009921351911836102e-02
1.110000000000061249e+01 -4.008248493289620629e-02 -4.096025787764766279e-02
1.120000000000061391e+01 -4.208072718105383692e-02 -4.194072659879052867e-02
1.130000000000061533e+01 -4.408988545282150479e-02 -4.304760533304834158e-02
1.140000000000061675e+01 -4.610944469117952277e-02 -4.428882581471199620e-02
1.150000000000061817e+01 -4.813823320652339116e-02 -4.567333445271583303e-02
1.160000000000061959e+01 -5.017427566353584861e-02 -4.721116435018855167e-02
1.170000000000062101e+01 -5.221461483328656422e-02 -4.891350850377564063e-02
1.180000000000062244e+01 -5.425509586605326701e-02 -5.079279080814602665e-02
1.190000000000062386e+01 -5.629010585165721003e-02 -5.286272993486351712e-02
1.200000000000062528e+01 -5.831226042791417402e-02 -5.513838903403422281e-02
1.210000000000062670e+01 -6.031202826936143263e-02 -5.763620134882152524e-02
1.220000000000062812e+01 -6.227728360492343351e-02 -6.037395802885724139e-02
1.230000000000062954e+01 -6.419277674831061486e-02 -6.337073944204862919e-02
1.240000000000063096e+01 -6.603951339637419149e-02 -6.664676485270579209e-02
1.250000000000063238e+01 -6.779403579923001799e-02 -7.022312722357682002e-02
1.260000000000063380e+01 -6.942760375645140591e-02 -7.412136995841044074e-02
1.270000000000063523e+01 -7.090528205050819488e-02 -7.836285069807953640e-02
1.280000000000063665e+01 -7.218495514997641527e-02 -8.296782432399861518e-02
1.290000000000063807e+01 -7.321631202623690715e-02 -8.795416437081106376e-02
1.300000000000063949e+01 -7.393987632499574025e-02 -9.333563164758271191e-02
1.310000000000064091e+01 -7.428620249083313365e-02 -9.911959545952404860e-02
1.320000000000064233e+01 -7.417541845821956636e-02 -1.053041235323870090e-01
1.330000000000064375e+01 -7.351736940346240146e-02 -1.118743920050439267e-01
1.340000000000064517e+01 -7.221269887595054005e-02 -1.187984404033539804e-01
1.350000000000064659e+01 -7.015527863425505273e-02 -1.260224238819432907e-01
1.360000000000064801e+01 -6.723643889195679568e-02 -1.334657090935876256e-01
1.370000000000064944e+01 -6.335141273737462941e-02 -1.410164221983391530e-01
1.380000000000065086e+01 -5.840823500599397200e-02 -1.485283637778871124e-01
1.390000000000065228e+01 -5.233896937621097117e-02 -1.558204899190251680e-01
1.400000000000065370e+01 -4.511254975265398953e-02 -1.626803029460643091e-01
1.410000000000065512e+01 -3.674775939644206457e-02 -1.688723381637938781e-01
1.420000000000065654e+01 -2.732409970726289855e-02 -1.741523203181500612e-01
1.430000000000065796e+01 -1.698781523106718261e-02 -1.782864421214956918e-01
1.440000000000065938e+01 -5.950496237118067799e-03 -1.810737449244808062e-01
1.450000000000066080e+01 5.521279828543140811e-03 -1.823681786704515473e-01
1.460000000000066223e+01 1.712495128059391553e-02 -1.820961719701745252e-01
1.470000000000066365e+01 2.854712210654186677e-02 -1.802659448076673054e-01
1.480000000000066507e+01 3.949063498797190930e-02 -1.769664277078454029e-01
1.490000000000066649e+01 4.969877768446084171e-02 -1.723560397728942650e-01
1.500000000000066791e+01 5.897267225580098138e-02 -1.666438751094886928e-01
1.510000000000066933e+01 6.717978042065340938e-02 -1.600672506974233078e-01
1.520000000000067075e+01 7.425363095748344078e-02 -1.528697149025725344e-01
1.530000000000067217e+01 8.018659184656651284e-02 -1.452826893974838440e-01
1.540000000000067359e+01 8.501836381253567720e-02 -1.375124554886330841e-01
1.550000000000067502e+01 8.882287108309799839e-02 -1.297327688365228771e-01
1.560000000000067644e+01 9.169565356496570119e-02 -1.220823634310509997e-01
1.570000000000067786e+01 9.374307488096861318e-02 -1.146660942431360908e-01
1.580000000000067928e+01 9.507392442704826196e-02 -1.075583854609937356e-01
1.590000000000068070e+01 9.579344798148425877e-02 -1.008078357949810794e-01
1.600000000000068212e+01 9.599951766790315588e-02 -9.444212903474429044e-02
1.610000000000068354e+01 9.578051090147940427e-02 -8.847269910959545958e-02
1.620000000000068496e+01 9.521445010263515640e-02 -8.289884818589553228e-02
1.630000000000068638e+01 9.436900533004072278e-02 -7.771119627834784105e-02
1.640000000000068781e+01 9.330204012957041271e-02 -7.289445613687373093e-02
1.650000000000068923e+01 9.206246195862943793e-02 -6.842959174949117540e-02
1.660000000000069065e+01 9.069120988905909897e-02 -6.429544809301082631e-02
1.670000000000069207e+01 8.922226929917047300e-02 -6.046994689608033852e-02
1.680000000000069349e+01 8.768364582066258406e-02 -5.693093787689260804e-02
1.690000000000069491e+01 8.609826088904111441e-02 -5.365678371420921910e-02
1.700000000000069633e+01 8.448475148289054382e-02 -5.062674389919807894e-02
1.710000000000069775e+01 8.285816956809698153e-02 -4.782120983404353903e-02
1.720000000000069917e+01 8.123058452485736047e-02 -4.522183217197983662e-02
1.730000000000070060e+01 7.961159608593995629e-02 -4.281157182012120671e-02
1.740000000000070202e+01 7.800876727922499698e-02 -4.057469826888429609e-02
1.750000000000070344e+01 7.642798740422748760e-02 -3.849675278763768638e-02
1.760000000000070486e+01 7.487377477044646068e-02 -3.656448929284462218e-02
1.770000000000070628e+01 7.334952817201634279e-02 -3.476580209570948043e-02
1.780000000000070770e+01 7.185773511258372603e-02 -3.308964703427861448e-02
1.790000000000070912e+01 7.040014378082705415e-02 -3.152596049438816106e-02
1.800000000000071054e+01 6.897790479405696562e-02 -3.006557935581963964e-02
1.810000000000071196e+01 6.759168782314639579e-02 -2.870016383673260410e-02
1.820000000000071338e+01 6.624177740695566530e-02 -2.742212444847209538e-02
1.830000000000071481e+01 6.492815156154205236e-02 -2.622455373404844817e-02
1.840000000000071623e+01 6.365054618823465238e-02 -2.510116309085817787e-02
1.850000000000071765e+01 6.240850777355728962e-02 -2.404622472360378946e-02
1.860000000000071907e+01 6.120143644471186944e-02 -2.305451860571380851e-02
1.870000000000072049e+01 6.002862108609612057e-02 -2.212128422196441360e-02
1.880000000000072191e+01 5.888926792326006077e-02 -2.124217680202501388e-02
1.890000000000072333e+01 5.778252373431726902e-02 -2.041322772345511086e-02
1.900000000000072475e+01 5.670749464405337725e-02 -1.963080875126655550e-02
1.910000000000072617e+01 5.566326128742678236e-02 -1.889159978411844576e-02
1.920000000000072760e+01 5.464889099063267863e-02 -1.819255978938772583e-02
1.930000000000072902e+01 5.366344750284669091e-02 -1.753090062624636236e-02
1.940000000000073044e+01 5.270599871832302996e-02 -1.690406347678926127e-02
1.950000000000073186e+01 5.177562275067259384e-02 -1.630969762671839393e-02
1.960000000000073328e+01 5.087141265743280044e-02 -1.574564135906734302e-02
1.970000000000073470e+01 4.999248006091547292e-02 -1.520990474606144158e-02
1.980000000000073612e+01 4.913795786753599737e-02 -1.470065414421474134e-02
1.990000000000073754e+01 4.830700225284276228e-02 -1.421619821723648855e-02
2.000000000000073896e+01 4.749879404980076464e-02 -1.375497532876230125e-02
2.010000000000074039e+01 4.671253965372389877e-02 -1.331554216313795072e-02
2.020000000000074181e+01 4.594747153759184966e-02 -1.289656344738634997e-02
2.030000000000074323e+01 4.520284845450625588e-02 -1.249680266053926174e-02
2.040000000000074465e+01 4.447795539095584366e-02 -1.211511362883794726e-02
2.050000000000074607e+01 4.377210332302161611e-02 -1.175043291594195238e-02
2.060000000000074749e+01 4.308462881837586689e-02 -1.140177292698320473e-02
2.070000000000074891e+01 4.241489351949701697e-02 -1.106821565409268730e-02
2.080000000000075033e+01 4.176228353671390670e-02 -1.074890699852933985e-02
2.090000000000075175e+01 4.112620877488387672e-02 -1.044305161167217132e-02
2.100000000000075318e+01 4.050610221289308033e-02 -1.014990820314935933e-02
2.110000000000075460e+01 3.990141915157838920e-02 -9.868785269865313833e-03
2.120000000000075602e+01 3.931163644291083004e-02 -9.599037204667515075e-03
2.130000000000075744e+01 3.873625171042149873e-02 -9.340060747551505796e-03
2.140000000000075886e+01 3.817478256920894125e-02 -9.091291746355353864e-03
2.150000000000076028e+01 3.762676585195551260e-02 -8.852202197229383854e-03
2.160000000000076170e+01 3.709175684600218847e-02 -8.622297538241459336e-03
2.170000000000076312e+01 3.656932854558511692e-02 -8.401114172295762184e-03
2.180000000000076454e+01 3.605907092204745090e-02 -8.188217197827293847e-03
2.190000000000076597e+01 3.556059021441862478e-02 -7.983198328059479265e-03
2.200000000000076739e+01 3.507350824191897420e-02 -7.785673981462448538e-03
2.210000000000076881e+01 3.459746173944205916e-02 -7.595283527786799056e-03
2.220000000000077023e+01 3.413210171682351524e-02 -7.411687675664844523e-03
2.230000000000077165e+01 3.367709284205704784e-02 -7.234566989028907817e-03
2.240000000000077307e+01 3.323211284865759674e-02 -7.063620520959705551e-03
2.250000000000077449e+01 3.279685196697591093e-02 -6.898564554612750081e-03
2.260000000000077591e+01 3.237101237910545992e-02 -6.739131441868161619e-03
2.270000000000077733e+01 3.195430769704594998e-02 -6.585068531298556710e-03
2.280000000000077875e+01 3.154646246340914173e-02 -6.436137177743824628e-03
2.290000000000078018e+01 3.114721167415411204e-02 -6.292111826604614155e-03
2.300000000000078160e+01 3.075630032262303970e-02 -6.152779166550274154e-03
2.310000000000078302e+01 3.037348296411787607e-02 -6.017937344921188945e-03
2.320000000000078444e+01 2.999852330037371811e-02 -5.887395240677534454e-03
2.330000000000078586e+01 2.963119378302465218e-02 -5.760971790128879139e-03
2.340000000000078728e+01 2.927127523540223181e-02 -5.638495361192410495e-03
2.350000000000078870e+01 2.891855649186786739e-02 -5.519803172259230527e-03
2.360000000000079012e+01 2.857283405389479669e-02 -5.404740752097321813e-03
2.370000000000079154e+01 2.823391176225661589e-02 -5.293161437574953054e-03
2.380000000000079297e+01 2.790160048447251975e-02 -5.184925906196029624e-03
2.390000000000079439e+01 2.757571781690463381e-02 -5.079901740770827873e-03
2.400000000000079581e+01 2.725608780079498417e-02 -4.977963023733939472e-03
2.410000000000079723e+01 2.694254065155821110e-02 -4.878989958834279578e-03
2.420000000000079865e+01 2.663491250078530229e-02 -4.782868518149574477e-03
2.430000000000080007e+01 2.633304515023522641e-02 -4.689490112486631272e-03
2.440000000000080149e+01 2.603678583731998397e-02 -4.598751283451425406e-03
2.450000000000080291e+01 2.574598701149619431e-02 -4.510553415578998776e-03
2.460000000000080433e+01 2.546050612100456828e-02 -4.424802467045792047e-03
2.470000000000080576e+01 2.518020540952840836e-02 -4.341408717637673838e-03
2.480000000000080718e+01 2.490495172217966138e-02 -4.260286532699410905e-03
2.490000000000080860e+01 2.463461632043052740e-02 -4.181354141946584668e-03
2.500000000000081002e+01 2.436907470552301946e-02 -4.104533432078833269e-03
2.510000000000081144e+01 2.410820644991469239e-02 -4.029749752217571222e-03
2.520000000000081286e+01 2.385189503643449227e-02 -3.956931731294365678e-03
2.530000000000081428e+01 2.360002770467391209e-02 -3.886011106536474934e-03
2.540000000000081570e+01 2.335249530432665158e-02 -3.816922562308279303e-03
2.550000000000081712e+01 2.310919215511095942e-02 -3.749603578597022514e-03
2.560000000000081855e+01 2.287001591292883718e-02 -3.683994288485798515e-03
2.570000000000081997e+01 2.263486744202114487e-02 -3.620037344029633768e-03
2.580000000000082139e+01 2.240365069273822854e-02 -3.557677789952510931e-03
2.590000000000082281e+01 2.217627258471583165e-02 -3.496862944667231046e-03
2.600000000000082423e+01 2.195264289517109141e-02 -3.437542288133028315e-03
2.610000000000082565e+01 2.173267415204993558e-02 -3.379667356101796749e-03
2.620000000000082707e+01 2.151628153185029466e-02 -3.323191640357080808e-03
2.630000000000082849e+01 2.130338276181596713e-02 -3.268070494541790421e-03
2.640000000000082991e+01 2.109389802634978675e-02 -3.214261045235560030e-03
2.650000000000083134e+01 2.088774987742387373e-02 -3.161722107945940871e-03
2.660000000000083276e+01 2.068486314877744994e-02 -3.110414107701663707e-03
2.670000000000083418e+01 2.048516487377715495e-02 -3.060299003976486940e-03
2.680000000000083560e+01 2.028858420669296669e-02 -3.011340219658392974e-03
2.690000000000083702e+01 2.009505234728285045e-02 -2.963502573830713652e-03
2.700000000000083844e+01 1.990450246851237920e-02 -2.916752218129205123e-03
2.710000000000083986e+01 1.971686964724548435e-02 -2.871056576455586692e-03
2.720000000000084128e+01 1.953209079781877827e-02 -2.826384287859281044e-03
2.730000000000084270e+01 1.935010460829798135e-02 -2.782705152382750416e-03
2.740000000000084412e+01 1.917085147934298114e-02 -2.739990079708046027e-03
2.750000000000084555e+01 1.899427346554457760e-02 -2.698211040436489065e-03
2.760000000000084697e+01 1.882031421910406940e-02 -2.657341019844805183e-03
2.770000000000084839e+01 1.864891893579620138e-02 -2.617353973985916439e-03
2.780000000000084981e+01 1.848003430304921008e-02 -2.578224787985334155e-03
2.790000000000085123e+01 1.831360845009316965e-02 -2.539929236419168762e-03
2.800000000000085265e+01 1.814959090006800294e-02 -2.502443945652465217e-03
2.810000000000085407e+01 1.798793252398912454e-02 -2.465746358024534495e-03
2.820000000000085549e+01 1.782858549653191724e-02 -2.429814697788336419e-03
2.830000000000085691e+01 1.767150325349621173e-02 -2.394627938693558947e-03
2.840000000000085834e+01 1.751664045092037048e-02 -2.360165773132897986e-03
2.850000000000085976e+01 1.736395292575804855e-02 -2.326408582762842618e-03
2.860000000000086118e+01 1.721339765803589841e-02 -2.293337410515999559e-03
2.870000000000086260e+01 1.706493273446902173e-02 -2.260933933938971858e-03
2.880000000000086402e+01 1.691851731341668247e-02 -2.229180439772882917e-03
2.890000000000086544e+01 1.677411159116149950e-02 -2.198059799719381466e-03
2.900000000000086686e+01 1.663167676944189710e-02 -2.167555447326474736e-03
2.910000000000086828e+01 1.649117502417172046e-02 -2.137651355932735069e-03
2.920000000000086970e+01 1.635256947533529626e-02 -2.108332017622821693e-03
2.930000000000087113e+01 1.621582415795740084e-02 -2.079582423131104765e-03
2.940000000000087255e+01 1.608090399414133578e-02 -2.051388042652650852e-03
2.950000000000087397e+01 1.594777476611767414e-02 -2.023734807512415999e-03
2.960000000000087539e+01 1.581640309025002938e-02 -1.996609092646594707e-03
2.970000000000087681e+01 1.568675639199413122e-02 -1.969997699862486781e-03
2.980000000000087823e+01 1.555880288172373574e-02 -1.943887841827975863e-03
2.990000000000087965e+01 1.543251153142312718e-02 -1.918267126761559124e-03
3.000000000000088107e+01 1.530785205219954009e-02 -1.893123543785718522e-03
3.010000000000088249e+01 1.518479487257094751e-02 -1.868445448908719053e-03
3.020000000000088392e+01 1.506331111753177882e-02 -1.844221551610806782e-03
3.030000000000088534e+01 1.494337258832073231e-02 -1.820440901996426761e-03
3.040000000000088676e+01 1.482495174289626128e-02 -1.797092878491766445e-03
3.050000000000088818e+01 1.470802167708029629e-02 -1.774167176059140245e-03
3.060000000000088960e+01 1.459255610633364633e-02 -1.751653794901482462e-03
3.070000000000089102e+01 1.447852934816977466e-02 -1.729543029639803685e-03
3.080000000000089244e+01 1.436591630514006540e-02 -1.707825458933112488e-03
3.090000000000089386e+01 1.425469244839997623e-02 -1.686491935526118844e-03
3.100000000000089528e+01 1.414483380182282590e-02 -1.665533576702678742e-03
3.110000000000089670e+01 1.403631692663072014e-02 -1.644941755124326808e-03
3.120000000000089813e+01 1.392911890655201823e-02 -1.624708090041707695e-03
3.130000000000089955e+01 1.382321733344660242e-02 -1.604824438854371167e-03
3.140000000000090097e+01 1.371859029340994490e-02 -1.585282889008590625e-03
3.150000000000090239e+01 1.361521635332867478e-02 -1.566075750216009647e-03
3.160000000000090381e+01 1.351307454786117648e-02 -1.547195546976940644e-03
3.170000000000090523e+01 1.341214436685526923e-02 -1.528635011399810976e-03
3.180000000000090665e+01 1.331240574314991945e-02 -1.510387076296713059e-03
3.190000000000090807e+01 1.321383904077421192e-02 -1.492444868547909264e-03
