-3.200000000000000000e+01 -1.703026801735139581e-02 -1.918074465554681909e-03
-3.189999999999999858e+01 -1.715695531420466380e-02 -1.941063746843573997e-03
-3.179999999999999716e+01 -1.728514447080944233e-02 -1.964443410888461021e-03
-3.169999999999999574e+01 -1.741486056960167908e-02 -1.988222199655348237e-03
-3.159999999999999432e+01 -1.754612924181859351e-02 -2.012409100869029868e-03
-3.149999999999999289e+01 -1.767897668244693132e-02 -2.037013356373738523e-03
-3.139999999999999147e+01 -1.781342966568464151e-02 -2.062044470833176990e-03
-3.129999999999999005e+01 -1.794951556089912498e-02 -2.087512220778922623e-03
-3.119999999999998863e+01 -1.808726234911309932e-02 -2.113426664025576558e-03
-3.109999999999998721e+01 -1.822669864005153212e-02 -2.139798149472211565e-03
-3.099999999999998579e+01 -1.836785368973264942e-02 -2.166637327301057687e-03
-3.089999999999998437e+01 -1.851075741867594729e-02 -2.193955159601845666e-03
-3.079999999999998295e+01 -1.865544043071227023e-02 -2.221762931434767378e-03
-3.069999999999998153e+01 -1.880193403243293412e-02 -2.250072262355444323e-03
-3.059999999999998010e+01 -1.895027025331644591e-02 -2.278895118426752311e-03
-3.049999999999997868e+01 -1.910048186651926855e-02 -2.308243824733218971e-03
-3.039999999999997726e+01 -1.925260241041149012e-02 -2.338131078433004252e-03
-3.029999999999997584e+01 -1.940666621084652377e-02 -2.368569962365854598e-03
-3.019999999999997442e+01 -1.956270840420785279e-02 -2.399573959247065357e-03
-3.009999999999997300e+01 -1.972076496127909279e-02 -2.431156966479433232e-03
-2.999999999999997158e+01 -1.988087271192746225e-02 -2.463333311605389337e-03
-2.989999999999997016e+01 -2.004306937069219585e-02 -2.496117768443069547e-03
-2.979999999999996874e+01 -2.020739356327146130e-02 -2.529525573932143046e-03
-2.969999999999996732e+01 -2.037388485395960624e-02 -2.563572445728407381e-03
-2.959999999999996589e+01 -2.054258377408967745e-02 -2.598274600588638093e-03
-2.949999999999996447e+01 -2.071353185147729870e-02 -2.633648773576973030e-03
-2.939999999999996305e+01 -2.088677164096988670e-02 -2.669712238148088355e-03
-2.929999999999996163e+01 -2.106234675610147572e-02 -2.706482827143381203e-03
-2.919999999999996021e+01 -2.124030190191553841e-02 -2.743978954751284324e-03
-2.909999999999995879e+01 -2.142068290902258976e-02 -2.782219639486179126e-03
-2.899999999999995737e+01 -2.160353676889611996e-02 -2.821224528229720162e-03
-2.889999999999995595e+01 -2.178891167052662142e-02 -2.861013921405464004e-03
-2.879999999999995453e+01 -2.197685703844308794e-02 -2.901608799337399621e-03
-2.869999999999995310e+01 -2.216742357217809170e-02 -2.943030849860149394e-03
-2.859999999999995168e+01 -2.236066328725783495e-02 -2.985302497253156193e-03
-2.849999999999995026e+01 -2.255662955773154663e-02 -3.028446932560178127e-03
-2.839999999999994884e+01 -2.275537716037942526e-02 -3.072488145386366529e-03
-2.829999999999994742e+01 -2.295696232062103062e-02 -3.117450957243706085e-03
-2.819999999999994600e+01 -2.316144276021770906e-02 -3.163361056535644172e-03
-2.809999999999994458e+01 -2.336887774686947569e-02 -3.210245035278014910e-03
-2.799999999999994316e+01 -2.357932814573533015e-02 -3.258130427642345287e-03
-2.789999999999994174e+01 -2.379285647304089230e-02 -3.307045750443310568e-03
-2.779999999999994031e+01 -2.400952695181176808e-02 -3.357020545669742954e-03
-2.769999999999993889e+01 -2.422940556984960747e-02 -3.408085425182390965e-03
-2.759999999999993747e+01 -2.445256014007529677e-02 -3.460272117710260290e-03
-2.749999999999993605e+01 -2.467906036328832570e-02 -3.513613518266994057e-03
-2.739999999999993463e+01 -2.490897789353760383e-02 -3.568143740150370863e-03
-2.729999999999993321e+01 -2.514238640616452830e-02 -3.623898169665217169e-03
-2.719999999999993179e+01 -2.537936166866551144e-02 -3.680913523738901273e-03
-2.709999999999993037e+01 -2.561998161452983674e-02 -3.739227910610615040e-03
-2.699999999999992895e+01 -2.586432642012912592e-02 -3.798880893766804628e-03
-2.689999999999992752e+01 -2.611247858489340601e-02 -3.859913559344485198e-03
-2.679999999999992610e+01 -2.636452301486548813e-02 -3.922368587201907619e-03
-2.669999999999992468e+01 -2.662054710981979697e-02 -3.986290325891718098e-03
-2.659999999999992326e+01 -2.688064085414276078e-02 -4.051724871788979151e-03
-2.649999999999992184e+01 -2.714489691158806367e-02 -4.118720152620511041e-03
-2.639999999999992042e+01 -2.741341072419234415e-02 -4.187326015701762702e-03
-2.629999999999991900e+01 -2.768628061548493099e-02 -4.257594321167238599e-03
-2.619999999999991758e+01 -2.796360789822862486e-02 -4.329579040525651477e-03
-2.609999999999991616e+01 -2.824549698694278632e-02 -4.403336360896077661e-03
-2.599999999999991473e+01 -2.853205551537107282e-02 -4.478924795280798260e-03
-2.589999999999991331e+01 -2.882339445924554308e-02 -4.556405299304458305e-03
-2.579999999999991189e+01 -2.911962826453608905e-02 -4.635841394833787113e-03
-2.569999999999991047e+01 -2.942087498148882735e-02 -4.717299300950904273e-03
-2.559999999999990905e+01 -2.972725640477556081e-02 -4.800848072790304955e-03
-2.549999999999990763e+01 -3.003889821998197845e-02 -4.886559748758345645e-03
-2.539999999999990621e+01 -3.035593015687114427e-02 -4.974509506748065607e-03
-2.529999999999990479e+01 -3.067848614968503307e-02 -5.064775829956109574e-03
-2.519999999999990337e+01 -3.100670450487423915e-02 -5.157440682987404594e-03
-2.509999999999990195e+01 -3.134072807666938437e-02 -5.252589698988925117e-03
-2.499999999999990052e+01 -3.168070445080830438e-02 -5.350312378578546413e-03
-2.489999999999989910e+01 -3.202678613696353926e-02 -5.450702301458158761e-03
-2.479999999999989768e+01 -3.237913077022931685e-02 -5.553857351611154840e-03
-2.469999999999989626e+01 -3.273790132216848614e-02 -5.659879957093790978e-03
-2.459999999999989484e+01 -3.310326632194997981e-02 -5.768877345515030161e-03
-2.449999999999989342e+01 -3.347540008800124756e-02 -5.880961816351098354e-03
-2.439999999999989200e+01 -3.385448297085574820e-02 -5.996251031407936333e-03
-2.429999999999989058e+01 -3.424070160767584553e-02 -6.114868324785764989e-03
-2.419999999999988916e+01 -3.463424918908977745e-02 -6.236943033856886046e-03
-2.409999999999988773e+01 -3.503532573901599334e-02 -6.362610852900128441e-03
-2.399999999999988631e+01 -3.544413840803529309e-02 -6.492014211133008590e-03
-2.389999999999988489e+01 -3.586090178115319133e-02 -6.625302677116872568e-03
-2.379999999999988347e+01 -3.628583820057698639e-02 -6.762633391604424768e-03
-2.369999999999988205e+01 -3.671917810430672113e-02 -6.904171531131344380e-03
-2.359999999999988063e+01 -3.716116038137703276e-02 -7.050090804863777365e-03
-2.349999999999987921e+01 -3.761203274446108663e-02 -7.200573987389396850e-03
-2.339999999999987779e+01 -3.807205212085511964e-02 -7.355813490481049113e-03
-2.329999999999987637e+01 -3.854148506261793894e-02 -7.516011977048806837e-03
-2.319999999999987494e+01 -3.902060817682430349e-02 -7.681383020851988500e-03
-2.309999999999987352e+01 -3.950970857692463062e-02 -7.852151815882850786e-03
-2.299999999999987210e+01 -4.000908435605005781e-02 -8.028555939644500816e-03
-2.289999999999987068e+01 -4.051904508342603350e-02 -8.210846175062106247e-03
-2.279999999999986926e+01 -4.103991232476555950e-02 -8.399287396116176391e-03
-2.269999999999986784e+01 -4.157202018769010771e-02 -8.594159522849196750e-03
-2.259999999999986642e+01 -4.211571589322957859e-02 -8.795758551959071206e-03
-2.249999999999986500e+01 -4.267136037424026918e-02 -9.004397669739283919e-03
-2.239999999999986358e+01 -4.323932890188685041e-02 -9.220408454936570436e-03
-2.229999999999986215e+01 -4.382001174094685148e-02 -9.444142179735597054e-03
-2.219999999999986073e+01 -4.441381483481396386e-02 -9.675971217997332216e-03
-2.209999999999985931e+01 -4.502116052098548843e-02 -9.916290570826075124e-03
-2.199999999999985789e+01 -4.564248827746697490e-02 -1.016551952050428857e-02
-2.189999999999985647e+01 -4.627825550073033645e-02 -1.042410342515202176e-02
-2.179999999999985505e+01 -4.692893831526033510e-02 -1.069251566762518396e-02
-2.169999999999985363e+01 -4.759503241465276591e-02 -1.097125977370527750e-02
-2.159999999999985221e+01 -4.827705393388136840e-02 -1.126087171626604690e-02
-2.149999999999985079e+01 -4.897554035166157282e-02 -1.156192242381652753e-02
-2.139999999999984936e+01 -4.969105142171253986e-02 -1.187502051403022812e-02
-2.129999999999984794e+01 -5.042417013062046316e-02 -1.220081527496803472e-02
-2.119999999999984652e+01 -5.117550367941416795e-02 -1.253999991934916236e-02
-2.109999999999984510e+01 -5.194568448496222901e-02 -1.289331514008803733e-02
-2.099999999999984368e+01 -5.273537119578930454e-02 -1.326155299839017199e-02
-2.089999999999984226e+01 -5.354524971588429244e-02 -1.364556117950703126e-02
-2.079999999999984084e+01 -5.437603422777193690e-02 -1.404624765506448311e-02
-2.069999999999983942e+01 -5.522846820417762204e-02 -1.446458579552376347e-02
-2.059999999999983800e+01 -5.610332539495207355e-02 -1.490161998142584300e-02
-2.049999999999983658e+01 -5.700141077236944853e-02 -1.535847176762016042e-02
-2.039999999999983515e+01 -5.792356141453836732e-02 -1.583634666135433008e-02
-2.029999999999983373e+01 -5.887064730139008467e-02 -1.633654158203211304e-02
-2.019999999999983231e+01 -5.984357199229110857e-02 -1.686045307867427637e-02
-2.009999999999983089e+01 -6.084327314743284698e-02 -1.740958639019696622e-02
-1.999999999999982947e+01 -6.187072284643637538e-02 -1.798556544358962533e-02
-1.989999999999982805e+01 -6.292692764813162531e-02 -1.859014389678932330e-02
-1.979999999999982663e+01 -6.401292832264257604e-02 -1.922521734544063374e-02
-1.969999999999982521e+01 -6.512979917248840067e-02 -1.989283682711565082e-02
-1.959999999999982379e+01 -6.627864684155870822e-02 -2.059522377239449836e-02
-1.949999999999982236e+01 -6.746060848877222238e-02 -2.133478656949183358e-02
-1.939999999999982094e+01 -6.867684917772587383e-02 -2.211413892890873312e-02
-1.929999999999981952e+01 -6.992855830116459503e-02 -2.293612025544416316e-02
-1.919999999999981810e+01 -7.121694482099377721e-02 -2.380381825836281467e-02
-1.909999999999981668e+01 -7.254323105764348689e-02 -2.472059405550223674e-02
-1.899999999999981526e+01 -7.390864470602724612e-02 -2.569011005401598477e-02
-1.889999999999981384e+01 -7.531440868589688031e-02 -2.671636091821678535e-02
-1.879999999999981242e+01 -7.676172835149268348e-02 -2.780370796441330311e-02
-1.869999999999981100e+01 -7.825177548276987527e-02 -2.895691735063686198e-02
-1.859999999999980957e+01 -7.978566835727315953e-02 -3.018120245630058832e-02
-1.849999999999980815e+01 -8.136444705147380385e-02 -3.148227086972033711e-02
-1.839999999999980673e+01 -8.298904293728925907e-02 -3.286637641660622444e-02
-1.829999999999980531e+01 -8.466024111897646476e-02 -3.434037666724419624e-02
-1.819999999999980389e+01 -8.637863428614150907e-02 -3.591179634483112476e-02
-1.809999999999980247e+01 -8.814456613435744936e-02 -3.758889701598058797e-02
-1.799999999999980105e+01 -8.995806211296965282e-02 -3.938075336260322273e-02
-1.789999999999979963e+01 -9.181874478769970482e-02 -4.129733619449181548e-02
-1.779999999999979821e+01 -9.372573054268122650e-02 -4.334960214263064437e-02
-1.769999999999979678e+01 -9.567750367453523030e-02 -4.554958963834085384e-02
-1.759999999999979536e+01 -9.767176314053491182e-02 -4.791052029296198611e-02
-1.749999999999979394e+01 -9.970523630053826358e-02 -5.044690408608855370e-02
-1.739999999999979252e+01 -1.017734529330667215e-01 -5.317464576889431582e-02
-1.729999999999979110e+01 -1.038704716190279598e-01 -5.611114849328195653e-02
-1.719999999999978968e+01 -1.059885492944235841e-01 -5.927540874810541954e-02
-1.709999999999978826e+01 -1.081177434410094951e-01 -6.268809405401849777e-02
-1.699999999999978684e+01 -1.102454351230362506e-01 -6.637159131982718618e-02
-1.689999999999978542e+01 -1.123557600867236828e-01 -7.035000903150155638e-02
-1.679999999999978400e+01 -1.144289347438273013e-01 -7.464911022726895828e-02
-1.669999999999978257e+01 -1.164404645652687559e-01 -7.929614516428805382e-02
-1.659999999999978115e+01 -1.183602249916998056e-01 -8.431954238744475416e-02
-1.649999999999977973e+01 -1.201514105545976319e-01 -8.974840433409980722e-02
-1.639999999999977831e+01 -1.217693580990782953e-01 -9.561173866324024218e-02
-1.629999999999977689e+01 -1.231602669921426363e-01 -1.019373397052432406e-01
-1.619999999999977547e+01 -1.242598657908457055e-01 -1.087502171991983207e-01
-1.609999999999977405e+01 -1.249921143740052309e-01 -1.160704547609073822e-01
-1.599999999999977263e+01 -1.252680864602524757e-01 -1.239103735615158242e-01
-1.589999999999977121e+01 -1.249852523430463741e-01 -1.322708860644498108e-01
-1.579999999999976978e+01 -1.240274754210436980e-01 -1.411369631620721654e-01
-1.569999999999976836e+01 -1.222661426194829037e-01 -1.504722229096164543e-01
-1.559999999999976694e+01 -1.195629514825550521e-01 -1.602128005374531261e-01
-1.549999999999976552e+01 -1.157749428999073071e-01 -1.702608958769264436e-01
-1.539999999999976410e+01 -1.107623449826980050e-01 -1.804787218905917479e-01
-1.529999999999976268e+01 -1.043996081008095600e-01 -1.906839736113966344e-01
-1.519999999999976126e+01 -9.658958570431960822e-02 -2.006483266618733496e-01
-1.509999999999975984e+01 -8.728010121990315007e-02 -2.101007170569809956e-01
-1.499999999999975842e+01 -7.648117381656639735e-02 -2.187370455776685707e-01
-1.489999999999975699e+01 -6.428013808517256400e-02 -2.262372779516930166e-01
-1.479999999999975557e+01 -5.085114155932281277e-02 -2.322895676814616395e-01
-1.469999999999975415e+01 -3.645550289748680090e-02 -2.366191532343748238e-01
-1.459999999999975273e+01 -2.143053567080486360e-02 -2.390178605252329114e-01
-1.449999999999975131e+01 -6.166698589531990904e-03 -2.393688242656455412e-01
-1.439999999999974989e+01 8.924212142977006046e-03 -2.376612337985952728e-01
-1.429999999999974847e+01 2.344463729212846459e-02 -2.339917533009226447e-01
-1.419999999999974705e+01 3.704430205604113818e-02 -2.285522846849748491e-01
-1.409999999999974563e+01 4.944518629160869760e-02 -2.216068801655491638e-01
-1.399999999999974420e+01 6.045513585748885088e-02 -2.134627550398873197e-01
-1.389999999999974278e+01 6.996969887681930844e-02 -2.044408790372633233e-01
-1.379999999999974136e+01 7.796420879399239279e-02 -1.948506439418331293e-01
-1.369999999999973994e+01 8.447950262575044944e-02 -1.849712616967630063e-01
-1.359999999999973852e+01 8.960486617617802185e-02 -1.750406126182040278e-01
-1.349999999999973710e+01 9.346116025637522806e-02 -1.652507898537277642e-01
-1.339999999999973568e+01 9.618606810768645654e-02 -1.557487811876635264e-01
-1.329999999999973426e+01 9.792240215483873078e-02 -1.466405228332524346e-01
-1.319999999999973284e+01 9.880963595596573001e-02 -1.379967493567939019e-01
-1.309999999999973141e+01 9.897834561848742330e-02 -1.298594377173284131e-01
-1.299999999999972999e+01 9.854701698790757636e-02 -1.222480458219832866e-01
-1.289999999999972857e+01 9.762062506078678092e-02 -1.151650904765609967e-01
-1.279999999999972715e+01 9.629044513288304019e-02 -1.086008646208969919e-01
-1.269999999999972573e+01 9.463465375366297838e-02 -1.025372611122885302e-01
-1.259999999999972431e+01 9.271938507724865330e-02 -9.695076696450830034e-02
-1.249999999999972289e+01 9.060000527994951924e-02 -9.181473828237179946e-02
-1.239999999999972147e+01 8.832244657665630494e-02 -8.710108020961958297e-02
-1.229999999999972005e+01 8.592450196705822552e-02 -8.278145172674515606e-02
-1.219999999999971863e+01 8.343702441399258873e-02 -7.882810146782534555e-02
-1.209999999999971720e+01 8.088500308010132533e-02 -7.521442370728523286e-02
-1.199999999999971578e+01 7.828850793445624179e-02 -7.191530663588813210e-02
-1.189999999999971436e+01 7.566350541780461625e-02 -6.890732966935647630e-02
-1.179999999999971294e+01 7.302255422704342913e-02 -6.616885346767885367e-02
-1.169999999999971152e+01 7.037539336615984686e-02 -6.368003568708197060e-02
-1.159999999999971010e+01 6.772943562518055072e-02 -6.142279703570113075e-02
-1.149999999999970868e+01 6.509017943016497110e-02 -5.938075564958783525e-02
-1.139999999999970726e+01 6.246155111088185635e-02 -5.753914280866288811e-02
-1.129999999999970584e+01 5.984618841089982960e-02 -5.588470925437945963e-02
-1.119999999999970441e+01 5.724567474309609494e-02 -5.440562858454051076e-02
-1.109999999999970299e+01 5.466073239480308960e-02 -5.309140215562724308e-02
-1.099999999999970157e+01 5.209138168440802241e-02 -5.193276844230766687e-02
-1.089999999999970015e+01 4.953707199788495025e-02 -5.092161874587311510e-02
-1.079999999999969873e+01 4.699678969621330638e-02 -5.005092039812497617e-02
-1.069999999999969731e+01 4.446914708615516687e-02 -4.931464809521553944e-02
-1.059999999999969589e+01 4.195245597211014199e-02 -4.870772365211357979e-02
-1.049999999999969447e+01 3.944478874687186443e-02 -4.822596424842988394e-02
-1.039999999999969305e+01 3.694402952091428022e-02 -4.786603910554441954e-02
-1.029999999999969162e+01 3.444791741745244912e-02 -4.762543446745028108e-02
-1.019999999999969020e+01 3.195408386853094973e-02 -4.750242673635089730e-02
-1.009999999999968878e+01 2.946008552063387326e-02 -4.749606362390958181e-02
-9.999999999999687361e+00 2.696343419258893925e-02 -4.760615321123003868e-02
-9.899999999999685940e+00 2.446162521805994583e-02 -4.783326085737213407e-02
-9.799999999999684519e+00 2.195216544231063521e-02 -4.817871395201259177e-02
-9.699999999999683098e+00 1.943260213165192568e-02 -4.864461456820697721e-02
-9.599999999999681677e+00 1.690055408793920272e-02 -4.923386013202751127e-02
-9.499999999999680256e+00 1.435374634436827057e-02 -4.995017228323487407e-02
-9.399999999999678835e+00 1.179004995575789333e-02 -5.079813415004880844e-02
-9.299999999999677414e+00 9.207528587989143032e-03 -5.178323629671081202e-02
-9.199999999999675993e+00 6.604493869939560835e-03 -5.291193161595041106e-02
-9.099999999999674571e+00 3.979571800246640978e-03 -5.419169942073863433e-02
-8.999999999999673150e+00 1.331782914927727435e-03 -5.563111892616863507e-02
-8.899999999999671729e+00 -1.339360566738924396e-03 -5.723995218321901307e-02
-8.799999999999670308e+00 -4.033736780576918646e-03 -5.902923630713771685e-02
-8.699999999999668887e+00 -6.750470852115504627e-03 -6.101138449549262099e-02
-8.599999999999667466e+00 -9.487760648850186718e-03 -6.320029480896260932e-02
-8.499999999999666045e+00 -1.224266512401283452e-02 -6.561146492496428007e-02
-8.399999999999664624e+00 -1.501084751366069114e-02 -6.826210998259010787e-02
-8.299999999999663203e+00 -1.778626428059321141e-02 -7.117127910530265944e-02
-8.199999999999661782e+00 -2.056078919361024882e-02 -7.435996406016373572e-02
-8.099999999999660361e+00 -2.332376035681461152e-02 -7.785119060059579599e-02
-7.999999999999658939e+00 -2.606143647683160924e-02 -8.167007909691628709e-02
-7.899999999999657518e+00 -2.875634738573928928e-02 -8.584385578408762485e-02
-7.799999999999656097e+00 -3.138652317469835945e-02 -9.040178899956455294e-02
-7.699999999999654676e+00 -3.392458678034510067e-02 -9.537501574307911956e-02
-7.599999999999653255e+00 -3.633669734793647244e-02 -1.007962123780040131e-01
-7.499999999999651834e+00 -3.858133740812449280e-02 -1.066990489964249750e-01
-7.399999999999650413e+00 -4.060794761972985611e-02 -1.131173498184479403e-01
-7.299999999999648992e+00 -4.235543098405326889e-02 -1.200838624453759995e-01
-7.199999999999647571e+00 -4.375057719411466761e-02 -1.276285182235619708e-01
-7.099999999999646150e+00 -4.470650099845074887e-02 -1.357760474268363826e-01
-6.999999999999644729e+00 -4.512125027074820327e-02 -1.445428019702426903e-01
-6.899999999999643308e+00 -4.487682333844335292e-02 -1.539326441402973089e-01
-6.799999999999641886e+00 -4.383894183546385714e-02 -1.639317963963037306e-01
-6.699999999999640465e+00 -4.185804964652425908e-02 -1.745026340208211124e-01
-6.599999999999639044e+00 -3.877213397158733865e-02 -1.855765628750830620e-01
-6.499999999999637623e+00 -3.441205709568632976e-02 -1.970463818066831296e-01
-6.399999999999636202e+00 -2.861008955734570258e-02 -2.087588952608357140e-01
-6.299999999999634781e+00 -2.121216535531121605e-02 -2.205089986739230401e-01
-6.199999999999633360e+00 -1.209394410145323007e-02 -2.320369350016955046e-01
-6.099999999999631939e+00 -1.179993011570353023e-03 -2.430307655492607855e-01
-5.999999999999630518e+00 1.153569282317619404e-02 -2.531360834732950260e-01
-5.899999999999629097e+00 2.597085658276673120e-02 -2.619743647227958383e-01
-5.799999999999627676e+00 4.194186837483124264e-02 -2.691699281380810493e-01
-5.699999999999626255e+00 5.916061497286273507e-02 -2.743833532573489720e-01
-5.599999999999624833e+00 7.724464951953181890e-02 -2.773468667553934397e-01
-5.499999999999623412e+00 9.574144536551855433e-02 -2.778954993923954397e-01
-5.399999999999621991e+00 1.141642776780040780e-01 -2.759876264085552866e-01
-5.299999999999620570e+00 1.320341085140777637e-01 -2.717102825934188393e-01
-5.199999999999619149e+00 1.489201073971026523e-01 -2.652680125774552478e-01
-5.099999999999617728e+00 1.644718422394555180e-01 -2.569578342174064223e-01
-4.999999999999616307e+00 1.784385500123268631e-01 -2.471357876347993476e-01
-4.899999999999614886e+00 1.906742540467074032e-01 -2.361816074378917385e-01
-4.799999999999613465e+00 2.011305876669675641e-01 -2.244672328255829519e-01
-4.699999999999612044e+00 2.098411161134474401e-01 -2.123328246721228885e-01
-4.599999999999610623e+00 2.169014718746160031e-01 -2.000716161264144699e-01
-4.499999999999609201e+00 2.224490335615677272e-01 -1.879230188852373806e-01
-4.399999999999607780e+00 2.266447271030308519e-01 -1.760722760650608731e-01
-4.299999999999606359e+00 2.296583057062093758e-01 -1.646545698027069571e-01
-4.199999999999604938e+00 2.316574767377261868e-01 -1.537616366815218738e-01
-4.099999999999603517e+00 2.328005973425645303e-01 -1.434493587446649954e-01
-3.999999999999602096e+00 2.332323310813907424e-01 -1.337452797199567833e-01
-3.899999999999600675e+00 2.330815605381106881e-01 -1.246554251889952225e-01
-3.799999999999599254e+00 2.324608938209740683e-01 -1.161701322363838940e-01
-3.699999999999597833e+00 2.314672126135756125e-01 -1.082688142307897949e-01
-3.599999999999596412e+00 2.301828373357788504e-01 -1.009237174219388411e-01
-3.499999999999594991e+00 2.286770041148425137e-01 -9.410279212138565608e-02
-3.399999999999593570e+00 2.270074469370343129e-01 -8.777182474229587583e-02
-3.299999999999592148e+00 2.252219539725206221e-01 -8.189597535023894481e-02
-3.199999999999590727e+00 2.233598217086791848e-01 -7.644085081362399225e-02
-3.099999999999589306e+00 2.214531680533365909e-01 -7.137322387622187236e-02
-2.999999999999587885e+00 2.195280900909094002e-01 -6.666148802688358355e-02
-2.899999999999586464e+00 2.176056673186727575e-01 -6.227591925073051871e-02
-2.799999999999585043e+00 2.157028198570590805e-01 -5.818879959789283185e-02
-2.699999999999583622e+00 2.138330355016155870e-01 -5.437444423235673202e-02
-2.599999999999582201e+00 2.120069811245605951e-01 -5.080916303362725817e-02
-2.499999999999580780e+00 2.102330139239635132e-01 -4.747117957067416988e-02
-2.399999999999579359e+00 2.085176070803320680e-01 -4.434052394804599562e-02
-2.299999999999577938e+00 2.068657029776084511e-01 -4.139891124994294486e-02
-2.199999999999576517e+00 2.052810055720599158e-01 -3.862961375134363329e-02
-2.099999999999575095e+00 2.037662219150867260e-01 -3.601733243818502905e-02
-1.999999999999573674e+00 2.023232613502992105e-01 -3.354807146157376407e-02
-1.899999999999572253e+00 2.009533995547052587e-01 -3.120901776782692219e-02
-1.799999999999570832e+00 1.996574133895343550e-01 -2.898842715970974260e-02
-1.699999999999569411e+00 1.984356914668199690e-01 -2.687551736163925481e-02
-1.599999999999567990e+00 1.972883244063308172e-01 -2.486036820725734398e-02
-1.499999999999566569e+00 1.962151779403973895e-01 -2.293382880036058669e-02
-1.399999999999565148e+00 1.952159513102134925e-01 -2.108743139512216785e-02
-1.299999999999563727e+00 1.942902227853068875e-01 -1.931331178864596071e-02
-1.199999999999562306e+00 1.934374836511703055e-01 -1.760413622476923040e-02
-1.099999999999560885e+00 1.926571616952530985e-01 -1.595303516707383823e-02
-9.999999999995594635e-01 1.919486351634345500e-01 -1.435354478781310922e-02
-8.999999999995580424e-01 1.913112384667118304e-01 -1.279955755256387620e-02
-7.999999999995566213e-01 1.907442616907108479e-01 -1.128528367220634279e-02
-6.999999999995552002e-01 1.902469472152619190e-01 -9.805225140739688011e-03
-5.999999999995537792e-01 1.898184882938419027e-01 -8.354163175126289725e-03
-4.999999999995523581e-01 1.894580357497623879e-01 -6.927157772668859209e-03
-3.999999999995509370e-01 1.891647191348041768e-01 -5.519554783705828832e-03
-2.999999999995495159e-01 1.889376867550236483e-01 -4.126992025940745545e-03
-1.999999999995480948e-01 1.887761643358332186e-01 -2.745393065054984455e-03
-9.999999999954667373e-02 1.886795254150896717e-01 -1.370937363391076802e-03
4.547473508864641190e-13 1.886473600601674683e-01 0.000000000000000000e+00
1.000000000004561684e-01 1.886795254150896717e-01 1.370937363391076802e-03
2.000000000004575895e-01 1.887761643358355779e-01 2.745393065080033862e-03
3.000000000004590106e-01 1.889376867550271455e-01 4.126992025965964955e-03
4.000000000004604317e-01 1.891647191348041768e-01 5.519554783705828832e-03
5.000000000004618528e-01 1.894580357497623879e-01 6.927157772668859209e-03
6.000000000004632739e-01 1.898184882938419027e-01 8.354163175126289725e-03
7.000000000004646949e-01 1.902469472152703289e-01 9.805225140766333364e-03
8.000000000004661160e-01 1.907442616907205624e-01 1.128528367223356754e-02
9.000000000004675371e-01 1.913112384667118304e-01 1.279955755256387620e-02
1.000000000000468958e+00 1.919486351634345500e-01 1.435354478781310922e-02
1.100000000000470379e+00 1.926571616952530985e-01 1.595303516707383823e-02
1.200000000000471800e+00 1.934374836511851270e-01 1.760413622479977888e-02
1.300000000000473221e+00 1.942902227853230412e-01 1.931331178867760900e-02
1.400000000000474643e+00 1.952159513102134925e-01 2.108743139512216785e-02
1.500000000000476064e+00 1.962151779403973895e-01 2.293382880036058669e-02
1.600000000000477485e+00 1.972883244063308172e-01 2.486036820725734398e-02
1.700000000000478906e+00 1.984356914668415350e-01 2.687551736167677341e-02
1.800000000000480327e+00 1.996574133895572811e-01 2.898842715974912776e-02
1.900000000000481748e+00 2.009533995547052587e-01 3.120901776782692219e-02
2.000000000000483169e+00 2.023232613502992105e-01 3.354807146157376407e-02
2.100000000000484590e+00 2.037662219150867260e-01 3.601733243818502905e-02
2.200000000000486011e+00 2.052810055720881155e-01 3.862961375139253167e-02
2.300000000000487432e+00 2.068657029776378720e-01 4.139891124999483391e-02
2.400000000000488853e+00 2.085176070803320680e-01 4.434052394804599562e-02
2.500000000000490274e+00 2.102330139239635132e-01 4.747117957067416988e-02
2.600000000000491696e+00 2.120069811245605951e-01 5.080916303362725817e-02
2.700000000000493117e+00 2.138330355016492268e-01 5.437444423242376867e-02
2.800000000000494538e+00 2.157028198570933863e-01 5.818879959796460777e-02
2.900000000000495959e+00 2.176056673186727575e-01 6.227591925073051871e-02
3.000000000000497380e+00 2.195280900909094002e-01 6.666148802688358355e-02
3.100000000000498801e+00 2.214531680533365909e-01 7.137322387622187236e-02
3.200000000000500222e+00 2.233598217087135462e-01 7.644085081371958246e-02
3.300000000000501643e+00 2.252219539725538455e-01 8.189597535034190412e-02
3.400000000000503064e+00 2.270074469370343129e-01 8.777182474229587583e-02
3.500000000000504485e+00 2.286770041148425137e-01 9.410279212138565608e-02
3.600000000000505906e+00 2.301828373357788504e-01 1.009237174219388411e-01
3.700000000000507328e+00 2.314672126135965402e-01 1.082688142309283647e-01
3.800000000000508749e+00 2.324608938209890285e-01 1.161701322365328581e-01
3.900000000000510170e+00 2.330815605381106881e-01 1.246554251889952225e-01
4.000000000000511591e+00 2.332323310813907424e-01 1.337452797199567833e-01
4.100000000000513012e+00 2.328005973425645303e-01 1.434493587446649954e-01
4.200000000000514433e+00 2.316574767376980426e-01 1.537616366817148861e-01
4.300000000000515854e+00 2.296583057061643007e-01 1.646545698029101001e-01
4.400000000000517275e+00 2.266447271030308519e-01 1.760722760650608731e-01
4.500000000000518696e+00 2.224490335615677272e-01 1.879230188852373806e-01
4.600000000000520117e+00 2.169014718746160031e-01 2.000716161264144699e-01
4.700000000000521538e+00 2.098411161133043601e-01 2.123328246723455714e-01
4.800000000000522959e+00 2.011305876667934533e-01 2.244672328258008054e-01
4.900000000000524381e+00 1.906742540467074032e-01 2.361816074378917385e-01
5.000000000000525802e+00 1.784385500123268631e-01 2.471357876347993476e-01
5.100000000000527223e+00 1.644718422394555180e-01 2.569578342174064223e-01
5.200000000000528644e+00 1.489201073968067224e-01 2.652680125775903619e-01
5.300000000000530065e+00 1.320341085137604620e-01 2.717102825935171495e-01
5.400000000000531486e+00 1.141642776780040780e-01 2.759876264085552866e-01
5.500000000000532907e+00 9.574144536551855433e-02 2.778954993923954397e-01
5.600000000000534328e+00 7.724464951953181890e-02 2.773468667553934397e-01
5.700000000000535749e+00 5.916061497254038182e-02 2.743833532572739209e-01
5.800000000000537170e+00 4.194186837452833910e-02 2.691699281379671960e-01
5.900000000000538591e+00 2.597085658276673120e-02 2.619743647227958383e-01
6.000000000000540012e+00 1.153569282317619404e-02 2.531360834732950260e-01
6.100000000000541434e+00 -1.179993011570353023e-03 2.430307655492607855e-01
6.200000000000542855e+00 -1.209394410163529276e-02 2.320369350014896415e-01
6.300000000000544276e+00 -2.121216535546113086e-02 2.205089986737104601e-01
6.400000000000545697e+00 -2.861008955734570258e-02 2.087588952608357140e-01
6.500000000000547118e+00 -3.441205709568632976e-02 1.970463818066831296e-01
6.600000000000548539e+00 -3.877213397158733865e-02 1.855765628750830620e-01
6.700000000000549960e+00 -4.185804964656988231e-02 1.745026340206240478e-01
6.800000000000551381e+00 -4.383894183549089801e-02 1.639317963961164915e-01
6.900000000000552802e+00 -4.487682333845455923e-02 1.539326441401208667e-01
7.000000000000554223e+00 -4.512125027074820327e-02 1.445428019702426903e-01
7.100000000000555644e+00 -4.470650099845074887e-02 1.357760474268363826e-01
7.200000000000557066e+00 -4.375057719409303214e-02 1.276285182234193349e-01
7.300000000000558487e+00 -4.235543098402441697e-02 1.200838624452441050e-01
7.400000000000559908e+00 -4.060794761969531430e-02 1.131173498183262738e-01
7.500000000000561329e+00 -3.858133740812449280e-02 1.066990489964249750e-01
7.600000000000562750e+00 -3.633669734793647244e-02 1.007962123780040131e-01
7.700000000000564171e+00 -3.392458678029992847e-02 9.537501574298468121e-02
7.800000000000565592e+00 -3.138652317465127906e-02 9.040178899947798330e-02
7.900000000000567013e+00 -2.875634738569080029e-02 8.584385578400827166e-02
8.000000000000568434e+00 -2.606143647683160924e-02 8.167007909691628709e-02
8.100000000000569855e+00 -2.332376035681461152e-02 7.785119060059579599e-02
8.200000000000571276e+00 -2.056078919355987245e-02 7.435996406010304816e-02
8.300000000000572697e+00 -1.778626428054271708e-02 7.117127910524728707e-02
8.400000000000574119e+00 -1.501084751361024539e-02 6.826210998253959272e-02
8.500000000000575540e+00 -1.224266512401283452e-02 6.561146492496428007e-02
8.600000000000576961e+00 -9.487760648850186718e-03 6.320029480896260932e-02
8.700000000000578382e+00 -6.750470852065877658e-03 6.101138449545473463e-02
8.800000000000579803e+00 -4.033736780527659438e-03 5.902923630710344566e-02
8.900000000000581224e+00 -1.339360566690109278e-03 5.723995218318814887e-02
9.000000000000582645e+00 1.331782914927727435e-03 5.563111892616863507e-02
9.100000000000584066e+00 3.979571800246640978e-03 5.419169942073863433e-02
9.200000000000585487e+00 6.604493869987106136e-03 5.291193161592852579e-02
9.300000000000586908e+00 9.207528588036299755e-03 5.178323629669159822e-02
9.400000000000588329e+00 1.179004995580468923e-02 5.079813415003216204e-02
9.500000000000589750e+00 1.435374634436827057e-02 4.995017228323487407e-02
9.600000000000591172e+00 1.690055408793920272e-02 4.923386013202751127e-02
9.700000000000592593e+00 1.943260213169784034e-02 4.864461456819740154e-02
9.800000000000594014e+00 2.195216544235636946e-02 4.817871395200521573e-02
9.900000000000595435e+00 2.446162521810552049e-02 4.783326085736692990e-02
1.000000000000059686e+01 2.696343419258893925e-02 4.760615321123003868e-02
1.010000000000059828e+01 2.946008552063387326e-02 4.749606362390958181e-02
1.020000000000059970e+01 3.195408386857630234e-02 4.750242673635206303e-02
1.030000000000060112e+01 3.444791741749782255e-02 4.762543446745357706e-02
1.040000000000060254e+01 3.694402952095974385e-02 4.786603910554985963e-02
1.050000000000060396e+01 3.944478874687186443e-02 4.822596424842988394e-02
1.060000000000060538e+01 4.195245597211014199e-02 4.870772365211357979e-02
1.070000000000060680e+01 4.446914708620103296e-02 4.931464809522774495e-02
1.080000000000060822e+01 4.699678969625939451e-02 5.005092039813957561e-02
1.090000000000060965e+01 4.953707199793126736e-02 5.092161874589021947e-02
1.100000000000061107e+01 5.209138168440802241e-02 5.193276844230766687e-02
1.110000000000061249e+01 5.466073239480308960e-02 5.309140215562724308e-02
1.120000000000061391e+01 5.724567474314326554e-02 5.440562858456588630e-02
1.130000000000061533e+01 5.984618841094725694e-02 5.588470925440791603e-02
1.140000000000061675e+01 6.246155111092956819e-02 5.753914280869464049e-02
1.150000000000061817e+01 6.509017943016497110e-02 5.938075564958783525e-02
1.160000000000061959e+01 6.772943562518055072e-02 6.142279703570113075e-02
1.170000000000062101e+01 7.037539336620801667e-02 6.368003568712508888e-02
1.180000000000062244e+01 7.302255422709155730e-02 6.616885346772634346e-02
1.190000000000062386e+01 7.566350541785253625e-02 6.890732966940865678e-02
1.200000000000062528e+01 7.828850793445624179e-02 7.191530663588813210e-02
1.210000000000062670e+01 8.088500308010132533e-02 7.521442370728523286e-02
1.220000000000062812e+01 8.343702441403849646e-02 7.882810146789410999e-02
1.230000000000062954e+01 8.592450196710273158e-02 8.278145172682030428e-02
1.240000000000063096e+01 8.832244657669890975e-02 8.710108020970164233e-02
1.250000000000063238e+01 9.060000527994951924e-02 9.181473828237179946e-02
1.260000000000063380e+01 9.271938507724865330e-02 9.695076696450830034e-02
1.270000000000063523e+01 9.463465375369561894e-02 1.025372611123943900e-01
1.280000000000063665e+01 9.629044513291043494e-02 1.086008646210117612e-01
1.290000000000063807e+01 9.762062506080755597e-02 1.151650904766850503e-01
1.300000000000063949e+01 9.854701698790757636e-02 1.222480458219832866e-01
1.310000000000064091e+01 9.897834561848742330e-02 1.298594377173284131e-01
1.320000000000064233e+01 9.880963595595651516e-02 1.379967493569466408e-01
1.330000000000064375e+01 9.792240215481526344e-02 1.466405228334140276e-01
1.340000000000064517e+01 9.618606810764630810e-02 1.557487811878331130e-01
1.350000000000064659e+01 9.346116025637522806e-02 1.652507898537277642e-01
1.360000000000064801e+01 8.960486617617802185e-02 1.750406126182040278e-01
1.370000000000064944e+01 8.447950262564488111e-02 1.849712616969438339e-01
1.380000000000065086e+01 7.796420879386062319e-02 1.948506439420109870e-01
1.390000000000065228e+01 6.996969887666011634e-02 2.044408790374334928e-01
1.400000000000065370e+01 6.045513585748885088e-02 2.134627550398873197e-01
1.410000000000065512e+01 4.944518629160869760e-02 2.216068801655491638e-01
1.420000000000065654e+01 3.704430205580394597e-02 2.285522846850883971e-01
1.430000000000065796e+01 2.344463729187174633e-02 2.339917533010061612e-01
1.440000000000065938e+01 8.924212142706545309e-03 2.376612337986445667e-01
1.450000000000066080e+01 -6.166698589531990904e-03 2.393688242656455412e-01
1.460000000000066223e+01 -2.143053567080486360e-02 2.390178605252329114e-01
1.470000000000066365e+01 -3.645550289775550262e-02 2.366191532343130954e-01
1.480000000000066507e+01 -5.085114155957677629e-02 2.322895676813664656e-01
1.490000000000066649e+01 -6.428013808540629370e-02 2.262372779515687826e-01
1.500000000000066791e+01 -7.648117381656639735e-02 2.187370455776685707e-01
1.510000000000066933e+01 -8.728010121990315007e-02 2.101007170569809956e-01
1.520000000000067075e+01 -9.658958570447521985e-02 2.006483266616958527e-01
1.530000000000067217e+01 -1.043996081009382348e-01 1.906839736112124484e-01
1.540000000000067359e+01 -1.107623449828011031e-01 1.804787218904053414e-01
1.550000000000067502e+01 -1.157749428999073071e-01 1.702608958769264436e-01
1.560000000000067644e+01 -1.195629514825550521e-01 1.602128005374531261e-01
1.570000000000067786e+01 -1.222661426195230661e-01 1.504722229094427322e-01
1.580000000000067928e+01 -1.240274754210680674e-01 1.411369631619064924e-01
1.590000000000068070e+01 -1.249852523430572820e-01 1.322708860642930473e-01
1.600000000000068212e+01 -1.252680864602524757e-01 1.239103735615158242e-01
1.610000000000068354e+01 -1.249921143740052309e-01 1.160704547609073822e-01
1.620000000000068496e+01 -1.242598657908288023e-01 1.087502171990698402e-01
1.630000000000068638e+01 -1.231602669921197379e-01 1.019373397051238084e-01
1.640000000000068781e+01 -1.217693580990507618e-01 9.561173866312949743e-02
1.650000000000068923e+01 -1.201514105545976319e-01 8.974840433409980722e-02
1.660000000000069065e+01 -1.183602249916998056e-01 8.431954238744475416e-02
1.670000000000069207e+01 -1.164404645652328818e-01 7.929614516420019354e-02
1.680000000000069349e+01 -1.144289347437900950e-01 7.464911022718766220e-02
1.690000000000069491e+01 -1.123557600866855605e-01 7.035000903142635265e-02
1.700000000000069633e+01 -1.102454351230362506e-01 6.637159131982718618e-02
1.710000000000069775e+01 -1.081177434410094951e-01 6.268809405401849777e-02
1.720000000000069917e+01 -1.059885492943849067e-01 5.927540874804566179e-02
1.730000000000070060e+01 -1.038704716189895877e-01 5.611114849322653558e-02
1.740000000000070202e+01 -1.017734529330288074e-01 5.317464576884286392e-02
1.750000000000070344e+01 -9.970523630053826358e-02 5.044690408608855370e-02
1.760000000000070486e+01 -9.767176314053491182e-02 4.791052029296198611e-02
1.770000000000070628e+01 -9.567750367449931459e-02 4.554958963829941476e-02
1.780000000000070770e+01 -9.372573054264610182e-02 4.334960214259200167e-02
1.790000000000070912e+01 -9.181874478766541281e-02 4.129733619445576098e-02
1.800000000000071054e+01 -8.995806211296965282e-02 3.938075336260322273e-02
1.810000000000071196e+01 -8.814456613435744936e-02 3.758889701598058797e-02
1.820000000000071338e+01 -8.637863428610981220e-02 3.591179634480162058e-02
1.830000000000071481e+01 -8.466024111894562831e-02 3.434037666721653087e-02
1.840000000000071623e+01 -8.298904293725931081e-02 3.286637641658025910e-02
1.850000000000071765e+01 -8.136444705147380385e-02 3.148227086972033711e-02
1.860000000000071907e+01 -7.978566835727315953e-02 3.018120245630058832e-02
1.870000000000072049e+01 -7.825177548274236949e-02 2.895691735061525079e-02
1.880000000000072191e+01 -7.676172835146596873e-02 2.780370796439293746e-02
1.890000000000072333e+01 -7.531440868587092885e-02 2.671636091819757503e-02
1.900000000000072475e+01 -7.390864470602724612e-02 2.569011005401598477e-02
1.910000000000072617e+01 -7.254323105764348689e-02 2.472059405550223674e-02
1.920000000000072760e+01 -7.121694482096999068e-02 2.380381825834659154e-02
1.930000000000072902e+01 -6.992855830114150240e-02 2.293612025542880045e-02
1.940000000000073044e+01 -6.867684917770344732e-02 2.211413892889417879e-02
1.950000000000073186e+01 -6.746060848877222238e-02 2.133478656949183358e-02
1.960000000000073328e+01 -6.627864684155870822e-02 2.059522377239449836e-02
1.970000000000073470e+01 -6.512979917248840067e-02 1.989283682711565082e-02
1.980000000000073612e+01 -6.401292832262253651e-02 1.922521734542879598e-02
1.990000000000073754e+01 -6.292692764811211315e-02 1.859014389677805454e-02
2.000000000000073896e+01 -6.187072284643637538e-02 1.798556544358962533e-02
2.010000000000074039e+01 -6.084327314743284698e-02 1.740958639019696622e-02
2.020000000000074181e+01 -5.984357199229110857e-02 1.686045307867427637e-02
2.030000000000074323e+01 -5.887064730137261948e-02 1.633654158202280104e-02
2.040000000000074465e+01 -5.792356141452137397e-02 1.583634666134543789e-02
2.050000000000074607e+01 -5.700141077236944853e-02 1.535847176762016042e-02
2.060000000000074749e+01 -5.610332539495207355e-02 1.490161998142584300e-02
2.070000000000074891e+01 -5.522846820417762204e-02 1.446458579552376347e-02
2.080000000000075033e+01 -5.437603422775663664e-02 1.404624765505703247e-02
2.090000000000075175e+01 -5.354524971586938076e-02 1.364556117949989981e-02
2.100000000000075318e+01 -5.273537119578930454e-02 1.326155299839017199e-02
2.110000000000075460e+01 -5.194568448496222901e-02 1.289331514008803733e-02
2.120000000000075602e+01 -5.117550367941416795e-02 1.253999991934916236e-02
2.130000000000075744e+01 -5.042417013060698089e-02 1.220081527496198748e-02
2.140000000000075886e+01 -4.969105142169936290e-02 1.187502051402441854e-02
2.150000000000076028e+01 -4.897554035166157282e-02 1.156192242381652753e-02
2.160000000000076170e+01 -4.827705393388136840e-02 1.126087171626604690e-02
2.170000000000076312e+01 -4.759503241465276591e-02 1.097125977370527750e-02
2.180000000000076454e+01 -4.692893831524837245e-02 1.069251566762020877e-02
2.190000000000076597e+01 -4.627825550071863053e-02 1.042410342514722699e-02
2.200000000000076739e+01 -4.564248827746697490e-02 1.016551952050428857e-02
2.210000000000076881e+01 -4.502116052098548843e-02 9.916290570826075124e-03
2.220000000000077023e+01 -4.441381483481396386e-02 9.675971217997332216e-03
2.230000000000077165e+01 -4.382001174093617946e-02 9.444142179731456269e-03
2.240000000000077307e+01 -4.323932890187642125e-02 9.220408454932573633e-03
2.250000000000077449e+01 -4.267136037424026918e-02 9.004397669739283919e-03
2.260000000000077591e+01 -4.211571589322957859e-02 8.795758551959071206e-03
2.270000000000077733e+01 -4.157202018769010771e-02 8.594159522849196750e-03
2.280000000000077875e+01 -4.103991232475599077e-02 8.399287396112689597e-03
2.290000000000078018e+01 -4.051904508341667294e-02 8.210846175058735680e-03
2.300000000000078160e+01 -4.000908435605005781e-02 8.028555939644500816e-03
2.310000000000078302e+01 -3.950970857692463062e-02 7.852151815882850786e-03
2.320000000000078444e+01 -3.902060817682430349e-02 7.681383020851988500e-03
2.330000000000078586e+01 -3.854148506260930696e-02 7.516011977045846532e-03
2.340000000000078728e+01 -3.807205212084667501e-02 7.355813490478181615e-03
2.350000000000078870e+01 -3.761203274446108663e-02 7.200573987389396850e-03
2.360000000000079012e+01 -3.716116038137703276e-02 7.050090804863777365e-03
2.370000000000079154e+01 -3.671917810430672113e-02 6.904171531131344380e-03
2.380000000000079297e+01 -3.628583820056918707e-02 6.762633391601888602e-03
2.390000000000079439e+01 -3.586090178114552385e-02 6.625302677114410996e-03
2.400000000000079581e+01 -3.544413840803529309e-02 6.492014211133008590e-03
2.410000000000079723e+01 -3.503532573901599334e-02 6.362610852900128441e-03
2.420000000000079865e+01 -3.463424918908977745e-02 6.236943033856886046e-03
2.430000000000080007e+01 -3.424070160766876786e-02 6.114868324783574900e-03
2.440000000000080149e+01 -3.385448297084877461e-02 5.996251031405806960e-03
2.450000000000080291e+01 -3.347540008800124756e-02 5.880961816351098354e-03
2.460000000000080433e+01 -3.310326632194997981e-02 5.768877345515030161e-03
2.470000000000080576e+01 -3.273790132216848614e-02 5.659879957093790978e-03
2.480000000000080718e+01 -3.237913077022285674e-02 5.553857351609250981e-03
2.490000000000080860e+01 -3.202678613695718324e-02 5.450702301456307811e-03
2.500000000000081002e+01 -3.168070445080830438e-02 5.350312378578546413e-03
2.510000000000081144e+01 -3.134072807666938437e-02 5.252589698988925117e-03
2.520000000000081286e+01 -3.100670450487423915e-02 5.157440682987404594e-03
2.530000000000081428e+01 -3.067848614967911419e-02 5.064775829954445974e-03
2.540000000000081570e+01 -3.035593015686532253e-02 4.974509506746444508e-03
2.550000000000081712e+01 -3.003889821998197845e-02 4.886559748758345645e-03
2.560000000000081855e+01 -2.972725640477556081e-02 4.800848072790304955e-03
2.570000000000081997e+01 -2.942087498148882735e-02 4.717299300950904273e-03
2.580000000000082139e+01 -2.911962826453065589e-02 4.635841394832323006e-03
2.590000000000082281e+01 -2.882339445924020360e-02 4.556405299303030627e-03
2.600000000000082423e+01 -2.853205551537107282e-02 4.478924795280798260e-03
2.610000000000082565e+01 -2.824549698694278632e-02 4.403336360896077661e-03
2.620000000000082707e+01 -2.796360789822862486e-02 4.329579040525651477e-03
2.630000000000082849e+01 -2.768628061547993846e-02 4.257594321165946230e-03
2.640000000000082991e+01 -2.741341072418741753e-02 4.187326015700499823e-03
2.650000000000083134e+01 -2.714489691158806367e-02 4.118720152620511041e-03
2.660000000000083276e+01 -2.688064085414276078e-02 4.051724871788979151e-03
2.670000000000083418e+01 -2.662054710981979697e-02 3.986290325891718098e-03
2.680000000000083560e+01 -2.636452301486086683e-02 3.922368587200757498e-03
2.690000000000083702e+01 -2.611247858488886103e-02 3.859913559343361965e-03
2.700000000000083844e+01 -2.586432642012912592e-02 3.798880893766804628e-03
2.710000000000083986e+01 -2.561998161452983674e-02 3.739227910610615040e-03
2.720000000000084128e+01 -2.537936166866551144e-02 3.680913523738901273e-03
2.730000000000084270e+01 -2.514238640616025047e-02 3.623898169664190646e-03
2.740000000000084412e+01 -2.490897789353339192e-02 3.568143740149367325e-03
2.750000000000084555e+01 -2.467906036328832570e-02 3.513613518266994057e-03
2.760000000000084697e+01 -2.445256014007529677e-02 3.460272117710260290e-03
2.770000000000084839e+01 -2.422940556984960747e-02 3.408085425182390965e-03
2.780000000000084981e+01 -2.400952695180780250e-02 3.357020545668824418e-03
2.790000000000085123e+01 -2.379285647303697182e-02 3.307045750442410247e-03
2.800000000000085265e+01 -2.357932814573533015e-02 3.258130427642345287e-03
2.810000000000085407e+01 -2.336887774686947569e-02 3.210245035278014910e-03
2.820000000000085549e+01 -2.316144276021770906e-02 3.163361056535644172e-03
2.830000000000085691e+01 -2.295696232061734954e-02 3.117450957242879923e-03
2.840000000000085834e+01 -2.275537716037578928e-02 3.072488145385558148e-03
2.850000000000085976e+01 -2.255662955773154663e-02 3.028446932560178127e-03
2.860000000000086118e+01 -2.236066328725783495e-02 2.985302497253156193e-03
2.870000000000086260e+01 -2.216742357217809170e-02 2.943030849860149394e-03
2.880000000000086402e+01 -2.197685703843964625e-02 2.901608799336653256e-03
2.890000000000086544e+01 -2.178891167052323524e-02 2.861013921404733252e-03
2.900000000000086686e+01 -2.160353676889611996e-02 2.821224528229720162e-03
2.910000000000086828e+01 -2.142068290902258976e-02 2.782219639486179126e-03
2.920000000000086970e+01 -2.124030190191553841e-02 2.743978954751284324e-03
2.930000000000087113e+01 -2.106234675609826301e-02 2.706482827142706396e-03
2.940000000000087255e+01 -2.088677164096671562e-02 2.669712238147425257e-03
2.950000000000087397e+01 -2.071353185147729870e-02 2.633648773576973030e-03
2.960000000000087539e+01 -2.054258377408967745e-02 2.598274600588638093e-03
2.970000000000087681e+01 -2.037388485395960624e-02 2.563572445728407381e-03
2.980000000000087823e+01 -2.020739356326845676e-02 2.529525573931529821e-03
2.990000000000087965e+01 -2.004306937068921213e-02 2.496117768442466731e-03
3.000000000000088107e+01 -1.988087271192746225e-02 2.463333311605389337e-03
3.010000000000088249e+01 -1.972076496127909279e-02 2.431156966479433232e-03
3.020000000000088392e+01 -1.956270840420785279e-02 2.399573959247065357e-03
3.030000000000088534e+01 -1.940666621084369270e-02 2.368569962365294716e-03
3.040000000000088676e+01 -1.925260241040870762e-02 2.338131078432455646e-03
3.050000000000088818e+01 -1.910048186651926855e-02 2.308243824733218971e-03
3.060000000000088960e+01 -1.895027025331644591e-02 2.278895118426752311e-03
3.070000000000089102e+01 -1.880193403243293412e-02 2.250072262355444323e-03
3.080000000000089244e+01 -1.865544043070961958e-02 2.221762931434257370e-03
3.090000000000089386e+01 -1.851075741867333826e-02 2.193955159601343897e-03
3.100000000000089528e+01 -1.836785368973264942e-02 2.166637327301057687e-03
3.110000000000089670e+01 -1.822669864005153212e-02 2.139798149472211565e-03
3.120000000000089813e+01 -1.808726234911309932e-02 2.113426664025576558e-03
3.130000000000089955e+01 -1.794951556089662698e-02 2.087512220778455548e-03
3.140000000000090097e+01 -1.781342966568218861e-02 2.062044470832717288e-03
3.150000000000090239e+01 -1.767897668244693132e-02 2.037013356373738523e-03
3.160000000000090381e+01 -1.754612924181859351e-02 2.012409100869029868e-03
3.170000000000090523e+01 -1.741486056960167908e-02 1.988222199655348237e-03
3.180000000000090665e+01 -1.728514447080709351e-02 1.964443410888032111e-03
3.190000000000090807e+01 -1.715695531420236009e-02 1.941063746843152676e-03
