-3.200000000000000000e+01 1.170127638394223568e-02 2.561930629536324569e-03
-3.189999999999999858e+01 1.186189766493465220e-02 2.626689427262087016e-03
-3.179999999999999716e+01 1.202629622266184264e-02 2.693855444516948198e-03
-3.169999999999999574e+01 1.219459735737734446e-02 2.763547397487944781e-03
-3.159999999999999432e+01 1.236693155074387179e-02 2.835891298097696807e-03
-3.149999999999999289e+01 1.254343470500795393e-02 2.911020989925594896e-03
-3.139999999999999147e+01 1.272424839232354048e-02 2.989078729777113787e-03
-3.129999999999999005e+01 1.290952011433337855e-02 3.070215819323729792e-03
-3.119999999999998863e+01 1.309940357197293681e-02 3.154593291686227929e-03
-3.109999999999998721e+01 1.329405894534436798e-02 3.242382658359275766e-03
-3.099999999999998579e+01 1.349365318342658771e-02 3.333766722491578009e-03
-3.089999999999998437e+01 1.369836030311688893e-02 3.428940465152831730e-03
-3.079999999999998295e+01 1.390836169697826433e-02 3.528112011998851914e-03
-3.069999999999998153e+01 1.412384644874057314e-02 3.631503688545524317e-03
-3.059999999999998010e+01 1.434501165527544628e-02 3.739353173185065195e-03
-3.049999999999997868e+01 1.457206275343755214e-02 3.851914758148774348e-03
-3.039999999999997726e+01 1.480521384957600613e-02 3.969460729732945253e-03
-3.029999999999997584e+01 1.504468804904341567e-02 4.092282880462885797e-03
-3.019999999999997442e+01 1.529071778225305628e-02 4.220694167303855326e-03
-3.009999999999997300e+01 1.554354512297265178e-02 4.355030531670828209e-03
-2.999999999999997158e+01 1.580342209358318387e-02 4.495652898879523920e-03
-2.989999999999997016e+01 1.607061095065379086e-02 4.642949376694477208e-03
-2.979999999999996874e+01 1.634538444278974684e-02 4.797337675027500518e-03
-2.969999999999996732e+01 1.662802603079971756e-02 4.959267771418615460e-03
-2.959999999999996589e+01 1.691883005800767781e-02 5.129224849865868588e-03
-2.949999999999996447e+01 1.721810185594863096e-02 5.307732543917817805e-03
-2.939999999999996305e+01 1.752615776731054203e-02 5.495356518553429215e-03
-2.929999999999996163e+01 1.784332506421591746e-02 5.692708429584492427e-03
-2.919999999999996021e+01 1.816994173511583127e-02 5.900450303874120103e-03
-2.909999999999995879e+01 1.850635610783944035e-02 6.119299388791110336e-03
-2.899999999999995737e+01 1.885292626951658515e-02 6.350033525084185920e-03
-2.889999999999995595e+01 1.921001923553568302e-02 6.593497103555894141e-03
-2.879999999999995453e+01 1.957800980969150520e-02 6.850607672947953315e-03
-2.869999999999995310e+01 1.995727906524033882e-02 7.122363273951568506e-03
-2.859999999999995168e+01 2.034821236160832408e-02 7.409850582439663283e-03
-2.849999999999995026e+01 2.075119679345465568e-02 7.714253953872176467e-03
-2.839999999999994884e+01 2.116661794654260340e-02 8.036865469925554006e-03
-2.829999999999994742e+01 2.159485580826039919e-02 8.379096098050259692e-03
-2.819999999999994600e+01 2.203627964794672642e-02 8.742488084070340615e-03
-2.809999999999994458e+01 2.249124164258694061e-02 9.128728706937004611e-03
-2.799999999999994316e+01 2.296006897549328352e-02 9.539665532703982612e-03
-2.789999999999994174e+01 2.344305407694526749e-02 9.977323310276892468e-03
-2.779999999999994031e+01 2.394044260508457547e-02 1.044392265372827075e-02
-2.769999999999993889e+01 2.445241867926097740e-02 1.094190065227483057e-02
-2.759999999999993747e+01 2.497908677398576194e-02 1.147393353693245896e-02
-2.749999999999993605e+01 2.552044955621634442e-02 1.204296150853697775e-02
-2.739999999999993463e+01 2.607638079730889916e-02 1.265221578921593877e-02
-2.729999999999993321e+01 2.664659231018624494e-02 1.330524789196788245e-02
-2.719999999999993179e+01 2.723059364652355083e-02 1.400596099969157564e-02
-2.709999999999993037e+01 2.782764303409716172e-02 1.475864319260370566e-02
-2.699999999999992895e+01 2.843668773709638609e-02 1.556800204316047265e-02
-2.689999999999992752e+01 2.905629167941153543e-02 1.643919978492537279e-02
-2.679999999999992610e+01 2.968454778510530925e-02 1.737788782508203206e-02
-2.669999999999992468e+01 3.031897206786621224e-02 1.839023876578734298e-02
-2.659999999999992326e+01 3.095637606062428410e-02 1.948297327348562716e-02
-2.649999999999992184e+01 3.159271375194559056e-02 2.066337801906975233e-02
-2.639999999999992042e+01 3.222289884651172165e-02 2.193930941977521171e-02
-2.629999999999991900e+01 3.284058799293687603e-02 2.331917594822867368e-02
-2.619999999999991758e+01 3.343792577843966024e-02 2.481188922299029653e-02
-2.609999999999991616e+01 3.400524801551896292e-02 2.642677084985826583e-02
-2.599999999999991473e+01 3.453074149255443148e-02 2.817339796021289464e-02
-2.589999999999991331e+01 3.500006142916965712e-02 3.006136557617613767e-02
-2.579999999999991189e+01 3.539591305658571635e-02 3.209993845931714135e-02
-2.569999999999991047e+01 3.569761192587850990e-02 3.429755937449165126e-02
-2.559999999999990905e+01 3.588064981321892333e-02 3.666117559239383955e-02
-2.549999999999990763e+01 3.591631059279190574e-02 3.919534255137496065e-02
-2.539999999999990621e+01 3.577140412618910748e-02 4.190106552557334302e-02
-2.529999999999990479e+01 3.540821623754409481e-02 4.477435088064941893e-02
-2.519999999999990337e+01 3.478480762562018852e-02 4.780446350949195400e-02
-2.509999999999990195e+01 3.385582933201431582e-02 5.097193292843569395e-02
-2.499999999999990052e+01 3.257404736099014236e-02 5.424642364395915878e-02
-2.489999999999989910e+01 3.089276785454983867e-02 5.758468881351774815e-02
-2.479999999999989768e+01 2.876930382204528208e-02 6.092895441720012212e-02
-2.469999999999989626e+01 2.616949878048729569e-02 6.420621306828139252e-02
-2.459999999999989484e+01 2.307310281473316099e-02 6.732899935449553064e-02
-2.449999999999989342e+01 1.947948807349515754e-02 7.019820765209729141e-02
-2.439999999999989200e+01 1.541284464399681614e-02 7.270832675349257757e-02
-2.429999999999989058e+01 1.092572285502932394e-02 7.475505825805189852e-02
-2.419999999999988916e+01 6.099735039254264996e-03 7.624468716064040918e-02
-2.409999999999988773e+01 1.042533304876653438e-03 7.710392443096573956e-02
-2.399999999999988631e+01 -4.119130310745467045e-03 7.728848075908452409e-02
-2.389999999999988489e+01 -9.249524279739107166e-03 7.678860365729565929e-02
-2.379999999999988347e+01 -1.421563629816407007e-02 7.563033180106192022e-02
-2.369999999999988205e+01 -1.889838864613803404e-02 7.387217395088727101e-02
-2.359999999999988063e+01 -2.320145117190374612e-02 7.159797912231584405e-02
-2.349999999999987921e+01 -2.705641560650492647e-02 6.890755012688799808e-02
-2.339999999999987779e+01 -3.042403449116365399e-02 6.590682175695168621e-02
-2.329999999999987637e+01 -3.329207813588214854e-02 6.269917339887180752e-02
-2.319999999999987494e+01 -3.567088207996326615e-02 5.937886593231011395e-02
-2.309999999999987352e+01 -3.758778517675256253e-02 5.602694224557577124e-02
-2.299999999999987210e+01 -3.908148401389197057e-02 5.270940957359129125e-02
-2.289999999999987068e+01 -4.019700479843705404e-02 4.947721781266825603e-02
-2.279999999999986926e+01 -4.098165504701756917e-02 4.636745024582909769e-02
-2.269999999999986784e+01 -4.148204649341966088e-02 4.340518881303382509e-02
-2.259999999999986642e+01 -4.174210529564213040e-02 4.060563363294945882e-02
-2.249999999999986500e+01 -4.180189762378789392e-02 3.797619058509352219e-02
-2.239999999999986358e+01 -4.169707409544040622e-02 3.551835908422013022e-02
-2.229999999999986215e+01 -4.145874983392193458e-02 3.322934170974126133e-02
-2.219999999999986073e+01 -4.111366800284035200e-02 3.110335730281002867e-02
-2.209999999999985931e+01 -4.068453031284035432e-02 2.913267459728869149e-02
-2.199999999999985789e+01 -4.019041095344018377e-02 2.730840113816514897e-02
-2.189999999999985647e+01 -3.964719757471508316e-02 2.562106834388158325e-02
-2.179999999999985505e+01 -3.906802370187225509e-02 2.406105287271389365e-02
-2.169999999999985363e+01 -3.846367192500055321e-02 2.261887028188530949e-02
-2.159999999999985221e+01 -3.784293745552096827e-02 2.128537143115988295e-02
-2.149999999999985079e+01 -3.721294832056875473e-02 2.005186639758503586e-02
-2.139999999999984936e+01 -3.657944257898120693e-02 1.891019546634978635e-02
-2.129999999999984794e+01 -3.594700528539707118e-02 1.785276230512551979e-02
-2.119999999999984652e+01 -3.531926910025021821e-02 1.687254077010739636e-02
-2.109999999999984510e+01 -3.469908287210404091e-02 1.596306387896741577e-02
-2.099999999999984368e+01 -3.408865249908499956e-02 1.511840121705844940e-02
-2.089999999999984226e+01 -3.348965810641633956e-02 1.433312930860840967e-02
-2.079999999999984084e+01 -3.290335118371347234e-02 1.360229817669014740e-02
-2.069999999999983942e+01 -3.233063488783814027e-02 1.292139634182965131e-02
-2.059999999999983800e+01 -3.177213028216028384e-02 1.228631579290543827e-02
-2.049999999999983658e+01 -3.122823087567151018e-02 1.169331794204814777e-02
-2.039999999999983515e+01 -3.069914745901952333e-02 1.113900120029371298e-02
-2.029999999999983373e+01 -3.018494491275449526e-02 1.062027054425645524e-02
-2.019999999999983231e+01 -2.968557238545777716e-02 1.013430925757869555e-02
-2.009999999999983089e+01 -2.920088800350915254e-02 9.678552903387139389e-03
-1.999999999999982947e+01 -2.873067907483396743e-02 9.250665498303322146e-03
-1.989999999999982805e+01 -2.827467858239054305e-02 8.848517803757054156e-03
-1.979999999999982663e+01 -2.783257862425849577e-02 8.470167616966691945e-03
-1.969999999999982521e+01 -2.740404134181254059e-02 8.113841925616151543e-03
-1.959999999999982379e+01 -2.698870778236558965e-02 7.777920782707892222e-03
-1.949999999999982236e+01 -2.658620506373684036e-02 7.460922757175092630e-03
-1.939999999999982094e+01 -2.619615214346751250e-02 7.161491819889478222e-03
-1.929999999999981952e+01 -2.581816444196500041e-02 6.878385531498021691e-03
-1.919999999999981810e+01 -2.545185752475237484e-02 6.610464406908626508e-03
-1.909999999999981668e+01 -2.509685001300533680e-02 6.356682340699205611e-03
-1.899999999999981526e+01 -2.475276586158421319e-02 6.116077987126776298e-03
-1.889999999999981384e+01 -2.441923611938437433e-02 5.887766997925278009e-03
-1.879999999999981242e+01 -2.409590026664323176e-02 5.670935030108435922e-03
-1.869999999999981100e+01 -2.378240720711940689e-02 5.464831444435331274e-03
-1.859999999999980957e+01 -2.347841597953427561e-02 5.268763623220321796e-03
-1.849999999999980815e+01 -2.318359624121184986e-02 5.082091843328594843e-03
-1.839999999999980673e+01 -2.289762856764743920e-02 4.904224646907929565e-03
-1.829999999999980531e+01 -2.262020460404324390e-02 4.734614658418767261e-03
-1.819999999999980389e+01 -2.235102709841192692e-02 4.572754801902234774e-03
-1.809999999999980247e+01 -2.208980984074873297e-02 4.418174877402522571e-03
-1.799999999999980105e+01 -2.183627752829533572e-02 4.270438459754498026e-03
-1.789999999999979963e+01 -2.159016557342544052e-02 4.129140086927099093e-03
-1.779999999999979821e+01 -2.135121986771027977e-02 3.993902708612153893e-03
-1.769999999999979678e+01 -2.111919651319114910e-02 3.864375368830960753e-03
-1.759999999999979536e+01 -2.089386152997851215e-02 3.740231099189716881e-03
-1.749999999999979394e+01 -2.067499054749414797e-02 3.621165001828010807e-03
-1.739999999999979252e+01 -2.046236848536113484e-02 3.506892503361516700e-03
-1.729999999999979110e+01 -2.025578922879089916e-02 3.397147763085149857e-03
-1.719999999999978968e+01 -2.005505530229885480e-02 3.291682220420134603e-03
-1.709999999999978826e+01 -1.985997754490067407e-02 3.190263268206967959e-03
-1.699999999999978684e+01 -1.967037478918742116e-02 3.092673039779439068e-03
-1.689999999999978542e+01 -1.948607354621061799e-02 2.998707299029988033e-03
-1.679999999999978400e+01 -1.930690769766463602e-02 2.908174423777335621e-03
-1.669999999999978257e+01 -1.913271819643423688e-02 2.820894473701923613e-03
-1.659999999999978115e+01 -1.896335277637144212e-02 2.736698335039785060e-03
-1.649999999999977973e+01 -1.879866567183267889e-02 2.655426934962288807e-03
-1.639999999999977831e+01 -1.863851734736918925e-02 2.576930519299162545e-03
-1.629999999999977689e+01 -1.848277423780102235e-02 2.501067987885337383e-03
-1.619999999999977547e+01 -1.833130849872628698e-02 2.427706282346895391e-03
-1.609999999999977405e+01 -1.818399776749519622e-02 2.356719821681360280e-03
-1.599999999999977263e+01 -1.804072493451764486e-02 2.287989981396830377e-03
-1.589999999999977121e+01 -1.790137792476080569e-02 2.221404612401325571e-03
-1.579999999999976978e+01 -1.776584948924146701e-02 2.156857596192298960e-03
-1.569999999999976836e+01 -1.763403700623671772e-02 2.094248433198647470e-03
-1.559999999999976694e+01 -1.750584229198003453e-02 2.033481861451509262e-03
-1.549999999999976552e+01 -1.738117142052102160e-02 1.974467502987922729e-03
-1.539999999999976410e+01 -1.725993455246000244e-02 1.917119535647582610e-03
-1.529999999999976268e+01 -1.714204577225863710e-02 1.861356388132805618e-03
-1.519999999999976126e+01 -1.702742293378743665e-02 1.807100456374104158e-03
-1.509999999999975984e+01 -1.691598751383272675e-02 1.754277839443988980e-03
-1.499999999999975842e+01 -1.680766447322920576e-02 1.702818093387747662e-03
-1.489999999999975699e+01 -1.670238212532905789e-02 1.652654001497723532e-03
-1.479999999999975557e+01 -1.660007201152404258e-02 1.603721359682570412e-03
-1.469999999999975415e+01 -1.650066878351308386e-02 1.555958775680790947e-03
-1.459999999999975273e+01 -1.640411009207068047e-02 1.509307480995839392e-03
-1.449999999999975131e+01 -1.631033648203008071e-02 1.463711154497853014e-03
-1.439999999999974989e+01 -1.621929129324023791e-02 1.419115756737064811e-03
-1.429999999999974847e+01 -1.613092056726521048e-02 1.375469374088959069e-03
-1.419999999999974705e+01 -1.604517295957804193e-02 1.332722071905710279e-03
-1.409999999999974563e+01 -1.596199965705868279e-02 1.290825755932776013e-03
-1.399999999999974420e+01 -1.588135430057255673e-02 1.249734041283217254e-03
-1.389999999999974278e+01 -1.580319291244702481e-02 1.209402128327076876e-03
-1.379999999999974136e+01 -1.572747382867355215e-02 1.169786684898072200e-03
-1.369999999999973994e+01 -1.565415763564979509e-02 1.130845734248118366e-03
-1.359999999999973852e+01 -1.558320711132700834e-02 1.092538548237276426e-03
-1.349999999999973710e+01 -1.551458717060027331e-02 1.054825545259691685e-03
-1.339999999999973568e+01 -1.544826481481525668e-02 1.017668192448498111e-03
-1.329999999999973426e+01 -1.538420908527417426e-02 9.810289117285569092e-04
-1.319999999999973284e+01 -1.532239102061348779e-02 9.448709892974353113e-04
-1.309999999999973141e+01 -1.526278361796933221e-02 9.091584881542537529e-04
-1.299999999999972999e+01 -1.520536179782406780e-02 8.738561632953322292e-04
-1.289999999999972857e+01 -1.515010237245840649e-02 8.389293792229707107e-04
-1.279999999999972715e+01 -1.509698401794205835e-02 8.043440294263698919e-04
-1.269999999999972573e+01 -1.504598724958609336e-02 7.700664574943243482e-04
-1.259999999999972431e+01 -1.499709440082439005e-02 7.360633795430632275e-04
-1.249999999999972289e+01 -1.495028960545949359e-02 7.023018076370250848e-04
-1.239999999999972147e+01 -1.490555878325274322e-02 6.687489738898675555e-04
-1.229999999999972005e+01 -1.486288962883151703e-02 6.353722549404113799e-04
-1.219999999999971863e+01 -1.482227160389190841e-02 6.021390964882740926e-04
-1.209999999999971720e+01 -1.478369593269373075e-02 5.690169375819169317e-04
-1.199999999999971578e+01 -1.474715560085319496e-02 5.359731343488674526e-04
-1.189999999999971436e+01 -1.471264535743555327e-02 5.029748828423014333e-04
-1.179999999999971294e+01 -1.468016172037819173e-02 4.699891406876701479e-04
-1.169999999999971152e+01 -1.464970298526496045e-02 4.369825471872518198e-04
-1.159999999999971010e+01 -1.462126923749366633e-02 4.039213415396628818e-04
-1.149999999999970868e+01 -1.459486236788651477e-02 3.707712788176012139e-04
-1.139999999999970726e+01 -1.457048609179369299e-02 3.374975433204147795e-04
-1.129999999999970584e+01 -1.454814597176361766e-02 3.040646589158576890e-04
-1.119999999999970441e+01 -1.452784944384903805e-02 2.704363959472780407e-04
-1.109999999999970299e+01 -1.450960584763643160e-02 2.365756742684586031e-04
-1.099999999999970157e+01 -1.449342646009449051e-02 2.024444619406738383e-04
-1.089999999999970015e+01 -1.447932453334107444e-02 1.680036690844759857e-04
-1.079999999999969873e+01 -1.446731533644697240e-02 1.332130363605923528e-04
-1.069999999999969731e+01 -1.445741620139552250e-02 9.803101749813558728e-05
-1.059999999999969589e+01 -1.444964657333230526e-02 6.241465525530433701e-05
-1.049999999999969447e+01 -1.444402806524727051e-02 2.631945014926694547e-05
-1.039999999999969305e+01 -1.444058451723849792e-02 -1.030077877365166532e-05
-1.029999999999969162e+01 -1.443934206051959886e-02 -4.749404189885182270e-05
-1.019999999999969020e+01 -1.444032918633786702e-02 -8.531033659155801922e-05
-1.009999999999968878e+01 -1.444357681998059868e-02 -1.238018152513471596e-04
-9.999999999999687361e+00 -1.444911840005299632e-02 -1.630229648743651105e-04
-9.899999999999685940e+00 -1.445698996321834531e-02 -2.030307992283686934e-04
-9.799999999999684519e+00 -1.446723023459480645e-02 -2.438850648281235011e-04
-9.699999999999683098e+00 -1.447988072400875278e-02 -2.856484620308685340e-04
-9.599999999999681677e+00 -1.449498582830494563e-02 -3.283868826847026836e-04
-9.499999999999680256e+00 -1.451259293991166016e-02 -3.721696659013287549e-04
-9.399999999999678835e+00 -1.453275256185980815e-02 -4.170698736930486821e-04
-9.299999999999677414e+00 -1.455551842944013269e-02 -4.631645883645946877e-04
-9.199999999999675993e+00 -1.458094763867847331e-02 -5.105352337633535130e-04
-9.099999999999674571e+00 -1.460910078178651039e-02 -5.592679226911788978e-04
-8.999999999999673150e+00 -1.464004208971939926e-02 -6.094538330175345436e-04
-8.899999999999671729e+00 -1.467383958194809143e-02 -6.611896153139338803e-04
-8.799999999999670308e+00 -1.471056522349782104e-02 -7.145778351005836141e-04
-8.699999999999668887e+00 -1.475029508926382904e-02 -7.697274531499979922e-04
-8.599999999999667466e+00 -1.479310953553798422e-02 -8.267543476450373973e-04
-8.499999999999666045e+00 -1.483909337859096525e-02 -8.857818823987968077e-04
-8.399999999999664624e+00 -1.488833608006129294e-02 -9.469415258219656935e-04
-8.299999999999663203e+00 -1.494093193874826593e-02 -1.010373525809526302e-03
-8.199999999999661782e+00 -1.499698028826457717e-02 -1.076227646323797780e-03
-8.099999999999660361e+00 -1.505658569979083372e-02 -1.144663972078656909e-03
-7.999999999999658939e+00 -1.511985818892854633e-02 -1.215853788452384140e-03
-7.899999999999657518e+00 -1.518691342537035506e-02 -1.289980544590857252e-03
-7.799999999999656097e+00 -1.525787294371730267e-02 -1.367240908540774116e-03
-7.699999999999654676e+00 -1.533286435336645055e-02 -1.447845924311206255e-03
-7.599999999999653255e+00 -1.541202154484623901e-02 -1.532022281890990222e-03
-7.499999999999651834e+00 -1.549548488933615888e-02 -1.620013712540628072e-03
-7.399999999999650413e+00 -1.558340142736253792e-02 -1.712082523158420851e-03
-7.299999999999648992e+00 -1.567592504169355860e-02 -1.808511285113957676e-03
-7.199999999999647571e+00 -1.577321660837480155e-02 -1.909604694823413074e-03
-7.099999999999646150e+00 -1.587544411846936177e-02 -2.015691625382827999e-03
-6.999999999999644729e+00 -1.598278276143167212e-02 -2.127127390897575084e-03
-6.899999999999643308e+00 -1.609541495910926656e-02 -2.244296247793414918e-03
-6.799999999999641886e+00 -1.621353033694204748e-02 -2.367614160277097240e-03
-6.699999999999640465e+00 -1.633732561611508580e-02 -2.497531860461707845e-03
-6.599999999999639044e+00 -1.646700440693102743e-02 -2.634538237330801783e-03
-6.499999999999637623e+00 -1.660277687948667411e-02 -2.779164092842069736e-03
-6.399999999999636202e+00 -1.674485928273256735e-02 -2.931986308128681131e-03
-6.299999999999634781e+00 -1.689347327682668223e-02 -3.093632467825992161e-03
-6.199999999999633360e+00 -1.704884503637445897e-02 -3.264785996322256550e-03
-6.099999999999631939e+00 -1.721120407316679632e-02 -3.446191865988990077e-03
-5.999999999999630518e+00 -1.738078171619278009e-02 -3.638662944361425403e-03
-5.899999999999629097e+00 -1.755780917362698840e-02 -3.843087054845484296e-03
-5.799999999999627676e+00 -1.774251508548478976e-02 -4.060434833590557610e-03
-5.699999999999626255e+00 -1.793512245639185959e-02 -4.291768473953518417e-03
-5.599999999999624833e+00 -1.813584483439039871e-02 -4.538251459035413937e-03
-5.499999999999623412e+00 -1.834488157318364676e-02 -4.801159392082436118e-03
-5.399999999999621991e+00 -1.856241198063227765e-02 -5.081892043813583150e-03
-5.299999999999620570e+00 -1.878858811410111240e-02 -5.381986744169118750e-03
-5.199999999999619149e+00 -1.902352593217520454e-02 -5.703133253262526389e-03
-5.099999999999617728e+00 -1.926729445002586805e-02 -6.047190250924048931e-03
-4.999999999999616307e+00 -1.951990247022353936e-02 -6.416203584853538526e-03
-4.899999999999614886e+00 -1.978128236934960371e-02 -6.812426411918995339e-03
-4.799999999999613465e+00 -2.005127030984735909e-02 -7.238341352068324713e-03
-4.699999999999612044e+00 -2.032958211287726538e-02 -7.696684746033306823e-03
-4.599999999999610623e+00 -2.061578386681277644e-02 -8.190473060001597638e-03
-4.499999999999609201e+00 -2.090925615300389881e-02 -8.723031405048032455e-03
-4.399999999999607780e+00 -2.120915054060700661e-02 -9.298024025507414109e-03
-4.299999999999606359e+00 -2.151433673041259695e-02 -9.919486443262005154e-03
-4.199999999999604938e+00 -2.182333841006232206e-02 -1.059185870512416132e-02
-4.099999999999603517e+00 -2.213425551697616178e-02 -1.132001884070711444e-02
-3.999999999999602096e+00 -2.244467019232073909e-02 -1.210931516387176929e-02
-3.899999999999600675e+00 -2.275153325721079867e-02 -1.296559539636331533e-02
-3.799999999999599254e+00 -2.305102756931223795e-02 -1.389522969773447809e-02
-3.699999999999597833e+00 -2.333840416082278574e-02 -1.490512347781737697e-02
-3.599999999999596412e+00 -2.360778668039266101e-02 -1.600271425364676453e-02
-3.499999999999594991e+00 -2.385193946735235729e-02 -1.719594468364411821e-02
-3.399999999999593570e+00 -2.406199474314157233e-02 -1.849320114637605789e-02
-3.299999999999592148e+00 -2.422713516661902794e-02 -1.990320370489550433e-02
-3.199999999999590727e+00 -2.433422974501769573e-02 -2.143482891325119988e-02
-3.099999999999589306e+00 -2.436742436108241955e-02 -2.309684164875751289e-02
-2.999999999999587885e+00 -2.430769371519642119e-02 -2.489750611720757331e-02
-2.899999999999586464e+00 -2.413237026698446600e-02 -2.684403978769421550e-02
-2.799999999999585043e+00 -2.381467899100136662e-02 -2.894186816228688439e-02
-2.699999999999583622e+00 -2.332332574483576490e-02 -3.119363464076618103e-02
-2.599999999999582201e+00 -2.262221292197098138e-02 -3.359792108793618892e-02
-2.499999999999580780e+00 -2.167038920771043736e-02 -3.614764533382781170e-02
-2.399999999999579359e+00 -2.042237927611773377e-02 -3.882812772412365387e-02
-2.299999999999577938e+00 -1.882907941449396202e-02 -4.161486740717704885e-02
-2.199999999999576517e+00 -1.683943621409865823e-02 -4.447114782601453015e-02
-2.099999999999575095e+00 -1.440313016078397651e-02 -4.734570437885357586e-02
-1.999999999999573674e+00 -1.147443884566825764e-02 -5.017083133174614351e-02
-1.899999999999572253e+00 -8.017325588794397412e-03 -5.286145931852510860e-02
-1.799999999999570832e+00 -4.011563903002177481e-03 -5.531585454007928448e-02
-1.699999999999569411e+00 5.406342166439440100e-04 -5.741860550348518166e-02
-1.599999999999567990e+00 5.608420263618837942e-03 -5.904638905507478969e-02
-1.499999999999566569e+00 1.112782437955218973e-02 -6.007658254201095338e-02
-1.399999999999565148e+00 1.700039444997182569e-02 -6.039812636494622244e-02
-1.299999999999563727e+00 2.309611102565720803e-02 -5.992327654093131117e-02
-1.199999999999562306e+00 2.926101849967426005e-02 -5.859827563592052979e-02
-1.099999999999560885e+00 3.532897169119729452e-02 -5.641080140108679919e-02
-9.999999999995594635e-01 4.113584190522455442e-02 -5.339249622648264276e-02
-8.999999999995580424e-01 4.653384393685068565e-02 -4.961586075133764262e-02
-7.999999999995566213e-01 5.140359227461174102e-02 -4.518598896285474370e-02
-6.999999999995552002e-01 5.566205380216640575e-02 -4.022861875968239409e-02
-5.999999999995537792e-01 5.926546554712759651e-02 -3.487649052351248641e-02
-4.999999999995523581e-01 6.220718202759144971e-02 -2.925602338746241884e-02
-3.999999999995509370e-01 6.451108346317940834e-02 -2.347602143567599497e-02
-2.999999999995495159e-01 6.622160008357766414e-02 -1.761973585716852808e-02
-1.999999999995480948e-01 6.739171461912961403e-02 -1.174123619506252381e-02
-9.999999999954667373e-02 6.807059760904733692e-02 -5.866621100032904518e-03
4.547473508864641190e-13 6.829276122674490801e-02 -4.510281037539698445e-17
1.000000000004561684e-01 6.807059760904328460e-02 5.866621100086278490e-03
2.000000000004575895e-01 6.739171461912127348e-02 1.174123619511598104e-02
3.000000000004590106e-01 6.622160008356464678e-02 1.761973585722192981e-02
4.000000000004604317e-01 6.451108346316124231e-02 2.347602143572901159e-02
5.000000000004618528e-01 6.220718202756766319e-02 2.925602338751440157e-02
6.000000000004632739e-01 5.926546554709784254e-02 3.487649052356256441e-02
7.000000000004646949e-01 5.566205380213060105e-02 4.022861875972947449e-02
8.000000000004661160e-01 5.140359227457012847e-02 4.518598896289763300e-02
9.000000000004675371e-01 4.653384393680384118e-02 4.961586075137511959e-02
1.000000000000468958e+00 4.113584190517340089e-02 5.339249622651366656e-02
1.100000000000470379e+00 3.532897169114305319e-02 5.641080140111054408e-02
1.200000000000471800e+00 2.926101849961837420e-02 5.859827563593654476e-02
1.300000000000473221e+00 2.309611102560119034e-02 5.992327654093942274e-02
1.400000000000474643e+00 1.700039444991719231e-02 6.039812636494680531e-02
1.500000000000476064e+00 1.112782437950022608e-02 6.007658254200465286e-02
1.600000000000477485e+00 5.608420263570568394e-03 5.904638905506252172e-02
1.700000000000478906e+00 5.406342166001144867e-04 5.741860550346803566e-02
1.800000000000480327e+00 -4.011563903041114217e-03 5.531585454005839148e-02
1.900000000000481748e+00 -8.017325588828318195e-03 5.286145931850156493e-02
2.000000000000483169e+00 -1.147443884569726395e-02 5.017083133172092757e-02
2.100000000000484590e+00 -1.440313016080831121e-02 4.734570437882753419e-02
2.200000000000486011e+00 -1.683943621411871511e-02 4.447114782598838439e-02
2.300000000000487432e+00 -1.882907941451019557e-02 4.161486740715134719e-02
2.400000000000488853e+00 -2.042237927613058113e-02 3.882812772409873631e-02
2.500000000000490274e+00 -2.167038920772038427e-02 3.614764533380399048e-02
2.600000000000491696e+00 -2.262221292197842681e-02 3.359792108791365139e-02
2.700000000000493117e+00 -2.332332574484112866e-02 3.119363464074500006e-02
2.800000000000494538e+00 -2.381467899100499219e-02 2.894186816226710160e-02
2.900000000000495959e+00 -2.413237026698665869e-02 2.684403978767583090e-02
3.000000000000497380e+00 -2.430769371519744815e-02 2.489750611719054527e-02
3.100000000000498801e+00 -2.436742436108251322e-02 2.309684164874177895e-02
3.200000000000500222e+00 -2.433422974501701919e-02 2.143482891323668371e-02
3.300000000000501643e+00 -2.422713516661774771e-02 1.990320370488214349e-02
3.400000000000503064e+00 -2.406199474313985148e-02 1.849320114636375870e-02
3.500000000000504485e+00 -2.385193946735026521e-02 1.719594468363280088e-02
3.600000000000505906e+00 -2.360778668039030526e-02 1.600271425363635272e-02
3.700000000000507328e+00 -2.333840416082024957e-02 1.490512347780780823e-02
3.800000000000508749e+00 -2.305102756930956648e-02 1.389522969772566743e-02
3.900000000000510170e+00 -2.275153325720802658e-02 1.296559539635519509e-02
4.000000000000511591e+00 -2.244467019231792537e-02 1.210931516386429610e-02
4.100000000000513012e+00 -2.213425551697333071e-02 1.132001884070022238e-02
4.200000000000514433e+00 -2.182333841005950487e-02 1.059185870511779835e-02
4.300000000000515854e+00 -2.151433673040978323e-02 9.919486443256120972e-03
4.400000000000517275e+00 -2.120915054060425881e-02 9.298024025501984424e-03
4.500000000000518696e+00 -2.090925615300119958e-02 8.723031405043003492e-03
4.600000000000520117e+00 -2.061578386681013619e-02 8.190473059996932967e-03
4.700000000000521538e+00 -2.032958211287470493e-02 7.696684746028979555e-03
4.800000000000522959e+00 -2.005127030984486108e-02 7.238341352064307961e-03
4.900000000000524381e+00 -1.978128236934718551e-02 6.812426411915258745e-03
5.000000000000525802e+00 -1.951990247022120095e-02 6.416203584850064742e-03
5.100000000000527223e+00 -1.926729445002361985e-02 6.047190250920811937e-03
5.200000000000528644e+00 -1.902352593217302920e-02 5.703133253259506236e-03
5.300000000000530065e+00 -1.878858811409900992e-02 5.381986744166292885e-03
5.400000000000531486e+00 -1.856241198063025843e-02 5.081892043810942033e-03
5.500000000000532907e+00 -1.834488157318171428e-02 4.801159392079965872e-03
5.600000000000534328e+00 -1.813584483438853562e-02 4.538251459033098081e-03
5.700000000000535749e+00 -1.793512245639006936e-02 4.291768473951348278e-03
5.800000000000537170e+00 -1.774251508548306891e-02 4.060434833588516708e-03
5.900000000000538591e+00 -1.755780917362534388e-02 3.843087054843566559e-03
6.000000000000540012e+00 -1.738078171619120149e-02 3.638662944359622592e-03
6.100000000000541434e+00 -1.721120407316528017e-02 3.446191865987292217e-03
6.200000000000542855e+00 -1.704884503637300874e-02 3.264785996320651064e-03
6.300000000000544276e+00 -1.689347327682530139e-02 3.093632467824478614e-03
6.400000000000545697e+00 -1.674485928273124896e-02 2.931986308127250418e-03
6.500000000000547118e+00 -1.660277687948541470e-02 2.779164092840719687e-03
6.600000000000548539e+00 -1.646700440692982353e-02 2.634538237329524159e-03
6.700000000000549960e+00 -1.633732561611393741e-02 2.497531860460496574e-03
6.800000000000551381e+00 -1.621353033694095808e-02 2.367614160275947118e-03
6.900000000000552802e+00 -1.609541495910822920e-02 2.244296247792323777e-03
7.000000000000554223e+00 -1.598278276143066598e-02 2.127127390896535984e-03
7.100000000000555644e+00 -1.587544411846840767e-02 2.015691625381841375e-03
7.200000000000557066e+00 -1.577321660837389949e-02 1.909604694822470469e-03
7.300000000000558487e+00 -1.567592504169269124e-02 1.808511285113062125e-03
7.400000000000559908e+00 -1.558340142736171739e-02 1.712082523157564332e-03
7.500000000000561329e+00 -1.549548488933537825e-02 1.620013712539809282e-03
7.600000000000562750e+00 -1.541202154484550696e-02 1.532022281890209380e-03
7.700000000000564171e+00 -1.533286435336575146e-02 1.447845924310457288e-03
7.800000000000565592e+00 -1.525787294371663827e-02 1.367240908540057025e-03
7.900000000000567013e+00 -1.518691342536972883e-02 1.289980544590168133e-03
8.000000000000568434e+00 -1.511985818892795132e-02 1.215853788451724295e-03
8.100000000000569855e+00 -1.505658569979027514e-02 1.144663972078022000e-03
8.200000000000571276e+00 -1.499698028826404461e-02 1.076227646323184989e-03
8.300000000000572697e+00 -1.494093193874776807e-02 1.010373525808938230e-03
8.400000000000574119e+00 -1.488833608006082457e-02 9.469415258213985474e-04
8.500000000000575540e+00 -1.483909337859053330e-02 8.857818823982517792e-04
8.600000000000576961e+00 -1.479310953553757656e-02 8.267543476445100414e-04
8.700000000000578382e+00 -1.475029508926345087e-02 7.697274531494870077e-04
8.800000000000579803e+00 -1.471056522349747410e-02 7.145778351000912779e-04
8.900000000000581224e+00 -1.467383958194777224e-02 6.611896153134557471e-04
9.000000000000582645e+00 -1.464004208971910609e-02 6.094538330170707219e-04
9.100000000000584066e+00 -1.460910078178623978e-02 5.592679226907291707e-04
9.200000000000585487e+00 -1.458094763867823218e-02 5.105352337629165795e-04
9.300000000000586908e+00 -1.455551842943991585e-02 4.631645883641688673e-04
9.400000000000588329e+00 -1.453275256185961387e-02 4.170698736926340289e-04
9.500000000000589750e+00 -1.451259293991149016e-02 3.721696659009246727e-04
9.600000000000591172e+00 -1.449498582830478950e-02 3.283868826843075461e-04
9.700000000000592593e+00 -1.447988072400862095e-02 2.856484620304845096e-04
9.800000000000594014e+00 -1.446723023459469890e-02 2.438850648277461988e-04
9.900000000000595435e+00 -1.445698996321826205e-02 2.030307992280015825e-04
1.000000000000059686e+01 -1.444911840005293907e-02 1.630229648740062396e-04
1.010000000000059828e+01 -1.444357681998055531e-02 1.238018152509938723e-04
1.020000000000059970e+01 -1.444032918633784621e-02 8.531033659121080347e-05
1.030000000000060112e+01 -1.443934206051960580e-02 4.749404189851062427e-05
1.040000000000060254e+01 -1.444058451723852048e-02 1.030077877331621317e-05
1.050000000000060396e+01 -1.444402806524731214e-02 -2.631945014959806081e-05
1.060000000000060538e+01 -1.444964657333236598e-02 -6.241465525563008555e-05
1.070000000000060680e+01 -1.445741620139560403e-02 -9.803101749845699901e-05
1.080000000000060822e+01 -1.446731533644707302e-02 -1.332130363609105661e-04
1.090000000000060965e+01 -1.447932453334118894e-02 -1.680036690847906211e-04
1.100000000000061107e+01 -1.449342646009462929e-02 -2.024444619409860886e-04
1.110000000000061249e+01 -1.450960584763658773e-02 -2.365756742687674923e-04
1.120000000000061391e+01 -1.452784944384920979e-02 -2.704363959475860626e-04
1.130000000000061533e+01 -1.454814597176381369e-02 -3.040646589161630003e-04
1.140000000000061675e+01 -1.457048609179390636e-02 -3.374975433207179224e-04
1.150000000000061817e+01 -1.459486236788675069e-02 -3.707712788179020800e-04
1.160000000000061959e+01 -1.462126923749391440e-02 -4.039213415399639105e-04
1.170000000000062101e+01 -1.464970298526522934e-02 -4.369825471875523606e-04
1.180000000000062244e+01 -1.468016172037847795e-02 -4.699891406879706888e-04
1.190000000000062386e+01 -1.471264535743585511e-02 -5.029748828426018658e-04
1.200000000000062528e+01 -1.474715560085352282e-02 -5.359731343491671261e-04
1.210000000000062670e+01 -1.478369593269407249e-02 -5.690169375822181231e-04
1.220000000000062812e+01 -1.482227160389227097e-02 -6.021390964885764766e-04
1.230000000000062954e+01 -1.486288962883189346e-02 -6.353722549407138723e-04
1.240000000000063096e+01 -1.490555878325313874e-02 -6.687489738901715658e-04
1.250000000000063238e+01 -1.495028960545990646e-02 -7.023018076373309382e-04
1.260000000000063380e+01 -1.499709440082482199e-02 -7.360633795433717914e-04
1.270000000000063523e+01 -1.504598724958655306e-02 -7.700664574946345384e-04
1.280000000000063665e+01 -1.509698401794156569e-02 -8.043440294265507369e-04
1.290000000000063807e+01 -1.515010237245889915e-02 -8.389293792232862135e-04
1.300000000000063949e+01 -1.520536179782458128e-02 -8.738561632956519604e-04
1.310000000000064091e+01 -1.526278361796986130e-02 -9.091584881545770620e-04
1.320000000000064233e+01 -1.532239102061404117e-02 -9.448709892977619814e-04
1.330000000000064375e+01 -1.538420908527474845e-02 -9.810289117288875909e-04
1.340000000000064517e+01 -1.544826481481584822e-02 -1.017668192448833997e-03
1.350000000000064659e+01 -1.551458717060088741e-02 -1.054825545260032341e-03
1.360000000000064801e+01 -1.558320711132764325e-02 -1.092538548237621853e-03
1.370000000000064944e+01 -1.565415763565045082e-02 -1.130845734248469214e-03
1.380000000000065086e+01 -1.572747382867422869e-02 -1.169786684898429336e-03
1.390000000000065228e+01 -1.580319291244772564e-02 -1.209402128327440084e-03
1.400000000000065370e+01 -1.588135430057327838e-02 -1.249734041283587617e-03
1.410000000000065512e+01 -1.596199965705942872e-02 -1.290825755933153749e-03
1.420000000000065654e+01 -1.604517295957880521e-02 -1.332722071906095171e-03
1.430000000000065796e+01 -1.613092056726600151e-02 -1.375469374089351550e-03
1.440000000000065938e+01 -1.621929129324105323e-02 -1.419115756737465966e-03
1.450000000000066080e+01 -1.631033648203092379e-02 -1.463711154498263060e-03
1.460000000000066223e+01 -1.640411009207154436e-02 -1.509307480996258544e-03
1.470000000000066365e+01 -1.650066878351397551e-02 -1.555958775681220291e-03
1.480000000000066507e+01 -1.660007201152495851e-02 -1.603721359683010382e-03
1.490000000000066649e+01 -1.670238212533000158e-02 -1.652654001498174777e-03
1.500000000000066791e+01 -1.680766447323017720e-02 -1.702818093388209966e-03
1.510000000000066933e+01 -1.691598751383372595e-02 -1.754277839444463210e-03
1.520000000000067075e+01 -1.702742293378846361e-02 -1.807100456374590314e-03
1.530000000000067217e+01 -1.714204577225969181e-02 -1.861356388133306086e-03
1.540000000000067359e+01 -1.725993455246108838e-02 -1.917119535648096522e-03
1.550000000000067502e+01 -1.738117142052213876e-02 -1.974467502988452253e-03
1.560000000000067644e+01 -1.750584229198118291e-02 -2.033481861452053965e-03
1.570000000000067786e+01 -1.763403700623790080e-02 -2.094248433199209086e-03
1.580000000000067928e+01 -1.776584948924268131e-02 -2.156857596192877057e-03
1.590000000000068070e+01 -1.790137792476205816e-02 -2.221404612401922749e-03
1.600000000000068212e+01 -1.804072493451892509e-02 -2.287989981397445770e-03
1.610000000000068354e+01 -1.818399776749651808e-02 -2.356719821681995189e-03
1.620000000000068496e+01 -1.833130849872764701e-02 -2.427706282347552418e-03
1.630000000000068638e+01 -1.848277423780241707e-02 -2.501067987886015226e-03
1.640000000000068781e+01 -1.863851734737061866e-02 -2.576930519299863807e-03
1.650000000000068923e+01 -1.879866567183415688e-02 -2.655426934963016523e-03
1.660000000000069065e+01 -1.896335277637296174e-02 -2.736698335040537063e-03
1.670000000000069207e+01 -1.913271819643580160e-02 -2.820894473702703804e-03
1.680000000000069349e+01 -1.930690769766624584e-02 -2.908174423778144002e-03
1.690000000000069491e+01 -1.948607354621227292e-02 -2.998707299030826338e-03
1.700000000000069633e+01 -1.967037478918912119e-02 -3.092673039780309465e-03
1.710000000000069775e+01 -1.985997754490242267e-02 -3.190263268207871750e-03
1.720000000000069917e+01 -2.005505530230065198e-02 -3.291682220421075257e-03
1.730000000000070060e+01 -2.025578922879275184e-02 -3.397147763086127373e-03
1.740000000000070202e+01 -2.046236848536303957e-02 -3.506892503362536283e-03
1.750000000000070344e+01 -2.067499054749611515e-02 -3.621165001829071591e-03
1.760000000000070486e+01 -2.089386152998053137e-02 -3.740231099190822767e-03
1.770000000000070628e+01 -2.111919651319323771e-02 -3.864375368832115645e-03
1.780000000000070770e+01 -2.135121986771242042e-02 -3.993902708613356924e-03
1.790000000000070912e+01 -2.159016557342764014e-02 -4.129140086928355900e-03
1.800000000000071054e+01 -2.183627752829761515e-02 -4.270438459755812079e-03
1.810000000000071196e+01 -2.208980984075106790e-02 -4.418174877403897340e-03
1.820000000000071338e+01 -2.235102709841434165e-02 -4.572754801903673727e-03
1.830000000000071481e+01 -2.262020460404573149e-02 -4.734614658420274735e-03
1.840000000000071623e+01 -2.289762856764999965e-02 -4.904224646909510765e-03
1.850000000000071765e+01 -2.318359624121449011e-02 -5.082091843330249770e-03
1.860000000000071907e+01 -2.347841597953700260e-02 -5.268763623222062591e-03
1.870000000000072049e+01 -2.378240720712221368e-02 -5.464831444437160540e-03
1.880000000000072191e+01 -2.409590026664612528e-02 -5.670935030110357995e-03
1.890000000000072333e+01 -2.441923611938735805e-02 -5.887766997927300697e-03
1.900000000000072475e+01 -2.475276586158729752e-02 -6.116077987128908273e-03
1.910000000000072617e+01 -2.509685001300851481e-02 -6.356682340701452945e-03
1.920000000000072760e+01 -2.545185752475565694e-02 -6.610464406910997008e-03
1.930000000000072902e+01 -2.581816444196838312e-02 -6.878385531500526631e-03
1.940000000000073044e+01 -2.619615214347100624e-02 -7.161491819892122808e-03
1.950000000000073186e+01 -2.658620506374044165e-02 -7.460922757177893341e-03
1.960000000000073328e+01 -2.698870778236930890e-02 -7.777920782710860334e-03
1.970000000000073470e+01 -2.740404134181637780e-02 -8.113841925619296597e-03
1.980000000000073612e+01 -2.783257862426245788e-02 -8.470167616970029553e-03
1.990000000000073754e+01 -2.827467858239462312e-02 -8.848517803760599931e-03
2.000000000000073896e+01 -2.873067907483817587e-02 -9.250665498307093434e-03
2.010000000000074039e+01 -2.920088800351349628e-02 -9.678552903391155274e-03
2.020000000000074181e+01 -2.968557238546225274e-02 -1.013430925758297338e-02
2.030000000000074323e+01 -3.018494491275910269e-02 -1.062027054426101930e-02
2.040000000000074465e+01 -3.069914745902426259e-02 -1.113900120029858581e-02
2.050000000000074607e+01 -3.122823087567638475e-02 -1.169331794205335541e-02
2.060000000000074749e+01 -3.177213028216529372e-02 -1.228631579291101714e-02
2.070000000000074891e+01 -3.233063488784328199e-02 -1.292139634183562744e-02
2.080000000000075033e+01 -3.290335118371874590e-02 -1.360229817669656241e-02
2.090000000000075175e+01 -3.348965810642173802e-02 -1.433312930861529652e-02
2.100000000000075318e+01 -3.408865249909050210e-02 -1.511840121706585320e-02
2.110000000000075460e+01 -3.469908287210964754e-02 -1.596306387897538509e-02
2.120000000000075602e+01 -3.531926910025590116e-02 -1.687254077011597631e-02
2.130000000000075744e+01 -3.594700528540281659e-02 -1.785276230513477974e-02
2.140000000000075886e+01 -3.657944257898697316e-02 -1.891019546635977489e-02
2.150000000000076028e+01 -3.721294832057450014e-02 -2.005186639759582584e-02
2.160000000000076170e+01 -3.784293745552666510e-02 -2.128537143117154376e-02
2.170000000000076312e+01 -3.846367192500613208e-02 -2.261887028189791399e-02
2.180000000000076454e+01 -3.906802370187764661e-02 -2.406105287272753204e-02
2.190000000000076597e+01 -3.964719757472019018e-02 -2.562106834389632840e-02
2.200000000000076739e+01 -4.019041095344490916e-02 -2.730840113818110149e-02
2.210000000000076881e+01 -4.068453031284458704e-02 -2.913267459730593811e-02
2.220000000000077023e+01 -4.111366800284391165e-02 -3.110335730282865266e-02
2.230000000000077165e+01 -4.145874983392461993e-02 -3.322934170976132862e-02
2.240000000000077307e+01 -4.169707409544200910e-02 -3.551835908424170324e-02
2.250000000000077449e+01 -4.180189762378815760e-02 -3.797619058511666340e-02
2.260000000000077591e+01 -4.174210529564072875e-02 -4.060563363297415435e-02
2.270000000000077733e+01 -4.148204649341626082e-02 -4.340518881306003329e-02
2.280000000000077875e+01 -4.098165504701179601e-02 -4.636745024585672836e-02
2.290000000000078018e+01 -4.019700479842847757e-02 -4.947721781269713570e-02
2.300000000000078160e+01 -3.908148401388017446e-02 -5.270940957362114931e-02
2.310000000000078302e+01 -3.758778517673712349e-02 -5.602694224560619829e-02
2.320000000000078444e+01 -3.567088207994377480e-02 -5.937886593234056182e-02
2.330000000000078586e+01 -3.329207813585832731e-02 -6.269917339890163088e-02
2.340000000000078728e+01 -3.042403449113529126e-02 -6.590682175698006628e-02
2.350000000000078870e+01 -2.705641560647205346e-02 -6.890755012691406056e-02
2.360000000000079012e+01 -2.320145117186656752e-02 -7.159797912233857586e-02
2.370000000000079154e+01 -1.889838864609704600e-02 -7.387217395090575622e-02
2.380000000000079297e+01 -1.421563629812002544e-02 -7.563033180107528453e-02
2.390000000000079439e+01 -9.249524279693001685e-03 -7.678860365730327819e-02
2.400000000000079581e+01 -4.119130310698458641e-03 -7.728848075908596738e-02
2.410000000000079723e+01 1.042533304923326607e-03 -7.710392443096095172e-02
2.420000000000079865e+01 6.099735039299392092e-03 -7.624468716062962614e-02
2.430000000000080007e+01 1.092572285507181946e-02 -7.475505825803568927e-02
2.440000000000080149e+01 1.541284464403581272e-02 -7.270832675347167762e-02
2.450000000000080291e+01 1.947948807353005324e-02 -7.019820765207265834e-02
2.460000000000080433e+01 2.307310281476360192e-02 -6.732899935446812201e-02
2.470000000000080576e+01 2.616949878051318124e-02 -6.420621306825215202e-02
2.480000000000080718e+01 2.876930382206672326e-02 -6.092895441716989630e-02
2.490000000000080860e+01 3.089276785456707836e-02 -5.758468881348727253e-02
2.500000000000081002e+01 3.257404736100354831e-02 -5.424642364392900928e-02
2.510000000000081144e+01 3.385582933202429395e-02 -5.097193292840635631e-02
2.520000000000081286e+01 3.478480762562718293e-02 -4.780446350946374046e-02
2.530000000000081428e+01 3.540821623754851488e-02 -4.477435088062255153e-02
2.540000000000081570e+01 3.577140412619136955e-02 -4.190106552554796054e-02
2.550000000000081712e+01 3.591631059279234983e-02 -3.919534255135113943e-02
2.560000000000081855e+01 3.588064981321677227e-02 -3.666117559234929879e-02
2.570000000000081997e+01 3.569761192587626863e-02 -3.429755937447090397e-02
2.580000000000082139e+01 3.539591305658251058e-02 -3.209993845929789286e-02
2.590000000000082281e+01 3.500006142916568114e-02 -3.006136557615829083e-02
2.600000000000082423e+01 3.453074149254987957e-02 -2.817339796019638007e-02
2.610000000000082565e+01 3.400524801551396692e-02 -2.642677084984298985e-02
2.620000000000082707e+01 3.343792577843435199e-02 -2.481188922297617588e-02
2.630000000000082849e+01 3.284058799293134573e-02 -2.331917594821562509e-02
2.640000000000082991e+01 3.222289884650604563e-02 -2.193930941976314844e-02
2.650000000000083134e+01 3.159271375193983128e-02 -2.066337801905859459e-02
2.660000000000083276e+01 3.095637606061849012e-02 -1.948297327347529861e-02
2.670000000000083418e+01 3.031897206786043561e-02 -1.839023876577778119e-02
2.680000000000083560e+01 2.968454778509956038e-02 -1.737788782507316415e-02
2.690000000000083702e+01 2.905629167940585594e-02 -1.643919978491714673e-02
2.700000000000083844e+01 2.843668773709080028e-02 -1.556800204315284333e-02
2.710000000000083986e+01 2.782764303409168000e-02 -1.475864319259660717e-02
2.720000000000084128e+01 2.723059364651818012e-02 -1.400596099968497328e-02
2.730000000000084270e+01 2.664659231018098526e-02 -1.330524789196173112e-02
2.740000000000084412e+01 2.607638079730377825e-02 -1.265221578921020551e-02
2.750000000000084555e+01 2.552044955621135883e-02 -1.204296150853162786e-02
2.760000000000084697e+01 2.497908677398091165e-02 -1.147393353692745949e-02
2.770000000000084839e+01 2.445241867925626242e-02 -1.094190065227015028e-02
2.780000000000084981e+01 2.394044260507998539e-02 -1.044392265372388710e-02
2.790000000000085123e+01 2.344305407694080232e-02 -9.977323310272782908e-03
2.800000000000085265e+01 2.296006897548895365e-02 -9.539665532700126321e-03
2.810000000000085407e+01 2.249124164258273911e-02 -9.128728706933382508e-03
2.820000000000085549e+01 2.203627964794264635e-02 -8.742488084066931883e-03
2.830000000000085691e+01 2.159485580825644402e-02 -8.379096098047053923e-03
2.840000000000085834e+01 2.116661794653877660e-02 -8.036865469922532118e-03
2.850000000000085976e+01 2.075119679345093643e-02 -7.714253953869326316e-03
2.860000000000086118e+01 2.034821236160471239e-02 -7.409850582436972727e-03
2.870000000000086260e+01 1.995727906523683814e-02 -7.122363273949026269e-03
2.880000000000086402e+01 1.957800980968810861e-02 -6.850607672945549856e-03
2.890000000000086544e+01 1.921001923553239052e-02 -6.593497103553619051e-03
2.900000000000086686e+01 1.885292626951338632e-02 -6.350033525082028792e-03
2.910000000000086828e+01 1.850635610783633173e-02 -6.119299388789067699e-03
2.920000000000086970e+01 1.816994173511281285e-02 -5.900450303872182417e-03
2.930000000000087113e+01 1.784332506421298925e-02 -5.692708429582651886e-03
2.940000000000087255e+01 1.752615776730770750e-02 -5.495356518551680614e-03
2.950000000000087397e+01 1.721810185594586928e-02 -5.307732543916154205e-03
2.960000000000087539e+01 1.691883005800499593e-02 -5.129224849864285653e-03
2.970000000000087681e+01 1.662802603079710853e-02 -4.959267771417107118e-03
2.980000000000087823e+01 1.634538444278721414e-02 -4.797337675026061565e-03
2.990000000000087965e+01 1.607061095065133102e-02 -4.642949376693105909e-03
3.000000000000088107e+01 1.580342209358078648e-02 -4.495652898878214204e-03
3.010000000000088249e+01 1.554354512297031685e-02 -4.355030531669579208e-03
3.020000000000088392e+01 1.529071778225078553e-02 -4.220694167302660102e-03
3.030000000000088534e+01 1.504468804904120563e-02 -4.092282880461745216e-03
3.040000000000088676e+01 1.480521384957386027e-02 -3.969460729731854112e-03
3.050000000000088818e+01 1.457206275343546006e-02 -3.851914758147728744e-03
3.060000000000088960e+01 1.434501165527340624e-02 -3.739353173184063826e-03
3.070000000000089102e+01 1.412384644873858688e-02 -3.631503688544564148e-03
3.080000000000089244e+01 1.390836169697633184e-02 -3.528112011997932077e-03
3.090000000000089386e+01 1.369836030311499982e-02 -3.428940465151948322e-03
3.100000000000089528e+01 1.349365318342474543e-02 -3.333766722490729296e-03
3.110000000000089670e+01 1.329405894534257601e-02 -3.242382658358461747e-03
3.120000000000089813e+01 1.309940357197118821e-02 -3.154593291685445135e-03
3.130000000000089955e+01 1.290952011433166985e-02 -3.070215819322978223e-03
3.140000000000090097e+01 1.272424839232187341e-02 -2.989078729776388672e-03
3.150000000000090239e+01 1.254343470500632850e-02 -2.911020989924897970e-03
3.160000000000090381e+01 1.236693155074228279e-02 -2.835891298097025903e-03
3.170000000000090523e+01 1.219459735737579709e-02 -2.763547397487299030e-03
3.180000000000090665e+01 1.202629622266032997e-02 -2.693855444516325432e-03
3.190000000000090807e+01 1.186189766493317248e-02 -2.626689427261487669e-03
