-3.200000000000000000e+01 1.645127692117527574e-02 3.467781749369396906e-03
-3.189999999999999858e+01 1.666906423369168833e-02 3.553835443619529980e-03
-3.179999999999999716e+01 1.689187831807823642e-02 3.643064524289078843e-03
-3.169999999999999574e+01 1.711988462289759996e-02 3.735625188595646275e-03
-3.159999999999999432e+01 1.735325541808016916e-02 3.831683224848597864e-03
-3.149999999999999289e+01 1.759217010946195758e-02 3.931414716795090560e-03
-3.139999999999999147e+01 1.783681556666375650e-02 4.035006807955205180e-03
-3.129999999999999005e+01 1.808738646445612330e-02 4.142658531758161393e-03
-3.119999999999998863e+01 1.834408563756343910e-02 4.254581713882985179e-03
-3.109999999999998721e+01 1.860712444870604720e-02 4.371001953897116904e-03
-3.099999999999998579e+01 1.887672316957494933e-02 4.492159694096727919e-03
-3.089999999999998437e+01 1.915311137407407771e-02 4.618311384262854119e-03
-3.079999999999998295e+01 1.943652834300947652e-02 4.749730752072986971e-03
-3.069999999999998153e+01 1.972722347897417489e-02 4.886710189958010098e-03
-3.059999999999998010e+01 2.002545672974588575e-02 5.029562270406871816e-03
-3.049999999999997868e+01 2.033149901808714924e-02 5.178621403128921309e-03
-3.039999999999997726e+01 2.064563267505990785e-02 5.334245648945125547e-03
-3.029999999999997584e+01 2.096815187334442193e-02 5.496818707064958336e-03
-3.019999999999997442e+01 2.129936305602905117e-02 5.666752094289611436e-03
-3.009999999999997300e+01 2.163958535520421611e-02 5.844487536841466019e-03
-2.999999999999997158e+01 2.198915099343535726e-02 6.030499598004446238e-03
-2.989999999999997016e+01 2.234840565937516732e-02 6.225298567405179034e-03
-2.979999999999996874e+01 2.271770884694771994e-02 6.429433640916033810e-03
-2.969999999999996732e+01 2.309743414502342038e-02 6.643496423549665429e-03
-2.959999999999996589e+01 2.348796946158537152e-02 6.868124791570593551e-03
-2.949999999999996447e+01 2.388971716299157985e-02 7.104007154448774806e-03
-2.939999999999996305e+01 2.430309410449607577e-02 7.351887162024570502e-03
-2.929999999999996163e+01 2.472853152324298864e-02 7.612568907788216238e-03
-2.919999999999996021e+01 2.516647475861059913e-02 7.886922685166787225e-03
-2.909999999999995879e+01 2.561738275725199826e-02 8.175891360448148126e-03
-2.899999999999995737e+01 2.608172731121306820e-02 8.480497433546733271e-03
-2.889999999999995595e+01 2.655999196626072922e-02 8.801850865957272854e-03
-2.879999999999995453e+01 2.705267052440798320e-02 9.141157764484254128e-03
-2.869999999999995310e+01 2.756026504827535292e-02 9.499730019192575980e-03
-2.859999999999995168e+01 2.808328325525375965e-02 9.878996004778954274e-03
-2.849999999999995026e+01 2.862223516572472842e-02 1.028051246619958621e-02
-2.839999999999994884e+01 2.917762884035143486e-02 1.070597772134724082e-02
-2.829999999999994742e+01 2.974996500648911107e-02 1.115724632625670308e-02
-2.819999999999994600e+01 3.033973033080498982e-02 1.163634536068294811e-02
-2.809999999999994458e+01 3.094738904317376194e-02 1.214549250372102228e-02
-2.799999999999994316e+01 3.157337255390176706e-02 1.268711607959186957e-02
-2.789999999999994174e+01 3.221806662927209630e-02 1.326387726092480117e-02
-2.779999999999994031e+01 3.288179559752271719e-02 1.387869461981111954e-02
-2.769999999999993889e+01 3.356480294422424515e-02 1.453477121204698082e-02
-2.759999999999993747e+01 3.426722751930204314e-02 1.523562436410761355e-02
-2.749999999999993605e+01 3.498907441311720212e-02 1.598511830042636042e-02
-2.739999999999993463e+01 3.573017936007438777e-02 1.678749969256590827e-02
-2.729999999999993321e+01 3.649016529065089720e-02 1.764743612326013372e-02
-2.719999999999993179e+01 3.726838936922269307e-02 1.857005732253760172e-02
-2.709999999999993037e+01 3.806387852041263897e-02 1.956099883286002705e-02
-2.699999999999992895e+01 3.887525105594162589e-02 2.062644747133554612e-02
-2.689999999999992752e+01 3.970062156349409010e-02 2.177318754617503169e-02
-2.679999999999992610e+01 4.053748571211925056e-02 2.300864621062660015e-02
-2.669999999999992468e+01 4.138258107358924048e-02 2.434093554323129779e-02
-2.659999999999992326e+01 4.223171948010925880e-02 2.577888785768082600e-02
-2.649999999999992184e+01 4.307958588084995905e-02 2.733207927868972972e-02
-2.639999999999992042e+01 4.391949820073018373e-02 2.901083465962424335e-02
-2.629999999999991900e+01 4.474312247615654103e-02 3.082620433477110261e-02
-2.619999999999991758e+01 4.554013774777314338e-02 3.278989984669611335e-02
-2.609999999999991616e+01 4.629784614384378771e-02 3.491417152472376523e-02
-2.599999999999991473e+01 4.700072575195107794e-02 3.721160550386980181e-02
-2.589999999999991331e+01 4.762992790962200518e-02 3.969481144408745776e-02
-2.579999999999991189e+01 4.816272735084507067e-02 4.237596501744110566e-02
-2.569999999999991047e+01 4.857194439848545875e-02 4.526616170728536837e-02
-2.559999999999990905e+01 4.882537451184149058e-02 4.837453175098132413e-02
-2.549999999999990763e+01 4.888528349784584254e-02 5.170706224275417595e-02
-2.539999999999990621e+01 4.870805781031554288e-02 5.526507494493958922e-02
-2.529999999999990479e+01 4.824413881222106015e-02 5.904332246197670914e-02
-2.519999999999990337e+01 4.743841558364970956e-02 6.302769829910255528e-02
-2.509999999999990195e+01 4.623129654746373218e-02 6.719261663035304422e-02
-2.499999999999990052e+01 4.456071300662438339e-02 7.149821370145519051e-02
-2.489999999999989910e+01 4.236530612084266761e-02 7.588765869137654996e-02
-2.479999999999989768e+01 3.958898261281531411e-02 8.028503031756063779e-02
-2.469999999999989626e+01 3.618685938391313223e-02 8.459438881750935835e-02
-2.459999999999989484e+01 3.213232831346939794e-02 8.870079484223887534e-02
-2.449999999999989342e+01 2.742456711812590181e-02 9.247401240782843201e-02
-2.439999999999989200e+01 2.209536736545405014e-02 9.577538783445115056e-02
-2.429999999999989058e+01 1.621378949307947584e-02 9.846786124065476375e-02
-2.419999999999988916e+01 9.887085011241237426e-03 1.004282806389280719e-01
-2.409999999999988773e+01 3.256724928017575016e-03 1.015603362847245505e-01
-2.399999999999988631e+01 -3.510720052814325989e-03 1.018058276232624154e-01
-2.389999999999988489e+01 -1.023687901957272099e-02 1.011519397166935758e-01
-2.379999999999988347e+01 -1.674695438711448076e-02 9.963289160162237812e-02
-2.369999999999988205e+01 -2.288446024476532142e-02 9.732557198861441217e-02
-2.359999999999988063e+01 -2.852280368939059951e-02 9.434016979775240730e-02
-2.349999999999987921e+01 -3.357208450354719903e-02 9.080783920873793102e-02
-2.339999999999987779e+01 -3.798072325523785958e-02 8.686779260000818126e-02
-2.329999999999987637e+01 -4.173264507862838035e-02 8.265588426500096453e-02
-2.319999999999987494e+01 -4.484142849287078153e-02 7.829598569914243689e-02
-2.309999999999987352e+01 -4.734299636594901939e-02 7.389459837851844459e-02
-2.299999999999987210e+01 -4.928819693313576944e-02 6.953846513148302655e-02
-2.289999999999987068e+01 -5.073619623944590484e-02 6.529454164262778193e-02
-2.279999999999986926e+01 -5.174915816522461520e-02 6.121156121194808175e-02
-2.269999999999986784e+01 -5.238833216186605801e-02 5.732248594822914045e-02
-2.259999999999986642e+01 -5.271143841925891860e-02 5.364729207997115390e-02
-2.249999999999986500e+01 -5.277112454291607579e-02 5.019571329379447083e-02
-2.239999999999986358e+01 -5.261423547202292300e-02 4.696972150115041184e-02
-2.229999999999986215e+01 -5.228165585895321738e-02 4.396564208870470253e-02
-2.219999999999986073e+01 -5.180852497108636573e-02 4.117587948914780416e-02
-2.209999999999985931e+01 -5.122467101436889436e-02 3.859027549952864095e-02
-2.199999999999985789e+01 -5.055515508752046749e-02 3.619714601753121902e-02
-2.189999999999985647e+01 -4.982085068295187547e-02 3.398404988606640309e-02
-2.179999999999985505e+01 -4.903901192937497322e-02 3.193834262149531505e-02
-2.169999999999985363e+01 -4.822380342934126651e-02 3.004756231900178667e-02
-2.159999999999985221e+01 -4.738677801370805298e-02 2.829968775241882215e-02
-2.149999999999985079e+01 -4.653729751296772910e-02 2.668330121493272394e-02
-2.139999999999984936e+01 -4.568289704963288123e-02 2.518768181141679136e-02
-2.129999999999984794e+01 -4.482959643463656219e-02 2.380284905531727599e-02
-2.119999999999984652e+01 -4.398216378990063569e-02 2.251957181444862177e-02
-2.109999999999984510e+01 -4.314433708255185906e-02 2.132935382200661437e-02
-2.099999999999984368e+01 -4.231900923038185713e-02 2.022440398753674526e-02
-2.089999999999984226e+01 -4.150838208366026266e-02 1.919759746311787765e-02
-2.079999999999984084e+01 -4.071409407151363458e-02 1.824243170121092258e-02
-2.069999999999983942e+01 -3.993732572566862510e-02 1.735298046077071374e-02
-2.059999999999983800e+01 -3.917888672279385559e-02 1.652384777702986876e-02
-2.049999999999983658e+01 -3.843928755128359076e-02 1.575012322446852839e-02
-2.039999999999983515e+01 -3.771879842687279882e-02 1.502733930974499074e-02
-2.029999999999983373e+01 -3.701749765861676172e-02 1.435143148116577866e-02
-2.019999999999983231e+01 -3.633531130193339009e-02 1.371870099617946738e-02
-2.009999999999983089e+01 -3.567204562539852408e-02 1.312578072079055927e-02
-1.999999999999982947e+01 -3.502741365591612727e-02 1.256960382219505200e-02
-1.989999999999982805e+01 -3.440105684798544505e-02 1.204737524392603815e-02
-1.979999999999982663e+01 -3.379256274025619483e-02 1.155654580892576284e-02
-1.969999999999982521e+01 -3.320147931093513083e-02 1.109478877186981759e-02
-1.959999999999982379e+01 -3.262732661864753414e-02 1.065997863214372156e-02
-1.949999999999982236e+01 -3.206960621162086716e-02 1.025017201769830646e-02
-1.939999999999982094e+01 -3.152780870300042615e-02 9.863590455334855095e-03
-1.929999999999981952e+01 -3.100141983987629579e-02 9.498604851903130405e-03
-1.919999999999981810e+01 -3.048992533563437551e-02 9.153721521919311668e-03
-1.909999999999981668e+01 -2.999281468795646916e-02 8.827569609531897565e-03
-1.899999999999981526e+01 -2.950958416538913484e-02 8.518889765123124555e-03
-1.889999999999981384e+01 -2.903973911336632518e-02 8.226523949331746369e-03
-1.879999999999981242e+01 -2.858279570404469866e-02 7.949406249146700673e-03
-1.869999999999981100e+01 -2.813828223232442416e-02 7.686554601817052745e-03
-1.859999999999980957e+01 -2.770574004266989840e-02 7.437063332864822345e-03
-1.849999999999980815e+01 -2.728472415627567968e-02 7.200096423900211387e-03
-1.839999999999980673e+01 -2.687480365603576310e-02 6.974881434753729161e-03
-1.829999999999980531e+01 -2.647556187666529753e-02 6.760704012340138652e-03
-1.819999999999980389e+01 -2.608659643885306162e-02 6.556902925739092024e-03
-1.809999999999980247e+01 -2.570751915963726680e-02 6.362865573513881885e-03
-1.799999999999980105e+01 -2.533795586529510174e-02 6.178023914938164662e-03
-1.789999999999979963e+01 -2.497754612845663399e-02 6.001850782028316650e-03
-1.779999999999979821e+01 -2.462594294724773300e-02 5.833856533877927221e-03
-1.769999999999979678e+01 -2.428281238092796362e-02 5.673586018845903564e-03
-1.759999999999979536e+01 -2.394783315400065074e-02 5.520615813902474481e-03
-1.749999999999979394e+01 -2.362069623838315355e-02 5.374551713614304782e-03
-1.739999999999979252e+01 -2.330110442151250502e-02 5.235026444213750248e-03
-1.729999999999979110e+01 -2.298877186674304351e-02 5.101697580780572595e-03
-1.719999999999978968e+01 -2.268342367104069640e-02 4.974245647825635552e-03
-1.709999999999978826e+01 -2.238479542410579809e-02 4.852372385688816583e-03
-1.699999999999978684e+01 -2.209263277204314563e-02 4.735799166922110420e-03
-1.689999999999978542e+01 -2.180669098809699669e-02 4.624265548502383069e-03
-1.679999999999978400e+01 -2.152673455238415801e-02 4.517527947166023045e-03
-1.669999999999978257e+01 -2.125253674199214030e-02 4.415358426417468479e-03
-1.659999999999978115e+01 -2.098387923256200827e-02 4.317543584974986928e-03
-1.649999999999977973e+01 -2.072055171201462806e-02 4.223883537393130320e-03
-1.639999999999977831e+01 -2.046235150690978860e-02 4.134190978558547822e-03
-1.629999999999977689e+01 -2.020908322171323379e-02 4.048290324576601235e-03
-1.619999999999977547e+01 -1.996055839099483004e-02 3.966016923275279306e-03
-1.609999999999977405e+01 -1.971659514457422754e-02 3.887216328258068926e-03
-1.599999999999977263e+01 -1.947701788539319204e-02 3.811743630984479325e-03
-1.589999999999977121e+01 -1.924165697989112592e-02 3.739462845916101744e-03
-1.579999999999976978e+01 -1.901034846059055858e-02 3.670246344239957124e-03
-1.569999999999976836e+01 -1.878293374047442996e-02 3.603974332085964870e-03
-1.559999999999976694e+01 -1.855925933881752768e-02 3.540534369576697066e-03
-1.549999999999976552e+01 -1.833917661798941529e-02 3.479820927357994871e-03
-1.539999999999976410e+01 -1.812254153080326141e-02 3.421734977594377471e-03
-1.529999999999976268e+01 -1.790921437797038732e-02 3.366183616692654430e-03
-1.519999999999976126e+01 -1.769905957514576050e-02 3.313079717253173545e-03
-1.509999999999975984e+01 -1.749194542915658707e-02 3.262341607007160013e-03
-1.499999999999975842e+01 -1.728774392290033032e-02 3.213892772677751520e-03
-1.489999999999975699e+01 -1.708633050847179966e-02 3.167661586909408227e-03
-1.479999999999975557e+01 -1.688758390808416457e-02 3.123581056579669175e-03
-1.469999999999975415e+01 -1.669138592229256826e-02 3.081588590948080089e-03
-1.459999999999975273e+01 -1.649762124514011705e-02 3.041625788261760176e-03
-1.449999999999975131e+01 -1.630617728575506006e-02 3.003638239542904056e-03
-1.439999999999974989e+01 -1.611694399600337863e-02 2.967575348416076446e-03
-1.429999999999974847e+01 -1.592981370380964004e-02 2.933390165939108937e-03
-1.419999999999974705e+01 -1.574468095171030133e-02 2.901039239488846511e-03
-1.409999999999974563e+01 -1.556144234030853654e-02 2.870482474861633243e-03
-1.399999999999974420e+01 -1.537999637621610509e-02 2.841683010813947190e-03
-1.389999999999974278e+01 -1.520024332413765639e-02 2.814607105357214492e-03
-1.379999999999974136e+01 -1.502208506276105082e-02 2.789224033190822356e-03
-1.369999999999973994e+01 -1.484542494406915387e-02 2.765505993715158470e-03
-1.359999999999973852e+01 -1.467016765578681506e-02 2.743428029141963161e-03
-1.349999999999973710e+01 -1.449621908659439080e-02 2.722967952263750241e-03
-1.339999999999973568e+01 -1.432348619380336037e-02 2.704106283507190338e-03
-1.329999999999973426e+01 -1.415187687319476896e-02 2.686826196945628006e-03
-1.319999999999973284e+01 -1.398129983067144394e-02 2.671113474988918556e-03
-1.309999999999973141e+01 -1.381166445546634647e-02 2.656956471524998982e-03
-1.299999999999972999e+01 -1.364288069456641092e-02 2.644346083323248150e-03
-1.289999999999972857e+01 -1.347485892806960656e-02 2.633275729559251578e-03
-1.279999999999972715e+01 -1.330750984519354051e-02 2.623741339362004824e-03
-1.269999999999972573e+01 -1.314074432060656321e-02 2.615741347321092446e-03
-1.259999999999972431e+01 -1.297447329082079305e-02 2.609276696944079488e-03
-1.249999999999972289e+01 -1.280860763033434165e-02 2.604350852077855823e-03
-1.239999999999972147e+01 -1.264305802722196816e-02 2.600969816367464365e-03
-1.229999999999972005e+01 -1.247773485790183018e-02 2.599142160854216264e-03
-1.219999999999971863e+01 -1.231254806074619061e-02 2.598879059862479676e-03
-1.209999999999971720e+01 -1.214740700824579883e-02 2.600194335367592320e-03
-1.199999999999971578e+01 -1.198222037743358441e-02 2.603104510081413053e-03
-1.189999999999971436e+01 -1.181689601821542257e-02 2.607628869539108107e-03
-1.179999999999971294e+01 -1.165134081933213821e-02 2.613789533518880593e-03
-1.169999999999971152e+01 -1.148546057158686406e-02 2.621611537178414851e-03
-1.159999999999971010e+01 -1.131915982801647708e-02 2.631122922345538115e-03
-1.149999999999970868e+01 -1.115234176067727082e-02 2.642354839456990435e-03
-1.139999999999970726e+01 -1.098490801365201858e-02 2.655341660703595431e-03
-1.129999999999970584e+01 -1.081675855195856142e-02 2.670121105001153298e-03
-1.119999999999970441e+01 -1.064779150594538648e-02 2.686734375481837547e-03
-1.109999999999970299e+01 -1.047790301080025500e-02 2.705226310274070570e-03
-1.099999999999970157e+01 -1.030698704078596671e-02 2.725645547419807465e-03
-1.089999999999970015e+01 -1.013493523774964752e-02 2.748044704873366974e-03
-1.079999999999969873e+01 -9.961636733522891141e-03 2.772480576613744509e-03
-1.069999999999969731e+01 -9.786977965730629669e-03 2.799014346017315771e-03
-1.059999999999969589e+01 -9.610842486565508019e-03 2.827711817747340008e-03
-1.049999999999969447e+01 -9.433110764070929549e-03 2.858643669541060302e-03
-1.039999999999969305e+01 -9.253659975404237431e-03 2.891885725422499269e-03
-1.029999999999969162e+01 -9.072363791625232335e-03 2.927519252005971167e-03
-1.019999999999969020e+01 -8.889092153452536615e-03 2.965631279736064430e-03
-1.009999999999968878e+01 -8.703711037472911319e-03 3.006314951083559079e-03
-9.999999999999687361e+00 -8.516082212278289904e-03 3.049669897916152533e-03
-9.899999999999685940e+00 -8.326062983935494238e-03 3.095802650497779702e-03
-9.799999999999684519e+00 -8.133505930279255614e-03 3.144827080794826771e-03
-9.699999999999683098e+00 -7.938258623421404897e-03 3.196864883058531896e-03
-9.599999999999681677e+00 -7.740163339927982888e-03 3.252046094939235049e-03
-9.499999999999680256e+00 -7.539056758123080515e-03 3.310509662717066662e-03
-9.399999999999678835e+00 -7.334769641926686817e-03 3.372404054618412077e-03
-9.299999999999677414e+00 -7.127126510753385019e-03 3.437887926566918825e-03
-9.199999999999675993e+00 -6.915945294929070480e-03 3.507130845197638670e-03
-9.099999999999674571e+00 -6.701036976189476968e-03 3.580314073447556002e-03
-8.999999999999673150e+00 -6.482205212884246254e-03 3.657631424591657569e-03
-8.899999999999671729e+00 -6.259245949519542940e-03 3.739290191238646595e-03
-8.799999999999670308e+00 -6.031947010478301563e-03 3.825512156456718337e-03
-8.699999999999668887e+00 -5.800087677777471945e-03 3.916534695008596842e-03
-8.599999999999667466e+00 -5.563438252949547136e-03 4.012611973514039476e-03
-8.499999999999666045e+00 -5.321759603339418915e-03 4.114016259316673023e-03
-8.399999999999664624e+00 -5.074802693281112859e-03 4.221039348938547542e-03
-8.299999999999663203e+00 -4.822308101043733253e-03 4.333994128160799549e-03
-8.199999999999661782e+00 -4.564005522694321304e-03 4.453216277163796546e-03
-8.099999999999660361e+00 -4.299613264561158443e-03 4.579066135638068177e-03
-7.999999999999658939e+00 -4.028837726547614129e-03 4.711930744463442740e-03
-7.899999999999657518e+00 -3.751372879145446759e-03 4.852226082489756627e-03
-7.799999999999656097e+00 -3.466899737958478028e-03 5.000399519017567629e-03
-7.699999999999654676e+00 -3.175085840420099198e-03 5.156932505029138657e-03
-7.599999999999653255e+00 -2.875584730687594237e-03 5.322343528863823607e-03
-7.499999999999651834e+00 -2.568035460171463197e-03 5.497191365041426137e-03
-7.399999999999650413e+00 -2.252062112836933361e-03 5.682078648379543760e-03
-7.299999999999648992e+00 -1.927273366706207247e-03 5.877655809279853059e-03
-7.199999999999647571e+00 -1.593262105423445818e-03 6.084625410427262245e-03
-7.099999999999646150e+00 -1.249605096955735961e-03 6.303746929913179274e-03
-6.999999999999644729e+00 -8.958627602677939061e-04 6.535842041204485177e-03
-6.899999999999643308e+00 -5.315790452318155945e-04 6.781800446539457475e-03
-6.799999999999641886e+00 -1.562814566724024523e-04 7.042586327062809980e-03
-6.699999999999640465e+00 2.305187401268615766e-04 7.319245480799005041e-03
-6.599999999999639044e+00 6.293260870568334608e-04 7.612913228099552933e-03
-6.499999999999637623e+00 1.040660218929900793e-03 7.924823173820760847e-03
-6.399999999999636202e+00 1.465054800820653202e-03 8.256316926340399875e-03
-6.299999999999634781e+00 1.903056036229824888e-03 8.608854885361512388e-03
-6.199999999999633360e+00 2.355220648502742709e-03 8.984028223907302227e-03
-6.099999999999631939e+00 2.822113217231164706e-03 9.383572204532657918e-03
-5.999999999999630518e+00 3.304302726431902759e-03 9.809380985939770287e-03
-5.899999999999629097e+00 3.802358151232483607e-03 1.026352409397478238e-02
-5.799999999999627676e+00 4.316842872918412455e-03 1.074826474988872273e-02
-5.699999999999626255e+00 4.848307667961238021e-03 1.126608026936044490e-02
-5.599999999999624833e+00 5.397281962503455710e-03 1.181968476710634763e-02
-5.499999999999623412e+00 5.964262978173678897e-03 1.241205442390215866e-02
-5.399999999999621991e+00 6.549702315583008638e-03 1.304645559486645665e-02
-5.299999999999620570e+00 7.153989424723290746e-03 1.372647605811103989e-02
-5.199999999999619149e+00 7.777431294068028189e-03 1.445605972066315963e-02
-5.099999999999617728e+00 8.420227547027307746e-03 1.523954511044498493e-02
-4.999999999999616307e+00 9.082439960829531700e-03 1.608170798613250962e-02
-4.899999999999614886e+00 9.763955212641242665e-03 1.698780838609148872e-02
-4.799999999999613465e+00 1.046443940261586325e-02 1.796364240543068397e-02
-4.699999999999612044e+00 1.118328259613344394e-02 1.901559892830557985e-02
-4.599999999999610623e+00 1.191953125676255970e-02 2.015072143623054465e-02
-4.499999999999609201e+00 1.267180599728406215e-02 2.137677484493265972e-02
-4.399999999999607780e+00 1.343820154696458852e-02 2.270231706762653942e-02
-4.299999999999606359e+00 1.421616520685609758e-02 2.413677462659764156e-02
-4.199999999999604938e+00 1.500234933266325621e-02 2.569052109458769273e-02
-4.099999999999603517e+00 1.579243253942420183e-02 2.737495638040615339e-02
-3.999999999999602096e+00 1.658090336685485999e-02 2.920258380102199944e-02
-3.899999999999600675e+00 1.736079909531491883e-02 3.118708040135798054e-02
-3.799999999999599254e+00 1.812339129995526460e-02 3.334335395688545201e-02
-3.699999999999597833e+00 1.885780865637488174e-02 3.568757735613468929e-02
-3.599999999999596412e+00 1.955058660535437254e-02 3.823718739790665788e-02
-3.499999999999594991e+00 2.018513298314803667e-02 4.101083020425244641e-02
-3.399999999999593570e+00 2.074109900107712345e-02 4.402822916660442676e-02
-3.299999999999592148e+00 2.119364658585173866e-02 4.730994332236105465e-02
-3.199999999999590727e+00 2.151260692121048645e-02 5.087697407549696821e-02
-3.099999999999589306e+00 2.166153227960603000e-02 5.475016614772939411e-02
-2.999999999999587885e+00 2.159665558216804226e-02 5.894933484399340201e-02
-2.899999999999586464e+00 2.126579178442938173e-02 6.349203704063018094e-02
-2.799999999999585043e+00 2.060724486153973911e-02 6.839188974437733493e-02
-2.699999999999583622e+00 1.954882682850760112e-02 7.365633135024642064e-02
-2.599999999999582201e+00 1.800715347149559054e-02 7.928372308467673824e-02
-2.499999999999580780e+00 1.588745619810668502e-02 8.525971116136815686e-02
-2.399999999999579359e+00 1.308423757100494328e-02 9.155282734372871545e-02
-2.299999999999577938e+00 9.483189108069105255e-03 9.810941356468338981e-02
-2.199999999999576517e+00 4.964861191244986094e-03 1.048481319393064493e-01
-2.099999999999575095e+00 -5.894126418648365506e-04 1.116545750716278484e-01
-1.999999999999573674e+00 -7.288937888667308684e-03 1.183768139004039432e-01
-1.899999999999572253e+00 -1.522231445076513423e-02 1.248230655519799448e-01
-1.799999999999570832e+00 -2.444373531479137468e-02 1.307629318247187089e-01
-1.699999999999569411e+00 -3.495810058338552628e-02 1.359336919925530907e-01
-1.599999999999567990e+00 -4.670701196748602152e-02 1.400527444305314784e-01
-1.499999999999566569e+00 -5.955848292393166321e-02 1.428363427372439376e-01
-1.399999999999565148e+00 -7.330346980751406560e-02 1.440232964143845218e-01
-1.299999999999563727e+00 -8.766172953466477846e-02 1.434006130395251710e-01
-1.199999999999562306e+00 -1.022978968453810283e-01 1.408267275315140676e-01
-1.099999999999560885e+00 -1.168463361795074595e-01 1.362476473409578448e-01
-9.999999999995594635e-01 -1.309409865291444597e-01 1.297024215023971361e-01
-8.999999999995580424e-01 -1.442449712366070114e-01 1.213166313793112849e-01
-7.999999999995566213e-01 -1.564747836466122977e-01 1.112853455462530505e-01
-6.999999999995552002e-01 -1.674153467103559056e-01 9.984920576818244464e-02
-5.999999999995537792e-01 -1.769245392825820051e-01 8.726832075465849881e-02
-4.999999999995523581e-01 -1.849280160433858233e-01 7.379833460703315307e-02
-3.999999999995509370e-01 -1.914066775560762934e-01 5.967183185306951243e-02
-2.999999999995495159e-01 -1.963797871012648855e-01 4.508676140972880941e-02
-1.999999999995480948e-01 -1.998866866282209553e-01 3.020228003391076110e-02
-9.999999999954667373e-02 -2.019696797065123062e-01 1.514149968622734155e-02
4.547473508864641190e-13 -2.026601742364665115e-01 -5.551115123125782702e-17
1.000000000004561684e-01 -2.019696797064997051e-01 -1.514149968636481491e-02
2.000000000004575895e-01 -1.998866866281955867e-01 -3.020228003404706874e-02
3.000000000004590106e-01 -1.963797871012264162e-01 -4.508676140986299374e-02
4.000000000004604317e-01 -1.914066775560242795e-01 -5.967183185320037303e-02
5.000000000004618528e-01 -1.849280160433199871e-01 -7.379833460715894133e-02
6.000000000004632739e-01 -1.769245392825023189e-01 -8.726832075477730655e-02
7.000000000004646949e-01 -1.674153467102627302e-01 -9.984920576829202365e-02
8.000000000004661160e-01 -1.564747836465066322e-01 -1.112853455463510277e-01
9.000000000004675371e-01 -1.442449712364905212e-01 -1.213166313793953704e-01
1.000000000000468958e+00 -1.309409865290193931e-01 -1.297024215024652205e-01
1.100000000000470379e+00 -1.168463361793766753e-01 -1.362476473410085820e-01
1.200000000000471800e+00 -1.022978968452477461e-01 -1.408267275315465972e-01
1.300000000000473221e+00 -8.766172953453239824e-02 -1.434006130395395484e-01
1.400000000000474643e+00 -7.330346980738579321e-02 -1.440232964143816352e-01
1.500000000000476064e+00 -5.955848292381036441e-02 -1.428363427372255079e-01
1.600000000000477485e+00 -4.670701196737386818e-02 -1.400527444304996705e-01
1.700000000000478906e+00 -3.495810058328413517e-02 -1.359336919925104581e-01
1.800000000000480327e+00 -2.444373531470158539e-02 -1.307629318246678052e-01
1.900000000000481748e+00 -1.522231445068717576e-02 -1.248230655519232263e-01
2.000000000000483169e+00 -7.288937888600868775e-03 -1.183768139003437275e-01
2.100000000000484590e+00 -5.894126418092629494e-04 -1.116545750715660645e-01
2.200000000000486011e+00 4.964861191290637077e-03 -1.048481319392446376e-01
2.300000000000487432e+00 9.483189108105867515e-03 -9.810941356462281326e-02
2.400000000000488853e+00 1.308423757103389234e-02 -9.155282734367015118e-02
2.500000000000490274e+00 1.588745619812890336e-02 -8.525971116131231264e-02
2.600000000000491696e+00 1.800715347151211898e-02 -7.928372308462394713e-02
2.700000000000493117e+00 1.954882682851928621e-02 -7.365633135019687694e-02
2.800000000000494538e+00 2.060724486154745516e-02 -6.839188974433110801e-02
2.900000000000495959e+00 2.126579178443376711e-02 -6.349203704058722919e-02
3.000000000000497380e+00 2.159665558216976311e-02 -5.894933484395364909e-02
3.100000000000498801e+00 2.166153227960557204e-02 -5.475016614769272899e-02
3.200000000000500222e+00 2.151260692120829376e-02 -5.087697407546316886e-02
3.300000000000501643e+00 2.119364658584816513e-02 -4.730994332232994759e-02
3.400000000000503064e+00 2.074109900107250909e-02 -4.402822916657582464e-02
3.500000000000504485e+00 2.018513298314256188e-02 -4.101083020422614106e-02
3.600000000000505906e+00 1.955058660534829407e-02 -3.823718739788246890e-02
3.700000000000507328e+00 1.885780865636834530e-02 -3.568757735611247095e-02
3.800000000000508749e+00 1.812339129994844367e-02 -3.334335395686502390e-02
3.900000000000510170e+00 1.736079909530789667e-02 -3.118708040133916920e-02
4.000000000000511591e+00 1.658090336684771293e-02 -2.920258380100469037e-02
4.100000000000513012e+00 1.579243253941701314e-02 -2.737495638039019741e-02
4.200000000000514433e+00 1.500234933265608139e-02 -2.569052109457300309e-02
4.300000000000515854e+00 1.421616520684895746e-02 -2.413677462658406214e-02
4.400000000000517275e+00 1.343820154695757330e-02 -2.270231706761400431e-02
4.500000000000518696e+00 1.267180599727716489e-02 -2.137677484492106483e-02
4.600000000000520117e+00 1.191953125675579428e-02 -2.015072143621981712e-02
4.700000000000521538e+00 1.118328259612683812e-02 -1.901559892829564336e-02
4.800000000000522959e+00 1.046443940260940314e-02 -1.796364240542146912e-02
4.900000000000524381e+00 9.763955212634969905e-03 -1.698780838608294347e-02
5.000000000000525802e+00 9.082439960823439351e-03 -1.608170798612456459e-02
5.100000000000527223e+00 8.420227547021368053e-03 -1.523954511043760715e-02
5.200000000000528644e+00 7.777431294062275846e-03 -1.445605972065628839e-02
5.300000000000530065e+00 7.153989424717697998e-03 -1.372647605810463703e-02
5.400000000000531486e+00 6.549702315577589362e-03 -1.304645559486048573e-02
5.500000000000532907e+00 5.964262978168440033e-03 -1.241205442389657979e-02
5.600000000000534328e+00 5.397281962498369501e-03 -1.181968476710113652e-02
5.700000000000535749e+00 4.848307667956339162e-03 -1.126608026935557554e-02
5.800000000000537170e+00 4.316842872913652374e-03 -1.074826474988417255e-02
5.900000000000538591e+00 3.802358151227883121e-03 -1.026352409397051323e-02
6.000000000000540012e+00 3.304302726427454928e-03 -9.809380985935770014e-03
6.100000000000541434e+00 2.822113217226848714e-03 -9.383572204528907446e-03
6.200000000000542855e+00 2.355220648498544678e-03 -8.984028223903775534e-03
6.300000000000544276e+00 1.903056036225786452e-03 -8.608854885358206005e-03
6.400000000000545697e+00 1.465054800816739666e-03 -8.256316926337289516e-03
6.500000000000547118e+00 1.040660218926098279e-03 -7.924823173817839572e-03
6.600000000000548539e+00 6.293260870531697249e-04 -7.612913228096805131e-03
6.700000000000549960e+00 2.305187401232949851e-04 -7.319245480796415966e-03
6.800000000000551381e+00 -1.562814566758580215e-04 -7.042586327060370091e-03
6.900000000000552802e+00 -5.315790452351705497e-04 -6.781800446537152027e-03
7.000000000000554223e+00 -8.958627602710655946e-04 -6.535842041202309834e-03
7.100000000000555644e+00 -1.249605096958910505e-03 -6.303746929911129698e-03
7.200000000000557066e+00 -1.593262105426530156e-03 -6.084625410425328895e-03
7.300000000000558487e+00 -1.927273366709215258e-03 -5.877655809278022926e-03
7.400000000000559908e+00 -2.252062112839847696e-03 -5.682078648377815976e-03
7.500000000000561329e+00 -2.568035460174297735e-03 -5.497191365039795496e-03
7.600000000000562750e+00 -2.875584730690355917e-03 -5.322343528862280571e-03
7.700000000000564171e+00 -3.175085840422791489e-03 -5.156932505027675417e-03
7.800000000000565592e+00 -3.466899737961100930e-03 -5.000399519016184187e-03
7.900000000000567013e+00 -3.751372879148000272e-03 -4.852226082488444309e-03
8.000000000000568434e+00 -4.028837726550101722e-03 -4.711930744462200678e-03
8.100000000000569855e+00 -4.299613264563600934e-03 -4.579066135636892035e-03
8.200000000000571276e+00 -4.564005522696701345e-03 -4.453216277162677650e-03
8.300000000000572697e+00 -4.822308101046064721e-03 -4.333994128159740500e-03
8.400000000000574119e+00 -5.074802693283392285e-03 -4.221039348937546606e-03
8.500000000000575540e+00 -5.321759603341642830e-03 -4.114016259315726731e-03
8.600000000000576961e+00 -5.563438252951722479e-03 -4.012611973513142624e-03
8.700000000000578382e+00 -5.800087677779612594e-03 -3.916534695007745960e-03
8.800000000000579803e+00 -6.031947010480383231e-03 -3.825512156455912992e-03
8.900000000000581224e+00 -6.259245949521593383e-03 -3.739290191237884618e-03
9.000000000000582645e+00 -6.482205212886251594e-03 -3.657631424590934190e-03
9.100000000000584066e+00 -6.701036976191451083e-03 -3.580314073446871654e-03
9.200000000000585487e+00 -6.915945294931009901e-03 -3.507130845196990317e-03
9.300000000000586908e+00 -7.127126510755282807e-03 -3.437887926566306901e-03
9.400000000000588329e+00 -7.334769641928556849e-03 -3.372404054617831812e-03
9.500000000000589750e+00 -7.539056758124919322e-03 -3.310509662716519357e-03
9.600000000000591172e+00 -7.740163339929821695e-03 -3.252046094938716367e-03
9.700000000000592593e+00 -7.938258623423205540e-03 -3.196864883058044438e-03
9.800000000000594014e+00 -8.133505930281025031e-03 -3.144827080794364467e-03
9.900000000000595435e+00 -8.326062983937235901e-03 -3.095802650497347323e-03
1.000000000000059686e+01 -8.516082212280000341e-03 -3.049669897915747042e-03
1.010000000000059828e+01 -8.703711037474607878e-03 -3.006314951083175271e-03
1.020000000000059970e+01 -8.889092153454215828e-03 -2.965631279735706210e-03
1.030000000000060112e+01 -9.072363791626888996e-03 -2.927519252005635498e-03
1.040000000000060254e+01 -9.253659975405880214e-03 -2.891885725422186151e-03
1.050000000000060396e+01 -9.433110764072549781e-03 -2.858643669540769303e-03
1.060000000000060538e+01 -9.610842486567117843e-03 -2.827711817747069825e-03
1.070000000000060680e+01 -9.786977965732222146e-03 -2.799014346017065103e-03
1.080000000000060822e+01 -9.961636733524471474e-03 -2.772480576613512056e-03
1.090000000000060965e+01 -1.013493523775121398e-02 -2.748044704873154470e-03
1.100000000000061107e+01 -1.030698704078752796e-02 -2.725645547419612742e-03
1.110000000000061249e+01 -1.047790301080180064e-02 -2.705226310273894062e-03
1.120000000000061391e+01 -1.064779150594693559e-02 -2.686734375481676217e-03
1.130000000000061533e+01 -1.081675855196009318e-02 -2.670121105001011051e-03
1.140000000000061675e+01 -1.098490801365354166e-02 -2.655341660703469230e-03
1.150000000000061817e+01 -1.115234176067879737e-02 -2.642354839456880281e-03
1.160000000000061959e+01 -1.131915982801799843e-02 -2.631122922345443139e-03
1.170000000000062101e+01 -1.148546057158837327e-02 -2.621611537178335921e-03
1.180000000000062244e+01 -1.165134081933364221e-02 -2.613789533518816842e-03
1.190000000000062386e+01 -1.181689601821692831e-02 -2.607628869539058234e-03
1.200000000000062528e+01 -1.198222037743508148e-02 -2.603104510081380094e-03
1.210000000000062670e+01 -1.214740700824729590e-02 -2.600194335367573238e-03
1.220000000000062812e+01 -1.231254806074769288e-02 -2.598879059862474906e-03
1.230000000000062954e+01 -1.247773485790332725e-02 -2.599142160854225371e-03
1.240000000000063096e+01 -1.264305802722347563e-02 -2.600969816367488217e-03
1.250000000000063238e+01 -1.280860763033585606e-02 -2.604350852077893554e-03
1.260000000000063380e+01 -1.297447329082230399e-02 -2.609276696944129795e-03
1.270000000000063523e+01 -1.314074432060807415e-02 -2.615741347321160100e-03
1.280000000000063665e+01 -1.330750984519469930e-02 -2.623741339361578082e-03
1.290000000000063807e+01 -1.347485892807113485e-02 -2.633275729559346121e-03
1.300000000000063949e+01 -1.364288069456794442e-02 -2.644346083323357004e-03
1.310000000000064091e+01 -1.381166445546789037e-02 -2.656956471525119545e-03
1.320000000000064233e+01 -1.398129983067298958e-02 -2.671113474989055166e-03
1.330000000000064375e+01 -1.415187687319632501e-02 -2.686826196945778060e-03
1.340000000000064517e+01 -1.432348619380492162e-02 -2.704106283507355137e-03
1.350000000000064659e+01 -1.449621908659596246e-02 -2.722967952263929785e-03
1.360000000000064801e+01 -1.467016765578839886e-02 -2.743428029142157450e-03
1.370000000000064944e+01 -1.484542494407075156e-02 -2.765505993715365769e-03
1.380000000000065086e+01 -1.502208506276266758e-02 -2.789224033191044835e-03
1.390000000000065228e+01 -1.520024332413928356e-02 -2.814607105357452583e-03
1.400000000000065370e+01 -1.537999637621773920e-02 -2.841683010814200026e-03
1.410000000000065512e+01 -1.556144234031018973e-02 -2.870482474861902125e-03
1.420000000000065654e+01 -1.574468095171197707e-02 -2.901039239489131873e-03
1.430000000000065796e+01 -1.592981370381133660e-02 -2.933390165939410779e-03
1.440000000000065938e+01 -1.611694399600508906e-02 -2.967575348416396502e-03
1.450000000000066080e+01 -1.630617728575679826e-02 -3.003638239543241460e-03
1.460000000000066223e+01 -1.649762124514186218e-02 -3.041625788262114060e-03
1.470000000000066365e+01 -1.669138592229433768e-02 -3.081588590948455223e-03
1.480000000000066507e+01 -1.688758390808595827e-02 -3.123581056580059055e-03
1.490000000000066649e+01 -1.708633050847362458e-02 -3.167661586909818923e-03
1.500000000000066791e+01 -1.728774392290217607e-02 -3.213892772678183032e-03
1.510000000000066933e+01 -1.749194542915845710e-02 -3.262341607007610174e-03
1.520000000000067075e+01 -1.769905957514765135e-02 -3.313079717253644956e-03
1.530000000000067217e+01 -1.790921437797230939e-02 -3.366183616693147959e-03
1.540000000000067359e+01 -1.812254153080520777e-02 -3.421734977594894419e-03
1.550000000000067502e+01 -1.833917661799139981e-02 -3.479820927358536105e-03
1.560000000000067644e+01 -1.855925933881955037e-02 -3.540534369577261718e-03
1.570000000000067786e+01 -1.878293374047647693e-02 -3.603974332086554676e-03
1.580000000000067928e+01 -1.901034846059264025e-02 -3.670246344240573385e-03
1.590000000000068070e+01 -1.924165697989324575e-02 -3.739462845916745326e-03
1.600000000000068212e+01 -1.947701788539535003e-02 -3.811743630985149796e-03
1.610000000000068354e+01 -1.971659514457642717e-02 -3.887216328258770622e-03
1.620000000000068496e+01 -1.996055839099706436e-02 -3.966016923276012227e-03
1.630000000000068638e+01 -2.020908322171551322e-02 -4.048290324577367115e-03
1.640000000000068781e+01 -2.046235150691211660e-02 -4.134190978559345794e-03
1.650000000000068923e+01 -2.072055171201700463e-02 -4.223883537393964722e-03
1.660000000000069065e+01 -2.098387923256442300e-02 -4.317543584975857759e-03
1.670000000000069207e+01 -2.125253674199461054e-02 -4.415358426418377474e-03
1.680000000000069349e+01 -2.152673455238668723e-02 -4.517527947166974540e-03
1.690000000000069491e+01 -2.180669098809957102e-02 -4.624265548503376198e-03
1.700000000000069633e+01 -2.209263277204577547e-02 -4.735799166923146050e-03
1.710000000000069775e+01 -2.238479542410848691e-02 -4.852372385689900786e-03
1.720000000000069917e+01 -2.268342367104344420e-02 -4.974245647826767459e-03
1.730000000000070060e+01 -2.298877186674584683e-02 -5.101697580781758279e-03
1.740000000000070202e+01 -2.330110442151538813e-02 -5.235026444214990575e-03
1.750000000000070344e+01 -2.362069623838609564e-02 -5.374551713615602355e-03
1.760000000000070486e+01 -2.394783315400366222e-02 -5.520615813903832769e-03
1.770000000000070628e+01 -2.428281238093103755e-02 -5.673586018847328639e-03
1.780000000000070770e+01 -2.462594294725087979e-02 -5.833856533879419083e-03
1.790000000000070912e+01 -2.497754612845987099e-02 -6.001850782029881370e-03
1.800000000000071054e+01 -2.533795586529841853e-02 -6.178023914939806578e-03
1.810000000000071196e+01 -2.570751915964066686e-02 -6.362865573515604466e-03
1.820000000000071338e+01 -2.608659643885655882e-02 -6.556902925740901340e-03
1.830000000000071481e+01 -2.647556187666887106e-02 -6.760704012342038174e-03
1.840000000000071623e+01 -2.687480365603944765e-02 -6.974881434755726695e-03
1.850000000000071765e+01 -2.728472415627945097e-02 -7.200096423902307800e-03
1.860000000000071907e+01 -2.770574004267378765e-02 -7.437063332867036719e-03
1.870000000000072049e+01 -2.813828223232841402e-02 -7.686554601819381612e-03
1.880000000000072191e+01 -2.858279570404879261e-02 -7.949406249149153572e-03
1.890000000000072333e+01 -2.903973911337054056e-02 -8.226523949334336311e-03
1.900000000000072475e+01 -2.950958416539347165e-02 -8.518889765125855010e-03
1.910000000000072617e+01 -2.999281468796092046e-02 -8.827569609534782410e-03
1.920000000000072760e+01 -3.048992533563896212e-02 -9.153721521922359577e-03
1.930000000000072902e+01 -3.100141983988101077e-02 -9.498604851906356991e-03
1.940000000000073044e+01 -3.152780870300528338e-02 -9.863590455338267296e-03
1.950000000000073186e+01 -3.206960621162587011e-02 -1.025017201770192510e-02
1.960000000000073328e+01 -3.262732661865266892e-02 -1.065997863214756050e-02
1.970000000000073470e+01 -3.320147931094043214e-02 -1.109478877187389072e-02
1.980000000000073612e+01 -3.379256274026164186e-02 -1.155654580893009445e-02
1.990000000000073754e+01 -3.440105684799106556e-02 -1.204737524393064210e-02
2.000000000000073896e+01 -3.502741365592189349e-02 -1.256960382219995086e-02
2.010000000000074039e+01 -3.567204562540447765e-02 -1.312578072079578252e-02
2.020000000000074181e+01 -3.633531130193951714e-02 -1.371870099618503584e-02
2.030000000000074323e+01 -3.701749765862305530e-02 -1.435143148117172529e-02
2.040000000000074465e+01 -3.771879842687925199e-02 -1.502733930975133983e-02
2.050000000000074607e+01 -3.843928755129022434e-02 -1.575012322447532503e-02
2.060000000000074749e+01 -3.917888672280065571e-02 -1.652384777703714766e-02
2.070000000000074891e+01 -3.993732572567561256e-02 -1.735298046077851999e-02
2.080000000000075033e+01 -4.071409407152078164e-02 -1.824243170121930477e-02
2.090000000000075175e+01 -4.150838208366756932e-02 -1.919759746312687740e-02
2.100000000000075318e+01 -4.231900923038930951e-02 -2.022440398754643195e-02
2.110000000000075460e+01 -4.314433708255943634e-02 -2.132935382201704352e-02
2.120000000000075602e+01 -4.398216378990829623e-02 -2.251957181445985584e-02
2.130000000000075744e+01 -4.482959643464429905e-02 -2.380284905532940171e-02
2.140000000000075886e+01 -4.568289704964065279e-02 -2.518768181142987117e-02
2.150000000000076028e+01 -4.653729751297548678e-02 -2.668330121494686194e-02
2.160000000000076170e+01 -4.738677801371575515e-02 -2.829968775243410506e-02
2.170000000000076312e+01 -4.822380342934879521e-02 -3.004756231901830818e-02
2.180000000000076454e+01 -4.903901192938225906e-02 -3.193834262151318965e-02
2.190000000000076597e+01 -4.982085068295877966e-02 -3.398404988608576260e-02
2.200000000000076739e+01 -5.055515508752687209e-02 -3.619714601755215366e-02
2.210000000000076881e+01 -5.122467101437462589e-02 -3.859027549955126868e-02
2.220000000000077023e+01 -5.180852497109121602e-02 -4.117587948917223600e-02
2.230000000000077165e+01 -5.228165585895692968e-02 -4.396564208873103563e-02
2.240000000000077307e+01 -5.261423547202519896e-02 -4.696972150117872946e-02
2.250000000000077449e+01 -5.277112454291658927e-02 -5.019571329382484237e-02
2.260000000000077591e+01 -5.271143841925726714e-02 -5.364729208000357241e-02
2.270000000000077733e+01 -5.238833216186176284e-02 -5.732248594826355736e-02
2.280000000000077875e+01 -5.174915816521717671e-02 -6.121156121198435829e-02
2.290000000000078018e+01 -5.073619623943480261e-02 -6.529454164266568217e-02
2.300000000000078160e+01 -4.928819693312042061e-02 -6.953846513152220354e-02
2.310000000000078302e+01 -4.734299636592888272e-02 -7.389459837855838487e-02
2.320000000000078444e+01 -4.484142849284534355e-02 -7.829598569918243267e-02
2.330000000000078586e+01 -4.173264507859721084e-02 -8.265588426504011377e-02
2.340000000000078728e+01 -3.798072325520075038e-02 -8.686779260004544312e-02
2.350000000000078870e+01 -3.357208450350414319e-02 -9.080783920877213977e-02
2.360000000000079012e+01 -2.852280368934188154e-02 -9.434016979778227230e-02
2.370000000000079154e+01 -2.288446024471160745e-02 -9.732557198863867054e-02
2.380000000000079297e+01 -1.674695438705675610e-02 -9.963289160163991964e-02
2.390000000000079439e+01 -1.023687901951227629e-02 -1.011519397167035539e-01
2.400000000000079581e+01 -3.510720052752689530e-03 -1.018058276232642889e-01
2.410000000000079723e+01 3.256724928078767387e-03 -1.015603362847182362e-01
2.420000000000079865e+01 9.887085011300398435e-03 -1.004282806389139027e-01
2.430000000000080007e+01 1.621378949313518475e-02 -9.846786124063344747e-02
2.440000000000080149e+01 2.209536736550516550e-02 -9.577538783442367254e-02
2.450000000000080291e+01 2.742456711817162218e-02 -9.247401240779604126e-02
2.460000000000080433e+01 3.213232831350926189e-02 -8.870079484220283472e-02
2.470000000000080576e+01 3.618685938394702178e-02 -8.459438881747090300e-02
2.480000000000080718e+01 3.958898261284336806e-02 -8.028503031752087793e-02
2.490000000000080860e+01 4.236530612086520514e-02 -7.588765869133648478e-02
2.500000000000081002e+01 4.456071300664188328e-02 -7.149821370141555554e-02
2.510000000000081144e+01 4.623129654747672873e-02 -6.719261663031443621e-02
2.520000000000081286e+01 4.743841558365877870e-02 -6.302769829906543220e-02
2.530000000000081428e+01 4.824413881222673617e-02 -5.904332246194138323e-02
2.540000000000081570e+01 4.870805781031837395e-02 -5.526507494490621314e-02
2.550000000000081712e+01 4.888528349784631438e-02 -5.170706224272283991e-02
2.560000000000081855e+01 4.882537451183867339e-02 -4.837453175092278762e-02
2.570000000000081997e+01 4.857194439848239176e-02 -4.526616170725809851e-02
2.580000000000082139e+01 4.816272735084074774e-02 -4.237596501741577870e-02
2.590000000000082281e+01 4.762992790961667611e-02 -3.969481144406398349e-02
2.600000000000082423e+01 4.700072575194497865e-02 -3.721160550384809002e-02
2.610000000000082565e+01 4.629784614383712638e-02 -3.491417152470367019e-02
2.620000000000082707e+01 4.554013774776605183e-02 -3.278989984667754487e-02
2.630000000000082849e+01 4.474312247614915111e-02 -3.082620433475394273e-02
2.640000000000082991e+01 4.391949820072260646e-02 -2.901083465960836369e-02
2.650000000000083134e+01 4.307958588084227769e-02 -2.733207927867504702e-02
2.660000000000083276e+01 4.223171948010153581e-02 -2.577888785766724658e-02
2.670000000000083418e+01 4.138258107358153137e-02 -2.434093554321871064e-02
2.680000000000083560e+01 4.053748571211159696e-02 -2.300864621061493240e-02
2.690000000000083702e+01 3.970062156348654059e-02 -2.177318754616421048e-02
2.700000000000083844e+01 3.887525105593418739e-02 -2.062644747132549861e-02
2.710000000000083986e+01 3.806387852040534620e-02 -1.956099883285068383e-02
2.720000000000084128e+01 3.726838936921553214e-02 -1.857005732252891075e-02
2.730000000000084270e+01 3.649016529064389586e-02 -1.764743612325203603e-02
2.740000000000084412e+01 3.573017936006755990e-02 -1.678749969255835528e-02
2.750000000000084555e+01 3.498907441311055466e-02 -1.598511830041931051e-02
2.760000000000084697e+01 3.426722751929556915e-02 -1.523562436410102333e-02
2.770000000000084839e+01 3.356480294421793076e-02 -1.453477121204081735e-02
2.780000000000084981e+01 3.288179559751658321e-02 -1.387869461980534638e-02
2.790000000000085123e+01 3.221806662926614273e-02 -1.326387726091938710e-02
2.800000000000085265e+01 3.157337255389598696e-02 -1.268711607958678857e-02
2.810000000000085407e+01 3.094738904316814143e-02 -1.214549250371624659e-02
2.820000000000085549e+01 3.033973033079954279e-02 -1.163634536067845518e-02
2.830000000000085691e+01 2.974996500648382711e-02 -1.115724632625247729e-02
2.840000000000085834e+01 2.917762884034631049e-02 -1.070597772134325616e-02
2.850000000000085976e+01 2.862223516571975324e-02 -1.028051246619582706e-02
2.860000000000086118e+01 2.808328325524892671e-02 -9.878996004775406764e-03
2.870000000000086260e+01 2.756026504827066917e-02 -9.499730019189222760e-03
2.880000000000086402e+01 2.705267052440343475e-02 -9.141157764481084788e-03
2.890000000000086544e+01 2.655999196625631609e-02 -8.801850865954271783e-03
2.900000000000086686e+01 2.608172731120878690e-02 -8.480497433543886590e-03
2.910000000000086828e+01 2.561738275724783839e-02 -8.175891360445452366e-03
2.920000000000086970e+01 2.516647475860655722e-02 -7.886922685164226773e-03
2.930000000000087113e+01 2.472853152323906123e-02 -7.612568907785785891e-03
2.940000000000087255e+01 2.430309410449226631e-02 -7.351887162022259850e-03
2.950000000000087397e+01 2.388971716298787101e-02 -7.104007154446576044e-03
2.960000000000087539e+01 2.348796946158176677e-02 -6.868124791568500608e-03
2.970000000000087681e+01 2.309743414501991277e-02 -6.643496423547671365e-03
2.980000000000087823e+01 2.271770884694431641e-02 -6.429433640914133420e-03
2.990000000000087965e+01 2.234840565937186094e-02 -6.225298567403365381e-03
3.000000000000088107e+01 2.198915099343212373e-02 -6.030499598002713249e-03
3.010000000000088249e+01 2.163958535520107279e-02 -5.844487536839811960e-03
3.020000000000088392e+01 2.129936305602599805e-02 -5.666752094288030235e-03
3.030000000000088534e+01 2.096815187334144862e-02 -5.496818707063447391e-03
3.040000000000088676e+01 2.064563267505701433e-02 -5.334245648943679655e-03
3.050000000000088818e+01 2.033149901808432858e-02 -5.178621403127536132e-03
3.060000000000088960e+01 2.002545672974314836e-02 -5.029562270405545620e-03
3.070000000000089102e+01 1.972722347897149994e-02 -4.886710189956738545e-03
3.080000000000089244e+01 1.943652834300686749e-02 -4.749730752071768328e-03
3.090000000000089386e+01 1.915311137407153114e-02 -4.618311384261683181e-03
3.100000000000089528e+01 1.887672316957246521e-02 -4.492159694095602951e-03
3.110000000000089670e+01 1.860712444870362553e-02 -4.371001953896036171e-03
3.120000000000089813e+01 1.834408563756106947e-02 -4.254581713881946080e-03
3.130000000000089955e+01 1.808738646445381959e-02 -4.142658531757163927e-03
3.140000000000090097e+01 1.783681556666150483e-02 -4.035006807954244143e-03
3.150000000000090239e+01 1.759217010945975448e-02 -3.931414716794165952e-03
3.160000000000090381e+01 1.735325541807802505e-02 -3.831683224847707951e-03
3.170000000000090523e+01 1.711988462289550095e-02 -3.735625188594789321e-03
3.180000000000090665e+01 1.689187831807618945e-02 -3.643064524288251380e-03
3.190000000000090807e+01 1.666906423368969339e-02 -3.553835443618733308e-03
