-2.000000000000000000e+01 2.570856183768353669e-03
-1.989999999999999858e+01 2.609634370301940152e-03
-1.979999999999999716e+01 2.649474234167429124e-03
-1.969999999999999574e+01 2.690422047548293033e-03
-1.959999999999999432e+01 2.732526948111122043e-03
-1.949999999999999289e+01 2.775841169319039070e-03
-1.939999999999999147e+01 2.820420293351440059e-03
-1.929999999999999005e+01 2.866323529238302536e-03
-1.919999999999998863e+01 2.913614019162609568e-03
-1.909999999999998721e+01 2.962359176281499293e-03
-1.899999999999998579e+01 3.012631057873444308e-03
-1.889999999999998437e+01 3.064506778146495851e-03
-1.879999999999998295e+01 3.118068965652541318e-03
-1.869999999999998153e+01 3.173406270958863129e-03
-1.859999999999998010e+01 3.230613931049415750e-03
-1.849999999999997868e+01 3.289794397883215055e-03
-1.839999999999997726e+01 3.351058039651430651e-03
-1.829999999999997584e+01 3.414523924578115929e-03
-1.819999999999997442e+01 3.480320698636098047e-03
-1.809999999999997300e+01 3.548587570344677485e-03
-1.799999999999997158e+01 3.619475417930009212e-03
-1.789999999999997016e+01 3.693148036625902662e-03
-1.779999999999996874e+01 3.769783546851473467e-03
-1.769999999999996732e+01 3.849575987515244969e-03
-1.759999999999996589e+01 3.932737122880832631e-03
-1.749999999999996447e+01 4.019498496430812945e-03
-1.739999999999996305e+01 4.110113771158410007e-03
-1.729999999999996163e+01 4.204861402924101911e-03
-1.719999999999996021e+01 4.304047702208025315e-03
-1.709999999999995879e+01 4.408010350111871319e-03
-1.699999999999995737e+01 4.517122447247896855e-03
-1.689999999999995595e+01 4.631797189736916280e-03
-1.679999999999995453e+01 4.752493285609036416e-03
-1.669999999999995310e+01 4.879721248332259328e-03
-1.659999999999995168e+01 5.014050733094896350e-03
-1.649999999999995026e+01 5.156119117268296442e-03
-1.639999999999994884e+01 5.306641571012381438e-03
-1.629999999999994742e+01 5.466422919637138438e-03
-1.619999999999994600e+01 5.636371669199546734e-03
-1.609999999999994458e+01 5.817516654943314866e-03
-1.599999999999994316e+01 6.011026883907270336e-03
-1.589999999999994174e+01 6.218235285378453416e-03
-1.579999999999994031e+01 6.440667265203033759e-03
-1.569999999999993889e+01 6.680075194808463360e-03
-1.559999999999993747e+01 6.938480269947255863e-03
-1.549999999999993605e+01 7.218223570383866181e-03
-1.539999999999993463e+01 7.522028670933831977e-03
-1.529999999999993321e+01 7.853078838696021802e-03
-1.519999999999993179e+01 8.215112759114039098e-03
-1.509999999999993037e+01 8.612543944962322215e-03
-1.499999999999992895e+01 9.050610608920515304e-03
-1.489999999999992752e+01 9.535564977343001514e-03
-1.479999999999992610e+01 1.007491400692542630e-02
-1.469999999999992468e+01 1.067772754000545325e-02
-1.459999999999992326e+01 1.135503551995222134e-02
-1.449999999999992184e+01 1.212034356826128742e-02
-1.439999999999992042e+01 1.299030679183772914e-02
-1.429999999999991900e+01 1.398561618585304235e-02
-1.419999999999991758e+01 1.513217171416459880e-02
-1.409999999999991616e+01 1.646264246642604664e-02
-1.399999999999991473e+01 1.801854811657803423e-02
-1.389999999999991331e+01 1.985303608333634229e-02
-1.379999999999991189e+01 2.203456801558702563e-02
-1.369999999999991047e+01 2.465174411161865850e-02
-1.359999999999990905e+01 2.781942150291317334e-02
-1.349999999999990763e+01 3.168596805564147939e-02
-1.339999999999990621e+01 3.644057219091213773e-02
-1.329999999999990479e+01 4.231720373516105471e-02
-1.319999999999990337e+01 4.958649534614219256e-02
-1.309999999999990195e+01 5.851591176084895013e-02
-1.299999999999990052e+01 6.926030403774773025e-02
-1.289999999999989910e+01 8.162809083204697336e-02
-1.279999999999989768e+01 9.470039150280734619e-02
-1.269999999999989626e+01 1.064727571874279355e-01
-1.259999999999989484e+01 1.140645381039006867e-01
-1.249999999999989342e+01 1.150320123559579882e-01
-1.239999999999989200e+01 1.090726703577362261e-01
-1.229999999999989058e+01 9.826624474670554721e-02
-1.219999999999988916e+01 8.554885598028268145e-02
-1.209999999999988773e+01 7.318048805895771558e-02
-1.199999999999988631e+01 6.230682101996124628e-02
-1.189999999999988489e+01 5.324885511676775290e-02
-1.179999999999988347e+01 4.590541255781361435e-02
-1.169999999999988205e+01 4.002209684542090001e-02
-1.159999999999988063e+01 3.532421972898071305e-02
-1.149999999999987921e+01 3.156846947481729837e-02
-1.139999999999987779e+01 2.855602564224627576e-02
-1.129999999999987637e+01 2.613031597962787306e-02
-1.119999999999987494e+01 2.417004734931445242e-02
-1.109999999999987352e+01 2.258179321902854461e-02
-1.099999999999987210e+01 2.129358435136382080e-02
-1.089999999999987068e+01 2.024979926847434927e-02
-1.079999999999986926e+01 1.940724043234171373e-02
-1.069999999999986784e+01 1.873217296187343686e-02
-1.059999999999986642e+01 1.819810535475485658e-02
-1.049999999999986500e+01 1.778412830935191535e-02
-1.039999999999986358e+01 1.747366871440690986e-02
-1.029999999999986215e+01 1.725355139940492472e-02
-1.019999999999986073e+01 1.711328924746767857e-02
-1.009999999999985931e+01 1.704454339844610478e-02
-9.999999999999857891e+00 1.704071085861104048e-02
-9.899999999999856470e+00 1.709660821876562986e-02
-9.799999999999855049e+00 1.720822846862758715e-02
-9.699999999999853628e+00 1.737255392956544783e-02
-9.599999999999852207e+00 1.758741273752102013e-02
-9.499999999999850786e+00 1.785136954886904631e-02
-9.399999999999849365e+00 1.816364354213945848e-02
-9.299999999999847944e+00 1.852404858358538964e-02
-9.199999999999846523e+00 1.893295178403109694e-02
-9.099999999999845102e+00 1.939124772089227677e-02
-8.999999999999843681e+00 1.990034642226219327e-02
-8.899999999999842260e+00 2.046217387579623431e-02
-8.799999999999840838e+00 2.107918438397349617e-02
-8.699999999999839417e+00 2.175438457831574066e-02
-8.599999999999837996e+00 2.249136936021609370e-02
-8.499999999999836575e+00 2.329437048280963776e-02
-8.399999999999835154e+00 2.416831895246598569e-02
-8.299999999999833733e+00 2.511892293579524524e-02
-8.199999999999832312e+00 2.615276343647735327e-02
-8.099999999999830891e+00 2.727741068789599557e-02
-7.999999999999829470e+00 2.850156503137803166e-02
-7.899999999999828049e+00 2.983522706444064962e-02
-7.799999999999826628e+00 3.128990311111370243e-02
-7.699999999999825206e+00 3.287885366837089984e-02
-7.599999999999823785e+00 3.461739452611049817e-02
-7.499999999999822364e+00 3.652326288578632008e-02
-7.399999999999820943e+00 3.861706420664829525e-02
-7.299999999999819522e+00 4.092281994825945624e-02
-7.199999999999818101e+00 4.346864220728114542e-02
-7.099999999999816680e+00 4.628756895019495166e-02
-6.999999999999815259e+00 4.941860378951480615e-02
-6.899999999999813838e+00 5.290801796409543012e-02
-6.799999999999812417e+00 5.681099065046779639e-02
-6.699999999999810996e+00 6.119368874576413403e-02
-6.599999999999809575e+00 6.613592132995525785e-02
-6.499999999999808153e+00 7.173455063260103515e-02
-6.399999999999806732e+00 7.810790535151534986e-02
-6.299999999999805311e+00 8.540153025795323150e-02
-6.199999999999803890e+00 9.379572710374642353e-02
-6.099999999999802469e+00 1.035155073622522626e-01
-5.999999999999801048e+00 1.148438006260325550e-01
-5.899999999999799627e+00 1.281390556776073608e-01
-5.799999999999798206e+00 1.438587356894042157e-01
-5.699999999999796785e+00 1.625906097939869566e-01
-5.599999999999795364e+00 1.850940459542446404e-01
-5.499999999999793943e+00 2.123533294488786916e-01
-5.399999999999792522e+00 2.456433815130121268e-01
-5.299999999999791100e+00 2.866027685895740640e-01
-5.199999999999789679e+00 3.372942073048003642e-01
-5.099999999999788258e+00 4.001975767595630229e-01
-4.999999999999786837e+00 4.780040322516361240e-01
-4.899999999999785416e+00 5.729361769132983451e-01
-4.799999999999783995e+00 6.851235231351590071e-01
-4.699999999999782574e+00 8.095490070609757671e-01
-4.599999999999781153e+00 9.320472243753044062e-01
-4.499999999999779732e+00 1.027829668055851187e+00
-4.399999999999778311e+00 1.068918857311387471e+00
-4.299999999999776890e+00 1.040861311515450138e+00
-4.199999999999775468e+00 9.538356464821741154e-01
-4.099999999999774047e+00 8.346756184331537431e-01
-3.999999999999772626e+00 7.096927212325500056e-01
-3.899999999999771205e+00 5.951094332122912611e-01
-3.799999999999769784e+00 4.973574567277836977e-01
-3.699999999999768363e+00 4.169941866470320835e-01
-3.599999999999766942e+00 3.520292081578408339e-01
-3.499999999999765521e+00 2.997882567810111754e-01
-3.399999999999764100e+00 2.577286184745554154e-01
-3.299999999999762679e+00 2.237072783833156664e-01
-3.199999999999761258e+00 1.960119134791030449e-01
-3.099999999999759837e+00 1.733072841935917874e-01
-2.999999999999758415e+00 1.545623964732942002e-01
-2.899999999999756994e+00 1.389827825505059455e-01
-2.799999999999755573e+00 1.259548239213183207e-01
-2.699999999999754152e+00 1.150023708011670559e-01
-2.599999999999752731e+00 1.057537859063168717e-01
-2.499999999999751310e+00 9.791718704281160424e-02
-2.399999999999749889e+00 9.126191621692131273e-02
-2.299999999999748468e+00 8.560466054104350075e-02
-2.199999999999747047e+00 8.079902615819477274e-02
-2.099999999999745626e+00 7.672767374953523567e-02
-1.999999999999744205e+00 7.329636016073035054e-02
-1.899999999999742784e+00 7.042940644201246825e-02
-1.799999999999741362e+00 6.806624163726313070e-02
-1.699999999999739941e+00 6.615876590028858806e-02
-1.599999999999738520e+00 6.466934539875734966e-02
-1.499999999999737099e+00 6.356930209626984740e-02
-1.399999999999735678e+00 6.283779911189543710e-02
-1.299999999999734257e+00 6.246105076390798261e-02
-1.199999999999732836e+00 6.243180841122548258e-02
-1.099999999999731415e+00 6.274909090082933516e-02
-9.999999999997299938e-01 6.341814342282363348e-02
-8.999999999997285727e-01 6.445062217984044717e-02
-7.999999999997271516e-01 6.586501565495125887e-02
-6.999999999997257305e-01 6.768732754759743120e-02
-5.999999999997243094e-01 6.995206287431256220e-02
-4.999999999997228883e-01 7.270357876861892332e-02
-3.999999999997214672e-01 7.599788702900665827e-02
-2.999999999997200462e-01 7.990502892980705374e-02
-1.999999999997186251e-01 8.451218758476301829e-02
-9.999999999971720399e-02 8.992776383614382862e-02
2.842170943040400743e-13 9.628672451865757931e-02
1.000000000002856382e-01 1.037576454771381163e-01
2.000000000002870593e-01 1.125520268962077325e-01
3.000000000002884804e-01 1.229366686033902673e-01
4.000000000002899014e-01 1.352501714308105008e-01
5.000000000002913225e-01 1.499249837882241643e-01
6.000000000002927436e-01 1.675168198290958588e-01
7.000000000002941647e-01 1.887436398587956088e-01
8.000000000002955858e-01 2.145364108984009754e-01
9.000000000002970069e-01 2.461027836856549134e-01
1.000000000000298428e+00 2.850007487127162453e-01
1.100000000000299849e+00 3.332079219547440796e-01
1.200000000000301270e+00 3.931439661656233597e-01
1.300000000000302691e+00 4.675406304052792117e-01
1.400000000000304112e+00 5.589291555889220886e-01
1.500000000000305533e+00 6.683209938206162715e-01
1.600000000000306954e+00 7.925374784861922706e-01
1.700000000000308376e+00 9.202113032892106359e-01
1.800000000000309797e+00 1.028903255710967857e+00
1.900000000000311218e+00 1.089440877907662086e+00
2.000000000000312639e+00 1.081134661048161361e+00
2.100000000000314060e+00 1.006954834268472432e+00
2.200000000000315481e+00 8.911664283071698556e-01
2.300000000000316902e+00 7.624018965770336109e-01
2.400000000000318323e+00 6.405977119503378781e-01
2.500000000000319744e+00 5.349006020077090584e-01
2.600000000000321165e+00 4.472242866716234500e-01
2.700000000000322586e+00 3.760357465823783163e-01
2.800000000000324007e+00 3.186808331075785539e-01
2.900000000000325429e+00 2.724732425969186300e-01
3.000000000000326850e+00 2.350910554283527076e-01
3.100000000000328271e+00 2.046577767968507933e-01
3.200000000000329692e+00 1.797031808145945486e-01
3.300000000000331113e+00 1.590908266582426178e-01
3.400000000000332534e+00 1.419461397906072175e-01
3.500000000000333955e+00 1.275958158820842403e-01
3.600000000000335376e+00 1.155201465348255768e-01
3.700000000000336797e+00 1.053167369240005369e-01
3.800000000000338218e+00 9.667337248101622038e-02
3.900000000000339639e+00 8.934794900120304750e-02
4.000000000000341061e+00 8.315378383838212262e-02
4.100000000000342482e+00 7.794904352070787523e-02
4.200000000000343903e+00 7.362938339189366299e-02
4.300000000000345324e+00 7.012318611237423893e-02
4.400000000000346745e+00 6.738901371783852234e-02
4.500000000000348166e+00 6.541505398312519315e-02
4.600000000000349587e+00 6.422042463857753625e-02
4.700000000000351008e+00 6.385812197854291716e-02
4.800000000000352429e+00 6.441896419634116078e-02
4.900000000000353850e+00 6.603462301988971550e-02
5.000000000000355271e+00 6.887479067388128928e-02
5.100000000000356692e+00 7.312695469238277013e-02
5.200000000000358114e+00 7.893514845944067659e-02
5.300000000000359535e+00 8.625857573263215339e-02
5.400000000000360956e+00 9.461442018020140010e-02
5.500000000000362377e+00 1.027609284344931373e-01
5.600000000000363798e+00 1.086326518956137605e-01
5.700000000000365219e+00 1.100341343251921150e-01
5.800000000000366640e+00 1.060010561187894745e-01
5.900000000000368061e+00 9.754276302320523395e-02
6.000000000000369482e+00 8.685267971646452867e-02
6.100000000000370903e+00 7.595375870313968159e-02
6.200000000000372324e+00 6.603619681434168276e-02
6.300000000000373745e+00 5.753926216714935760e-02
6.400000000000375167e+00 5.046896311901195864e-02
6.500000000000376588e+00 4.465058784108704576e-02
6.600000000000378009e+00 3.986583132220013898e-02
6.700000000000379430e+00 3.591120774515481340e-02
6.800000000000380851e+00 3.261635298034029629e-02
6.900000000000382272e+00 2.984527493730752476e-02
7.000000000000383693e+00 2.749169620796696259e-02
7.100000000000385114e+00 2.547319751539198901e-02
7.200000000000386535e+00 2.372588112570974545e-02
7.300000000000387956e+00 2.220001696921188386e-02
7.400000000000389377e+00 2.085666019329813353e-02
7.500000000000390799e+00 1.966508267119503744e-02
7.600000000000392220e+00 1.860084137009475683e-02
7.700000000000393641e+00 1.764432920210539171e-02
7.800000000000395062e+00 1.677968593168005854e-02
7.900000000000396483e+00 1.599397619970296253e-02
8.000000000000397904e+00 1.527656559284066955e-02
8.100000000000399325e+00 1.461864392028257645e-02
8.200000000000400746e+00 1.401285839809129213e-02
8.300000000000402167e+00 1.345302935409728798e-02
8.400000000000403588e+00 1.293392828163940876e-02
8.500000000000405009e+00 1.245110331623025014e-02
8.600000000000406430e+00 1.200074102963817960e-02
8.700000000000407852e+00 1.157955622815395880e-02
8.800000000000409273e+00 1.118470349227522129e-02
8.900000000000410694e+00 1.081370570898176203e-02
9.000000000000412115e+00 1.046439597216645458e-02
9.100000000000413536e+00 1.013487006697460190e-02
9.200000000000414957e+00 9.823447385549181898e-03
9.300000000000416378e+00 9.528638599665606099e-03
9.400000000000417799e+00 9.249118779627796966e-03
9.500000000000419220e+00 8.983704927526396308e-03
9.600000000000420641e+00 8.731337107734554390e-03
9.700000000000422062e+00 8.491062523979801130e-03
9.800000000000423483e+00 8.262022022090609666e-03
9.900000000000424905e+00 8.043438599218971294e-03
