-3.200000000000000000e+01 2.943661696103135397e-03 3.819012564313461837e-04
-3.189999999999999858e+01 2.968793724049522114e-03 3.871571869810121148e-04
-3.179999999999999716e+01 2.994267068393218281e-03 3.925137731225460049e-04
-3.169999999999999574e+01 3.020088145183010778e-03 3.979734960450522353e-04
-3.159999999999999432e+01 3.046263524801653098e-03 4.035389119209140509e-04
-3.149999999999999289e+01 3.072799936483954376e-03 4.092126545938581201e-04
-3.139999999999999147e+01 3.099704272995462175e-03 4.149974383797557930e-04
-3.129999999999999005e+01 3.126983595470913743e-03 4.208960609839690987e-04
-3.119999999999998863e+01 3.154645138421172286e-03 4.269114065412924711e-04
-3.109999999999998721e+01 3.182696314917981932e-03 4.330464487849214708e-04
-3.099999999999998579e+01 3.211144721956007541e-03 4.393042543489882219e-04
-3.089999999999998437e+01 3.239998146009573799e-03 4.456879862133685151e-04
-3.079999999999998295e+01 3.269264568784310907e-03 4.522009072960031257e-04
-3.069999999999998153e+01 3.298952173174146858e-03 4.588463842005059950e-04
-3.059999999999998010e+01 3.329069349434904661e-03 4.656278911273392706e-04
-3.049999999999997868e+01 3.359624701575116435e-03 4.725490139547982595e-04
-3.039999999999997726e+01 3.390627053984093461e-03 4.796134545007537005e-04
-3.029999999999997584e+01 3.422085458298849015e-03 4.868250349723358744e-04
-3.019999999999997442e+01 3.454009200522519234e-03 4.941877026136545304e-04
-3.009999999999997300e+01 3.486407808407919126e-03 5.017055345622895837e-04
-2.999999999999997158e+01 3.519291059108459359e-03 5.093827429231447251e-04
-2.989999999999997016e+01 3.552668987119712504e-03 5.172236800735775623e-04
-2.979999999999996874e+01 3.586551892515018811e-03 5.252328442096674925e-04
-2.969999999999996732e+01 3.620950349490721035e-03 5.334148851468369697e-04
-2.959999999999996589e+01 3.655875215237536831e-03 5.417746103888792727e-04
-2.949999999999996447e+01 3.691337639142635348e-03 5.503169914772359454e-04
-2.939999999999996305e+01 3.727349072349590755e-03 5.590471706383994769e-04
-2.929999999999996163e+01 3.763921277682212661e-03 5.679704677430182525e-04
-2.919999999999996021e+01 3.801066339951416056e-03 5.770923875941507547e-04
-2.909999999999995879e+01 3.838796676665475610e-03 5.864186275632812979e-04
-2.899999999999995737e+01 3.877125049151297111e-03 5.959550855904145392e-04
-2.889999999999995595e+01 3.916064574118791053e-03 6.057078685715387278e-04
-2.879999999999995453e+01 3.955628735677799157e-03 6.156833011521700488e-04
-2.869999999999995310e+01 3.995831397831410212e-03 6.258879349502898155e-04
-2.859999999999995168e+01 4.036686817470953176e-03 6.363285582335245338e-04
-2.849999999999995026e+01 4.078209657884317510e-03 6.470122060731834518e-04
-2.839999999999994884e+01 4.120415002816027461e-03 6.579461710058566839e-04
-2.829999999999994742e+01 4.163318371093114624e-03 6.691380142285122514e-04
-2.819999999999994600e+01 4.206935731846675464e-03 6.805955773585287008e-04
-2.809999999999994458e+01 4.251283520360763825e-03 6.923269947922445090e-04
-2.799999999999994316e+01 4.296378654565767910e-03 7.043407066934869549e-04
-2.789999999999994174e+01 4.342238552222727616e-03 7.166454726531163192e-04
-2.779999999999994031e+01 4.388881148818819106e-03 7.292503860557383475e-04
-2.769999999999993889e+01 4.436324916211743796e-03 7.421648891964581279e-04
-2.759999999999993747e+01 4.484588882063029677e-03 7.553987891935448314e-04
-2.749999999999993605e+01 4.533692650084754881e-03 7.689622747410971562e-04
-2.739999999999993463e+01 4.583656421156403343e-03 7.828659337572656208e-04
-2.729999999999993321e+01 4.634501015340452071e-03 7.971207719788112912e-04
-2.719999999999993179e+01 4.686247894844723649e-03 8.117382325611421099e-04
-2.709999999999993037e+01 4.738919187982351330e-03 8.267302167472009378e-04
-2.699999999999992895e+01 4.792537714163812648e-03 8.421091056675024823e-04
-2.689999999999992752e+01 4.847127009990955665e-03 8.578877833475516412e-04
-2.679999999999992610e+01 4.902711356492972863e-03 8.740796609945933066e-04
-2.669999999999992468e+01 4.959315807565632152e-03 8.906987026462556212e-04
-2.659999999999992326e+01 5.016966219679071248e-03 9.077594522697370223e-04
-2.649999999999992184e+01 5.075689282901773604e-03 9.252770624003361574e-04
-2.639999999999992042e+01 5.135512553327990261e-03 9.432673244254691485e-04
-2.629999999999991900e+01 5.196464486963460472e-03 9.617467006170782188e-04
-2.619999999999991758e+01 5.258574475148537070e-03 9.807323580291666450e-04
-2.609999999999991616e+01 5.321872881602698890e-03 1.000242204386105407e-03
-2.599999999999991473e+01 5.386391081155903968e-03 1.020294926089577352e-03
-2.589999999999991331e+01 5.452161500276416287e-03 1.040910028494161817e-03
-2.579999999999991189e+01 5.519217659469886558e-03 1.062107878600311280e-03
-2.569999999999991047e+01 5.587594217652135445e-03 1.083909750332065448e-03
-2.559999999999990905e+01 5.657327018604084608e-03 1.106337872579982434e-03
-2.549999999999990763e+01 5.728453139597956996e-03 1.129415480195569655e-03
-2.539999999999990621e+01 5.801010942333269249e-03 1.153166868152447023e-03
-2.529999999999990479e+01 5.875040126284021211e-03 1.177617449091932856e-03
-2.519999999999990337e+01 5.950581784589540832e-03 1.202793814496330585e-03
-2.509999999999990195e+01 6.027678462629568190e-03 1.228723799753008101e-03
-2.499999999999990052e+01 6.106374219403415925e-03 1.255436553384100661e-03
-2.489999999999989910e+01 6.186714691889184242e-03 1.282962610755677274e-03
-2.479999999999989768e+01 6.268747162518562704e-03 1.311333972589168954e-03
-2.469999999999989626e+01 6.352520629938693611e-03 1.340584188634187180e-03
-2.459999999999989484e+01 6.438085883242193434e-03 1.370748446892160188e-03
-2.449999999999989342e+01 6.525495579825013603e-03 1.401863668801982266e-03
-2.439999999999989200e+01 6.614804327094608513e-03 1.433968610853041418e-03
-2.429999999999989058e+01 6.706068768207473253e-03 1.467103973111300724e-03
-2.419999999999988916e+01 6.799347672055615875e-03 1.501312515197156727e-03
-2.409999999999988773e+01 6.894702027733284368e-03 1.536639180301106310e-03
-2.399999999999988631e+01 6.992195143691960768e-03 1.573131227861784311e-03
-2.389999999999988489e+01 7.091892751862198183e-03 1.610838375608789584e-03
-2.379999999999988347e+01 7.193863116972754393e-03 1.649812951712600504e-03
-2.369999999999988205e+01 7.298177151342683487e-03 1.690110057863709360e-03
-2.359999999999988063e+01 7.404908535434790232e-03 1.731787744178390175e-03
-2.349999999999987921e+01 7.514133844432209150e-03 1.774907196895462438e-03
-2.339999999999987779e+01 7.625932681177104502e-03 1.819532939944206460e-03
-2.329999999999987637e+01 7.740387815755242484e-03 1.865733051537338261e-03
-2.319999999999987494e+01 7.857585332057444305e-03 1.913579397066860399e-03
-2.309999999999987352e+01 7.977614781660133381e-03 1.963147879702590443e-03
-2.299999999999987210e+01 8.100569345331697438e-03 2.014518710209016461e-03
-2.289999999999987068e+01 8.226546002552558370e-03 2.067776697674286301e-03
-2.279999999999986926e+01 8.355645709366123219e-03 2.123011562978087061e-03
-2.269999999999986784e+01 8.487973584921357229e-03 2.180318277023095969e-03
-2.259999999999986642e+01 8.623639107067464921e-03 2.239797425956457574e-03
-2.249999999999986500e+01 8.762756317306087672e-03 2.301555605808815706e-03
-2.239999999999986358e+01 8.905444035478613310e-03 2.365705849261679275e-03
-2.229999999999986215e+01 9.051826084463546196e-03 2.432368087491577208e-03
-2.219999999999986073e+01 9.202031525179520804e-03 2.501669650364509410e-03
-2.209999999999985931e+01 9.356194902155345189e-03 2.573745808594959765e-03
-2.199999999999985789e+01 9.514456499824157018e-03 2.648740361835466659e-03
-2.189999999999985647e+01 9.676962609730768369e-03 2.726806277127586959e-03
-2.179999999999985505e+01 9.843865808664323258e-03 2.808106382570203698e-03
-2.169999999999985363e+01 1.001532524767882043e-02 2.892814121609297781e-03
-2.159999999999985221e+01 1.019150695183787016e-02 2.981114373940312728e-03
-2.149999999999985079e+01 1.037258413029578524e-02 3.073204349636425668e-03
-2.139999999999984936e+01 1.055873749623751495e-02 3.169294563901170134e-03
-2.129999999999984794e+01 1.075015559584606949e-02 3.269609900608351927e-03
-2.119999999999984652e+01 1.094703514522770392e-02 3.374390773738792336e-03
-2.109999999999984510e+01 1.114958137386227142e-02 3.483894396853397333e-03
-2.099999999999984368e+01 1.135800837262730331e-02 3.598396171854783242e-03
-2.089999999999984226e+01 1.157253944402742048e-02 3.718191209648553323e-03
-2.079999999999984084e+01 1.179340745147705941e-02 3.843595996698814191e-03
-2.069999999999983942e+01 1.202085516375742645e-02 3.974950223137710230e-03
-2.059999999999983800e+01 1.225513558980685126e-02 4.112618789920762657e-03
-2.049999999999983658e+01 1.249651229775172907e-02 4.256994014524461550e-03
-2.039999999999983515e+01 1.274525971081761147e-02 4.408498057072720959e-03
-2.029999999999983373e+01 1.300166337090874653e-02 4.567585591285632310e-03
-2.019999999999983231e+01 1.326602015866298195e-02 4.734746747598300720e-03
-2.009999999999983089e+01 1.353863845630231925e-02 4.910510359065500298e-03
-1.999999999999982947e+01 1.381983823649055379e-02 5.095447544263704762e-03
-1.989999999999982805e+01 1.410995105693806616e-02 5.290175665605306374e-03
-1.979999999999982663e+01 1.440931993592585794e-02 5.495362705954502484e-03
-1.969999999999982521e+01 1.471829907869306488e-02 5.711732111605175369e-03
-1.959999999999982379e+01 1.503725341819880067e-02 5.940068155378040900e-03
-1.949999999999982236e+01 1.536655792585824368e-02 6.181221879825874246e-03
-1.939999999999982094e+01 1.570659663860595259e-02 6.436117687646399771e-03
-1.929999999999981952e+01 1.605776133699656980e-02 6.705760653925721577e-03
-1.919999999999981810e+01 1.642044979528257259e-02 6.991244643267759129e-03
-1.909999999999981668e+01 1.679506350757424202e-02 7.293761323907027236e-03
-1.899999999999981526e+01 1.718200477360613126e-02 7.614610180437936249e-03
-1.889999999999981384e+01 1.758167300303356551e-02 7.955209637100509046e-03
-1.879999999999981242e+01 1.799446006678211141e-02 8.317109413765583908e-03
-1.869999999999981100e+01 1.842074448744759202e-02 8.702004247160175301e-03
-1.859999999999980957e+01 1.886088421613520832e-02 9.111749119485867965e-03
-1.849999999999980815e+01 1.931520768905182692e-02 9.548376144862360734e-03
-1.839999999999980673e+01 1.978400279124493608e-02 1.001411326949486376e-02
-1.829999999999980531e+01 2.026750327537111054e-02 1.051140494309701391e-02
-1.819999999999980389e+01 2.076587208638831436e-02 1.104293491361734922e-02
-1.809999999999980247e+01 2.127918092622494567e-02 1.161165128236807398e-02
-1.799999999999980105e+01 2.180738525130583583e-02 1.222079392717566673e-02
-1.789999999999979963e+01 2.235029372585091781e-02 1.287392435079279772e-02
-1.779999999999979821e+01 2.290753095099427872e-02 1.357495793278186251e-02
-1.769999999999979678e+01 2.347849204777908289e-02 1.432819844245726559e-02
-1.759999999999979536e+01 2.406228738727476252e-02 1.513837449380166580e-02
-1.749999999999979394e+01 2.465767542881574723e-02 1.601067736871094119e-02
-1.739999999999979252e+01 2.526298124584379010e-02 1.695079927418705751e-02
-1.729999999999979110e+01 2.587599789122856098e-02 1.796497059629227969e-02
-1.719999999999978968e+01 2.649386728858324491e-02 1.905999401868420026e-02
-1.709999999999978826e+01 2.711293685611568249e-02 2.024327242630444626e-02
-1.699999999999978684e+01 2.772858761538862793e-02 2.152282623654107330e-02
-1.689999999999978542e+01 2.833502918027994838e-02 2.290729409581715101e-02
-1.679999999999978400e+01 2.892505687894237829e-02 2.440590863988075995e-02
-1.669999999999978257e+01 2.948976651544651592e-02 2.602843611721887551e-02
-1.659999999999978115e+01 3.001822320736312333e-02 2.778506500275636226e-02
-1.649999999999977973e+01 3.049708274786038648e-02 2.968622419884699853e-02
-1.639999999999977831e+01 3.091016761410272928e-02 3.174230603723515731e-02
-1.629999999999977689e+01 3.123800586431492790e-02 3.396326324704365685e-02
-1.619999999999977547e+01 3.145735074394144515e-02 3.635804284786854634e-02
-1.609999999999977405e+01 3.154071305961768379e-02 3.893381462348850103e-02
-1.599999999999977263e+01 3.145595852169973117e-02 4.169494932352085792e-02
-1.589999999999977121e+01 3.116604923788780790e-02 4.464170511457352108e-02
-1.579999999999976978e+01 3.062904230822122154e-02 4.776859466776163521e-02
-1.569999999999976836e+01 2.979849683925781673e-02 5.106243583455631618e-02
-1.559999999999976694e+01 2.862447768197816378e-02 5.450014342708358467e-02
-1.549999999999976552e+01 2.705536803705974047e-02 5.804640478953641131e-02
-1.539999999999976410e+01 2.504069462536556018e-02 6.165149983258542271e-02
-1.529999999999976268e+01 2.253510230300712069e-02 6.524966870230303195e-02
-1.519999999999976126e+01 1.950346177582784959e-02 6.875857068469151678e-02
-1.509999999999975984e+01 1.592683676605501780e-02 7.208046530682633846e-02
-1.499999999999975842e+01 1.180868849241348620e-02 7.510570754394188531e-02
-1.489999999999975699e+01 7.180321528306284930e-03 7.771890696959721234e-02
-1.479999999999975557e+01 2.104304550758887699e-03 7.980761643516753878e-02
-1.469999999999975415e+01 -3.325400906041208263e-03 8.127274044645353690e-02
-1.459999999999975273e+01 -8.987466390477151859e-03 8.203916153936866018e-02
-1.449999999999975131e+01 -1.474142729505332691e-02 8.206464446626202114e-02
-1.439999999999974989e+01 -2.043914025129273462e-02 8.134514717808917494e-02
-1.429999999999974847e+01 -2.593759734411300172e-02 7.991533189007989091e-02
-1.419999999999974705e+01 -3.111083011938672871e-02 7.784415676123164485e-02
-1.409999999999974563e+01 -3.585890419321699496e-02 7.522655925156880585e-02
-1.399999999999974420e+01 -4.011282241761411627e-02 7.217301433728902371e-02
-1.389999999999974278e+01 -4.383518668937322338e-02 6.879894087995781782e-02
-1.379999999999974136e+01 -4.701734668066687162e-02 6.521557621504596447e-02
-1.369999999999973994e+01 -4.967425599130179809e-02 6.152327499903365721e-02
-1.359999999999973852e+01 -5.183832947615982234e-02 5.780749151975626138e-02
-1.349999999999973710e+01 -5.355336579190725366e-02 5.413717392275814444e-02
-1.339999999999973568e+01 -5.486923402182480869e-02 5.056500883393818396e-02
-1.329999999999973426e+01 -5.583766229200912146e-02 4.712888049042409516e-02
-1.319999999999973284e+01 -5.650918812469320901e-02 4.385397675067190248e-02
-1.309999999999973141e+01 -5.693115680323111716e-02 4.075510901027617344e-02
-1.299999999999972999e+01 -5.714657191148618531e-02 3.783895799928111564e-02
-1.289999999999972857e+01 -5.719358425206832325e-02 3.510608151714086217e-02
-1.279999999999972715e+01 -5.710542445999669536e-02 3.255261201471577881e-02
-1.269999999999972573e+01 -5.691062012922376567e-02 3.017163221953405791e-02
-1.259999999999972431e+01 -5.663337699751810200e-02 2.795425181035634393e-02
-1.249999999999972289e+01 -5.629403870303311547e-02 2.589042483453101590e-02
-1.239999999999972147e+01 -5.590956803138218828e-02 2.396955263088271226e-02
-1.229999999999972005e+01 -5.549401403917023773e-02 2.218091540481976001e-02
-1.219999999999971863e+01 -5.505894477318106633e-02 2.051397067738186877e-02
-1.209999999999971720e+01 -5.461383572212157728e-02 1.895855069766900006e-02
-1.199999999999971578e+01 -5.416641086735395766e-02 1.750498477073298559e-02
-1.189999999999971436e+01 -5.372293729566745418e-02 1.614416691184287350e-02
-1.179999999999971294e+01 -5.328847663117586286e-02 1.486758452851107658e-02
-1.169999999999971152e+01 -5.286709765317817306e-02 1.366731998988660567e-02
-1.159999999999971010e+01 -5.246205483022476496e-02 1.253603389493159609e-02
-1.149999999999970868e+01 -5.207593741937513454e-02 1.146693648532118130e-02
-1.139999999999970726e+01 -5.171079345345146183e-02 1.045375184405621799e-02
-1.129999999999970584e+01 -5.136823249556912024e-02 9.490678161227072279e-03
-1.119999999999970441e+01 -5.104951055926824216e-02 8.572346338454510731e-03
-1.109999999999970299e+01 -5.075560011947971573e-02 7.693778459504686112e-03
-1.099999999999970157e+01 -5.048724769986256966e-02 6.850347113061172090e-03
-1.089999999999970015e+01 -5.024502112721735553e-02 6.037736163584314641e-03
-1.079999999999969873e+01 -5.002934819674079159e-02 5.251903287276306516e-03
-1.069999999999969731e+01 -4.984054819219893573e-02 4.489044394583329746e-03
-1.059999999999969589e+01 -4.967885744815800364e-02 3.745559923960927167e-03
-1.049999999999969447e+01 -4.954444992265967518e-02 3.018022898275740662e-03
-1.039999999999969305e+01 -4.943745356270857344e-02 2.303148572691949073e-03
-1.029999999999969162e+01 -4.935796308619151695e-02 1.597765461062448976e-03
-1.019999999999969020e+01 -4.930604966777796250e-02 8.987875017144669135e-04
-1.009999999999968878e+01 -4.928176789802911351e-02 2.031871065625068295e-04
-9.999999999999687361e+00 -4.928516028046622810e-02 -4.920311727160647363e-04
-9.899999999999685940e+00 -4.931625943682241969e-02 -1.189856633564032604e-03
-9.799999999999684519e+00 -4.937508810260701764e-02 -1.893298342622466279e-03
-9.699999999999683098e+00 -4.946165691017450489e-02 -2.605411264631754195e-03
-9.599999999999681677e+00 -4.957595987141683036e-02 -3.329322878651340498e-03
-9.499999999999680256e+00 -4.971796738381933922e-02 -4.068260559172936011e-03
-9.399999999999678835e+00 -4.988761648848621250e-02 -4.825579996179995244e-03
-9.299999999999677414e+00 -5.008479800348362293e-02 -5.604794921635139482e-03
-9.199999999999675993e+00 -5.030934003633810020e-02 -6.409608396367067439e-03
-9.099999999999674571e+00 -5.056098724176559533e-02 -7.243945889249613079e-03
-8.999999999999673150e+00 -5.083937502986436707e-02 -8.111990344333980946e-03
-8.899999999999671729e+00 -5.114399774081004879e-02 -9.018219374713774827e-03
-8.799999999999670308e+00 -5.147416957932564319e-02 -9.967444636721091433e-03
-8.699999999999668887e+00 -5.182897683945989625e-02 -1.096485331066125377e-02
-8.599999999999667466e+00 -5.220721964236951784e-02 -1.201605143033311271e-02
-8.499999999999666045e+00 -5.260734105170908337e-02 -1.312710854013722506e-02
-8.399999999999664624e+00 -5.302734101999519861e-02 -1.430460278639509968e-02
-8.299999999999663203e+00 -5.346467215669986617e-02 -1.555566503165262821e-02
-8.199999999999661782e+00 -5.391611380235402512e-02 -1.688801986464789906e-02
-8.099999999999660361e+00 -5.437762036384564956e-02 -1.831002040209794846e-02
-7.999999999999658939e+00 -5.484413935358254527e-02 -1.983067245865831676e-02
-7.899999999999657518e+00 -5.530939414903258966e-02 -2.145964189792764695e-02
-7.799999999999656097e+00 -5.576562626551728741e-02 -2.320723665386852097e-02
-7.699999999999654676e+00 -5.620329209590820690e-02 -2.508435189357813636e-02
-7.599999999999653255e+00 -5.661070989669023112e-02 -2.710236295056913519e-02
-7.499999999999651834e+00 -5.697365470346717892e-02 -2.927294588745535733e-02
-7.399999999999650413e+00 -5.727490243104529227e-02 -3.160779982523938964e-02
-7.299999999999648992e+00 -5.749373046512279428e-02 -3.411823865516099008e-02
-7.199999999999647571e+00 -5.760539164122773642e-02 -3.681461289038367307e-02
-7.099999999999646150e+00 -5.758059291593371765e-02 -3.970551622807165504e-02
-6.999999999999644729e+00 -5.738503064553693300e-02 -4.279672772453369661e-02
-6.899999999999643308e+00 -5.697906235021596433e-02 -4.608984240940052629e-02
-6.799999999999641886e+00 -5.631763042349630793e-02 -4.958055535738947056e-02
-6.699999999999640465e+00 -5.535059469446115127e-02 -5.325659315228064433e-02
-6.599999999999639044e+00 -5.402367258392351546e-02 -5.709534018685957779e-02
-6.499999999999637623e+00 -5.228021645792570865e-02 -6.106129303360599558e-02
-6.399999999999636202e+00 -5.006405848482051862e-02 -6.510359816134783650e-02
-6.299999999999634781e+00 -4.732359659881205799e-02 -6.915408066485263794e-02
-6.199999999999633360e+00 -4.401714988139161788e-02 -7.312633031676955830e-02
-6.099999999999631939e+00 -4.011935424887523582e-02 -7.691652622671990569e-02
-5.999999999999630518e+00 -3.562800439830404037e-02 -8.040667645794168095e-02
-5.899999999999629097e+00 -3.057033344777494027e-02 -8.347073768076190836e-02
-5.799999999999627676e+00 -2.500738446541929741e-02 -8.598360543745475759e-02
-5.699999999999626255e+00 -1.903504722836793853e-02 -8.783225763712687595e-02
-5.599999999999624833e+00 -1.278067356046316480e-02 -8.892755443530378501e-02
-5.499999999999623412e+00 -6.394989765653528654e-03 -8.921462778361233248e-02
-5.399999999999621991e+00 -4.013188233298846386e-05 -8.867973093325928757e-02
-5.299999999999620570e+00 6.124320859328454686e-03 -8.735201113447434162e-02
-5.199999999999619149e+00 1.195485758526772940e-02 -8.529979224815374683e-02
-5.099999999999617728e+00 1.733476985136100934e-02 -8.262222684416990759e-02
-4.999999999999616307e+00 2.218057754245306504e-02 -7.943814257285397584e-02
-4.899999999999614886e+00 2.644373542373004704e-02 -7.587426270259868544e-02
-4.799999999999613465e+00 3.010824044870154953e-02 -7.205470634927675644e-02
-4.699999999999612044e+00 3.318540422403401524e-02 -6.809299183289148349e-02
-4.599999999999610623e+00 3.570722947673268810e-02 -6.408698548581065468e-02
-4.499999999999609201e+00 3.771963430929128197e-02 -6.011660323724728888e-02
-4.399999999999607780e+00 3.927638411767893356e-02 -5.624369509668997874e-02
-4.299999999999606359e+00 4.043418346927302176e-02 -5.251341501897616171e-02
-4.199999999999604938e+00 4.124905069937877949e-02 -4.895642697152996492e-02
-4.099999999999603517e+00 4.177388246893100343e-02 -4.559143629119094543e-02
-3.999999999999602096e+00 4.205700564409643044e-02 -4.242769609157809318e-02
-3.899999999999600675e+00 4.214148140493384487e-02 -3.946728156481424388e-02
-3.799999999999599254e+00 4.206494081884128156e-02 -3.670703399150938157e-02
-3.699999999999597833e+00 4.185976770406051733e-02 -3.414014966881236818e-02
-3.599999999999596412e+00 4.155348725705525215e-02 -3.175743265810571786e-02
-3.499999999999594991e+00 4.116925864396950296e-02 -2.954825228901442752e-02
-3.399999999999593570e+00 4.072640265706342633e-02 -2.750125419472414928e-02
-3.299999999999592148e+00 4.024092075281292258e-02 -2.560487311238098321e-02
-3.199999999999590727e+00 3.972598000831513432e-02 -2.384769082626535253e-02
-3.099999999999589306e+00 3.919235104550852777e-02 -2.221867604059770546e-02
-2.999999999999587885e+00 3.864879414915482064e-02 -2.070733615087750820e-02
-2.899999999999586464e+00 3.810239385416151758e-02 -1.930380461706270034e-02
-2.799999999999585043e+00 3.755884516766667958e-02 -1.799888225757324822e-02
-2.699999999999583622e+00 3.702269604957778015e-02 -1.678404635730164005e-02
-2.599999999999582201e+00 3.649755132221892129e-02 -1.565143795199213511e-02
-2.499999999999580780e+00 3.598624317645664206e-02 -1.459383489972370176e-02
-2.399999999999579359e+00 3.549097312890119038e-02 -1.360461624345701663e-02
-2.299999999999577938e+00 3.501342981732820381e-02 -1.267772177734590236e-02
-2.199999999999576517e+00 3.455488649718946315e-02 -1.180760954425109574e-02
-2.099999999999575095e+00 3.411628157689108876e-02 -1.098921311678701003e-02
-1.999999999999573674e+00 3.369828503537194986e-02 -1.021789987596227918e-02
-1.899999999999572253e+00 3.330135311707559803e-02 -9.489431041176443760e-03
-1.799999999999570832e+00 3.292577330068177655e-02 -8.799923877156778929e-03
-1.699999999999569411e+00 3.257170118861725527e-02 -8.145816275878700261e-03
-1.599999999999567990e+00 3.223919065908320558e-02 -7.523833758893399247e-03
-1.499999999999566569e+00 3.192821835658341684e-02 -6.930958852982981207e-03
-1.399999999999565148e+00 3.163870336654431292e-02 -6.364402750115710772e-03
-1.299999999999563727e+00 3.137052272313085866e-02 -5.821579166224473759e-03
-1.199999999999562306e+00 3.112352324187539487e-02 -5.300080362676084893e-03
-1.099999999999560885e+00 3.089753006153298301e-02 -4.797655386549461339e-03
-9.999999999995594635e-01 3.069235224420478400e-02 -4.312190714076281212e-03
-8.999999999995580424e-01 3.050778584721403758e-02 -3.841693622693785615e-03
-7.999999999995566213e-01 3.034361507006946845e-02 -3.384278721679746457e-03
-6.999999999995552002e-01 3.019961239899058777e-02 -2.938158059160218133e-03
-5.999999999995537792e-01 3.007553906836817753e-02 -2.501634987527309034e-03
-4.999999999995523581e-01 2.997114749500228575e-02 -2.073101417955310923e-03
-3.999999999995509370e-01 2.988618738418014065e-02 -1.651037222731011750e-03
-2.999999999995495159e-01 2.982041668993118400e-02 -1.234009526079975910e-03
-1.999999999995480948e-01 2.977361738695585847e-02 -8.206688614456614239e-04
-9.999999999954667373e-02 2.974561424737604681e-02 -4.097391947659283218e-04
4.547473508864641190e-13 2.973629310181983079e-02 0.000000000000000000e+00
1.000000000004561684e-01 2.974561424737604681e-02 4.097391947659283218e-04
2.000000000004575895e-01 2.977361738695653848e-02 8.206688614531554293e-04
3.000000000004590106e-01 2.982041668993219707e-02 1.234009526087525427e-03
4.000000000004604317e-01 2.988618738418014065e-02 1.651037222731011750e-03
5.000000000004618528e-01 2.997114749500228575e-02 2.073101417955310923e-03
6.000000000004632739e-01 3.007553906836817753e-02 2.501634987527309034e-03
7.000000000004646949e-01 3.019961239899301986e-02 2.938158059168241229e-03
8.000000000004661160e-01 3.034361507007226830e-02 3.384278721687955169e-03
9.000000000004675371e-01 3.050778584721403758e-02 3.841693622693785615e-03
1.000000000000468958e+00 3.069235224420478400e-02 4.312190714076281212e-03
1.100000000000470379e+00 3.089753006153298301e-02 4.797655386549461339e-03
1.200000000000471800e+00 3.112352324187970046e-02 5.300080362685395154e-03
1.300000000000473221e+00 3.137052272313554241e-02 5.821579166234145709e-03
1.400000000000474643e+00 3.163870336654431292e-02 6.364402750115710772e-03
1.500000000000476064e+00 3.192821835658341684e-02 6.930958852982981207e-03
1.600000000000477485e+00 3.223919065908320558e-02 7.523833758893399247e-03
1.700000000000478906e+00 3.257170118862350722e-02 8.145816275890298622e-03
1.800000000000480327e+00 3.292577330068842401e-02 8.799923877168989647e-03
1.900000000000481748e+00 3.330135311707559803e-02 9.489431041176443760e-03
2.000000000000483169e+00 3.369828503537194986e-02 1.021789987596227918e-02
2.100000000000484590e+00 3.411628157689108876e-02 1.098921311678701003e-02
2.200000000000486011e+00 3.455488649719762329e-02 1.180760954426644110e-02
2.300000000000487432e+00 3.501342981733673171e-02 1.267772177736223131e-02
2.400000000000488853e+00 3.549097312890119038e-02 1.360461624345701663e-02
2.500000000000490274e+00 3.598624317645664206e-02 1.459383489972370176e-02
2.600000000000491696e+00 3.649755132221892129e-02 1.565143795199213511e-02
2.700000000000493117e+00 3.702269604958745297e-02 1.678404635732297367e-02
2.800000000000494538e+00 3.755884516767651893e-02 1.799888225759614657e-02
2.900000000000495959e+00 3.810239385416151758e-02 1.930380461706270034e-02
3.000000000000497380e+00 3.864879414915482064e-02 2.070733615087750820e-02
3.100000000000498801e+00 3.919235104550852777e-02 2.221867604059770546e-02
3.200000000000500222e+00 3.972598000832469611e-02 2.384769082629611958e-02
3.300000000000501643e+00 4.024092075282205416e-02 2.560487311241417194e-02
3.400000000000503064e+00 4.072640265706342633e-02 2.750125419472414928e-02
3.500000000000504485e+00 4.116925864396950296e-02 2.954825228901442752e-02
3.600000000000505906e+00 4.155348725705525215e-02 3.175743265810571786e-02
3.700000000000507328e+00 4.185976770406524272e-02 3.414014966885735303e-02
3.800000000000508749e+00 4.206494081884393221e-02 3.670703399155780811e-02
3.900000000000510170e+00 4.214148140493384487e-02 3.946728156481424388e-02
4.000000000000511591e+00 4.205700564409643044e-02 4.242769609157809318e-02
4.100000000000513012e+00 4.177388246893100343e-02 4.559143629119094543e-02
4.200000000000514433e+00 4.124905069936675439e-02 4.895642697159297008e-02
4.300000000000515854e+00 4.043418346925525125e-02 5.251341501904252529e-02
4.400000000000517275e+00 3.927638411767893356e-02 5.624369509668997874e-02
4.500000000000518696e+00 3.771963430929128197e-02 6.011660323724728888e-02
4.600000000000520117e+00 3.570722947673268810e-02 6.408698548581065468e-02
4.700000000000521538e+00 3.318540422398322254e-02 6.809299183296424474e-02
4.800000000000522959e+00 3.010824044864029991e-02 7.205470634934783847e-02
4.900000000000524381e+00 2.644373542373004704e-02 7.587426270259868544e-02
5.000000000000525802e+00 2.218057754245306504e-02 7.943814257285397584e-02
5.100000000000527223e+00 1.733476985136100934e-02 8.262222684416990759e-02
5.200000000000528644e+00 1.195485758516546572e-02 8.529979224819708716e-02
5.300000000000530065e+00 6.124320859218961542e-03 8.735201113450535848e-02
5.400000000000531486e+00 -4.013188233298846386e-05 8.867973093325928757e-02
5.500000000000532907e+00 -6.394989765653528654e-03 8.921462778361233248e-02
5.600000000000534328e+00 -1.278067356046316480e-02 8.892755443530378501e-02
5.700000000000535749e+00 -1.903504722847956798e-02 8.783225763709988365e-02
5.800000000000537170e+00 -2.500738446552455696e-02 8.598360543741477569e-02
5.900000000000538591e+00 -3.057033344777494027e-02 8.347073768076190836e-02
6.000000000000540012e+00 -3.562800439830404037e-02 8.040667645794168095e-02
6.100000000000541434e+00 -4.011935424887523582e-02 7.691652622671990569e-02
6.200000000000542855e+00 -4.401714988145709329e-02 7.312633031669861505e-02
6.300000000000544276e+00 -4.732359659886695158e-02 6.915408066477940485e-02
6.400000000000545697e+00 -5.006405848486544796e-02 6.510359816127397892e-02
6.500000000000547118e+00 -5.228021645792570865e-02 6.106129303360599558e-02
6.600000000000548539e+00 -5.402367258392351546e-02 5.709534018685957779e-02
6.700000000000549960e+00 -5.535059469448183611e-02 5.325659315221221296e-02
6.800000000000551381e+00 -5.631763042351096982e-02 4.958055535732422414e-02
6.900000000000552802e+00 -5.697906235022551918e-02 4.608984240933880483e-02
7.000000000000554223e+00 -5.738503064553693300e-02 4.279672772453369661e-02
7.100000000000555644e+00 -5.758059291593371765e-02 3.970551622807165504e-02
7.200000000000557066e+00 -5.760539164122685518e-02 3.681461289033288037e-02
7.300000000000558487e+00 -5.749373046511970647e-02 3.411823865511365295e-02
7.400000000000559908e+00 -5.727490243104049056e-02 3.160779982519534848e-02
7.500000000000561329e+00 -5.697365470346717892e-02 2.927294588745535733e-02
7.600000000000562750e+00 -5.661070989669023112e-02 2.710236295056913519e-02
7.700000000000564171e+00 -5.620329209590048392e-02 2.508435189354274453e-02
7.800000000000565592e+00 -5.576562626550912033e-02 2.320723665383558551e-02
7.900000000000567013e+00 -5.530939414902419360e-02 2.145964189789697010e-02
8.000000000000568434e+00 -5.484413935358254527e-02 1.983067245865831676e-02
8.100000000000569855e+00 -5.437762036384564956e-02 1.831002040209794846e-02
8.200000000000571276e+00 -5.391611380234571926e-02 1.688801986462287741e-02
8.300000000000572697e+00 -5.346467215669176154e-02 1.555566503162915566e-02
8.400000000000574119e+00 -5.302734101998738542e-02 1.430460278637303573e-02
8.500000000000575540e+00 -5.260734105170908337e-02 1.312710854013722506e-02
8.600000000000576961e+00 -5.220721964236951784e-02 1.201605143033311271e-02
8.700000000000578382e+00 -5.182897683945321410e-02 1.096485331064264018e-02
8.800000000000579803e+00 -5.147416957931941206e-02 9.967444636703404193e-03
8.900000000000581224e+00 -5.114399774080427563e-02 9.018219374696911581e-03
9.000000000000582645e+00 -5.083937502986436707e-02 8.111990344333980946e-03
9.100000000000584066e+00 -5.056098724176559533e-02 7.243945889249613079e-03
9.200000000000585487e+00 -5.030934003633377033e-02 6.409608396352171368e-03
9.300000000000586908e+00 -5.008479800347978572e-02 5.604794921620743879e-03
9.400000000000588329e+00 -4.988761648848287489e-02 4.825579996166030720e-03
9.500000000000589750e+00 -4.971796738381933922e-02 4.068260559172936011e-03
9.600000000000591172e+00 -4.957595987141683036e-02 3.329322878651340498e-03
9.700000000000592593e+00 -4.946165691017267996e-02 2.605411264618701702e-03
9.800000000000594014e+00 -4.937508810260569925e-02 1.893298342609601136e-03
9.900000000000595435e+00 -4.931625943682160090e-02 1.189856633551297132e-03
1.000000000000059686e+01 -4.928516028046622810e-02 4.920311727160647363e-04
1.010000000000059828e+01 -4.928176789802911351e-02 -2.031871065625068295e-04
1.020000000000059970e+01 -4.930604966777864945e-02 -8.987875017271387433e-04
1.030000000000060112e+01 -4.935796308619271738e-02 -1.597765461075212855e-03
1.040000000000060254e+01 -4.943745356271028735e-02 -2.303148572704855415e-03
1.050000000000060396e+01 -4.954444992265967518e-02 -3.018022898275740662e-03
1.060000000000060538e+01 -4.967885744815800364e-02 -3.745559923960927167e-03
1.070000000000060680e+01 -4.984054819220212762e-02 -4.489044394597017582e-03
1.080000000000060822e+01 -5.002934819674447614e-02 -5.251903287290379460e-03
1.090000000000060965e+01 -5.024502112722151886e-02 -6.037736163598837746e-03
1.100000000000061107e+01 -5.048724769986256966e-02 -6.850347113061172090e-03
1.110000000000061249e+01 -5.075560011947971573e-02 -7.693778459504686112e-03
1.120000000000061391e+01 -5.104951055927380715e-02 -8.572346338470836213e-03
1.130000000000061533e+01 -5.136823249557513626e-02 -9.490678161244169714e-03
1.140000000000061675e+01 -5.171079345345790806e-02 -1.045375184407417585e-02
1.150000000000061817e+01 -5.207593741937513454e-02 -1.146693648532118130e-02
1.160000000000061959e+01 -5.246205483022476496e-02 -1.253603389493159609e-02
1.170000000000062101e+01 -5.286709765318569482e-02 -1.366731998990779358e-02
1.180000000000062244e+01 -5.328847663118366218e-02 -1.486758452853358635e-02
1.190000000000062386e+01 -5.372293729567544779e-02 -1.614416691186683350e-02
1.200000000000062528e+01 -5.416641086735395766e-02 -1.750498477073298559e-02
1.210000000000062670e+01 -5.461383572212157728e-02 -1.895855069766900006e-02
1.220000000000062812e+01 -5.505894477318910851e-02 -2.051397067741115091e-02
1.230000000000062954e+01 -5.549401403917800929e-02 -2.218091540485115851e-02
1.240000000000063096e+01 -5.590956803138950881e-02 -2.396955263091641447e-02
1.250000000000063238e+01 -5.629403870303311547e-02 -2.589042483453101590e-02
1.260000000000063380e+01 -5.663337699751810200e-02 -2.795425181035634393e-02
1.270000000000063523e+01 -5.691062012922813024e-02 -3.017163221957584393e-02
1.280000000000063665e+01 -5.710542445999933214e-02 -3.255261201476063182e-02
1.290000000000063807e+01 -5.719358425206878815e-02 -3.510608151718892095e-02
1.300000000000063949e+01 -5.714657191148618531e-02 -3.783895799928111564e-02
1.310000000000064091e+01 -5.693115680323111716e-02 -4.075510901027617344e-02
1.320000000000064233e+01 -5.650918812468339048e-02 -4.385397675072989776e-02
1.330000000000064375e+01 -5.583766229199435549e-02 -4.712888049048519212e-02
1.340000000000064517e+01 -5.486923402180420017e-02 -5.056500883400202179e-02
1.350000000000064659e+01 -5.355336579190725366e-02 -5.413717392275814444e-02
1.360000000000064801e+01 -5.183832947615982234e-02 -5.780749151975626138e-02
1.370000000000064944e+01 -4.967425599125806224e-02 -6.152327499910125591e-02
1.380000000000065086e+01 -4.701734668061385153e-02 -6.521557621511241132e-02
1.390000000000065228e+01 -4.383518668931043333e-02 -6.879894088002143360e-02
1.400000000000065370e+01 -4.011282241761411627e-02 -7.217301433728902371e-02
1.410000000000065512e+01 -3.585890419321699496e-02 -7.522655925156880585e-02
1.420000000000065654e+01 -3.111083011929623859e-02 -7.784415676127462436e-02
1.430000000000065796e+01 -2.593759734401559006e-02 -7.991533189011199023e-02
1.440000000000065938e+01 -2.043914025119049349e-02 -8.134514717810888140e-02
1.450000000000066080e+01 -1.474142729505332691e-02 -8.206464446626202114e-02
1.460000000000066223e+01 -8.987466390477151859e-03 -8.203916153936866018e-02
1.470000000000066365e+01 -3.325400905939926433e-03 -8.127274044643306716e-02
1.480000000000066507e+01 2.104304550854768467e-03 -7.980761643513493986e-02
1.490000000000066649e+01 7.180321528394780980e-03 -7.771890696955410793e-02
1.500000000000066791e+01 1.180868849241348620e-02 -7.510570754394188531e-02
1.510000000000066933e+01 1.592683676605501780e-02 -7.208046530682633846e-02
1.520000000000067075e+01 1.950346177588791960e-02 -6.875857068462908062e-02
1.530000000000067217e+01 2.253510230305739645e-02 -6.524966870223813942e-02
1.540000000000067359e+01 2.504069462540655169e-02 -6.165149983251969751e-02
1.550000000000067502e+01 2.705536803705974047e-02 -5.804640478953641131e-02
1.560000000000067644e+01 2.862447768197816378e-02 -5.450014342708358467e-02
1.570000000000067786e+01 2.979849683927589601e-02 -5.106243583449501106e-02
1.580000000000067928e+01 3.062904230823351726e-02 -4.776859466770318891e-02
1.590000000000068070e+01 3.116604923789519782e-02 -4.464170511451825973e-02
1.600000000000068212e+01 3.145595852169973117e-02 -4.169494932352085792e-02
1.610000000000068354e+01 3.154071305961768379e-02 -3.893381462348850103e-02
1.620000000000068496e+01 3.145735074393860714e-02 -3.635804284782336721e-02
1.630000000000068638e+01 3.123800586430986945e-02 -3.396326324700169041e-02
1.640000000000068781e+01 3.091016761409591876e-02 -3.174230603719627175e-02
1.650000000000068923e+01 3.049708274786038648e-02 -2.968622419884699853e-02
1.660000000000069065e+01 3.001822320736312333e-02 -2.778506500275636226e-02
1.670000000000069207e+01 2.948976651543653085e-02 -2.602843611718817091e-02
1.680000000000069349e+01 2.892505687893185198e-02 -2.440590863985240069e-02
1.690000000000069491e+01 2.833502918026904738e-02 -2.290729409579096362e-02
1.700000000000069633e+01 2.772858761538862793e-02 -2.152282623654107330e-02
1.710000000000069775e+01 2.711293685611568249e-02 -2.024327242630444626e-02
1.720000000000069917e+01 2.649386728857197962e-02 -1.905999401866350501e-02
1.730000000000070060e+01 2.587599789121735466e-02 -1.796497059627311446e-02
1.740000000000070202e+01 2.526298124583270521e-02 -1.695079927416930088e-02
1.750000000000070344e+01 2.465767542881574723e-02 -1.601067736871094119e-02
1.760000000000070486e+01 2.406228738727476252e-02 -1.513837449380166580e-02
1.770000000000070628e+01 2.347849204776857740e-02 -1.432819844244305647e-02
1.780000000000070770e+01 2.290753095098400915e-02 -1.357495793276864912e-02
1.790000000000070912e+01 2.235029372584090498e-02 -1.287392435078049159e-02
1.800000000000071054e+01 2.180738525130583583e-02 -1.222079392717566673e-02
1.810000000000071196e+01 2.127918092622494567e-02 -1.161165128236807398e-02
1.820000000000071338e+01 2.076587208637911339e-02 -1.104293491360735027e-02
1.830000000000071481e+01 2.026750327536218713e-02 -1.051140494308766549e-02
1.840000000000071623e+01 1.978400279123627287e-02 -1.001411326948611208e-02
1.850000000000071765e+01 1.931520768905182692e-02 -9.548376144862360734e-03
1.860000000000071907e+01 1.886088421613520832e-02 -9.111749119485867965e-03
1.870000000000072049e+01 1.842074448743970944e-02 -8.702004247152955382e-03
1.880000000000072191e+01 1.799446006677448209e-02 -8.317109413758799405e-03
1.890000000000072333e+01 1.758167300302616864e-02 -7.955209637094123529e-03
1.900000000000072475e+01 1.718200477360613126e-02 -7.614610180437936249e-03
1.910000000000072617e+01 1.679506350757424202e-02 -7.293761323907027236e-03
1.920000000000072760e+01 1.642044979528257259e-02 -6.991244643267759129e-03
1.930000000000072902e+01 1.605776133699007499e-02 -6.705760653920674400e-03
1.940000000000073044e+01 1.570659663859966942e-02 -6.436117687641632751e-03
1.950000000000073186e+01 1.536655792585824368e-02 -6.181221879825874246e-03
1.960000000000073328e+01 1.503725341819880067e-02 -5.940068155378040900e-03
1.970000000000073470e+01 1.471829907869306488e-02 -5.711732111605175369e-03
1.980000000000073612e+01 1.440931993592032417e-02 -5.495362705950670480e-03
1.990000000000073754e+01 1.410995105693270586e-02 -5.290175665601670393e-03
2.000000000000073896e+01 1.381983823649055379e-02 -5.095447544263704762e-03
2.010000000000074039e+01 1.353863845630231925e-02 -4.910510359065500298e-03
2.020000000000074181e+01 1.326602015866298195e-02 -4.734746747598300720e-03
2.030000000000074323e+01 1.300166337090402115e-02 -4.567585591282668535e-03
2.040000000000074465e+01 1.274525971081301792e-02 -4.408498057069899431e-03
2.050000000000074607e+01 1.249651229775172907e-02 -4.256994014524461550e-03
2.060000000000074749e+01 1.225513558980685126e-02 -4.112618789920762657e-03
2.070000000000074891e+01 1.202085516375742645e-02 -3.974950223137710230e-03
2.080000000000075033e+01 1.179340745147297934e-02 -3.843595996696479687e-03
2.090000000000075175e+01 1.157253944402346010e-02 -3.718191209646323769e-03
2.100000000000075318e+01 1.135800837262730331e-02 -3.598396171854783242e-03
2.110000000000075460e+01 1.114958137386227142e-02 -3.483894396853397333e-03
2.120000000000075602e+01 1.094703514522770392e-02 -3.374390773738792336e-03
2.130000000000075744e+01 1.075015559584254279e-02 -3.269609900606487967e-03
2.140000000000075886e+01 1.055873749623408193e-02 -3.169294563899385103e-03
2.150000000000076028e+01 1.037258413029578524e-02 -3.073204349636425668e-03
2.160000000000076170e+01 1.019150695183787016e-02 -2.981114373940312728e-03
2.170000000000076312e+01 1.001532524767882043e-02 -2.892814121609297781e-03
2.180000000000076454e+01 9.843865808661249328e-03 -2.808106382568694923e-03
2.190000000000076597e+01 9.676962609727774237e-03 -2.726806277126138465e-03
2.200000000000076739e+01 9.514456499824157018e-03 -2.648740361835466659e-03
2.210000000000076881e+01 9.356194902155345189e-03 -2.573745808594959765e-03
2.220000000000077023e+01 9.202031525179520804e-03 -2.501669650364509410e-03
2.230000000000077165e+01 9.051826084460853905e-03 -2.432368087490342085e-03
2.240000000000077307e+01 8.905444035475986939e-03 -2.365705849260490122e-03
2.250000000000077449e+01 8.762756317306087672e-03 -2.301555605808815706e-03
2.260000000000077591e+01 8.623639107067464921e-03 -2.239797425956457574e-03
2.270000000000077733e+01 8.487973584921357229e-03 -2.180318277023095969e-03
2.280000000000077875e+01 8.355645709363750118e-03 -2.123011562977064875e-03
2.290000000000078018e+01 8.226546002550237310e-03 -2.067776697673299677e-03
2.300000000000078160e+01 8.100569345331697438e-03 -2.014518710209016461e-03
2.310000000000078302e+01 7.977614781660133381e-03 -1.963147879702590443e-03
2.320000000000078444e+01 7.857585332057444305e-03 -1.913579397066860399e-03
2.330000000000078586e+01 7.740387815753134795e-03 -1.865733051536482391e-03
2.340000000000078728e+01 7.625932681175050590e-03 -1.819532939943380731e-03
2.350000000000078870e+01 7.514133844432209150e-03 -1.774907196895462438e-03
2.360000000000079012e+01 7.404908535434790232e-03 -1.731787744178390175e-03
2.370000000000079154e+01 7.298177151342683487e-03 -1.690110057863709360e-03
2.380000000000079297e+01 7.193863116970880892e-03 -1.649812951711880160e-03
2.390000000000079439e+01 7.091892751860363713e-03 -1.610838375608092008e-03
2.400000000000079581e+01 6.992195143691960768e-03 -1.573131227861784311e-03
2.410000000000079723e+01 6.894702027733284368e-03 -1.536639180301106310e-03
2.420000000000079865e+01 6.799347672055615875e-03 -1.501312515197156727e-03
2.430000000000080007e+01 6.706068768205794908e-03 -1.467103973110688584e-03
2.440000000000080149e+01 6.614804327092963995e-03 -1.433968610852447492e-03
2.450000000000080291e+01 6.525495579825013603e-03 -1.401863668801982266e-03
2.460000000000080433e+01 6.438085883242193434e-03 -1.370748446892160188e-03
2.470000000000080576e+01 6.352520629938693611e-03 -1.340584188634187180e-03
2.480000000000080718e+01 6.268747162517054362e-03 -1.311333972588644634e-03
2.490000000000080860e+01 6.186714691887704523e-03 -1.282962610755168566e-03
2.500000000000081002e+01 6.106374219403415925e-03 -1.255436553384100661e-03
2.510000000000081144e+01 6.027678462629568190e-03 -1.228723799753008101e-03
2.520000000000081286e+01 5.950581784589540832e-03 -1.202793814496330585e-03
2.530000000000081428e+01 5.875040126282662922e-03 -1.177617449091481611e-03
2.540000000000081570e+01 5.801010942331936981e-03 -1.153166868152009005e-03
2.550000000000081712e+01 5.728453139597956996e-03 -1.129415480195569655e-03
2.560000000000081855e+01 5.657327018604084608e-03 -1.106337872579982434e-03
2.570000000000081997e+01 5.587594217652135445e-03 -1.083909750332065448e-03
2.580000000000082139e+01 5.519217659468654905e-03 -1.062107878599920100e-03
2.590000000000082281e+01 5.452161500275208919e-03 -1.040910028493781479e-03
2.600000000000082423e+01 5.386391081155903968e-03 -1.020294926089577352e-03
2.610000000000082565e+01 5.321872881602698890e-03 -1.000242204386105407e-03
2.620000000000082707e+01 5.258574475148537070e-03 -9.807323580291666450e-04
2.630000000000082849e+01 5.196464486962343310e-03 -9.617467006167376709e-04
2.640000000000082991e+01 5.135512553326893048e-03 -9.432673244251375995e-04
2.650000000000083134e+01 5.075689282901773604e-03 -9.252770624003361574e-04
2.660000000000083276e+01 5.016966219679071248e-03 -9.077594522697370223e-04
2.670000000000083418e+01 4.959315807565632152e-03 -8.906987026462556212e-04
2.680000000000083560e+01 4.902711356491951111e-03 -8.740796609942946089e-04
2.690000000000083702e+01 4.847127009989954730e-03 -8.578877833472606414e-04
2.700000000000083844e+01 4.792537714163812648e-03 -8.421091056675024823e-04
2.710000000000083986e+01 4.738919187982351330e-03 -8.267302167472009378e-04
2.720000000000084128e+01 4.686247894844723649e-03 -8.117382325611421099e-04
2.730000000000084270e+01 4.634501015339518790e-03 -7.971207719785489143e-04
2.740000000000084412e+01 4.583656421155485675e-03 -7.828659337570093154e-04
2.750000000000084555e+01 4.533692650084754881e-03 -7.689622747410971562e-04
2.760000000000084697e+01 4.484588882063029677e-03 -7.553987891935448314e-04
2.770000000000084839e+01 4.436324916211743796e-03 -7.421648891964581279e-04
2.780000000000084981e+01 4.388881148817963887e-03 -7.292503860555061114e-04
2.790000000000085123e+01 4.342238552221886275e-03 -7.166454726528898294e-04
2.800000000000085265e+01 4.296378654565767910e-03 -7.043407066934869549e-04
2.810000000000085407e+01 4.251283520360763825e-03 -6.923269947922445090e-04
2.820000000000085549e+01 4.206935731846675464e-03 -6.805955773585287008e-04
2.830000000000085691e+01 4.163318371092329662e-03 -6.691380142283061445e-04
2.840000000000085834e+01 4.120415002815253774e-03 -6.579461710056554559e-04
2.850000000000085976e+01 4.078209657884317510e-03 -6.470122060731834518e-04
2.860000000000086118e+01 4.036686817470953176e-03 -6.363285582335245338e-04
2.870000000000086260e+01 3.995831397831410212e-03 -6.258879349502898155e-04
2.880000000000086402e+01 3.955628735677075777e-03 -6.156833011519868186e-04
2.890000000000086544e+01 3.916064574118079816e-03 -6.057078685713591839e-04
2.900000000000086686e+01 3.877125049151297111e-03 -5.959550855904145392e-04
2.910000000000086828e+01 3.838796676665475610e-03 -5.864186275632812979e-04
2.920000000000086970e+01 3.801066339951416056e-03 -5.770923875941507547e-04
2.930000000000087113e+01 3.763921277681543925e-03 -5.679704677428539959e-04
2.940000000000087255e+01 3.727349072348930693e-03 -5.590471706382390150e-04
2.950000000000087397e+01 3.691337639142635348e-03 -5.503169914772359454e-04
2.960000000000087539e+01 3.655875215237536831e-03 -5.417746103888792727e-04
2.970000000000087681e+01 3.620950349490721035e-03 -5.334148851468369697e-04
2.980000000000087823e+01 3.586551892514396479e-03 -5.252328442095203663e-04
2.990000000000087965e+01 3.552668987119101448e-03 -5.172236800734332550e-04
3.000000000000088107e+01 3.519291059108459359e-03 -5.093827429231447251e-04
3.010000000000088249e+01 3.486407808407919126e-03 -5.017055345622895837e-04
3.020000000000088392e+01 3.454009200522519234e-03 -4.941877026136545304e-04
3.030000000000088534e+01 3.422085458298272653e-03 -4.868250349722030596e-04
3.040000000000088676e+01 3.390627053983524472e-03 -4.796134545006236504e-04
3.050000000000088818e+01 3.359624701575116435e-03 -4.725490139547982595e-04
3.060000000000088960e+01 3.329069349434904661e-03 -4.656278911273392706e-04
3.070000000000089102e+01 3.298952173174146858e-03 -4.588463842005059950e-04
3.080000000000089244e+01 3.269264568783772709e-03 -4.522009072958833214e-04
3.090000000000089386e+01 3.239998146009045576e-03 -4.456879862132514213e-04
3.100000000000089528e+01 3.211144721956007541e-03 -4.393042543489882219e-04
3.110000000000089670e+01 3.182696314917981932e-03 -4.330464487849214708e-04
3.120000000000089813e+01 3.154645138421172286e-03 -4.269114065412924711e-04
3.130000000000089955e+01 3.126983595470414577e-03 -4.208960609838607869e-04
3.140000000000090097e+01 3.099704272994968212e-03 -4.149974383796494869e-04
3.150000000000090239e+01 3.072799936483954376e-03 -4.092126545938581201e-04
3.160000000000090381e+01 3.046263524801653098e-03 -4.035389119209140509e-04
3.170000000000090523e+01 3.020088145183010778e-03 -3.979734960450522353e-04
3.180000000000090665e+01 2.994267068392752508e-03 -3.925137731224476135e-04
3.190000000000090807e+01 2.968793724049063280e-03 -3.871571869809155666e-04
