-3.200000000000000000e+01 1.408556697361091833e-02 1.603349565803516025e-03
-3.189999999999999858e+01 1.419143593252309918e-02 1.622794785989586886e-03
-3.179999999999999716e+01 1.429857453431258862e-02 1.642574040405314672e-03
-3.169999999999999574e+01 1.440700422377475670e-02 1.662694885551163800e-03
-3.159999999999999432e+01 1.451674691960477132e-02 1.683165092118304009e-03
-3.149999999999999289e+01 1.462782502741137580e-02 1.703992652321430906e-03
-3.139999999999999147e+01 1.474026145317939435e-02 1.725185787530457470e-03
-3.129999999999999005e+01 1.485407961716785422e-02 1.746752956209279579e-03
-3.119999999999998863e+01 1.496930346827053324e-02 1.768702862177772353e-03
-3.109999999999998721e+01 1.508595749886757625e-02 1.791044463214220119e-03
-3.099999999999998579e+01 1.520406676015527252e-02 1.813786980008110644e-03
-3.089999999999998437e+01 1.532365687801555063e-02 1.836939905488081540e-03
-3.079999999999998295e+01 1.544475406941419812e-02 1.860513014536748378e-03
-3.069999999999998153e+01 1.556738515935934646e-02 1.884516374113000270e-03
-3.059999999999998010e+01 1.569157759845389577e-02 1.908960353803674853e-03
-3.049999999999997868e+01 1.581735948103157180e-02 1.933855636818781251e-03
-3.039999999999997726e+01 1.594475956394568461e-02 1.959213231460878689e-03
-3.029999999999997584e+01 1.607380728600238742e-02 1.985044483085169134e-03
-3.019999999999997442e+01 1.620453278807626810e-02 2.011361086576794483e-03
-3.009999999999997300e+01 1.633696693394803140e-02 2.038175099373530381e-03
-2.999999999999997158e+01 1.647114133185761595e-02 2.065498955053849187e-03
-2.989999999999997016e+01 1.660708835685086732e-02 2.093345477528652399e-03
-2.979999999999996874e+01 1.674484117391602730e-02 2.121727895859867093e-03
-2.969999999999996732e+01 1.688443376195509008e-02 2.150659859740321547e-03
-2.959999999999996589e+01 1.702590093863776133e-02 2.180155455671563009e-03
-2.949999999999996447e+01 1.716927838613671597e-02 2.210229223867599992e-03
-2.939999999999996305e+01 1.731460267783310747e-02 2.240896175933127475e-03
-2.929999999999996163e+01 1.746191130599453190e-02 2.272171813348612332e-03
-2.919999999999996021e+01 1.761124271048005244e-02 2.304072146807414206e-03
-2.909999999999995879e+01 1.776263630853019276e-02 2.336613716453119459e-03
-2.899999999999995737e+01 1.791613252564750597e-02 2.369813613056216597e-03
-2.889999999999995595e+01 1.807177282767034876e-02 2.403689500192498184e-03
-2.879999999999995453e+01 1.822959975405036639e-02 2.438259637468363165e-03
-2.869999999999995310e+01 1.838965695240026704e-02 2.473542904852983788e-03
-2.859999999999995168e+01 1.855198921438282536e-02 2.509558828181282942e-03
-2.849999999999995026e+01 1.871664251295621084e-02 2.546327605882504896e-03
-2.839999999999994884e+01 1.888366404109568381e-02 2.583870137015639116e-03
-2.829999999999994742e+01 1.905310225201284693e-02 2.622208050674838895e-03
-2.819999999999994600e+01 1.922500690095501480e-02 2.661363736845280895e-03
-2.809999999999994458e+01 1.939942908867207938e-02 2.701360378795377316e-03
-2.799999999999994316e+01 1.957642130657916840e-02 2.742221987082165552e-03
-2.789999999999994174e+01 1.975603748375671237e-02 2.783973435277276379e-03
-2.779999999999994031e+01 1.993833303582420377e-02 2.826640497502077784e-03
-2.769999999999993889e+01 2.012336491579028858e-02 2.870249887881150611e-03
-2.759999999999993747e+01 2.031119166698832496e-02 2.914829302030901882e-03
-2.749999999999993605e+01 2.050187347814352162e-02 2.960407460691501843e-03
-2.739999999999993463e+01 2.069547224074049993e-02 3.007014155646256428e-03
-2.729999999999993321e+01 2.089205160874813005e-02 3.054680298053369901e-03
-2.719999999999993179e+01 2.109167706083055552e-02 3.103437969340035012e-03
-2.709999999999993037e+01 2.129441596518169555e-02 3.153320474819539410e-03
-2.699999999999992895e+01 2.150033764705325257e-02 3.204362400184850631e-03
-2.689999999999992752e+01 2.170951345918049891e-02 3.256599671074806614e-03
-2.679999999999992610e+01 2.192201685518989709e-02 3.310069615890517958e-03
-2.669999999999992468e+01 2.213792346615200274e-02 3.364811032070525159e-03
-2.659999999999992326e+01 2.235731118045370530e-02 3.420864256048592941e-03
-2.649999999999992184e+01 2.258026022709229766e-02 3.478271237113517850e-03
-2.639999999999992042e+01 2.280685326264082075e-02 3.537075615442089854e-03
-2.629999999999991900e+01 2.303717546200566291e-02 3.597322804559758246e-03
-2.619999999999991758e+01 2.327131461318521569e-02 3.659060078522899991e-03
-2.609999999999991616e+01 2.350936121625111369e-02 3.722336664138917173e-03
-2.599999999999991473e+01 2.375140858669891331e-02 3.787203838540630866e-03
-2.589999999999991331e+01 2.399755296347539160e-02 3.853715032495807005e-03
-2.579999999999991189e+01 2.424789362185315184e-02 3.921925939820344528e-03
-2.569999999999991047e+01 2.450253299142017907e-02 3.991894633315137483e-03
-2.559999999999990905e+01 2.476157677946875038e-02 4.063681687679530918e-03
-2.549999999999990763e+01 2.502513409998858088e-02 4.137350309862961387e-03
-2.539999999999990621e+01 2.529331760864648310e-02 4.212966477398395401e-03
-2.529999999999990479e+01 2.556624364398878829e-02 4.290599085257328082e-03
-2.519999999999990337e+01 2.584403237521087915e-02 4.370320101835381728e-03
-2.509999999999990195e+01 2.612680795685936447e-02 4.452204734727033958e-03
-2.499999999999990052e+01 2.641469869074826796e-02 4.536331606970881759e-03
-2.489999999999989910e+01 2.670783719556770949e-02 4.622782944554712850e-03
-2.479999999999989768e+01 2.700636058450618660e-02 4.711644775981070274e-03
-2.469999999999989626e+01 2.731041065132954609e-02 4.803007144790325325e-03
-2.459999999999989484e+01 2.762013406538511850e-02 4.896964336013879225e-03
-2.449999999999989342e+01 2.793568257591120402e-02 4.993615117577206511e-03
-2.439999999999989200e+01 2.825721322624984155e-02 5.093062997818934012e-03
-2.429999999999989058e+01 2.858488857839215636e-02 5.195416500330635873e-03
-2.419999999999988916e+01 2.891887694842130985e-02 5.300789457460454261e-03
-2.409999999999988773e+01 2.925935265344873498e-02 5.409301323941287029e-03
-2.399999999999988631e+01 2.960649627054437460e-02 5.521077512192381492e-03
-2.389999999999988489e+01 2.996049490840232976e-02 5.636249751049380100e-03
-2.379999999999988347e+01 3.032154249229979115e-02 5.754956469763703071e-03
-2.369999999999988205e+01 3.068984006305632700e-02 5.877343209317591188e-03
-2.359999999999988063e+01 3.106559609073419881e-02 6.003563063288037092e-03
-2.349999999999987921e+01 3.144902680371453735e-02 6.133777150650540633e-03
-2.339999999999987779e+01 3.184035653404663352e-02 6.268155123215088387e-03
-2.329999999999987637e+01 3.223981807976110392e-02 6.406875710555156624e-03
-2.319999999999987494e+01 3.264765308499566199e-02 6.550127305605751848e-03
-2.309999999999987352e+01 3.306411243881170192e-02 6.698108594409110834e-03
-2.299999999999987210e+01 3.348945669344999265e-02 6.851029233764614236e-03
-2.289999999999987068e+01 3.392395650305034954e-02 7.009110580996566649e-03
-2.279999999999986926e+01 3.436789308361166972e-02 7.172586480367133116e-03
-2.269999999999986784e+01 3.482155869511976282e-02 7.341704111160792488e-03
-2.259999999999986642e+01 3.528525714677242797e-02 7.516724902966774938e-03
-2.249999999999986500e+01 3.575930432604954023e-02 7.697925524173818493e-03
-2.239999999999986358e+01 3.624402875263670054e-02 7.885598950410291005e-03
-2.229999999999986215e+01 3.673977215787764539e-02 8.080055620233807939e-03
-2.219999999999986073e+01 3.724689009052899874e-02 8.281624686189042669e-03
-2.209999999999985931e+01 3.776575254950913230e-02 8.490655370196199814e-03
-2.199999999999985789e+01 3.829674464402670064e-02 8.707518433092273011e-03
-2.189999999999985647e+01 3.884026728164193670e-02 8.932607769316718363e-03
-2.179999999999985505e+01 3.939673788429148837e-02 9.166342138766197384e-03
-2.169999999999985363e+01 3.996659113223603732e-02 9.409167049210204886e-03
-2.159999999999985221e+01 4.055027973558139598e-02 9.661556804112493568e-03
-2.149999999999985079e+01 4.114827523241776364e-02 9.924016732230221682e-03
-2.139999999999984936e+01 4.176106881249606190e-02 1.019708561732654215e-02
-2.129999999999984794e+01 4.238917216439440361e-02 1.048133834820238336e-02
-2.119999999999984652e+01 4.303311834359398874e-02 1.077738881160679625e-02
-2.109999999999984510e+01 4.369346265799130269e-02 1.108589305313346755e-02
-2.099999999999984368e+01 4.437078356603552098e-02 1.140755273394973915e-02
-2.089999999999984226e+01 4.506568358175291888e-02 1.174311891458893961e-02
-2.079999999999984084e+01 4.577879017888679403e-02 1.209339620043497869e-02
-2.069999999999983942e+01 4.651075668464321050e-02 1.245924728765976028e-02
-2.059999999999983800e+01 4.726226315116263677e-02 1.284159795290487453e-02
-2.049999999999983658e+01 4.803401718968348250e-02 1.324144253494150339e-02
-2.039999999999983515e+01 4.882675474934373983e-02 1.365984996247883269e-02
-2.029999999999983373e+01 4.964124081788676840e-02 1.409797038846391515e-02
-2.019999999999983231e+01 5.047827001670751601e-02 1.455704249853561651e-02
-2.009999999999983089e+01 5.133866705653530177e-02 1.503840156937610167e-02
-1.999999999999982947e+01 5.222328701230508075e-02 1.554348836157714783e-02
-1.989999999999982805e+01 5.313301536731182551e-02 1.607385894205974955e-02
-1.979999999999982663e+01 5.406876776534331325e-02 1.663119554211935081e-02
-1.969999999999982521e+01 5.503148939663863454e-02 1.721731856996936566e-02
-1.959999999999982379e+01 5.602215392763053303e-02 1.783419991074049887e-02
-1.949999999999982236e+01 5.704176186481348804e-02 1.848397766228020503e-02
-1.939999999999982094e+01 5.809133822036195716e-02 1.916897247270815327e-02
-1.929999999999981952e+01 5.917192931823324342e-02 1.989170566424959194e-02
-1.919999999999981810e+01 6.028459854553949032e-02 2.065491934873306401e-02
-1.909999999999981668e+01 6.143042081238369451e-02 2.146159876249228993e-02
-1.899999999999981526e+01 6.261047543242598268e-02 2.231499707196446872e-02
-1.889999999999981384e+01 6.382583707580226362e-02 2.321866292679312244e-02
-1.879999999999981242e+01 6.507756437076558931e-02 2.417647106243133240e-02
-1.869999999999981100e+01 6.636668564025635653e-02 2.519265627996848320e-02
-1.859999999999980957e+01 6.769418114935242536e-02 2.627185115466075874e-02
-1.849999999999980815e+01 6.906096110597377546e-02 2.741912784512798296e-02
-1.839999999999980673e+01 7.046783849424184676e-02 2.864004438867760391e-02
-1.829999999999980531e+01 7.191549562358146019e-02 2.994069587231077897e-02
-1.819999999999980389e+01 7.340444303684889871e-02 3.132777085539082546e-02
-1.809999999999980247e+01 7.493496913214764410e-02 3.280861338305703090e-02
-1.799999999999980105e+01 7.650707850416313405e-02 3.439129085664446861e-02
-1.789999999999979963e+01 7.812041659077581524e-02 3.608466790287356840e-02
-1.779999999999979821e+01 7.977417770959527310e-02 3.789848618836060695e-02
-1.769999999999979678e+01 8.146699297093312753e-02 3.984344982791301892e-02
-1.759999999999979536e+01 8.319679385006380212e-02 4.193131559856425050e-02
-1.749999999999979394e+01 8.496064638064687591e-02 4.417498654230386096e-02
-1.739999999999979252e+01 8.675454998834686293e-02 4.658860664906598614e-02
-1.729999999999979110e+01 8.857319392725218621e-02 4.918765306917327607e-02
-1.719999999999978968e+01 9.040966313160948842e-02 5.198902058705539425e-02
-1.709999999999978826e+01 9.225508410947001747e-02 5.501109074744398031e-02
-1.699999999999978684e+01 9.409820038260319208e-02 5.827377486667191520e-02
-1.689999999999978542e+01 9.592486609457026581e-02 6.179851595014716759e-02
-1.679999999999978400e+01 9.771744605697402219e-02 6.560822900284299375e-02
-1.669999999999978257e+01 9.945411113108264256e-02 6.972715205644454406e-02
-1.659999999999978115e+01 1.011080201391812150e-01 7.418057116256421279e-02
-1.649999999999977973e+01 1.026463844725688801e-01 7.899437140729249907e-02
-1.639999999999977831e+01 1.040294206396901178e-01 8.419435269993294502e-02
-1.629999999999977689e+01 1.052092111223639909e-01 8.980523414250039804e-02
-1.619999999999977547e+01 1.061285175757193111e-01 9.584925545133124447e-02
-1.609999999999977405e+01 1.067196255910514979e-01 1.023442707969197951e-01
-1.599999999999977263e+01 1.069033500127237329e-01 1.093012242303821324e-01
-1.589999999999977121e+01 1.065883964733463363e-01 1.167209042028544419e-01
-1.579999999999976978e+01 1.056713582533710810e-01 1.245899089461669218e-01
-1.569999999999976836e+01 1.040377223789416966e-01 1.328758300109191548e-01
-1.559999999999976694e+01 1.015643502678984789e-01 1.415217960887527049e-01
-1.549999999999976552e+01 9.812395714138687219e-02 1.504407297060360027e-01
-1.539999999999976410e+01 9.359209354845651752e-02 1.595099609231012405e-01
-1.529999999999976268e+01 8.785696723986582968e-02 1.685671942964721282e-01
-1.519999999999976126e+01 8.083206500239475956e-02 1.774091723694497247e-01
-1.509999999999975984e+01 7.247089826007785396e-02 1.857945948270075531e-01
-1.499999999999975842e+01 6.278233511071290573e-02 1.934527559527225160e-01
-1.489999999999975699e+01 5.184405779739295617e-02 2.000987648543649799e-01
-1.479999999999975557e+01 3.981101606919069946e-02 2.054550163193656076e-01
-1.469999999999975415e+01 2.691574589926380018e-02 2.092769111721062558e-01
-1.459999999999975273e+01 1.345842179641275338e-02 2.113791153736992723e-01
-1.449999999999975131e+01 -2.134811583423407155e-04 2.116575635757409479e-01
-1.439999999999974989e+01 -1.373349840097702265e-02 2.101025837711006650e-01
-1.429999999999974847e+01 -2.674783970328617824e-02 2.068001612067225103e-01
-1.419999999999974705e+01 -3.894480379558772770e-02 2.019210463495417773e-01
-1.409999999999974563e+01 -5.007700369928175244e-02 1.957002052968546402e-01
-1.399999999999974420e+01 -5.997348188022338933e-02 1.884110189570581961e-01
-1.389999999999974278e+01 -6.854134477909534784e-02 1.803391071126057010e-01
-1.379999999999974136e+01 -7.575871632592535987e-02 1.717597806285481588e-01
-1.369999999999973994e+01 -8.166202634764901935e-02 1.629214842323448986e-01
-1.359999999999973852e+01 -8.633083079028851248e-02 1.540358703820502995e-01
-1.349999999999973710e+01 -8.987279305494869086e-02 1.452738332291277079e-01
-1.339999999999973568e+01 -9.241055335794151615e-02 1.367661151481186776e-01
-1.329999999999973426e+01 -9.407132111212718195e-02 1.286069145393501090e-01
-1.319999999999973284e+01 -9.497933796265578543e-02 1.208590922833445575e-01
-1.309999999999973141e+01 -9.525093045504529066e-02 1.135599069671140160e-01
-1.299999999999972999e+01 -9.499166841176483189e-02 1.067265671806005151e-01
-1.289999999999972857e+01 -9.429510071831415097e-02 1.003611957915660075e-01
-1.279999999999972715e+01 -9.324258744661323428e-02 9.445502808319770904e-02
-1.269999999999972573e+01 -9.190383496870996316e-02 8.899181461247253344e-02
-1.259999999999972431e+01 -9.033783641292683630e-02 8.395048566684633340e-02
-1.249999999999972289e+01 -8.859400622238400302e-02 7.930717543540281855e-02
-1.239999999999972147e+01 -8.671336776834477622e-02 7.503671654027528615e-02
-1.229999999999972005e+01 -8.472970601765292264e-02 7.111371158498203116e-02
-1.219999999999971863e+01 -8.267063514464337293e-02 6.751327621059573236e-02
-1.209999999999971720e+01 -8.055855672191258865e-02 6.421153300257144425e-02
-1.199999999999971578e+01 -7.841150075537434150e-02 6.118592043086513305e-02
-1.189999999999971436e+01 -7.624385195486912958e-02 5.841536731944249605e-02
-1.179999999999971294e+01 -7.406696930269245083e-02 5.588037171108053286e-02
-1.169999999999971152e+01 -7.188970972902755663e-02 5.356301350755651031e-02
-1.159999999999971010e+01 -6.971886760541587402e-02 5.144692274199845483e-02
-1.149999999999970868e+01 -6.755954157205423805e-02 4.951721950476679901e-02
-1.139999999999970726e+01 -6.541543941574298748e-02 4.776043709484804195e-02
-1.129999999999970584e+01 -6.328913062658747535e-02 4.616443662199151698e-02
-1.119999999999970441e+01 -6.118225508348886649e-02 4.471831880269289822e-02
-1.109999999999970299e+01 -5.909569516068045869e-02 4.341233687037353989e-02
-1.099999999999970157e+01 -5.702971747512835393e-02 4.223781319944476531e-02
-1.089999999999970015e+01 -5.498408953650769232e-02 4.118706129829929896e-02
-1.079999999999969873e+01 -5.295817572389684841e-02 4.025331415944650298e-02
-1.069999999999969731e+01 -5.095101629856692294e-02 3.943065949552370525e-02
-1.059999999999969589e+01 -4.896139255699639981e-02 3.871398207955764614e-02
-1.049999999999969447e+01 -4.698788072415146372e-02 3.809891320734028197e-02
-1.039999999999969305e+01 -4.502889677219487630e-02 3.758178717818495135e-02
-1.029999999999969162e+01 -4.308273401005911774e-02 3.715960462433946787e-02
-1.019999999999969020e+01 -4.114759501904112493e-02 3.683000249410625648e-02
-1.009999999999968878e+01 -3.922161929541936876e-02 3.659123049560264462e-02
-9.999999999999687361e+00 -3.730290779853366601e-02 3.644213382940830748e-02
-9.899999999999685940e+00 -3.538954548602846195e-02 3.638214207230799219e-02
-9.799999999999684519e+00 -3.347962284019283252e-02 3.641126411589839379e-02
-9.699999999999683098e+00 -3.157125735210140893e-02 3.653008910972990742e-02
-9.599999999999681677e+00 -2.966261592776246042e-02 3.673979340512816688e-02
-9.499999999999680256e+00 -2.775193921526074997e-02 3.704215354027499962e-02
-9.399999999999678835e+00 -2.583756892519069315e-02 3.743956534591903057e-02
-9.299999999999677414e+00 -2.391797932851952996e-02 3.793506928069291517e-02
-9.199999999999675993e+00 -2.199181427473386602e-02 3.853238211987478068e-02
-9.099999999999674571e+00 -2.005793127977723717e-02 3.923593511522450311e-02
-8.999999999999673150e+00 -1.811545449730731644e-02 4.005091870684803629e-02
-8.899999999999671729e+00 -1.616383871640111880e-02 4.098333378791139264e-02
-8.799999999999670308e+00 -1.420294693074300452e-02 4.204004938325824753e-02
-8.699999999999668887e+00 -1.223314451307698503e-02 4.322886637846718588e-02
-8.599999999999667466e+00 -1.025541360999705082e-02 4.455858659637734753e-02
-8.499999999999666045e+00 -8.271492057250445784e-03 4.603908602001263034e-02
-8.399999999999664624e+00 -6.284041909437668161e-03 4.768139024659166780e-02
-8.299999999999663203e+00 -4.296853574576056656e-03 4.949774925340340304e-02
-8.199999999999661782e+00 -2.315092530942093607e-03 5.150170716107017876e-02
-8.099999999999660361e+00 -3.455966358593479115e-04 5.370816076910049641e-02
-7.999999999999658939e+00 1.602766962194440703e-03 5.613339805068040533e-02
-7.899999999999657518e+00 3.518675463472786813e-03 5.879510433063397934e-02
-7.799999999999656097e+00 5.387844329689979450e-03 6.171231930259620663e-02
-7.699999999999654676e+00 7.192431510918487203e-03 6.490532210439403649e-02
-7.599999999999653255e+00 8.910343658742006512e-03 6.839541411026192619e-02
-7.499999999999651834e+00 1.051443975051941093e-02 7.220455970862366124e-02
-7.399999999999650413e+00 1.197163458805879099e-02 7.635483406957564723e-02
-7.299999999999648992e+00 1.324191655770780296e-02 8.086761406555365017e-02
-7.199999999999647571e+00 1.427731292769974375e-02 8.576243500336014347e-02
-7.099999999999646150e+00 1.502086434403990950e-02 9.105542364306032366e-02
-6.999999999999644729e+00 1.540571078537120164e-02 9.675721075797859283e-02
-6.899999999999643308e+00 1.535444631930841380e-02 1.028702302820079378e-01
-6.799999999999641886e+00 1.477897009328599937e-02 1.093853361102173488e-01
-6.699999999999640465e+00 1.358114263689929463e-02 1.162777245807596060e-01
-6.599999999999639044e+00 1.165463895798294486e-02 1.235022560710201806e-01
-6.499999999999637623e+00 8.888450707534599482e-03 1.309884381349222249e-01
-6.399999999999636202e+00 5.172491073195360778e-03 1.386355730065488845e-01
-6.299999999999634781e+00 4.056443669050724399e-04 1.463088724792143414e-01
-6.199999999999633360e+00 -5.493683924138001440e-03 1.538376556659927230e-01
-6.099999999999631939e+00 -1.257496792799433355e-02 1.610169716283927355e-01
-5.999999999999630518e+00 -2.084208317836488966e-02 1.676139791413163160e-01
-5.899999999999629097e+00 -3.024093608062090877e-02 1.733799997001500282e-01
-5.799999999999627676e+00 -4.065085203049392804e-02 1.780682251935802596e-01
-5.699999999999626255e+00 -5.188253242744901572e-02 1.814556671297367918e-01
-5.599999999999624833e+00 -6.368472107528991288e-02 1.833663989097908675e-01
-5.499999999999623412e+00 -7.576013443603535347e-02 1.836920201109398798e-01
-5.399999999999621991e+00 -8.778902921573802920e-02 1.824051476402539784e-01
-5.299999999999620570e+00 -9.945671313852151585e-02 1.795629066355432235e-01
-5.199999999999619149e+00 -1.104801595000537151e-01 1.752996070181124244e-01
-5.099999999999617728e+00 -1.206291506614376313e-01 1.698102988887719711e-01
-4.999999999999616307e+00 -1.297389352960962305e-01 1.633288012411570900e-01
-4.899999999999614886e+00 -1.377135894572859010e-01 1.561044979583555425e-01
-4.799999999999613465e+00 -1.445213029514239578e-01 1.483816546083457644e-01
-4.699999999999612044e+00 -1.501840816420785818e-01 1.403836659674893572e-01
-4.599999999999610623e+00 -1.547646999330780926e-01 1.323031055629003139e-01
-4.499999999999609201e+00 -1.583533534489098837e-01 1.242971976974746734e-01
-4.399999999999607780e+00 -1.610557057005219672e-01 1.164875894063352457e-01
-4.299999999999606359e+00 -1.629832196747704742e-01 1.089630483672782840e-01
-4.199999999999604938e+00 -1.642460161588213952e-01 1.017838080043688975e-01
-4.099999999999603517e+00 -1.649480760857960915e-01 9.498655338315886709e-02
-3.999999999999602096e+00 -1.651843877421441675e-01 8.858935799207949546e-02
-3.899999999999600675e+00 -1.650395757505005445e-01 8.259616335046923719e-02
-3.799999999999599254e+00 -1.645875769666172439e-01 7.700060803369249141e-02
-3.699999999999597833e+00 -1.638920005041410999e-01 7.178915728165786991e-02
-3.599999999999596412e+00 -1.630068931110430497e-01 6.694357042115384182e-02
-3.499999999999594991e+00 -1.619777093757079622e-01 6.244278673694743376e-02
-3.399999999999593570e+00 -1.608423510498240283e-01 5.826432586604282649e-02
-3.299999999999592148e+00 -1.596321894464369784e-01 5.438529772239928534e-02
-3.199999999999590727e+00 -1.583730207628381570e-01 5.078310739266470725e-02
-3.099999999999589306e+00 -1.570859288272659360e-01 4.743592745891353490e-02
-2.999999999999587885e+00 -1.557880458760122488e-01 4.432299677176244901e-02
-2.899999999999586464e+00 -1.544932119160601913e-01 4.142479235176373120e-02
-2.799999999999585043e+00 -1.532125389222152023e-01 3.872311048604526462e-02
-2.699999999999583622e+00 -1.519548889915596224e-01 3.620108436288657638e-02
-2.599999999999582201e+00 -1.507272766558346855e-01 3.384315862335586511e-02
-2.499999999999580780e+00 -1.495352055449110651e-01 3.163503577787098175e-02
-2.399999999999579359e+00 -1.483829489750541353e-01 2.956360527138536878e-02
-2.299999999999577938e+00 -1.472737831073596126e-01 2.761686282837490236e-02
-2.199999999999576517e+00 -1.462101802754685043e-01 2.578382535215616167e-02
-2.099999999999575095e+00 -1.451939690239497649e-01 2.405444490341335229e-02
-1.999999999999573674e+00 -1.442264663883892073e-01 2.241952399711900912e-02
-1.899999999999572253e+00 -1.433085870083727342e-01 2.087063352242919320e-02
-1.799999999999570832e+00 -1.424409327959337279e-01 1.940003392238144955e-02
-1.699999999999569411e+00 -1.416238660768713020e-01 1.800059981882097537e-02
-1.599999999999567990e+00 -1.408575683636927867e-01 1.666574800063046896e-02
-1.499999999999566569e+00 -1.401420861971902909e-01 1.538936860965854983e-02
-1.399999999999565148e+00 -1.394773648119616016e-01 1.416575948030820292e-02
-1.299999999999563727e+00 -1.388632697714448916e-01 1.298956395644669526e-02
-1.199999999999562306e+00 -1.382995962646394184e-01 1.185571317716291317e-02
-1.099999999999560885e+00 -1.377860656121830396e-01 1.075937481853186592e-02
-9.999999999995594635e-01 -1.373223089336330915e-01 9.695911559718748546e-03
-8.999999999995580424e-01 -1.369078391835511499e-01 8.660853904936555853e-03
-7.999999999995566213e-01 -1.365420151482475419e-01 7.649892972984739803e-03
-6.999999999995552002e-01 -1.362240045612979344e-01 6.658898677530531579e-03
-5.999999999995537792e-01 -1.359527577567855028e-01 5.683966328664632334e-03
-4.999999999995523581e-01 -1.357270068848036582e-01 4.721489183819142788e-03
-3.999999999995509370e-01 -1.355453063833034766e-01 3.768245818654612778e-03
-2.999999999995495159e-01 -1.354061255182487655e-01 2.821481101893556775e-03
-1.999999999995480948e-01 -1.353079919169720702e-01 1.878951988653454475e-03
-9.999999999954667373e-02 -1.352496677966287253e-01 9.389095122010679417e-04
4.547473508864641190e-13 -1.352303238466816271e-01 0.000000000000000000e+00
1.000000000004561684e-01 -1.352496677966287253e-01 -9.389095122010679417e-04
2.000000000004575895e-01 -1.353079919169734580e-01 -1.878951988670572726e-03
3.000000000004590106e-01 -1.354061255182509027e-01 -2.821481101910730538e-03
4.000000000004604317e-01 -1.355453063833034766e-01 -3.768245818654612778e-03
5.000000000004618528e-01 -1.357270068848036582e-01 -4.721489183819142788e-03
6.000000000004632739e-01 -1.359527577567855028e-01 -5.683966328664632334e-03
7.000000000004646949e-01 -1.362240045613032913e-01 -6.658898677548399231e-03
8.000000000004661160e-01 -1.365420151482537592e-01 -7.649892973002933583e-03
9.000000000004675371e-01 -1.369078391835511499e-01 -8.660853904936555853e-03
1.000000000000468958e+00 -1.373223089336330915e-01 -9.695911559718748546e-03
1.100000000000470379e+00 -1.377860656121830396e-01 -1.075937481853186592e-02
1.200000000000471800e+00 -1.382995962646492161e-01 -1.185571317718318862e-02
1.300000000000473221e+00 -1.388632697714555775e-01 -1.298956395646768888e-02
1.400000000000474643e+00 -1.394773648119616016e-01 -1.416575948030820292e-02
1.500000000000476064e+00 -1.401420861971902909e-01 -1.538936860965854983e-02
1.600000000000477485e+00 -1.408575683636927867e-01 -1.666574800063046896e-02
1.700000000000478906e+00 -1.416238660768857072e-01 -1.800059981884583049e-02
1.800000000000480327e+00 -1.424409327959490768e-01 -1.940003392240753632e-02
1.900000000000481748e+00 -1.433085870083727342e-01 -2.087063352242919320e-02
2.000000000000483169e+00 -1.442264663883892073e-01 -2.241952399711900912e-02
2.100000000000484590e+00 -1.451939690239497649e-01 -2.405444490341335229e-02
2.200000000000486011e+00 -1.462101802754874336e-01 -2.578382535218853161e-02
2.300000000000487432e+00 -1.472737831073793746e-01 -2.761686282840924989e-02
2.400000000000488853e+00 -1.483829489750541353e-01 -2.956360527138536878e-02
2.500000000000490274e+00 -1.495352055449110651e-01 -3.163503577787098175e-02
2.600000000000491696e+00 -1.507272766558346855e-01 -3.384315862335586511e-02
2.700000000000493117e+00 -1.519548889915822709e-01 -3.620108436293092286e-02
2.800000000000494538e+00 -1.532125389222382950e-01 -3.872311048609274747e-02
2.900000000000495959e+00 -1.544932119160601913e-01 -4.142479235176373120e-02
3.000000000000497380e+00 -1.557880458760122488e-01 -4.432299677176244901e-02
3.100000000000498801e+00 -1.570859288272659360e-01 -4.743592745891353490e-02
3.200000000000500222e+00 -1.583730207628613884e-01 -5.078310739272786506e-02
3.300000000000501643e+00 -1.596321894464595159e-01 -5.438529772246727262e-02
3.400000000000503064e+00 -1.608423510498240283e-01 -5.826432586604282649e-02
3.500000000000504485e+00 -1.619777093757079622e-01 -6.244278673694743376e-02
3.600000000000505906e+00 -1.630068931110430497e-01 -6.694357042115384182e-02
3.700000000000507328e+00 -1.638920005041555883e-01 -7.178915728174926902e-02
3.800000000000508749e+00 -1.645875769666278465e-01 -7.700060803379074614e-02
3.900000000000510170e+00 -1.650395757505005445e-01 -8.259616335046923719e-02
4.000000000000511591e+00 -1.651843877421441675e-01 -8.858935799207949546e-02
4.100000000000513012e+00 -1.649480760857960915e-01 -9.498655338315886709e-02
4.200000000000514433e+00 -1.642460161588038259e-01 -1.017838080044960875e-01
4.300000000000515854e+00 -1.629832196747418305e-01 -1.089630483674121769e-01
4.400000000000517275e+00 -1.610557057005219672e-01 -1.164875894063352457e-01
4.500000000000518696e+00 -1.583533534489098837e-01 -1.242971976974746734e-01
4.600000000000520117e+00 -1.547646999330780926e-01 -1.323031055629003139e-01
4.700000000000521538e+00 -1.501840816419856561e-01 -1.403836659676361565e-01
4.800000000000522959e+00 -1.445213029513106595e-01 -1.483816546084894272e-01
4.900000000000524381e+00 -1.377135894572859010e-01 -1.561044979583555425e-01
5.000000000000525802e+00 -1.297389352960962305e-01 -1.633288012411570900e-01
5.100000000000527223e+00 -1.206291506614376313e-01 -1.698102988887719711e-01
5.200000000000528644e+00 -1.104801594998605641e-01 -1.752996070182017418e-01
5.300000000000530065e+00 -9.945671313831434823e-02 -1.795629066356083658e-01
5.400000000000531486e+00 -8.778902921573802920e-02 -1.824051476402539784e-01
5.500000000000532907e+00 -7.576013443603535347e-02 -1.836920201109398798e-01
5.600000000000534328e+00 -6.368472107528991288e-02 -1.833663989097908675e-01
5.700000000000535749e+00 -5.188253242723867703e-02 -1.814556671296882195e-01
5.800000000000537170e+00 -4.065085203029642630e-02 -1.780682251935062077e-01
5.900000000000538591e+00 -3.024093608062090877e-02 -1.733799997001500282e-01
6.000000000000540012e+00 -2.084208317836488966e-02 -1.676139791413163160e-01
6.100000000000541434e+00 -1.257496792799433355e-02 -1.610169716283927355e-01
6.200000000000542855e+00 -5.493683924020026366e-03 -1.538376556658583028e-01
6.300000000000544276e+00 4.056443670018561320e-04 -1.463088724790755357e-01
6.400000000000545697e+00 5.172491073272229845e-03 -1.386355730064090797e-01
6.500000000000547118e+00 8.888450707534599482e-03 -1.309884381349222249e-01
6.600000000000548539e+00 1.165463895798294486e-02 -1.235022560710201806e-01
6.700000000000549960e+00 1.358114263692736245e-02 -1.162777245806310422e-01
6.800000000000551381e+00 1.477897009330180617e-02 -1.093853361100953075e-01
6.900000000000552802e+00 1.535444631931384002e-02 -1.028702302818930298e-01
7.000000000000554223e+00 1.540571078537120164e-02 -9.675721075797859283e-02
7.100000000000555644e+00 1.502086434403990950e-02 -9.105542364306032366e-02
7.200000000000557066e+00 1.427731292768337490e-02 -8.576243500326753699e-02
7.300000000000558487e+00 1.324191655768666015e-02 -8.086761406546813524e-02
7.400000000000559908e+00 1.197163458803384567e-02 -7.635483406949693241e-02
7.500000000000561329e+00 1.051443975051941093e-02 -7.220455970862366124e-02
7.600000000000562750e+00 8.910343658742006512e-03 -6.839541411026192619e-02
7.700000000000564171e+00 7.192431510886380941e-03 -6.490532210433330729e-02
7.800000000000565592e+00 5.387844329656492348e-03 -6.171231930254070241e-02
7.900000000000567013e+00 3.518675463438293571e-03 -5.879510433058329766e-02
8.000000000000568434e+00 1.602766962194440703e-03 -5.613339805068040533e-02
8.100000000000569855e+00 -3.455966358593479115e-04 -5.370816076910049641e-02
8.200000000000571276e+00 -2.315092530978023200e-03 -5.150170716103194546e-02
8.300000000000572697e+00 -4.296853574612187476e-03 -4.949774925336868775e-02
8.400000000000574119e+00 -6.284041909473833676e-03 -4.768139024656024849e-02
8.500000000000575540e+00 -8.271492057250445784e-03 -4.603908602001263034e-02
8.600000000000576961e+00 -1.025541360999705082e-02 -4.455858659637734753e-02
8.700000000000578382e+00 -1.223314451311287993e-02 -4.322886637844430835e-02
8.800000000000579803e+00 -1.420294693077876064e-02 -4.204004938323784718e-02
8.900000000000581224e+00 -1.616383871643672226e-02 -4.098333378789331682e-02
9.000000000000582645e+00 -1.811545449730731644e-02 -4.005091870684803629e-02
9.100000000000584066e+00 -2.005793127977723717e-02 -3.923593511522450311e-02
9.200000000000585487e+00 -2.199181427476898376e-02 -3.853238211986295680e-02
9.300000000000586908e+00 -2.391797932855450892e-02 -3.793506928068299255e-02
9.400000000000588329e+00 -2.583756892522555415e-02 -3.743956534591091900e-02
9.500000000000589750e+00 -2.775193921526074997e-02 -3.704215354027499962e-02
9.600000000000591172e+00 -2.966261592776246042e-02 -3.673979340512816688e-02
9.700000000000592593e+00 -3.157125735213613116e-02 -3.653008910972690981e-02
9.800000000000594014e+00 -3.347962284022756169e-02 -3.641126411589704764e-02
9.900000000000595435e+00 -3.538954548606323275e-02 -3.638214207230827668e-02
1.000000000000059686e+01 -3.730290779853366601e-02 -3.644213382940830748e-02
1.010000000000059828e+01 -3.922161929541936876e-02 -3.659123049560264462e-02
1.020000000000059970e+01 -4.114759501907623573e-02 -3.683000249411142596e-02
1.030000000000060112e+01 -4.308273401009440201e-02 -3.715960462434629574e-02
1.040000000000060254e+01 -4.502889677223037568e-02 -3.758178717819348619e-02
1.050000000000060396e+01 -4.698788072415146372e-02 -3.809891320734028197e-02
1.060000000000060538e+01 -4.896139255699639981e-02 -3.871398207955764614e-02
1.070000000000060680e+01 -5.095101629860328274e-02 -3.943065949553768712e-02
1.080000000000060822e+01 -5.295817572393353434e-02 -4.025331415946246244e-02
1.090000000000060965e+01 -5.498408953654471826e-02 -4.118706129831732621e-02
1.100000000000061107e+01 -5.702971747512835393e-02 -4.223781319944476531e-02
1.110000000000061249e+01 -5.909569516068045869e-02 -4.341233687037353989e-02
1.120000000000061391e+01 -6.118225508352700959e-02 -4.471831880271789211e-02
1.130000000000061533e+01 -6.328913062662598621e-02 -4.616443662201915460e-02
1.140000000000061675e+01 -6.541543941578184529e-02 -4.776043709487851063e-02
1.150000000000061817e+01 -6.755954157205423805e-02 -4.951721950476679901e-02
1.160000000000061959e+01 -6.971886760541587402e-02 -5.144692274199845483e-02
1.170000000000062101e+01 -7.188970972906710832e-02 -5.356301350759679752e-02
1.180000000000062244e+01 -7.406696930273207191e-02 -5.588037171112462259e-02
1.190000000000062386e+01 -7.624385195490868128e-02 -5.841536731949070055e-02
1.200000000000062528e+01 -7.841150075537434150e-02 -6.118592043086513305e-02
1.210000000000062670e+01 -8.055855672191258865e-02 -6.421153300257144425e-02
1.220000000000062812e+01 -8.267063514468137031e-02 -6.751327621065844609e-02
1.230000000000062954e+01 -8.472970601768979593e-02 -7.111371158505040702e-02
1.240000000000063096e+01 -8.671336776838002580e-02 -7.503671654034972660e-02
1.250000000000063238e+01 -8.859400622238400302e-02 -7.930717543540281855e-02
1.260000000000063380e+01 -9.033783641292683630e-02 -8.395048566684633340e-02
1.270000000000063523e+01 -9.190383496873656688e-02 -8.899181461256799874e-02
1.280000000000063665e+01 -9.324258744663514731e-02 -9.445502808330107081e-02
1.290000000000063807e+01 -9.429510071833030471e-02 -1.003611957916775987e-01
1.300000000000063949e+01 -9.499166841176483189e-02 -1.067265671806005151e-01
1.310000000000064091e+01 -9.525093045504529066e-02 -1.135599069671140160e-01
1.320000000000064233e+01 -9.497933796264539097e-02 -1.208590922834814757e-01
1.330000000000064375e+01 -9.407132111210415870e-02 -1.286069145394949376e-01
1.340000000000064517e+01 -9.241055335790371306e-02 -1.367661151482705006e-01
1.350000000000064659e+01 -8.987279305494869086e-02 -1.452738332291277079e-01
1.360000000000064801e+01 -8.633083079028851248e-02 -1.540358703820502995e-01
1.370000000000064944e+01 -8.166202634755315160e-02 -1.629214842325066859e-01
1.380000000000065086e+01 -7.575871632580619131e-02 -1.717597806287072815e-01
1.390000000000065228e+01 -6.854134477895180988e-02 -1.803391071127579404e-01
1.400000000000065370e+01 -5.997348188022338933e-02 -1.884110189570581961e-01
1.410000000000065512e+01 -5.007700369928175244e-02 -1.957002052968546402e-01
1.420000000000065654e+01 -3.894480379537491876e-02 -2.019210463496435015e-01
1.430000000000065796e+01 -2.674783970305602207e-02 -2.068001612067975614e-01
1.440000000000065938e+01 -1.373349840073467484e-02 -2.101025837711452404e-01
1.450000000000066080e+01 -2.134811583423407155e-04 -2.116575635757409479e-01
1.460000000000066223e+01 1.345842179641275338e-02 -2.113791153736992723e-01
1.470000000000066365e+01 2.691574589950446877e-02 -2.092769111720519659e-01
1.480000000000066507e+01 3.981101606941823967e-02 -2.054550163192815082e-01
1.490000000000066649e+01 5.184405779760246219e-02 -2.000987648542549846e-01
1.500000000000066791e+01 6.278233511071290573e-02 -1.934527559527225160e-01
1.510000000000066933e+01 7.247089826007785396e-02 -1.857945948270075531e-01
1.520000000000067075e+01 8.083206500253461990e-02 -1.774091723692922673e-01
1.530000000000067217e+01 8.785696723998166757e-02 -1.685671942963086756e-01
1.540000000000067359e+01 9.359209354854962359e-02 -1.595099609229358451e-01
1.550000000000067502e+01 9.812395714138687219e-02 -1.504407297060360027e-01
1.560000000000067644e+01 1.015643502678984789e-01 -1.415217960887527049e-01
1.570000000000067786e+01 1.040377223789786532e-01 -1.328758300107649448e-01
1.580000000000067928e+01 1.056713582533939100e-01 -1.245899089460198866e-01
1.590000000000068070e+01 1.065883964733572165e-01 -1.167209042027153448e-01
1.600000000000068212e+01 1.069033500127237329e-01 -1.093012242303821324e-01
1.610000000000068354e+01 1.067196255910514979e-01 -1.023442707969197951e-01
1.620000000000068496e+01 1.061285175757053501e-01 -9.584925545121725232e-02
1.630000000000068638e+01 1.052092111223447007e-01 -8.980523414239444113e-02
1.640000000000068781e+01 1.040294206396666365e-01 -8.419435269983469028e-02
1.650000000000068923e+01 1.026463844725688801e-01 -7.899437140729249907e-02
1.660000000000069065e+01 1.011080201391812150e-01 -7.418057116256421279e-02
1.670000000000069207e+01 9.945411113105170897e-02 -6.972715205636663416e-02
1.680000000000069349e+01 9.771744605694185348e-02 -6.560822900277095415e-02
1.690000000000069491e+01 9.592486609453730606e-02 -6.179851595008054033e-02
1.700000000000069633e+01 9.409820038260319208e-02 -5.827377486667191520e-02
1.710000000000069775e+01 9.225508410947001747e-02 -5.501109074744398031e-02
1.720000000000069917e+01 9.040966313157597356e-02 -5.198902058700248519e-02
1.730000000000070060e+01 8.857319392721890727e-02 -4.918765306912421115e-02
1.740000000000070202e+01 8.675454998831400033e-02 -4.658860664902045312e-02
1.750000000000070344e+01 8.496064638064687591e-02 -4.417498654230386096e-02
1.760000000000070486e+01 8.319679385006380212e-02 -4.193131559856425050e-02
1.770000000000070628e+01 8.146699297090197189e-02 -3.984344982787636769e-02
1.780000000000070770e+01 7.977417770956482523e-02 -3.789848618832644678e-02
1.790000000000070912e+01 7.812041659074608901e-02 -3.608466790284170500e-02
1.800000000000071054e+01 7.650707850416313405e-02 -3.439129085664446861e-02
1.810000000000071196e+01 7.493496913214764410e-02 -3.280861338305703090e-02
1.820000000000071338e+01 7.340444303682143457e-02 -3.132777085536476297e-02
1.830000000000071481e+01 7.191549562355474545e-02 -2.994069587228635407e-02
1.840000000000071623e+01 7.046783849421589530e-02 -2.864004438865468474e-02
1.850000000000071765e+01 6.906096110597377546e-02 -2.741912784512798296e-02
1.860000000000071907e+01 6.769418114935242536e-02 -2.627185115466075874e-02
1.870000000000072049e+01 6.636668564023255612e-02 -2.519265627994944287e-02
1.880000000000072191e+01 6.507756437074246891e-02 -2.417647106241339189e-02
1.890000000000072333e+01 6.382583707577982324e-02 -2.321866292677620194e-02
1.900000000000072475e+01 6.261047543242598268e-02 -2.231499707196446872e-02
1.910000000000072617e+01 6.143042081238369451e-02 -2.146159876249228993e-02
1.920000000000072760e+01 6.028459854553949032e-02 -2.065491934873306401e-02
1.930000000000072902e+01 5.917192931821328022e-02 -1.989170566423608538e-02
1.940000000000073044e+01 5.809133822034260458e-02 -1.916897247269536142e-02
1.950000000000073186e+01 5.704176186481348804e-02 -1.848397766228020503e-02
1.960000000000073328e+01 5.602215392763053303e-02 -1.783419991074049887e-02
1.970000000000073470e+01 5.503148939663863454e-02 -1.721731856996936566e-02
1.980000000000073612e+01 5.406876776532604928e-02 -1.663119554210895981e-02
1.990000000000073754e+01 5.313301536729504726e-02 -1.607385894204986163e-02
2.000000000000073896e+01 5.222328701230508075e-02 -1.554348836157714783e-02
2.010000000000074039e+01 5.133866705653530177e-02 -1.503840156937610167e-02
2.020000000000074181e+01 5.047827001670751601e-02 -1.455704249853561651e-02
2.030000000000074323e+01 4.964124081787175263e-02 -1.409797038845576195e-02
2.040000000000074465e+01 4.882675474932910570e-02 -1.365984996247104379e-02
2.050000000000074607e+01 4.803401718968348250e-02 -1.324144253494150339e-02
2.060000000000074749e+01 4.726226315116263677e-02 -1.284159795290487453e-02
2.070000000000074891e+01 4.651075668464321050e-02 -1.245924728765976028e-02
2.080000000000075033e+01 4.577879017887365176e-02 -1.209339620042846480e-02
2.090000000000075175e+01 4.506568358174010969e-02 -1.174311891458270155e-02
2.100000000000075318e+01 4.437078356603552098e-02 -1.140755273394973915e-02
2.110000000000075460e+01 4.369346265799130269e-02 -1.108589305313346755e-02
2.120000000000075602e+01 4.303311834359398874e-02 -1.077738881160679625e-02
2.130000000000075744e+01 4.238917216438282259e-02 -1.048133834819710807e-02
2.140000000000075886e+01 4.176106881248478619e-02 -1.019708561732147502e-02
2.150000000000076028e+01 4.114827523241776364e-02 -9.924016732230221682e-03
2.160000000000076170e+01 4.055027973558139598e-02 -9.661556804112493568e-03
2.170000000000076312e+01 3.996659113223603732e-02 -9.409167049210204886e-03
2.180000000000076454e+01 3.939673788428124657e-02 -9.166342138761862310e-03
2.190000000000076597e+01 3.884026728163195163e-02 -8.932607769312549822e-03
2.200000000000076739e+01 3.829674464402670064e-02 -8.707518433092273011e-03
2.210000000000076881e+01 3.776575254950913230e-02 -8.490655370196199814e-03
2.220000000000077023e+01 3.724689009052899874e-02 -8.281624686189042669e-03
2.230000000000077165e+01 3.673977215786852074e-02 -8.080055620230208388e-03
2.240000000000077307e+01 3.624402875262779100e-02 -7.885598950406819824e-03
2.250000000000077449e+01 3.575930432604954023e-02 -7.697925524173818493e-03
2.260000000000077591e+01 3.528525714677242797e-02 -7.516724902966774938e-03
2.270000000000077733e+01 3.482155869511976282e-02 -7.341704111160792488e-03
2.280000000000077875e+01 3.436789308360350265e-02 -7.172586480364109493e-03
2.290000000000078018e+01 3.392395650304234900e-02 -7.009110580993641905e-03
2.300000000000078160e+01 3.348945669344999265e-02 -6.851029233764614236e-03
2.310000000000078302e+01 3.306411243881170192e-02 -6.698108594409110834e-03
2.320000000000078444e+01 3.264765308499566199e-02 -6.550127305605751848e-03
2.330000000000078586e+01 3.223981807975376257e-02 -6.406875710552593570e-03
2.340000000000078728e+01 3.184035653403944482e-02 -6.268155123212605997e-03
2.350000000000078870e+01 3.144902680371453735e-02 -6.133777150650540633e-03
2.360000000000079012e+01 3.106559609073419881e-02 -6.003563063288037092e-03
2.370000000000079154e+01 3.068984006305632700e-02 -5.877343209317591188e-03
2.380000000000079297e+01 3.032154249229316451e-02 -5.754956469761512115e-03
2.390000000000079439e+01 2.996049490839582108e-02 -5.636249751047253329e-03
2.400000000000079581e+01 2.960649627054437460e-02 -5.521077512192381492e-03
2.410000000000079723e+01 2.925935265344873498e-02 -5.409301323941287029e-03
2.420000000000079865e+01 2.891887694842130985e-02 -5.300789457460454261e-03
2.430000000000080007e+01 2.858488857838614033e-02 -5.195416500328748494e-03
2.440000000000080149e+01 2.825721322624394002e-02 -5.093062997817097808e-03
2.450000000000080291e+01 2.793568257591120402e-02 -4.993615117577206511e-03
2.460000000000080433e+01 2.762013406538511850e-02 -4.896964336013879225e-03
2.470000000000080576e+01 2.731041065132954609e-02 -4.803007144790325325e-03
2.480000000000080718e+01 2.700636058450070487e-02 -4.711644775979430960e-03
2.490000000000080860e+01 2.670783719556232838e-02 -4.622782944553118639e-03
2.500000000000081002e+01 2.641469869074826796e-02 -4.536331606970881759e-03
2.510000000000081144e+01 2.612680795685936447e-02 -4.452204734727033958e-03
2.520000000000081286e+01 2.584403237521087915e-02 -4.370320101835381728e-03
2.530000000000081428e+01 2.556624364398377841e-02 -4.290599085255896068e-03
2.540000000000081570e+01 2.529331760864156342e-02 -4.212966477397002418e-03
2.550000000000081712e+01 2.502513409998858088e-02 -4.137350309862961387e-03
2.560000000000081855e+01 2.476157677946875038e-02 -4.063681687679530918e-03
2.570000000000081997e+01 2.450253299142017907e-02 -3.991894633315137483e-03
2.580000000000082139e+01 2.424789362184855829e-02 -3.921925939819087721e-03
2.590000000000082281e+01 2.399755296347087091e-02 -3.853715032494582290e-03
2.600000000000082423e+01 2.375140858669891331e-02 -3.787203838540630866e-03
2.610000000000082565e+01 2.350936121625111369e-02 -3.722336664138917173e-03
2.620000000000082707e+01 2.327131461318521569e-02 -3.659060078522899991e-03
2.630000000000082849e+01 2.303717546200145100e-02 -3.597322804558650191e-03
2.640000000000082991e+01 2.280685326263667129e-02 -3.537075615441008687e-03
2.650000000000083134e+01 2.258026022709229766e-02 -3.478271237113517850e-03
2.660000000000083276e+01 2.235731118045370530e-02 -3.420864256048592941e-03
2.670000000000083418e+01 2.213792346615200274e-02 -3.364811032070525159e-03
2.680000000000083560e+01 2.192201685518599397e-02 -3.310069615889533502e-03
2.690000000000083702e+01 2.170951345917667211e-02 -3.256599671073845577e-03
2.700000000000083844e+01 2.150033764705325257e-02 -3.204362400184850631e-03
2.710000000000083986e+01 2.129441596518169555e-02 -3.153320474819539410e-03
2.720000000000084128e+01 2.109167706083055552e-02 -3.103437969340035012e-03
2.730000000000084270e+01 2.089205160874453224e-02 -3.054680298052492998e-03
2.740000000000084412e+01 2.069547224073695763e-02 -3.007014155645399908e-03
2.750000000000084555e+01 2.050187347814352162e-02 -2.960407460691501843e-03
2.760000000000084697e+01 2.031119166698832496e-02 -2.914829302030901882e-03
2.770000000000084839e+01 2.012336491579028858e-02 -2.870249887881150611e-03
2.780000000000084981e+01 1.993833303582085575e-02 -2.826640497501291954e-03
2.790000000000085123e+01 1.975603748375341639e-02 -2.783973435276508764e-03
2.800000000000085265e+01 1.957642130657916840e-02 -2.742221987082165552e-03
2.810000000000085407e+01 1.939942908867207938e-02 -2.701360378795377316e-03
2.820000000000085549e+01 1.922500690095501480e-02 -2.661363736845280895e-03
2.830000000000085691e+01 1.905310225200974178e-02 -2.622208050674134164e-03
2.840000000000085834e+01 1.888366404109262028e-02 -2.583870137014949130e-03
2.850000000000085976e+01 1.871664251295621084e-02 -2.546327605882504896e-03
2.860000000000086118e+01 1.855198921438282536e-02 -2.509558828181282942e-03
2.870000000000086260e+01 1.838965695240026704e-02 -2.473542904852983788e-03
2.880000000000086402e+01 1.822959975404748328e-02 -2.438259637467728690e-03
2.890000000000086544e+01 1.807177282766750381e-02 -2.403689500191875418e-03
2.900000000000086686e+01 1.791613252564750597e-02 -2.369813613056216597e-03
2.910000000000086828e+01 1.776263630853019276e-02 -2.336613716453119459e-03
2.920000000000086970e+01 1.761124271048005244e-02 -2.304072146807414206e-03
2.930000000000087113e+01 1.746191130599183614e-02 -2.272171813348037271e-03
2.940000000000087255e+01 1.731460267783044987e-02 -2.240896175932564557e-03
2.950000000000087397e+01 1.716927838613671597e-02 -2.210229223867599992e-03
2.960000000000087539e+01 1.702590093863776133e-02 -2.180155455671563009e-03
2.970000000000087681e+01 1.688443376195509008e-02 -2.150659859740321547e-03
2.980000000000087823e+01 1.674484117391351196e-02 -2.121727895859345809e-03
2.990000000000087965e+01 1.660708835684837278e-02 -2.093345477528141090e-03
3.000000000000088107e+01 1.647114133185761595e-02 -2.065498955053849187e-03
3.010000000000088249e+01 1.633696693394803140e-02 -2.038175099373530381e-03
3.020000000000088392e+01 1.620453278807626810e-02 -2.011361086576794483e-03
3.030000000000088534e+01 1.607380728600001779e-02 -1.985044483084694687e-03
3.040000000000088676e+01 1.594475956394334620e-02 -1.959213231460412916e-03
3.050000000000088818e+01 1.581735948103157180e-02 -1.933855636818781251e-03
3.060000000000088960e+01 1.569157759845389577e-02 -1.908960353803674853e-03
3.070000000000089102e+01 1.556738515935934646e-02 -1.884516374113000270e-03
3.080000000000089244e+01 1.544475406941197941e-02 -1.860513014536315998e-03
3.090000000000089386e+01 1.532365687801336140e-02 -1.836939905487656750e-03
3.100000000000089528e+01 1.520406676015527252e-02 -1.813786980008110644e-03
3.110000000000089670e+01 1.508595749886757625e-02 -1.791044463214220119e-03
3.120000000000089813e+01 1.496930346827053324e-02 -1.768702862177772353e-03
3.130000000000089955e+01 1.485407961716576214e-02 -1.746752956208883845e-03
3.140000000000090097e+01 1.474026145317733176e-02 -1.725185787530068241e-03
3.150000000000090239e+01 1.462782502741137580e-02 -1.703992652321430906e-03
3.160000000000090381e+01 1.451674691960477132e-02 -1.683165092118304009e-03
3.170000000000090523e+01 1.440700422377475670e-02 -1.662694885551163800e-03
3.180000000000090665e+01 1.429857453431062839e-02 -1.642574040404951681e-03
3.190000000000090807e+01 1.419143593252116843e-02 -1.622794785989229750e-03
