-3.200000000000000000e+01 7.698336762265426195e-03 8.733265795796597711e-04
-3.189999999999999858e+01 7.756007778471825723e-03 8.838786000534869843e-04
-3.179999999999999716e+01 7.814367888949130467e-03 8.946112284470677037e-04
-3.169999999999999574e+01 7.873428691528090023e-03 9.055285375292243186e-04
-3.159999999999999432e+01 7.933202039540312306e-03 9.166347152177185386e-04
-3.149999999999999289e+01 7.993700048816913470e-03 9.279340685137171026e-04
-3.139999999999999147e+01 8.054935104928093170e-03 9.394310275964214705e-04
-3.129999999999999005e+01 8.116919870656495034e-03 9.511301500822038355e-04
-3.119999999999998863e+01 8.179667293718708918e-03 9.630361254569184135e-04
-3.109999999999998721e+01 8.243190614750418171e-03 9.751537796906045935e-04
-3.099999999999998579e+01 8.307503375547980670e-03 9.874880800398578955e-04
-3.089999999999998437e+01 8.372619427599793662e-03 1.000044140051186206e-03
-3.079999999999998295e+01 8.438552940901291113e-03 1.012827224771595865e-03
-3.069999999999998153e+01 8.505318413070509648e-03 1.025842756177426781e-03
-3.059999999999998010e+01 8.572930678782501868e-03 1.039096318833188353e-03
-3.049999999999997868e+01 8.641404919516579297e-03 1.052593665787923596e-03
-3.039999999999997726e+01 8.710756673653981610e-03 1.066340724725549577e-03
-3.029999999999997584e+01 8.781001846921158288e-03 1.080343604377977020e-03
-3.019999999999997442e+01 8.852156723199069988e-03 1.094608601215214284e-03
-3.009999999999997300e+01 8.924237975719902238e-03 1.109142206427540453e-03
-2.999999999999997158e+01 8.997262678647355988e-03 1.123951113210394821e-03
-2.989999999999997016e+01 9.071248319082705208e-03 1.139042224372538610e-03
-2.979999999999996874e+01 9.146212809494376830e-03 1.154422660279841653e-03
-2.969999999999996732e+01 9.222174500595224644e-03 1.170099767153134386e-03
-2.959999999999996589e+01 9.299152194693242196e-03 1.186081125739745076e-03
-2.949999999999996447e+01 9.377165159514640885e-03 1.202374560373645034e-03
-2.939999999999996305e+01 9.456233142547379802e-03 1.218988148450245428e-03
-2.929999999999996163e+01 9.536376385906004255e-03 1.235930230333118131e-03
-2.919999999999996021e+01 9.617615641747154914e-03 1.253209419716812224e-03
-2.909999999999995879e+01 9.699972188266861584e-03 1.270834614471564109e-03
-2.899999999999995737e+01 9.783467846282265304e-03 1.288815007990770818e-03
-2.889999999999995595e+01 9.868124996453238318e-03 1.307160101074669387e-03
-2.879999999999995453e+01 9.953966597149095652e-03 1.325879714374326914e-03
-2.869999999999995310e+01 1.004101620299627934e-02 1.344984001428029159e-03
-2.859999999999995168e+01 1.012929798414495541e-02 1.364483462324290282e-03
-2.849999999999995026e+01 1.021883674626245658e-02 1.384388958020724017e-03
-2.839999999999994884e+01 1.030965795131809359e-02 1.404711725362304620e-03
-2.829999999999994742e+01 1.040178773917051908e-02 1.425463392832733000e-03
-2.819999999999994600e+01 1.049525295000178909e-02 1.446655997081943519e-03
-2.809999999999994458e+01 1.059008114764519760e-02 1.468302000275719440e-03
-2.799999999999994316e+01 1.068630064382149192e-02 1.490414308308418527e-03
-2.789999999999994174e+01 1.078394052335988895e-02 1.513006289936346099e-03
-2.779999999999994031e+01 1.088303067042287187e-02 1.536091796879070388e-03
-2.769999999999993889e+01 1.098360179578988446e-02 1.559685184947069920e-03
-2.759999999999993747e+01 1.108568546525845119e-02 1.583801336258187226e-03
-2.749999999999993605e+01 1.118931412918692907e-02 1.608455682600676024e-03
-2.739999999999993463e+01 1.129452115326993328e-02 1.633664230019963529e-03
-2.729999999999993321e+01 1.140134085057636915e-02 1.659443584695888740e-03
-2.719999999999993179e+01 1.150980851491916618e-02 1.685810980190581738e-03
-2.709999999999993037e+01 1.161996045563041396e-02 1.712784306152926976e-03
-2.699999999999992895e+01 1.173183403377891371e-02 1.740382138561574277e-03
-2.689999999999992752e+01 1.184546769993999674e-02 1.768623771611445294e-03
-2.679999999999992610e+01 1.196090103356215600e-02 1.797529251338615686e-03
-2.669999999999992468e+01 1.207817478401821895e-02 1.827119411095056529e-03
-2.659999999999992326e+01 1.219733091343410195e-02 1.857415908992975789e-03
-2.649999999999992184e+01 1.231841264134983342e-02 1.888441267435908089e-03
-2.639999999999992042e+01 1.244146449134660506e-02 1.920218914881625114e-03
-2.629999999999991900e+01 1.256653233970442957e-02 1.952773229972844466e-03
-2.619999999999991758e+01 1.269366346620198240e-02 1.986129588192841328e-03
-2.609999999999991616e+01 1.282290660717753938e-02 2.020314411215040802e-03
-2.599999999999991473e+01 1.295431201092895820e-02 2.055355219115641025e-03
-2.589999999999991331e+01 1.308793149561771237e-02 2.091280685652934651e-03
-2.579999999999991189e+01 1.322381850976781827e-02 2.128120696810223943e-03
-2.569999999999991047e+01 1.336202819550304406e-02 2.165906412826831308e-03
-2.559999999999990905e+01 1.350261745467452867e-02 2.204670333959308712e-03
-2.549999999999990763e+01 1.364564501798817484e-02 2.244446370219436906e-03
-2.539999999999990621e+01 1.379117151733670089e-02 2.285269915379693415e-03
-2.529999999999990479e+01 1.393925956146240160e-02 2.327177925534536316e-03
-2.519999999999990337e+01 1.408997381513493220e-02 2.370209002543033783e-03
-2.509999999999990195e+01 1.424338108203972511e-02 2.414403482704796135e-03
-2.499999999999990052e+01 1.439955039152716193e-02 2.459803531033247313e-03
-2.489999999999989910e+01 1.455855308947890878e-02 2.506453241548178227e-03
-2.479999999999989768e+01 1.472046293346294596e-02 2.554398744015333109e-03
-2.469999999999989626e+01 1.488535619241405233e-02 2.603688317612421876e-03
-2.459999999999989484e+01 1.505331175109087850e-02 2.654372512041341947e-03
-2.449999999999989342e+01 1.522441121951209966e-02 2.706504276631380330e-03
-2.439999999999989200e+01 1.539873904769229786e-02 2.760139098056730265e-03
-2.429999999999989058e+01 1.557638264590661611e-02 2.815335147311922182e-03
-2.419999999999988916e+01 1.575743251078652943e-02 2.872153436662874815e-03
-2.409999999999988773e+01 1.594198235756546025e-02 2.930657987354168183e-03
-2.399999999999988631e+01 1.613012925874146575e-02 2.990916008899963813e-03
-2.389999999999988489e+01 1.632197378955432820e-02 3.052998090896531097e-03
-2.379999999999988347e+01 1.651762018057468390e-02 3.116978408339859171e-03
-2.369999999999988205e+01 1.671717647778362889e-02 3.182934941541756997e-03
-2.359999999999988063e+01 1.692075471053912372e-02 3.250949711837728025e-03
-2.349999999999987921e+01 1.712847106776785658e-02 3.321109034363934481e-03
-2.339999999999987779e+01 1.734044608286358646e-02 3.393503789341986709e-03
-2.329999999999987637e+01 1.755680482766044936e-02 3.468229713399874521e-03
-2.319999999999987494e+01 1.777767711593548905e-02 3.545387712625995644e-03
-2.309999999999987352e+01 1.800319771691031440e-02 3.625084199214875270e-03
-2.299999999999987210e+01 1.823350657915127210e-02 3.707431453711401530e-03
-2.289999999999987068e+01 1.846874906541736902e-02 3.792548015105045005e-03
-2.279999999999986926e+01 1.870907619887036966e-02 3.880559101192616357e-03
-2.269999999999986784e+01 1.895464492114341815e-02 3.971597061894989455e-03
-2.259999999999986642e+01 1.920561836276565154e-02 4.065801868480374386e-03
-2.249999999999986500e+01 1.946216612634197110e-02 4.163321641907084987e-03
-2.239999999999986358e+01 1.972446458302870229e-02 4.264313223883126058e-03
-2.229999999999986215e+01 1.999269718266563980e-02 4.368942794544567951e-03
-2.219999999999986073e+01 2.026705477797880253e-02 4.477386541090039827e-03
-2.209999999999985931e+01 2.054773596322457402e-02 4.589831382159431650e-03
-2.199999999999985789e+01 2.083494742748109169e-02 4.706475753203843808e-03
-2.189999999999985647e+01 2.112890432288457715e-02 4.827530458719020250e-03
-2.179999999999985505e+01 2.142983064782692099e-02 4.953219597765876753e-03
-2.169999999999985363e+01 2.173795964509427081e-02 5.083781569932289621e-03
-2.159999999999985221e+01 2.205353421476127784e-02 5.219470169666572817e-03
-2.149999999999985079e+01 2.237680734133091348e-02 5.360555777728433224e-03
-2.139999999999984936e+01 2.270804253454477423e-02 5.507326659552789008e-03
-2.129999999999984794e+01 2.304751428277095754e-02 5.660090381320169450e-03
-2.119999999999984652e+01 2.339550851759230124e-02 5.819175355785031860e-03
-2.109999999999984510e+01 2.375232308774176404e-02 5.984932531274481972e-03
-2.099999999999984368e+01 2.411826823981530823e-02 6.157737238732564899e-03
-2.089999999999984226e+01 2.449366710270016456e-02 6.337991213493685688e-03
-2.079999999999984084e+01 2.487885617156770576e-02 6.526124810283457853e-03
-2.069999999999983942e+01 2.527418578635347995e-02 6.722599432152365218e-03
-2.059999999999983800e+01 2.568002059838059292e-02 6.927910196468196544e-03
-2.049999999999983658e+01 2.609674001709687968e-02 7.142588863732649701e-03
-2.039999999999983515e+01 2.652473862728555593e-02 7.367207058159368563e-03
-2.029999999999983373e+01 2.696442656460721829e-02 7.602379812247136125e-03
-2.019999999999983231e+01 2.741622983475202821e-02 7.848769471492248254e-03
-2.009999999999983089e+01 2.788059055820215140e-02 8.107089999700637858e-03
-1.999999999999982947e+01 2.835796711846567952e-02 8.378111730099899526e-03
-1.989999999999982805e+01 2.884883418712949968e-02 8.662666613018746298e-03
-1.979999999999982663e+01 2.935368259298615917e-02 8.961654016794527028e-03
-1.969999999999982521e+01 2.987301899562947588e-02 9.276047145407353631e-03
-1.959999999999982379e+01 3.040736531542619775e-02 9.606900143862860675e-03
-1.949999999999982236e+01 3.095725786129150531e-02 9.955355970564291196e-03
-1.939999999999982094e+01 3.152324608556497654e-02 1.032265512532273138e-02
-1.929999999999981952e+01 3.210589087984924705e-02 1.071014533157067967e-02
-1.919999999999981810e+01 3.270576230754072833e-02 1.111929228248968379e-02
-1.909999999999981668e+01 3.332343664656787358e-02 1.155169157270298508e-02
-1.899999999999981526e+01 3.395949258864602860e-02 1.200908194976430497e-02
-1.889999999999981384e+01 3.461450640896979181e-02 1.249336003330447226e-02
-1.879999999999981242e+01 3.528904588006420706e-02 1.300659666315080037e-02
-1.869999999999981100e+01 3.598366265535744152e-02 1.355105505147727318e-02
-1.859999999999980957e+01 3.669888278914476554e-02 1.412921092673351947e-02
-1.849999999999980815e+01 3.743519498826492625e-02 1.474377486804174554e-02
-1.839999999999980673e+01 3.819303610375542057e-02 1.539771703596063204e-02
-1.829999999999980531e+01 3.897277326589759089e-02 1.609429450770357220e-02
-1.819999999999980389e+01 3.977468193796766111e-02 1.683708141764703181e-02
-1.809999999999980247e+01 4.059891900984555907e-02 1.763000208425752682e-02
-1.799999999999980105e+01 4.144548986630673670e-02 1.847736726566803767e-02
-1.789999999999979963e+01 4.231420814043911766e-02 1.938391361963499523e-02
-1.779999999999979821e+01 4.320464659496196791e-02 2.035484633933629800e-02
-1.769999999999979678e+01 4.411607725473145475e-02 2.139588477724747861e-02
-1.759999999999979536e+01 4.504739853785794113e-02 2.251331063617395892e-02
-1.749999999999979394e+01 4.599704669433754556e-02 2.371401797053945826e-02
-1.739999999999979252e+01 4.696288835748332197e-02 2.500556376489514870e-02
-1.729999999999979110e+01 4.794209044915417189e-02 2.639621719300852196e-02
-1.719999999999978968e+01 4.893096306545938190e-02 2.789500474355664089e-02
-1.709999999999978826e+01 4.992477033616326415e-02 2.951174714821367881e-02
-1.699999999999978684e+01 5.091750365157114711e-02 3.125708236077741342e-02
-1.689999999999978542e+01 5.190161117931100382e-02 3.314246658638394377e-02
-1.679999999999978400e+01 5.286767740547535649e-02 3.518014240376494267e-02
-1.669999999999978257e+01 5.380404676959235633e-02 3.738305919729050658e-02
-1.659999999999978115e+01 5.469638668991957942e-02 3.976472626856156906e-02
-1.649999999999977973e+01 5.552718793164114486e-02 4.233897301798460883e-02
-1.639999999999977831e+01 5.627520511877934922e-02 4.511958348130111485e-02
-1.629999999999977689e+01 5.691484826934947727e-02 4.811976452252519215e-02
-1.619999999999977547e+01 5.741554887530920387e-02 5.135139879345838876e-02
-1.609999999999977405e+01 5.774114284211797482e-02 5.482402656981695543e-02
-1.599999999999977263e+01 5.784933918829408828e-02 5.854349726351346789e-02
-1.589999999999977121e+01 5.769137901867422979e-02 6.251023586431193879e-02
-1.579999999999976978e+01 5.721203385542503184e-02 6.671708786508408207e-02
-1.569999999999976836e+01 5.635014305221174025e-02 7.114674656792147056e-02
-1.559999999999976694e+01 5.503993883596744463e-02 7.576883868791636778e-02
-1.549999999999976552e+01 5.321343898606906153e-02 8.053685658847210826e-02
-1.539999999999976410e+01 5.080417601301584485e-02 8.538528121125714410e-02
-1.529999999999976268e+01 4.775244350488888623e-02 9.022742784993391385e-02
-1.519999999999976126e+01 4.401203806806695817e-02 9.495473227043896292e-02
-1.509999999999975984e+01 3.955813567467216657e-02 9.943830998747206495e-02
-1.499999999999975842e+01 3.439548125392024452e-02 1.035335699625093975e-01
-1.489999999999975699e+01 2.856557698866769163e-02 1.070883444766720372e-01
-1.479999999999975557e+01 2.215119767605128187e-02 1.099543577672276590e-01
-1.469999999999975415e+01 1.527656098451343064e-02 1.120009645289737898e-01
-1.459999999999975273e+01 8.102013929466782977e-03 1.131291761853743943e-01
-1.449999999999975131e+01 8.131694035406374088e-04 1.132834140692233621e-01
-1.439999999999974989e+01 -6.394216122786728143e-03 1.124585199554027221e-01
-1.429999999999974847e+01 -1.333115575404721434e-02 1.107004312042155214e-01
-1.419999999999974705e+01 -1.983114391782660538e-02 1.081003628301600156e-01
-1.409999999999974563e+01 -2.576202796586060315e-02 1.047838310074303003e-01
-1.399999999999974420e+01 -3.103247944065849750e-02 1.008968716431719453e-01
-1.389999999999974278e+01 -3.559286713573675542e-02 9.659205858482182439e-02
-1.379999999999974136e+01 -3.943149320624272230e-02 9.201645979748712678e-02
-1.369999999999973994e+01 -4.256780327209174625e-02 8.730279339691783547e-02
-1.359999999999973852e+01 -4.504427814331841973e-02 8.256412566937282316e-02
-1.349999999999973710e+01 -4.691841160290441404e-02 7.789175266860713653e-02
-1.339999999999973568e+01 -4.825569667299545173e-02 7.335552424491177670e-02
-1.329999999999973426e+01 -4.912406637661222153e-02 6.900577120288244048e-02
-1.319999999999973284e+01 -4.958986785281517540e-02 6.487608638071952483e-02
-1.309999999999973141e+01 -4.971521971787329353e-02 6.098638817717189076e-02
-1.299999999999972999e+01 -4.955649418538862760e-02 5.734588637244270037e-02
-1.289999999999972857e+01 -4.916364175542312087e-02 5.395573386460935511e-02
-1.279999999999972715e+01 -4.858010150879245315e-02 5.081126918196319370e-02
-1.269999999999972573e+01 -4.784308690096587824e-02 4.790383420580072299e-02
-1.259999999999972431e+01 -4.698408806752317479e-02 4.522219748544008960e-02
-1.249999999999972289e+01 -4.602947780771489417e-02 4.275363555482230432e-02
-1.239999999999972147e+01 -4.500114590590129082e-02 4.048473135284505475e-02
-1.229999999999972005e+01 -4.391711478552365322e-02 3.840194671887456335e-02
-1.219999999999971863e+01 -4.279210972977862126e-02 3.649201943668737430e-02
-1.209999999999971720e+01 -4.163807065431383847e-02 3.474222720889554028e-02
-1.199999999999971578e+01 -4.046460130075536787e-02 3.314055284625879588e-02
-1.189999999999971436e+01 -3.927935712865050083e-02 3.167577764580357946e-02
-1.179999999999971294e+01 -3.808837621267810447e-02 3.033752371960413835e-02
-1.169999999999971152e+01 -3.689635891919137989e-02 2.911626096944269423e-02
-1.159999999999971010e+01 -3.570690261814466610e-02 2.800329038422423589e-02
-1.149999999999970868e+01 -3.452269758225105789e-02 2.699071222029966743e-02
-1.139999999999970726e+01 -3.334568979863117288e-02 2.607138524849123354e-02
-1.129999999999970584e+01 -3.217721583685888287e-02 2.523888146427829757e-02
-1.119999999999970441e+01 -3.101811428831193623e-02 2.448743933211870727e-02
-1.109999999999970299e+01 -2.986881767359557058e-02 2.381191766166120341e-02
-1.099999999999970157e+01 -2.872942814232415376e-02 2.320775150861965549e-02
-1.089999999999970015e+01 -2.759977977822041656e-02 2.267091098898644033e-02
-1.079999999999969873e+01 -2.647948987560764036e-02 2.219786353964764078e-02
-1.069999999999969731e+01 -2.536800117223465129e-02 2.178553991363558345e-02
-1.059999999999969589e+01 -2.426461670083563185e-02 2.143130403317469734e-02
-1.049999999999969447e+01 -2.316852865349472088e-02 2.113292671734176564e-02
-1.039999999999969305e+01 -2.207884243241783895e-02 2.088856323704679427e-02
-1.029999999999969162e+01 -2.099459688058464418e-02 2.069673461574243062e-02
-1.019999999999969020e+01 -1.991478154306143555e-02 2.055631258179576801e-02
-1.009999999999968878e+01 -1.883835169735263368e-02 2.046650808057487794e-02
-9.999999999999687361e+00 -1.776424180676699355e-02 2.042686326687019258e-02
-9.899999999999685940e+00 -1.669137799138801018e-02 2.043724691764214896e-02
-9.799999999999684519e+00 -1.561869007325515299e-02 2.049785322859503170e-02
-9.699999999999683098e+00 -1.454512373686470475e-02 2.060920398385638480e-02
-9.599999999999681677e+00 -1.346965335004440822e-02 2.077215411410142723e-02
-9.499999999999680256e+00 -1.239129601526931315e-02 2.098790068326868152e-02
-9.399999999999678835e+00 -1.130912746848159595e-02 2.125799536549850127e-02
-9.299999999999677414e+00 -1.022230051167190984e-02 2.158436049008082350e-02
-9.199999999999675993e+00 -9.130066761796742925e-03 2.196930873966606440e-02
-9.099999999999674571e+00 -8.031802622894591154e-03 2.241556658213442188e-02
-8.999999999999673150e+00 -6.927040546102807700e-03 2.292630149372008874e-02
-8.899999999999671729e+00 -5.815506838591871092e-03 2.350515298257722235e-02
-8.799999999999670308e+00 -4.697167521317661271e-03 2.415626733841609586e-02
-8.699999999999668887e+00 -3.572284025479530167e-03 2.488433590020617397e-02
-8.599999999999667466e+00 -2.441480862176853561e-03 2.569463643241367418e-02
-8.499999999999666045e+00 -1.305827805605761643e-03 2.659307690497866861e-02
-8.399999999999664624e+00 -1.669396000976743066e-04 2.758624054919766450e-02
-8.299999999999663203e+00 9.729032679470436817e-04 2.868143046740423072e-02
-8.199999999999661782e+00 2.110608608105829509e-03 2.988671124863027245e-02
-8.099999999999660361e+00 3.242096637993404501e-03 3.121094391198461424e-02
-7.999999999999658939e+00 4.362088840657633859e-03 3.266380896847016074e-02
-7.899999999999657518e+00 5.463855745574883183e-03 3.425581034342175396e-02
-7.799999999999656097e+00 6.538917554353929074e-03 3.599825019979188689e-02
-7.699999999999654676e+00 7.576691721678158187e-03 3.790316119077494911e-02
-7.599999999999653255e+00 8.564082566399421059e-03 3.998317819846158166e-02
-7.499999999999651834e+00 9.485010207170796459e-03 4.225132606136203228e-02
-7.399999999999650413e+00 1.031988027981617373e-02 4.472069313101283833e-02
-7.299999999999648992e+00 1.104500294581616665e-02 4.740395290313567656e-02
-7.199999999999647571e+00 1.163198087303714962e-02 5.031268798096193151e-02
-7.099999999999646150e+00 1.204710265832266425e-02 5.345646342278679436e-02
-6.999999999999644729e+00 1.225080217386469855e-02 5.684159225468785048e-02
-6.899999999999643308e+00 1.219727689748435068e-02 6.046953817200450415e-02
-6.799999999999641886e+00 1.183439974191101418e-02 6.433491465957551225e-02
-6.699999999999640465e+00 1.110410718638180083e-02 6.842307345079028102e-02
-6.599999999999639044e+00 9.943495252379981608e-03 7.270733758712141781e-02
-6.499999999999637623e+00 8.286890821203277135e-03 7.714603429110715449e-02
-6.399999999999636202e+00 6.069166609961915149e-03 8.167962504906076115e-02
-6.299999999999634781e+00 3.230502061187377760e-03 8.622840784333124509e-02
-6.199999999999633360e+00 -2.773768694678407920e-04 9.069145129994168886e-02
-6.099999999999631939e+00 -4.483745951462198009e-03 9.494755446923570930e-02
-5.999999999999630518e+00 -9.390911032987173807e-03 9.885902020912187838e-02
-5.899999999999629097e+00 -1.496689152804397960e-02 1.022787840016304572e-01
-5.799999999999627676e+00 -2.114032695553359070e-02 1.050608872164072588e-01
-5.699999999999626255e+00 -2.779926864611720685e-02 1.070734590375401057e-01
-5.599999999999624833e+00 -3.479512260985265226e-02 1.082124631628482575e-01
-5.499999999999623412e+00 -4.195207150352051745e-02 1.084138014639889486e-01
-5.399999999999621991e+00 -4.908101369333015690e-02 1.076612933966437230e-01
-5.299999999999620570e+00 -5.599583451512726157e-02 1.059887407714692892e-01
-5.199999999999619149e+00 -6.252914746819029923e-02 1.034755963906545950e-01
-5.099999999999617728e+00 -6.854479955841938366e-02 1.002372379876402542e-01
-4.999999999999616307e+00 -7.394535746160831036e-02 9.641197341978727242e-02
-4.899999999999614886e+00 -7.867409547407465398e-02 9.214731677781379249e-02
-4.799999999999613465e+00 -8.271220769850325116e-02 8.758775542686172977e-02
-4.699999999999612044e+00 -8.607271754480522175e-02 8.286543333106828613e-02
-4.599999999999610623e+00 -8.879276086206361329e-02 7.809426598708281431e-02
-4.499999999999609201e+00 -9.092569176535092446e-02 7.336726249134722933e-02
-4.399999999999607780e+00 -9.253401295003152449e-02 6.875639081033632638e-02
-4.299999999999606359e+00 -9.368365744185937205e-02 6.431417361716745829e-02
-4.199999999999604938e+00 -9.443976480631129100e-02 6.007625837372286559e-02
-4.099999999999603517e+00 -9.486384375653100776e-02 5.606436642405703691e-02
-3.999999999999602096e+00 -9.501208508367715855e-02 5.228921305604386505e-02
-3.899999999999600675e+00 -9.493455102541356605e-02 4.875315718543925952e-02
-3.799999999999599254e+00 -9.467498388348649652e-02 4.545246627059982419e-02
-3.699999999999597833e+00 -9.427101933212107820e-02 4.237916757457767247e-02
-3.599999999999596412e+00 -9.375463954901788743e-02 3.952250779268276504e-02
-3.499999999999594991e+00 -9.315274758695166191e-02 3.687006873346194286e-02
-3.399999999999593570e+00 -9.248778273862567900e-02 3.440859587023117200e-02
-3.299999999999592148e+00 -9.177832602935648287e-02 3.212459594569593707e-02
-3.199999999999590727e+00 -9.103966620453374237e-02 3.000475414909433217e-02
-3.099999999999589306e+00 -9.028431116266660839e-02 2.803621369887275561e-02
-2.999999999999587885e+00 -8.952243931715397895e-02 2.620675270998312420e-02
-2.899999999999586464e+00 -8.876229125963538968e-02 2.450488591062977006e-02
-2.799999999999585043e+00 -8.801050547074409924e-02 2.291991248056207339e-02
-2.699999999999583622e+00 -8.727240352797047129e-02 2.144192610042536251e-02
-2.599999999999582201e+00 -8.655223089927531477e-02 2.006179915318878279e-02
-2.499999999999580780e+00 -8.585335940318997161e-02 1.877114976730464083e-02
-2.399999999999579359e+00 -8.517845703767748522e-02 1.756229787817726803e-02
-2.299999999999577938e+00 -8.452963030489780982e-02 1.642821455682096088e-02
-2.199999999999576517e+00 -8.390854349221353592e-02 1.536246738351314603e-02
-2.099999999999575095e+00 -8.331651866302552945e-02 1.435916351878412794e-02
-1.999999999999573674e+00 -8.275461938372186133e-02 1.341289126388590242e-02
-1.899999999999572253e+00 -8.222372045873738156e-02 1.251866025200132002e-02
-1.799999999999570832e+00 -8.172456514052216237e-02 1.167183994199295222e-02
-1.699999999999569411e+00 -8.125781039428323083e-02 1.086809580795436436e-02
-1.599999999999567990e+00 -8.082405979722713518e-02 1.010332257648125648e-02
-1.499999999999566569e+00 -8.042388252988777464e-02 9.373574159512530757e-03
-1.399999999999565148e+00 -8.005781571473404024e-02 8.674990718277091062e-03
-1.299999999999563727e+00 -7.972634621594743010e-02 8.003724776356045678e-03
-1.199999999999562306e+00 -7.942986724374151430e-02 7.355870695571475881e-03
-1.099999999999560885e+00 -7.916860525501949464e-02 6.727405271340435033e-03
-9.999999999995594635e-01 -7.894251454268523538e-02 6.114151568479025967e-03
-8.999999999995580424e-01 -7.875114160663747309e-02 5.511782729878532405e-03
-7.999999999995566213e-01 -7.859346985874923752e-02 4.915885785585327739e-03
-6.999999999995552002e-01 -7.846776762378074310e-02 4.322104800926027113e-03
-5.999999999995537792e-01 -7.837147711734673838e-02 3.726374526032139034e-03
-4.999999999995523581e-01 -7.830119453332447244e-02 3.125236968806094362e-03
-3.999999999995509370e-01 -7.825279381821785563e-02 2.516203858453677777e-03
-2.999999999995495159e-01 -7.822173027265658107e-02 1.898093664522620960e-03
-1.999999999995480948e-01 -7.820351986805115785e-02 1.271246085540772564e-03
-9.999999999954667373e-02 -7.819433177474754970e-02 6.375174500339586547e-04
4.547473508864641190e-13 -7.819157482310389040e-02 0.000000000000000000e+00
1.000000000004561684e-01 -7.819433177474754970e-02 -6.375174500339586547e-04
2.000000000004575895e-01 -7.820351986805137989e-02 -1.271246085552235616e-03
3.000000000004590106e-01 -7.822173027265702516e-02 -1.898093664533945235e-03
4.000000000004604317e-01 -7.825279381821785563e-02 -2.516203858453677777e-03
5.000000000004618528e-01 -7.830119453332447244e-02 -3.125236968806094362e-03
6.000000000004632739e-01 -7.837147711734673838e-02 -3.726374526032139034e-03
7.000000000004646949e-01 -7.846776762378274150e-02 -4.322104800936858726e-03
8.000000000004661160e-01 -7.859346985875179104e-02 -4.915885785596159352e-03
9.000000000004675371e-01 -7.875114160663747309e-02 -5.511782729878532405e-03
1.000000000000468958e+00 -7.894251454268523538e-02 -6.114151568479025967e-03
1.100000000000470379e+00 -7.916860525501949464e-02 -6.727405271340435033e-03
1.200000000000471800e+00 -7.942986724374659357e-02 -7.355870695583070773e-03
1.300000000000473221e+00 -7.972634621595313387e-02 -8.003724776368029148e-03
1.400000000000474643e+00 -8.005781571473404024e-02 -8.674990718277091062e-03
1.500000000000476064e+00 -8.042388252988777464e-02 -9.373574159512530757e-03
1.600000000000477485e+00 -8.082405979722713518e-02 -1.010332257648125648e-02
1.700000000000478906e+00 -8.125781039429144648e-02 -1.086809580796860991e-02
1.800000000000480327e+00 -8.172456514053094701e-02 -1.167183994200795411e-02
1.900000000000481748e+00 -8.222372045873738156e-02 -1.251866025200132002e-02
2.000000000000483169e+00 -8.275461938372186133e-02 -1.341289126388590242e-02
2.100000000000484590e+00 -8.331651866302552945e-02 -1.435916351878412794e-02
2.200000000000486011e+00 -8.390854349222455488e-02 -1.536246738353195043e-02
2.300000000000487432e+00 -8.452963030490935614e-02 -1.642821455684095877e-02
2.400000000000488853e+00 -8.517845703767748522e-02 -1.756229787817726803e-02
2.500000000000490274e+00 -8.585335940318997161e-02 -1.877114976730464083e-02
2.600000000000491696e+00 -8.655223089927531477e-02 -2.006179915318878279e-02
2.700000000000493117e+00 -8.727240352798375234e-02 -2.144192610045133479e-02
2.800000000000494538e+00 -8.801050547075765784e-02 -2.291991248058990877e-02
2.900000000000495959e+00 -8.876229125963538968e-02 -2.450488591062977006e-02
3.000000000000497380e+00 -8.952243931715397895e-02 -2.620675270998312420e-02
3.100000000000498801e+00 -9.028431116266660839e-02 -2.803621369887275561e-02
3.200000000000500222e+00 -9.103966620454737035e-02 -3.000475414913148994e-02
3.300000000000501643e+00 -9.177832602936969453e-02 -3.212459594573594673e-02
3.400000000000503064e+00 -9.248778273862567900e-02 -3.440859587023117200e-02
3.500000000000504485e+00 -9.315274758695166191e-02 -3.687006873346194286e-02
3.600000000000505906e+00 -9.375463954901788743e-02 -3.952250779268276504e-02
3.700000000000507328e+00 -9.427101933212952978e-02 -4.237916757463156686e-02
3.800000000000508749e+00 -9.467498388349263050e-02 -4.545246627065777090e-02
3.900000000000510170e+00 -9.493455102541356605e-02 -4.875315718543925952e-02
4.000000000000511591e+00 -9.501208508367715855e-02 -5.228921305604386505e-02
4.100000000000513012e+00 -9.486384375653100776e-02 -5.606436642405703691e-02
4.200000000000514433e+00 -9.443976480630074388e-02 -6.007625837379795830e-02
4.300000000000515854e+00 -9.368365744184224686e-02 -6.431417361724650616e-02
4.400000000000517275e+00 -9.253401295003152449e-02 -6.875639081033632638e-02
4.500000000000518696e+00 -9.092569176535092446e-02 -7.336726249134722933e-02
4.600000000000520117e+00 -8.879276086206361329e-02 -7.809426598708281431e-02
4.700000000000521538e+00 -8.607271754475005754e-02 -8.286543333115495291e-02
4.800000000000522959e+00 -8.271220769843604104e-02 -8.758775542694653693e-02
4.900000000000524381e+00 -7.867409547407465398e-02 -9.214731677781379249e-02
5.000000000000525802e+00 -7.394535746160831036e-02 -9.641197341978727242e-02
5.100000000000527223e+00 -6.854479955841938366e-02 -1.002372379876402542e-01
5.200000000000528644e+00 -6.252914746807580748e-02 -1.034755963907073167e-01
5.300000000000530065e+00 -5.599583451500449172e-02 -1.059887407715076474e-01
5.400000000000531486e+00 -4.908101369333015690e-02 -1.076612933966437230e-01
5.500000000000532907e+00 -4.195207150352051745e-02 -1.084138014639889486e-01
5.600000000000534328e+00 -3.479512260985265226e-02 -1.082124631628482575e-01
5.700000000000535749e+00 -2.779926864599252534e-02 -1.070734590375112122e-01
5.800000000000537170e+00 -2.114032695541648299e-02 -1.050608872163632801e-01
5.900000000000538591e+00 -1.496689152804397960e-02 -1.022787840016304572e-01
6.000000000000540012e+00 -9.390911032987173807e-03 -9.885902020912187838e-02
6.100000000000541434e+00 -4.483745951462198009e-03 -9.494755446923570930e-02
6.200000000000542855e+00 -2.773768693977302080e-04 -9.069145129986201648e-02
6.300000000000544276e+00 3.230502061244977519e-03 -8.622840784324896368e-02
6.400000000000545697e+00 6.069166610007725726e-03 -8.167962504897788301e-02
6.500000000000547118e+00 8.286890821203277135e-03 -7.714603429110715449e-02
6.600000000000548539e+00 9.943495252379981608e-03 -7.270733758712141781e-02
6.700000000000549960e+00 1.110410718639878724e-02 -6.842307345071403646e-02
6.800000000000551381e+00 1.183439974192077027e-02 -6.433491465950312571e-02
6.900000000000552802e+00 1.219727689748797972e-02 -6.046953817193632952e-02
7.000000000000554223e+00 1.225080217386469855e-02 -5.684159225468785048e-02
7.100000000000555644e+00 1.204710265832266425e-02 -5.345646342278679436e-02
7.200000000000557066e+00 1.163198087302790701e-02 -5.031268798090689220e-02
7.300000000000558487e+00 1.104500294580412767e-02 -4.740395290308484916e-02
7.400000000000559908e+00 1.031988027980192124e-02 -4.472069313096600079e-02
7.500000000000561329e+00 9.485010207170796459e-03 -4.225132606136203228e-02
7.600000000000562750e+00 8.564082566399421059e-03 -3.998317819846158166e-02
7.700000000000564171e+00 7.576691721659693790e-03 -3.790316119073874890e-02
7.800000000000565592e+00 6.538917554334680582e-03 -3.599825019975876061e-02
7.900000000000567013e+00 5.463855745555044885e-03 -3.425581034339146569e-02
8.000000000000568434e+00 4.362088840657633859e-03 -3.266380896847016074e-02
8.100000000000569855e+00 3.242096637993404501e-03 -3.121094391198461424e-02
8.200000000000571276e+00 2.110608608085182830e-03 -2.988671124860729431e-02
8.300000000000572697e+00 9.729032679263137362e-04 -2.868143046738333424e-02
8.400000000000574119e+00 -1.669396001184007827e-04 -2.758624054917868662e-02
8.500000000000575540e+00 -1.305827805605761643e-03 -2.659307690497866861e-02
8.600000000000576961e+00 -2.441480862176853561e-03 -2.569463643241367418e-02
8.700000000000578382e+00 -3.572284025500038068e-03 -2.488433590019219557e-02
8.800000000000579803e+00 -4.697167521338054680e-03 -2.415626733840357462e-02
8.900000000000581224e+00 -5.815506838612167356e-03 -2.350515298256604380e-02
9.000000000000582645e+00 -6.927040546102807700e-03 -2.292630149372008874e-02
9.100000000000584066e+00 -8.031802622894591154e-03 -2.241556658213442188e-02
9.200000000000585487e+00 -9.130066761816667958e-03 -2.196930873965851488e-02
9.300000000000586908e+00 -1.022230051169173079e-02 -2.158436049007435992e-02
9.400000000000588329e+00 -1.130912746850131281e-02 -2.125799536549308894e-02
9.500000000000589750e+00 -1.239129601526931315e-02 -2.098790068326868152e-02
9.600000000000591172e+00 -1.346965335004440822e-02 -2.077215411410142723e-02
9.700000000000592593e+00 -1.454512373688424814e-02 -2.060920398385388680e-02
9.800000000000594014e+00 -1.561869007327467557e-02 -2.049785322859346698e-02
9.900000000000595435e+00 -1.669137799140752582e-02 -2.043724691764151058e-02
1.000000000000059686e+01 -1.776424180676699355e-02 -2.042686326687019258e-02
1.010000000000059828e+01 -1.883835169735263368e-02 -2.046650808057487794e-02
1.020000000000059970e+01 -1.991478154308103793e-02 -2.055631258179786008e-02
1.030000000000060112e+01 -2.099459688060432636e-02 -2.069673461574545251e-02
1.040000000000060254e+01 -2.207884243243760786e-02 -2.088856323705075638e-02
1.050000000000060396e+01 -2.316852865349472088e-02 -2.113292671734176564e-02
1.060000000000060538e+01 -2.426461670083563185e-02 -2.143130403317469734e-02
1.070000000000060680e+01 -2.536800117225479836e-02 -2.178553991364255010e-02
1.080000000000060822e+01 -2.647948987562792969e-02 -2.219786353965568643e-02
1.090000000000060965e+01 -2.759977977824087936e-02 -2.267091098899561008e-02
1.100000000000061107e+01 -2.872942814232415376e-02 -2.320775150861965549e-02
1.110000000000061249e+01 -2.986881767359557058e-02 -2.381191766166120341e-02
1.120000000000061391e+01 -3.101811428833293333e-02 -2.448743933213166218e-02
1.130000000000061533e+01 -3.217721583688006037e-02 -2.523888146429268883e-02
1.140000000000061675e+01 -3.334568979865250998e-02 -2.607138524850715136e-02
1.150000000000061817e+01 -3.452269758225105789e-02 -2.699071222029966743e-02
1.160000000000061959e+01 -3.570690261814466610e-02 -2.800329038422423589e-02
1.170000000000062101e+01 -3.689635891921304311e-02 -2.911626096946390643e-02
1.180000000000062244e+01 -3.808837621269979545e-02 -3.033752371962739752e-02
1.190000000000062386e+01 -3.927935712867213630e-02 -3.167577764582905214e-02
1.200000000000062528e+01 -4.046460130075536787e-02 -3.314055284625879588e-02
1.210000000000062670e+01 -4.163807065431383847e-02 -3.474222720889554028e-02
1.220000000000062812e+01 -4.279210972979938243e-02 -3.649201943672063242e-02
1.230000000000062954e+01 -4.391711478554380377e-02 -3.840194671891084682e-02
1.240000000000063096e+01 -4.500114590592056013e-02 -4.048473135288459257e-02
1.250000000000063238e+01 -4.602947780771489417e-02 -4.275363555482230432e-02
1.260000000000063380e+01 -4.698408806752317479e-02 -4.522219748544008960e-02
1.270000000000063523e+01 -4.784308690098047767e-02 -4.790383420585151569e-02
1.280000000000063665e+01 -4.858010150880456846e-02 -5.081126918201819831e-02
1.290000000000063807e+01 -4.916364175543211368e-02 -5.395573386466875204e-02
1.300000000000063949e+01 -4.955649418538862760e-02 -5.734588637244270037e-02
1.310000000000064091e+01 -4.971521971787329353e-02 -6.098638817717189076e-02
1.320000000000064233e+01 -4.958986785280997123e-02 -6.487608638079250811e-02
1.330000000000064375e+01 -4.912406637660028663e-02 -6.900577120295964262e-02
1.340000000000064517e+01 -4.825569667297562038e-02 -7.335552424499272584e-02
1.350000000000064659e+01 -4.691841160290441404e-02 -7.789175266860713653e-02
1.360000000000064801e+01 -4.504427814331841973e-02 -8.256412566937282316e-02
1.370000000000064944e+01 -4.256780327204084946e-02 -8.730279339700409980e-02
1.380000000000065086e+01 -3.943149320617937714e-02 -9.201645979757197558e-02
1.390000000000065228e+01 -3.559286713566038596e-02 -9.659205858490302332e-02
1.400000000000065370e+01 -3.103247944065849750e-02 -1.008968716431719453e-01
1.410000000000065512e+01 -2.576202796586060315e-02 -1.047838310074303003e-01
1.420000000000065654e+01 -1.983114391771320997e-02 -1.081003628302142638e-01
1.430000000000065796e+01 -1.333115575392454857e-02 -1.107004312042554894e-01
1.440000000000065938e+01 -6.394216122657534612e-03 -1.124585199554264253e-01
1.450000000000066080e+01 8.131694035406374088e-04 -1.132834140692233621e-01
1.460000000000066223e+01 8.102013929466782977e-03 -1.131291761853743943e-01
1.470000000000066365e+01 1.527656098464173773e-02 -1.120009645289446881e-01
1.480000000000066507e+01 2.215119767617257374e-02 -1.099543577671826255e-01
1.490000000000066649e+01 2.856557698877936619e-02 -1.070883444766132092e-01
1.500000000000066791e+01 3.439548125392024452e-02 -1.035335699625093975e-01
1.510000000000066933e+01 3.955813567467216657e-02 -9.943830998747206495e-02
1.520000000000067075e+01 4.401203806814145414e-02 -9.495473227035476638e-02
1.530000000000067217e+01 4.775244350495055218e-02 -9.022742784984652542e-02
1.540000000000067359e+01 5.080417601306536080e-02 -8.538528121116874259e-02
1.550000000000067502e+01 5.321343898606906153e-02 -8.053685658847210826e-02
1.560000000000067644e+01 5.503993883596744463e-02 -7.576883868791636778e-02
1.570000000000067786e+01 5.635014305223128711e-02 -7.114674656783902262e-02
1.580000000000067928e+01 5.721203385543704306e-02 -6.671708786500545052e-02
1.590000000000068070e+01 5.769137901867985030e-02 -6.251023586423756773e-02
1.600000000000068212e+01 5.784933918829408828e-02 -5.854349726351346789e-02
1.610000000000068354e+01 5.774114284211797482e-02 -5.482402656981695543e-02
1.620000000000068496e+01 5.741554887530157109e-02 -5.135139879339743058e-02
1.630000000000068638e+01 5.691484826933900648e-02 -4.811976452246854302e-02
1.640000000000068781e+01 5.627520511876664411e-02 -4.511958348124857354e-02
1.650000000000068923e+01 5.552718793164114486e-02 -4.233897301798460883e-02
1.660000000000069065e+01 5.469638668991957942e-02 -3.976472626856156906e-02
1.670000000000069207e+01 5.380404676957566135e-02 -3.738305919724884546e-02
1.680000000000069349e+01 5.286767740545801619e-02 -3.518014240372640405e-02
1.690000000000069491e+01 5.190161117929324025e-02 -3.314246658634829173e-02
1.700000000000069633e+01 5.091750365157114711e-02 -3.125708236077741342e-02
1.710000000000069775e+01 4.992477033616326415e-02 -2.951174714821367881e-02
1.720000000000069917e+01 4.893096306544134078e-02 -2.789500474352833367e-02
1.730000000000070060e+01 4.794209044913624179e-02 -2.639621719298226865e-02
1.740000000000070202e+01 4.696288835746562085e-02 -2.500556376487078278e-02
1.750000000000070344e+01 4.599704669433754556e-02 -2.371401797053945826e-02
1.760000000000070486e+01 4.504739853785794113e-02 -2.251331063617395892e-02
1.770000000000070628e+01 4.411607725471468344e-02 -2.139588477722786930e-02
1.780000000000070770e+01 4.320464659494557824e-02 -2.035484633931801401e-02
1.790000000000070912e+01 4.231420814042310963e-02 -1.938391361961793943e-02
1.800000000000071054e+01 4.144548986630673670e-02 -1.847736726566803767e-02
1.810000000000071196e+01 4.059891900984555907e-02 -1.763000208425752682e-02
1.820000000000071338e+01 3.977468193795286738e-02 -1.683708141763307770e-02
1.830000000000071481e+01 3.897277326588320656e-02 -1.609429450769048892e-02
1.840000000000071623e+01 3.819303610374143176e-02 -1.539771703594836061e-02
1.850000000000071765e+01 3.743519498826492625e-02 -1.474377486804174554e-02
1.860000000000071907e+01 3.669888278914476554e-02 -1.412921092673351947e-02
1.870000000000072049e+01 3.598366265534461150e-02 -1.355105505146707301e-02
1.880000000000072191e+01 3.528904588005175175e-02 -1.300659666314118480e-02
1.890000000000072333e+01 3.461450640895769038e-02 -1.249336003329540312e-02
1.900000000000072475e+01 3.395949258864602860e-02 -1.200908194976430497e-02
1.910000000000072617e+01 3.332343664656787358e-02 -1.155169157270298508e-02
1.920000000000072760e+01 3.270576230754072833e-02 -1.111929228248968379e-02
1.930000000000072902e+01 3.210589087983848483e-02 -1.071014533156343720e-02
1.940000000000073044e+01 3.152324608555454044e-02 -1.032265512531587229e-02
1.950000000000073186e+01 3.095725786129150531e-02 -9.955355970564291196e-03
1.960000000000073328e+01 3.040736531542619775e-02 -9.606900143862860675e-03
1.970000000000073470e+01 2.987301899562947588e-02 -9.276047145407353631e-03
1.980000000000073612e+01 2.935368259297683677e-02 -8.961654016788955096e-03
1.990000000000073754e+01 2.884883418712044789e-02 -8.662666613013441513e-03
2.000000000000073896e+01 2.835796711846567952e-02 -8.378111730099899526e-03
2.010000000000074039e+01 2.788059055820215140e-02 -8.107089999700637858e-03
2.020000000000074181e+01 2.741622983475202821e-02 -7.848769471492248254e-03
2.030000000000074323e+01 2.696442656459911713e-02 -7.602379812242760285e-03
2.040000000000074465e+01 2.652473862727766293e-02 -7.367207058155189614e-03
2.050000000000074607e+01 2.609674001709687968e-02 -7.142588863732649701e-03
2.060000000000074749e+01 2.568002059838059292e-02 -6.927910196468196544e-03
2.070000000000074891e+01 2.527418578635347995e-02 -6.722599432152365218e-03
2.080000000000075033e+01 2.487885617156060034e-02 -6.526124810279958915e-03
2.090000000000075175e+01 2.449366710269324648e-02 -6.337991213490335937e-03
2.100000000000075318e+01 2.411826823981530823e-02 -6.157737238732564899e-03
2.110000000000075460e+01 2.375232308774176404e-02 -5.984932531274481972e-03
2.120000000000075602e+01 2.339550851759230124e-02 -5.819175355785031860e-03
2.130000000000075744e+01 2.304751428276470560e-02 -5.660090381317334912e-03
2.140000000000075886e+01 2.270804253453867494e-02 -5.507326659550065492e-03
2.150000000000076028e+01 2.237680734133091348e-02 -5.360555777728433224e-03
2.160000000000076170e+01 2.205353421476127784e-02 -5.219470169666572817e-03
2.170000000000076312e+01 2.173795964509427081e-02 -5.083781569932289621e-03
2.180000000000076454e+01 2.142983064782137681e-02 -4.953219597763545284e-03
2.190000000000076597e+01 2.112890432287917522e-02 -4.827530458716777252e-03
2.200000000000076739e+01 2.083494742748109169e-02 -4.706475753203843808e-03
2.210000000000076881e+01 2.054773596322457402e-02 -4.589831382159431650e-03
2.220000000000077023e+01 2.026705477797880253e-02 -4.477386541090039827e-03
2.230000000000077165e+01 1.999269718266070625e-02 -4.368942794542631132e-03
2.240000000000077307e+01 1.972446458302388322e-02 -4.264313223881255159e-03
2.250000000000077449e+01 1.946216612634197110e-02 -4.163321641907084987e-03
2.260000000000077591e+01 1.920561836276565154e-02 -4.065801868480374386e-03
2.270000000000077733e+01 1.895464492114341815e-02 -3.971597061894989455e-03
2.280000000000077875e+01 1.870907619886594611e-02 -3.880559101190989187e-03
2.290000000000078018e+01 1.846874906541304262e-02 -3.792548015103470310e-03
2.300000000000078160e+01 1.823350657915127210e-02 -3.707431453711401530e-03
2.310000000000078302e+01 1.800319771691031440e-02 -3.625084199214875270e-03
2.320000000000078444e+01 1.777767711593548905e-02 -3.545387712625995644e-03
2.330000000000078586e+01 1.755680482765646644e-02 -3.468229713398492814e-03
2.340000000000078728e+01 1.734044608285970068e-02 -3.393503789340649671e-03
2.350000000000078870e+01 1.712847106776785658e-02 -3.321109034363934481e-03
2.360000000000079012e+01 1.692075471053912372e-02 -3.250949711837728025e-03
2.370000000000079154e+01 1.671717647778362889e-02 -3.182934941541756997e-03
2.380000000000079297e+01 1.651762018057109302e-02 -3.116978408338678258e-03
2.390000000000079439e+01 1.632197378955080325e-02 -3.052998090895384879e-03
2.400000000000079581e+01 1.613012925874146575e-02 -2.990916008899963813e-03
2.410000000000079723e+01 1.594198235756546025e-02 -2.930657987354168183e-03
2.420000000000079865e+01 1.575743251078652943e-02 -2.872153436662874815e-03
2.430000000000080007e+01 1.557638264590335830e-02 -2.815335147310903466e-03
2.440000000000080149e+01 1.539873904768909382e-02 -2.760139098055740606e-03
2.450000000000080291e+01 1.522441121951209966e-02 -2.706504276631380330e-03
2.460000000000080433e+01 1.505331175109087850e-02 -2.654372512041341947e-03
2.470000000000080576e+01 1.488535619241405233e-02 -2.603688317612421876e-03
2.480000000000080718e+01 1.472046293345996917e-02 -2.554398744014448400e-03
2.490000000000080860e+01 1.455855308947598750e-02 -2.506453241547318671e-03
2.500000000000081002e+01 1.439955039152716193e-02 -2.459803531033247313e-03
2.510000000000081144e+01 1.424338108203972511e-02 -2.414403482704796135e-03
2.520000000000081286e+01 1.408997381513493220e-02 -2.370209002543033783e-03
2.530000000000081428e+01 1.393925956145968328e-02 -2.327177925533763930e-03
2.540000000000081570e+01 1.379117151733403115e-02 -2.285269915378941846e-03
2.550000000000081712e+01 1.364564501798817484e-02 -2.244446370219436906e-03
2.560000000000081855e+01 1.350261745467452867e-02 -2.204670333959308712e-03
2.570000000000081997e+01 1.336202819550304406e-02 -2.165906412826831308e-03
2.580000000000082139e+01 1.322381850976532720e-02 -2.128120696809545666e-03
2.590000000000082281e+01 1.308793149561525773e-02 -2.091280685652271987e-03
2.600000000000082423e+01 1.295431201092895820e-02 -2.055355219115641025e-03
2.610000000000082565e+01 1.282290660717753938e-02 -2.020314411215040802e-03
2.620000000000082707e+01 1.269366346620198240e-02 -1.986129588192841328e-03
2.630000000000082849e+01 1.256653233970214147e-02 -1.952773229972246203e-03
2.640000000000082991e+01 1.244146449134435339e-02 -1.920218914881040946e-03
2.650000000000083134e+01 1.231841264134983342e-02 -1.888441267435908089e-03
2.660000000000083276e+01 1.219733091343410195e-02 -1.857415908992975789e-03
2.670000000000083418e+01 1.207817478401821895e-02 -1.827119411095056529e-03
2.680000000000083560e+01 1.196090103356004311e-02 -1.797529251338083342e-03
2.690000000000083702e+01 1.184546769993791507e-02 -1.768623771610926178e-03
2.700000000000083844e+01 1.173183403377891371e-02 -1.740382138561574277e-03
2.710000000000083986e+01 1.161996045563041396e-02 -1.712784306152926976e-03
2.720000000000084128e+01 1.150980851491916618e-02 -1.685810980190581738e-03
2.730000000000084270e+01 1.140134085057441411e-02 -1.659443584695414944e-03
2.740000000000084412e+01 1.129452115326800773e-02 -1.633664230019499924e-03
2.750000000000084555e+01 1.118931412918692907e-02 -1.608455682600676024e-03
2.760000000000084697e+01 1.108568546525845119e-02 -1.583801336258187226e-03
2.770000000000084839e+01 1.098360179578988446e-02 -1.559685184947069920e-03
2.780000000000084981e+01 1.088303067042105041e-02 -1.536091796878645381e-03
2.790000000000085123e+01 1.078394052335809698e-02 -1.513006289935930632e-03
2.800000000000085265e+01 1.068630064382149192e-02 -1.490414308308418527e-03
2.810000000000085407e+01 1.059008114764519760e-02 -1.468302000275719440e-03
2.820000000000085549e+01 1.049525295000178909e-02 -1.446655997081943519e-03
2.830000000000085691e+01 1.040178773916883119e-02 -1.425463392832351361e-03
2.840000000000085834e+01 1.030965795131643346e-02 -1.404711725361931004e-03
2.850000000000085976e+01 1.021883674626245658e-02 -1.384388958020724017e-03
2.860000000000086118e+01 1.012929798414495541e-02 -1.364483462324290282e-03
2.870000000000086260e+01 1.004101620299627934e-02 -1.344984001428029159e-03
2.880000000000086402e+01 9.953966597147527462e-03 -1.325879714373983439e-03
2.890000000000086544e+01 9.868124996451685740e-03 -1.307160101074332417e-03
2.900000000000086686e+01 9.783467846282265304e-03 -1.288815007990770818e-03
2.910000000000086828e+01 9.699972188266861584e-03 -1.270834614471564109e-03
2.920000000000086970e+01 9.617615641747154914e-03 -1.253209419716812224e-03
2.930000000000087113e+01 9.536376385904538414e-03 -1.235930230332806749e-03
2.940000000000087255e+01 9.456233142545934778e-03 -1.218988148449940551e-03
2.950000000000087397e+01 9.377165159514640885e-03 -1.202374560373645034e-03
2.960000000000087539e+01 9.299152194693242196e-03 -1.186081125739745076e-03
2.970000000000087681e+01 9.222174500595224644e-03 -1.170099767153134386e-03
2.980000000000087823e+01 9.146212809493008133e-03 -1.154422660279559544e-03
2.990000000000087965e+01 9.071248319081348654e-03 -1.139042224372261488e-03
3.000000000000088107e+01 8.997262678647355988e-03 -1.123951113210394821e-03
3.010000000000088249e+01 8.924237975719902238e-03 -1.109142206427540453e-03
3.020000000000088392e+01 8.852156723199069988e-03 -1.094608601215214284e-03
3.030000000000088534e+01 8.781001846919869389e-03 -1.080343604377719847e-03
3.040000000000088676e+01 8.710756673652710058e-03 -1.066340724725297392e-03
3.050000000000088818e+01 8.641404919516579297e-03 -1.052593665787923596e-03
3.060000000000088960e+01 8.572930678782501868e-03 -1.039096318833188353e-03
3.070000000000089102e+01 8.505318413070509648e-03 -1.025842756177426781e-03
3.080000000000089244e+01 8.438552940900078542e-03 -1.012827224771361027e-03
3.090000000000089386e+01 8.372619427598603642e-03 -1.000044140050955922e-03
3.100000000000089528e+01 8.307503375547980670e-03 -9.874880800398578955e-04
3.110000000000089670e+01 8.243190614750418171e-03 -9.751537796906045935e-04
3.120000000000089813e+01 8.179667293718708918e-03 -9.630361254569184135e-04
3.130000000000089955e+01 8.116919870655358790e-03 -9.511301500819892719e-04
3.140000000000090097e+01 8.054935104926976008e-03 -9.394310275962103763e-04
3.150000000000090239e+01 7.993700048816913470e-03 -9.279340685137171026e-04
3.160000000000090381e+01 7.933202039540312306e-03 -9.166347152177185386e-04
3.170000000000090523e+01 7.873428691528090023e-03 -9.055285375292243186e-04
3.180000000000090665e+01 7.814367888948063612e-03 -8.946112284468705957e-04
3.190000000000090807e+01 7.756007778470772746e-03 -8.838786000532929121e-04
