-3.200000000000000000e+01 5.308963327550064205e-03 5.741455520090903196e-04
-3.189999999999999858e+01 5.346928768601154000e-03 5.807064508457307093e-04
-3.179999999999999716e+01 5.385323791744848522e-03 5.873733724696593656e-04
-3.169999999999999574e+01 5.424155233218694305e-03 5.941485837260395819e-04
-3.159999999999999432e+01 5.463430072243532359e-03 6.010344127143922490e-04
-3.149999999999999289e+01 5.503155434769544177e-03 6.080332508076150303e-04
-3.139999999999999147e+01 5.543338597348312392e-03 6.151475547512417130e-04
-3.129999999999999005e+01 5.583986991124837568e-03 6.223798488446888192e-04
-3.119999999999998863e+01 5.625108205957465683e-03 6.297327272088499217e-04
-3.109999999999998721e+01 5.666709994674520509e-03 6.372088561447004917e-04
-3.099999999999998579e+01 5.708800277461244937e-03 6.448109765850584818e-04
-3.089999999999998437e+01 5.751387146397410853e-03 6.525419066465802664e-04
-3.079999999999998295e+01 5.794478870139802701e-03 6.604045442846102898e-04
-3.069999999999998153e+01 5.838083898758972615e-03 6.684018700564035506e-04
-3.059999999999998010e+01 5.882210868740274726e-03 6.765369499986030469e-04
-3.049999999999997868e+01 5.926868608143480953e-03 6.848129386221831535e-04
-3.039999999999997726e+01 5.972066141943385698e-03 6.932330820334777974e-04
-3.029999999999997584e+01 6.017812697546245579e-03 7.018007211851226166e-04
-3.019999999999997442e+01 6.064117710493175523e-03 7.105192952639606931e-04
-3.009999999999997300e+01 6.110990830362067472e-03 7.193923452234209353e-04
-2.999999999999997158e+01 6.158441926863277710e-03 7.284235174650403963e-04
-2.989999999999997016e+01 6.206481096153888474e-03 7.376165676797635145e-04
-2.979999999999996874e+01 6.255118667366622517e-03 7.469753648545285167e-04
-2.969999999999996732e+01 6.304365209366220683e-03 7.565038954532299614e-04
-2.959999999999996589e+01 6.354231537747259163e-03 7.662062677817480178e-04
-2.949999999999996447e+01 6.404728722069629940e-03 7.760867165437440943e-04
-2.939999999999996305e+01 6.455868093359754846e-03 7.861496076005251073e-04
-2.929999999999996163e+01 6.507661251874848757e-03 7.963994429428046572e-04
-2.919999999999996021e+01 6.560120075145674419e-03 8.068408658862195708e-04
-2.909999999999995879e+01 6.613256726314449205e-03 8.174786665032545601e-04
-2.899999999999995737e+01 6.667083662765729314e-03 8.283177873010777025e-04
-2.889999999999995595e+01 6.721613645082208550e-03 8.393633291621919491e-04
-2.879999999999995453e+01 6.776859746324644107e-03 8.506205575589508971e-04
-2.869999999999995310e+01 6.832835361654601009e-03 8.620949090575913453e-04
-2.859999999999995168e+01 6.889554218320072081e-03 8.737919981284845506e-04
-2.849999999999995026e+01 6.947030386004126971e-03 8.857176242760510503e-04
-2.839999999999994884e+01 7.005278287573283094e-03 8.978777795101283710e-04
-2.829999999999994742e+01 7.064312710227320206e-03 9.102786561743724750e-04
-2.819999999999994600e+01 7.124148817073600037e-03 9.229266551525866068e-04
-2.809999999999994458e+01 7.184802159150151940e-03 9.358283944752963804e-04
-2.799999999999994316e+01 7.246288687900922024e-03 9.489907183455733794e-04
-2.789999999999994174e+01 7.308624768145752411e-03 9.624207066126297004e-04
-2.779999999999994031e+01 7.371827191550545458e-03 9.761256847151938282e-04
-2.769999999999993889e+01 7.435913190625889797e-03 9.901132341228776994e-04
-2.759999999999993747e+01 7.500900453284126829e-03 1.004391203305733888e-03
-2.749999999999993605e+01 7.566807137962648297e-03 1.018967719258934927e-03
-2.739999999999993463e+01 7.633651889363317344e-03 1.033851199620484333e-03
-2.729999999999993321e+01 7.701453854818601785e-03 1.049050365413167979e-03
-2.719999999999993179e+01 7.770232701319474029e-03 1.064574254449329217e-03
-2.709999999999993037e+01 7.840008633242419311e-03 1.080432235439825932e-03
-2.699999999999992895e+01 7.910802410789376238e-03 1.096634022845536204e-03
-2.689999999999992752e+01 7.982635369199828773e-03 1.113189692522609676e-03
-2.679999999999992610e+01 8.055529438752448076e-03 1.130109698205955960e-03
-2.669999999999992468e+01 8.129507165600360907e-03 1.147404888884442919e-03
-2.659999999999992326e+01 8.204591733486907290e-03 1.165086527125208139e-03
-2.649999999999992184e+01 8.280806986363797861e-03 1.183166308402082553e-03
-2.639999999999992042e+01 8.358177451982853542e-03 1.201656381498417657e-03
-2.629999999999991900e+01 8.436728366488052688e-03 1.220569370048230681e-03
-2.619999999999991758e+01 8.516485700063559927e-03 1.239918395290783406e-03
-2.609999999999991616e+01 8.597476183697057295e-03 1.259717100119373987e-03
-2.599999999999991473e+01 8.679727337091247205e-03 1.279979674503863669e-03
-2.589999999999991331e+01 8.763267497810093426e-03 1.300720882385057817e-03
-2.579999999999991189e+01 8.848125851698827871e-03 1.321956090133630593e-03
-2.569999999999991047e+01 8.934332464648704619e-03 1.343701296680586228e-03
-2.559999999999990905e+01 9.021918315782086542e-03 1.365973165434668495e-03
-2.549999999999990763e+01 9.110915332105187781e-03 1.388789058102772676e-03
-2.539999999999990621e+01 9.201356424734834921e-03 1.412167070552772154e-03
-2.529999999999990479e+01 9.293275526754718116e-03 1.436126070854568766e-03
-2.519999999999990337e+01 9.386707632791920636e-03 1.460685739654163633e-03
-2.509999999999990195e+01 9.481688840410116767e-03 1.485866613048064753e-03
-2.499999999999990052e+01 9.578256393386235315e-03 1.511690128129506566e-03
-2.489999999999989910e+01 9.676448727001770236e-03 1.538178671407981583e-03
-2.479999999999989768e+01 9.776305515425872880e-03 1.565355630303657186e-03
-2.469999999999989626e+01 9.877867721306256288e-03 1.593245447944124146e-03
-2.459999999999989484e+01 9.981177647690879159e-03 1.621873681510044816e-03
-2.449999999999989342e+01 1.008627899237205319e-02 1.651267064386370683e-03
-2.439999999999989200e+01 1.019321690481539075e-02 1.681453572415790836e-03
-2.429999999999989058e+01 1.030203804577790871e-02 1.712462494557693074e-03
-2.419999999999988916e+01 1.041279064976276952e-02 1.744324508292523310e-03
-2.409999999999988773e+01 1.052552459046636989e-02 1.777071760141156042e-03
-2.399999999999988631e+01 1.064029144933975254e-02 1.810737951689075182e-03
-2.389999999999988489e+01 1.075714458746433559e-02 1.845358431560516124e-03
-2.379999999999988347e+01 1.087613922087854630e-02 1.880970293805920603e-03
-2.369999999999988205e+01 1.099733249953959574e-02 1.917612483219680161e-03
-2.359999999999988063e+01 1.112078359011346371e-02 1.955325908152275548e-03
-2.349999999999987921e+01 1.124655376274900226e-02 1.994153561418428484e-03
-2.339999999999987779e+01 1.137470648207684204e-02 2.034140649982476515e-03
-2.329999999999987637e+01 1.150530750260356401e-02 2.075334734140802696e-03
-2.319999999999987494e+01 1.163842496872196514e-02 2.117785877002560917e-03
-2.309999999999987352e+01 1.177412951956619339e-02 2.161546805146099398e-03
-2.299999999999987210e+01 1.191249439889683834e-02 2.206673081396024610e-03
-2.289999999999987068e+01 1.205359557029038291e-02 2.253223290784868785e-03
-2.279999999999986926e+01 1.219751183782565723e-02 2.301259240838069917e-03
-2.269999999999986784e+01 1.234432497250934069e-02 2.350846177448744686e-03
-2.259999999999986642e+01 1.249411984468371158e-02 2.402053017734522532e-03
-2.249999999999986500e+01 1.264698456260224778e-02 2.454952601388695616e-03
-2.239999999999986358e+01 1.280301061744578903e-02 2.509621962223077766e-03
-2.229999999999986215e+01 1.296229303494743183e-02 2.566142621738928993e-03
-2.219999999999986073e+01 1.312493053383143385e-02 2.624600906769498400e-03
-2.209999999999985931e+01 1.329102569125150193e-02 2.685088293449816935e-03
-2.199999999999985789e+01 1.346068511532465435e-02 2.747701779982421495e-03
-2.189999999999985647e+01 1.363401962492155443e-02 2.812544290966429925e-03
-2.179999999999985505e+01 1.381114443672140472e-02 2.879725116311820064e-03
-2.169999999999985363e+01 1.399217935953465594e-02 2.949360388106957859e-03
-2.159999999999985221e+01 1.417724899582032023e-02 3.021573599172376699e-03
-2.149999999999985079e+01 1.436648295015919598e-02 3.096496167414064180e-03
-2.139999999999984936e+01 1.456001604443767430e-02 3.174268050588092797e-03
-2.129999999999984794e+01 1.475798853923086622e-02 3.255038416552382460e-03
-2.119999999999984652e+01 1.496054636075424063e-02 3.338966374675380201e-03
-2.109999999999984510e+01 1.516784133253027550e-02 3.426221774711218915e-03
-2.099999999999984368e+01 1.538003141056671491e-02 3.516986080134855072e-03
-2.089999999999984226e+01 1.559728092063736304e-02 3.611453323786309975e-03
-2.079999999999984084e+01 1.581976079572102248e-02 3.709831154519895816e-03
-2.069999999999983942e+01 1.604764881123402209e-02 3.812341984594673494e-03
-2.059999999999983800e+01 1.628112981509856338e-02 3.919224248679684282e-03
-2.049999999999983658e+01 1.652039594888284058e-02 4.030733786583805787e-03
-2.039999999999983515e+01 1.676564685552073969e-02 4.147145363316626435e-03
-2.029999999999983373e+01 1.701708986791812886e-02 4.268754341628837670e-03
-2.019999999999983231e+01 1.727494017155854419e-02 4.395878524021122266e-03
-2.009999999999983089e+01 1.753942093268307315e-02 4.528860183238357651e-03
-1.999999999999982947e+01 1.781076338166046741e-02 4.668068302487976551e-03
-1.989999999999982805e+01 1.808920683907512539e-02 4.813901049243680952e-03
-1.979999999999982663e+01 1.837499866917204072e-02 4.966788509256373808e-03
-1.969999999999982521e+01 1.866839414209537501e-02 5.127195710609933933e-03
-1.959999999999982379e+01 1.896965618237437395e-02 5.295625971193282031e-03
-1.949999999999982236e+01 1.927905497617418001e-02 5.472624606815434424e-03
-1.939999999999982094e+01 1.959686740416690179e-02 5.658783041617096617e-03
-1.929999999999981952e+01 1.992337625960255085e-02 5.854743367081405997e-03
-1.919999999999981810e+01 2.025886920266680574e-02 6.061203401185591075e-03
-1.909999999999981668e+01 2.060363739178591030e-02 6.278922304843159545e-03
-1.899999999999981526e+01 2.095797371974961534e-02 6.508726818689308455e-03
-1.889999999999981384e+01 2.132217056735408525e-02 6.751518189672947243e-03
-1.879999999999981242e+01 2.169651696836309013e-02 7.008279863228116663e-03
-1.869999999999981100e+01 2.208129505700002354e-02 7.280086023257894591e-03
-1.859999999999980957e+01 2.247677564153040958e-02 7.568111068122368619e-03
-1.849999999999980815e+01 2.288321271401099616e-02 7.873640115964595024e-03
-1.839999999999980673e+01 2.330083666539298215e-02 8.198080636090614159e-03
-1.829999999999980531e+01 2.372984592598334150e-02 8.542975304161596478e-03
-1.819999999999980389e+01 2.417039669109908098e-02 8.910016175546011524e-03
-1.809999999999980247e+01 2.462259031940069662e-02 9.301060261938678964e-03
-1.799999999999980105e+01 2.508645790392471930e-02 9.718146578098748115e-03
-1.789999999999979963e+01 2.556194141047732002e-02 1.016351469433897890e-02
-1.779999999999979821e+01 2.604887065244095717e-02 1.063962478146687068e-02
-1.769999999999979678e+01 2.654693522102244754e-02 1.114917906012541544e-02
-1.759999999999979536e+01 2.705565031355131045e-02 1.169514445703849839e-02
-1.749999999999979394e+01 2.757431519657746813e-02 1.228077611294934798e-02
-1.739999999999979252e+01 2.810196280407301767e-02 1.290964116351893398e-02
-1.729999999999979110e+01 2.863729870618818979e-02 1.358564190294463646e-02
-1.719999999999978968e+01 2.917862739557845059e-02 1.431303700941306302e-02
-1.709999999999978826e+01 2.972376354097625711e-02 1.509645892459698761e-02
-1.699999999999978684e+01 3.026992557627888880e-02 1.594092468738848856e-02
-1.689999999999978542e+01 3.081360877211723748e-02 1.685183646599205595e-02
-1.679999999999978400e+01 3.135043484869379227e-02 1.783496664479299401e-02
-1.669999999999978257e+01 3.187497534590159887e-02 1.889642052620231494e-02
-1.659999999999978115e+01 3.238054654279673428e-02 2.004256743229165458e-02
-1.649999999999977973e+01 3.285897496540352014e-02 2.127992818405547229e-02
-1.639999999999977831e+01 3.330033479780607902e-02 2.261500360049086000e-02
-1.629999999999977689e+01 3.369266230409187490e-02 2.405402491186452510e-02
-1.619999999999977547e+01 3.402165830345643682e-02 2.560260313614603350e-02
-1.609999999999977405e+01 3.427039856330500733e-02 2.726525118141082810e-02
-1.599999999999977263e+01 3.441908445577866044e-02 2.904475088293308888e-02
-1.589999999999977121e+01 3.444488294175838267e-02 3.094133927448040888e-02
-1.579999999999976978e+01 3.432192586999431583e-02 3.295169698477076053e-02
-1.569999999999976836e+01 3.402156235251208027e-02 3.506774058907558694e-02
-1.559999999999976694e+01 3.351298089556347531e-02 3.727525455554085709e-02
-1.549999999999976552e+01 3.276433273679784514e-02 3.955245119995700470e-02
-1.539999999999976410e+01 3.174448260601653998e-02 4.186862016974705197e-02
-1.529999999999976268e+01 3.042547172441564113e-02 4.418311727488698215e-02
-1.519999999999976126e+01 2.878568291486623479e-02 4.644502949766294436e-02
-1.509999999999975984e+01 2.681353826423281753e-02 4.859390714398933303e-02
-1.499999999999975842e+01 2.451134384360136725e-02 5.056192990161147149e-02
-1.489999999999975699e+01 2.189866437723057141e-02 5.227772357584751367e-02
-1.479999999999975557e+01 1.901444310961121487e-02 5.367174421818849545e-02
-1.469999999999975415e+01 1.591708187274414737e-02 5.468272785481285980e-02
-1.459999999999975273e+01 1.268194680236359520e-02 5.526427532265499459e-02
-1.449999999999975131e+01 9.396268642792046308e-03 5.539037001981840513e-02
-1.439999999999974989e+01 6.152043754339695143e-03 5.505866923925837458e-02
-1.429999999999974847e+01 3.038094413669113585e-03 5.429082137554274573e-02
-1.419999999999974705e+01 1.326931214481515825e-04 5.312973498100583003e-02
-1.409999999999974563e+01 -2.502010326294453954e-03 5.163442615853540418e-02
-1.399999999999974420e+01 -4.823026573533194250e-03 4.987354920358014199e-02
-1.389999999999974278e+01 -6.806936355088428689e-03 4.791883320955279968e-02
-1.379999999999974136e+01 -8.448123323916098895e-03 4.583942847945308985e-02
-1.369999999999973994e+01 -9.755586310321166452e-03 4.369775513756786467e-02
-1.359999999999973852e+01 -1.074913265844834077e-02 4.154701455725248738e-02
-1.349999999999973710e+01 -1.145561195094977822e-02 3.943019535245552432e-02
-1.339999999999973568e+01 -1.190562315378858836e-02 3.738022600604725548e-02
-1.329999999999973426e+01 -1.213090456085759786e-02 3.542088012804864294e-02
-1.319999999999973284e+01 -1.216244355792548554e-02 3.356808263274951853e-02
-1.309999999999973141e+01 -1.202923573772118372e-02 3.183134856093601528e-02
-1.299999999999972999e+01 -1.175757201927937583e-02 3.021517608906113678e-02
-1.289999999999972857e+01 -1.137072129749842203e-02 2.872029215185114767e-02
-1.279999999999972715e+01 -1.088888799122049271e-02 2.734470602096682537e-02
-1.269999999999972573e+01 -1.032934585597547646e-02 2.608456353893304908e-02
-1.259999999999972431e+01 -9.706673424698507996e-03 2.493481627818535523e-02
-1.249999999999972289e+01 -9.033038107162393721e-03 2.388973023669938023e-02
-1.239999999999972147e+01 -8.318493580353445577e-03 2.294326182442470510e-02
-1.229999999999972005e+01 -7.571268403957226098e-03 2.208932789552993034e-02
-1.219999999999971863e+01 -6.798033297038940520e-03 2.132199353191356617e-02
-1.209999999999971720e+01 -6.004140967820675856e-03 2.063559748628642290e-02
-1.199999999999971578e+01 -5.193836559323797633e-03 2.002483139306717244e-02
-1.189999999999971436e+01 -4.370439313516660818e-03 1.948478542491594023e-02
-1.179999999999971294e+01 -3.536497479304576488e-03 1.901097015829004977e-02
-1.169999999999971152e+01 -2.693919179572751982e-03 1.859932203472514783e-02
-1.159999999999971010e+01 -1.844082179800466542e-03 1.824619792035700114e-02
-1.149999999999970868e+01 -9.879254532051337523e-04 1.794836280550155330e-02
-1.139999999999970726e+01 -1.260252388728243939e-04 1.770297357320786344e-02
-1.129999999999970584e+01 7.413419817748206908e-04 1.750756092982108658e-02
-1.119999999999970441e+01 1.614147457513733300e-03 1.736001097169403290e-02
-1.109999999999970299e+01 2.492567243563028473e-03 1.725854740924687158e-02
-1.099999999999970157e+01 3.376946801493587239e-03 1.720171514297562723e-02
-1.089999999999970015e+01 4.267771778411158512e-03 1.718836565415520629e-02
-1.079999999999969873e+01 5.165643825887147877e-03 1.721764451162679371e-02
-1.069999999999969731e+01 6.071260491597528508e-03 1.728898118707304643e-02
-1.059999999999969589e+01 6.985398360639282628e-03 1.740208130054037017e-02
-1.049999999999969447e+01 7.908898740358421414e-03 1.755692137558183263e-02
-1.039999999999969305e+01 8.842655274839131968e-03 1.775374616151034757e-02
-1.029999999999969162e+01 9.787602946643696872e-03 1.799306857348126343e-02
-1.019999999999969020e+01 1.074470797390998482e-02 1.827567230509037632e-02
-1.009999999999968878e+01 1.171495814414823082e-02 1.860261718009974946e-02
-9.999999999999687361e+00 1.269935314182665809e-02 1.897524732741675060e-02
-9.899999999999685940e+00 1.369889442554055384e-02 1.939520228463805299e-02
-9.799999999999684519e+00 1.471457419345022916e-02 1.986443115936011375e-02
-9.699999999999683098e+00 1.574736293983686197e-02 2.038521000194019883e-02
-9.599999999999681677e+00 1.679819505190360135e-02 2.096016256776415954e-02
-9.499999999999680256e+00 1.786795182098936674e-02 2.159228466924792422e-02
-9.399999999999678835e+00 1.895744114329449628e-02 2.228497233539655786e-02
-9.299999999999677414e+00 2.006737305985858977e-02 2.304205400766406314e-02
-9.199999999999675993e+00 2.119833012694166685e-02 2.386782699973467176e-02
-9.099999999999674571e+00 2.235073141300646105e-02 2.476709843138862055e-02
-8.999999999999673150e+00 2.352478867923078754e-02 2.574523080439457268e-02
-8.899999999999671729e+00 2.472045300927702000e-02 2.680819231053410689e-02
-8.799999999999670308e+00 2.593734980409106647e-02 2.796261183517235321e-02
-8.699999999999668887e+00 2.717469963720877540e-02 2.921583842238372961e-02
-8.599999999999667466e+00 2.843122196917668987e-02 3.057600467474233530e-02
-8.499999999999666045e+00 2.970501813714207864e-02 3.205209313533844556e-02
-8.399999999999664624e+00 3.099342936310804306e-02 3.365400409298497514e-02
-8.299999999999663203e+00 3.229286476586055998e-02 3.539262240237827511e-02
-8.199999999999661782e+00 3.359859352843117680e-02 3.727987973308678760e-02
-8.099999999999660361e+00 3.490449450197100068e-02 3.932880705090731344e-02
-7.999999999999658939e+00 3.620275568230101049e-02 4.155356995580151980e-02
-7.899999999999657518e+00 3.748351529290400164e-02 4.396947658607439080e-02
-7.799999999999656097e+00 3.873443584092788050e-02 4.659294395571647596e-02
-7.699999999999654676e+00 3.994020278092398624e-02 4.944140359825759112e-02
-7.599999999999653255e+00 4.108194079054007519e-02 5.253312103282695850e-02
-7.499999999999651834e+00 4.213654381599489518e-02 5.588689567274222891e-02
-7.399999999999650413e+00 4.307592096100128221e-02 5.952159832587740340e-02
-7.299999999999648992e+00 4.386617031506442888e-02 6.345549264051141003e-02
-7.199999999999647571e+00 4.446670869476403165e-02 6.770527549608336415e-02
-7.099999999999646150e+00 4.482940913200225697e-02 7.228476109614034861e-02
-6.999999999999644729e+00 4.489783207067314652e-02 7.720312744927237958e-02
-6.899999999999643308e+00 4.460668253522732246e-02 8.246264711021156213e-02
-6.799999999999641886e+00 4.388168445263916639e-02 8.805584424346879491e-02
-6.699999999999640465e+00 4.264013193952352621e-02 9.396206795339727413e-02
-6.599999999999639044e+00 4.079244663614556288e-02 1.001435604276392360e-01
-6.499999999999637623e+00 3.824512127172774445e-02 1.065412404972180677e-01
-6.399999999999636202e+00 3.490543080938972309e-02 1.130706252956148600e-01
-6.299999999999634781e+00 3.068819862835044099e-02 1.196185650345459178e-01
-6.199999999999633360e+00 2.552466462316901191e-02 1.260417285997307291e-01
-6.099999999999631939e+00 1.937307585123011766e-02 1.321679680500731369e-01
-5.999999999999630518e+00 1.223001608829828862e-02 1.378016819337140320e-01
-5.899999999999629097e+00 4.140804284076583103e-03 1.427339475060817597e-01
-5.799999999999627676e+00 -4.793266504783295912e-03 1.467574062367255072e-01
-5.699999999999626255e+00 -1.441321200534699878e-02 1.496847147382433518e-01
-5.599999999999624833e+00 -2.450796074944635444e-02 1.513680825918334860e-01
-5.499999999999623412e+00 -3.482774531084115860e-02 1.517164749381654798e-01
-5.399999999999621991e+00 -4.510391349646983988e-02 1.507069533824460239e-01
-5.299999999999620570e+00 -5.507205417720617557e-02 1.483876106003788609e-01
-5.199999999999619149e+00 -6.449436972824920677e-02 1.448714143127478038e-01
-5.099999999999617728e+00 -7.317744944731000012e-02 1.403223839318242239e-01
-4.999999999999616307e+00 -8.098290936800332795e-02 1.349371214088169180e-01
-4.899999999999614886e+00 -8.783021763197483567e-02 1.289253058070848890e-01
-4.799999999999613465e+00 -9.369273220085082288e-02 1.224923068204269577e-01
-4.699999999999612044e+00 -9.858904453217876007e-02 1.158259430308941629e-01
-4.599999999999610623e+00 -1.025720116937366699e-01 1.090881173140925281e-01
-4.499999999999609201e+00 -1.057175364033213216e-01 1.024110103489759283e-01
-4.399999999999607780e+00 -1.081145187888509079e-01 9.589688860717625329e-02
-4.299999999999606359e+00 -1.098567287822368455e-01 8.962037184685189839e-02
-4.199999999999604938e+00 -1.110368023985746078e-01 8.363208517543882503e-02
-4.099999999999603517e+00 -1.117422082911526809e-01 7.796284969237622653e-02
-3.999999999999602096e+00 -1.120528490232051699e-01 7.262783177145590296e-02
-3.899999999999600675e+00 -1.120399077550179590e-01 6.763030796445347603e-02
-3.799999999999599254e+00 -1.117655747647109399e-01 6.296488294533314489e-02
-3.699999999999597833e+00 -1.112833488001007676e-01 5.862011944832885152e-02
-3.599999999999596412e+00 -1.106386788692327178e-01 5.458061150351524449e-02
-3.499999999999594991e+00 -1.098697778472074171e-01 5.082856876599882445e-02
-3.399999999999593570e+00 -1.090084937429884604e-01 4.734499272262206182e-02
-3.299999999999592148e+00 -1.080811662089192909e-01 4.411052467625294071e-02
-3.199999999999590727e+00 -1.071094260289062183e-01 4.110603738427519305e-02
-3.099999999999589306e+00 -1.061109160223690506e-01 3.831303133851699655e-02
-2.999999999999587885e+00 -1.050999253202994643e-01 3.571388541733339084e-02
-2.899999999999586464e+00 -1.040879373109487444e-01 3.329200131052274803e-02
-2.799999999999585043e+00 -1.030840963186445414e-01 3.103187226245199964e-02
-2.699999999999583622e+00 -1.020956004792097638e-01 2.891909943101843294e-02
-2.599999999999582201e+00 -1.011280291758173688e-01 2.694037342015355441e-02
-2.499999999999580780e+00 -1.001856134061664405e-01 2.508343412647679599e-02
-2.399999999999579359e+00 -9.927145697705488936e-02 2.333701873106849498e-02
-2.299999999999577938e+00 -9.838771574123786334e-02 2.169080525739068566e-02
-2.199999999999576517e+00 -9.753574139437995449e-02 2.013535742899128650e-02
-2.099999999999575095e+00 -9.671619576937887097e-02 1.866207543446645606e-02
-1.999999999999573674e+00 -9.592914120930282063e-02 1.726315650575363514e-02
-1.899999999999572253e+00 -9.517411256449405388e-02 1.593156880318562230e-02
-1.799999999999570832e+00 -9.445017673741906705e-02 1.466104182278433338e-02
-1.699999999999569411e+00 -9.375598658358658133e-02 1.344607620570394124e-02
-1.599999999999567990e+00 -9.308983743576815240e-02 1.228197516100318354e-02
-1.499999999999566569e+00 -9.244973655554780678e-02 1.116489832921653547e-02
-1.399999999999565148e+00 -9.183349828183159924e-02 1.009193629484536614e-02
-1.299999999999563727e+00 -9.123888010165009943e-02 9.061199455307644701e-03
-1.199999999999562306e+00 -9.066377639744904737e-02 8.071907908348871508e-03
-1.099999999999560885e+00 -9.010648561433007298e-02 7.124459005329042416e-03
-9.999999999995594635e-01 -8.956606061331215396e-02 6.220436581984123414e-03
-8.999999999995580424e-01 -8.904273798340561763e-02 5.362512556296633592e-03
-7.999999999995566213e-01 -8.853841728785623311e-02 4.554182082932428655e-03
-6.999999999995552002e-01 -8.805712505422973180e-02 3.799275490364406593e-03
-5.999999999995537792e-01 -8.760535551704301538e-02 3.101213922449413962e-03
-4.999999999995523581e-01 -8.719214391923013618e-02 2.462029860332642928e-03
-3.999999999995509370e-01 -8.682872095048865813e-02 1.881258945942126948e-03
-2.999999999995495159e-01 -8.652764431485945873e-02 1.354908788571418388e-03
-1.999999999995480948e-01 -8.630141974045227315e-02 8.747849594575585197e-04
-9.999999999954667373e-02 -8.616079254906761076e-02 4.284528800255760217e-04
4.547473508864641190e-13 -8.611305504416189027e-02 0.000000000000000000e+00
1.000000000004561684e-01 -8.616079254906761076e-02 -4.284528800255760217e-04
2.000000000004575895e-01 -8.630141974045561770e-02 -8.747849594659407035e-04
3.000000000004590106e-01 -8.652764431486427432e-02 -1.354908788580577728e-03
4.000000000004604317e-01 -8.682872095048865813e-02 -1.881258945942126948e-03
5.000000000004618528e-01 -8.719214391923013618e-02 -2.462029860332642928e-03
6.000000000004632739e-01 -8.760535551704301538e-02 -3.101213922449413962e-03
7.000000000004646949e-01 -8.805712505423829439e-02 -3.799275490377618247e-03
8.000000000004661160e-01 -8.853841728786523979e-02 -4.554182082946583998e-03
9.000000000004675371e-01 -8.904273798340561763e-02 -5.362512556296633592e-03
1.000000000000468958e+00 -8.956606061331215396e-02 -6.220436581984123414e-03
1.100000000000470379e+00 -9.010648561433007298e-02 -7.124459005329042416e-03
1.200000000000471800e+00 -9.066377639745935857e-02 -8.071907908366496298e-03
1.300000000000473221e+00 -9.123888010166072982e-02 -9.061199455326018892e-03
1.400000000000474643e+00 -9.183349828183159924e-02 -1.009193629484536614e-02
1.500000000000476064e+00 -9.244973655554780678e-02 -1.116489832921653547e-02
1.600000000000477485e+00 -9.308983743576815240e-02 -1.228197516100318354e-02
1.700000000000478906e+00 -9.375598658359891868e-02 -1.344607620572557671e-02
1.800000000000480327e+00 -9.445017673743197339e-02 -1.466104182280691948e-02
1.900000000000481748e+00 -9.517411256449405388e-02 -1.593156880318562230e-02
2.000000000000483169e+00 -9.592914120930282063e-02 -1.726315650575363514e-02
2.100000000000484590e+00 -9.671619576937887097e-02 -1.866207543446645606e-02
2.200000000000486011e+00 -9.753574139439513679e-02 -2.013535742901878534e-02
2.300000000000487432e+00 -9.838771574125369790e-02 -2.169080525741976656e-02
2.400000000000488853e+00 -9.927145697705488936e-02 -2.333701873106849498e-02
2.500000000000490274e+00 -1.001856134061664405e-01 -2.508343412647679599e-02
2.600000000000491696e+00 -1.011280291758173688e-01 -2.694037342015355441e-02
2.700000000000493117e+00 -1.020956004792276245e-01 -2.891909943105561154e-02
2.800000000000494538e+00 -1.030840963186626658e-01 -3.103187226249172481e-02
2.900000000000495959e+00 -1.040879373109487444e-01 -3.329200131052274803e-02
3.000000000000497380e+00 -1.050999253202994643e-01 -3.571388541733339084e-02
3.100000000000498801e+00 -1.061109160223690506e-01 -3.831303133851699655e-02
3.200000000000500222e+00 -1.071094260289242039e-01 -4.110603738432785925e-02
3.300000000000501643e+00 -1.080811662089366521e-01 -4.411052467630961066e-02
3.400000000000503064e+00 -1.090084937429884604e-01 -4.734499272262206182e-02
3.500000000000504485e+00 -1.098697778472074171e-01 -5.082856876599882445e-02
3.600000000000505906e+00 -1.106386788692327178e-01 -5.458061150351524449e-02
3.700000000000507328e+00 -1.112833488001111482e-01 -5.862011944840505445e-02
3.800000000000508749e+00 -1.117655747647179759e-01 -6.296488294541505160e-02
3.900000000000510170e+00 -1.120399077550179590e-01 -6.763030796445347603e-02
4.000000000000511591e+00 -1.120528490232051699e-01 -7.262783177145590296e-02
4.100000000000513012e+00 -1.117422082911526809e-01 -7.796284969237622653e-02
4.200000000000514433e+00 -1.110368023985577463e-01 -8.363208517554492072e-02
4.300000000000515854e+00 -1.098567287822105609e-01 -8.962037184696357295e-02
4.400000000000517275e+00 -1.081145187888509079e-01 -9.589688860717625329e-02
4.500000000000518696e+00 -1.057175364033213216e-01 -1.024110103489759283e-01
4.600000000000520117e+00 -1.025720116937366699e-01 -1.090881173140925281e-01
4.700000000000521538e+00 -9.858904453209819951e-02 -1.158259430310165233e-01
4.800000000000522959e+00 -9.369273220075308162e-02 -1.224923068205466120e-01
4.900000000000524381e+00 -8.783021763197483567e-02 -1.289253058070848890e-01
5.000000000000525802e+00 -8.098290936800332795e-02 -1.349371214088169180e-01
5.100000000000527223e+00 -7.317744944731000012e-02 -1.403223839318242239e-01
5.200000000000528644e+00 -6.449436972808403334e-02 -1.448714143128217169e-01
5.300000000000530065e+00 -5.507205417702914357e-02 -1.483876106004323459e-01
5.400000000000531486e+00 -4.510391349646983988e-02 -1.507069533824460239e-01
5.500000000000532907e+00 -3.482774531084115860e-02 -1.517164749381654798e-01
5.600000000000534328e+00 -2.450796074944635444e-02 -1.513680825918334860e-01
5.700000000000535749e+00 -1.441321200516697959e-02 -1.496847147382010801e-01
5.800000000000537170e+00 -4.793266504613966084e-03 -1.467574062366618082e-01
5.900000000000538591e+00 4.140804284076583103e-03 -1.427339475060817597e-01
6.000000000000540012e+00 1.223001608829828862e-02 -1.378016819337140320e-01
6.100000000000541434e+00 1.937307585123011766e-02 -1.321679680500731369e-01
6.200000000000542855e+00 2.552466462327185673e-02 -1.260417285996160430e-01
6.300000000000544276e+00 3.068819862843558469e-02 -1.196185650344274987e-01
6.400000000000545697e+00 3.490543080945822385e-02 -1.130706252954955110e-01
6.500000000000547118e+00 3.824512127172774445e-02 -1.065412404972180677e-01
6.600000000000548539e+00 4.079244663614556288e-02 -1.001435604276392360e-01
6.700000000000549960e+00 4.264013193955131648e-02 -9.396206795328719552e-02
6.800000000000551381e+00 4.388168445265678425e-02 -8.805584424336412863e-02
6.900000000000552802e+00 4.460668253523632221e-02 -8.246264711011280779e-02
7.000000000000554223e+00 4.489783207067314652e-02 -7.720312744927237958e-02
7.100000000000555644e+00 4.482940913200225697e-02 -7.228476109614034861e-02
7.200000000000557066e+00 4.446670869475510823e-02 -6.770527549600308115e-02
7.300000000000558487e+00 4.386617031505163355e-02 -6.345549264043701121e-02
7.400000000000559908e+00 4.307592096098543377e-02 -5.952159832580863202e-02
7.500000000000561329e+00 4.213654381599489518e-02 -5.588689567274222891e-02
7.600000000000562750e+00 4.108194079054007519e-02 -5.253312103282695850e-02
7.700000000000564171e+00 3.994020278090255893e-02 -4.944140359820362041e-02
7.800000000000565592e+00 3.873443584090547481e-02 -4.659294395566676572e-02
7.900000000000567013e+00 3.748351529288092981e-02 -4.396947658602862186e-02
8.000000000000568434e+00 3.620275568230101049e-02 -4.155356995580151980e-02
8.100000000000569855e+00 3.490449450197100068e-02 -3.932880705090731344e-02
8.200000000000571276e+00 3.359859352840743191e-02 -3.727987973305103842e-02
8.300000000000572697e+00 3.229286476583682897e-02 -3.539262240234533619e-02
8.400000000000574119e+00 3.099342936308447163e-02 -3.365400409295462442e-02
8.500000000000575540e+00 2.970501813714207864e-02 -3.205209313533844556e-02
8.600000000000576961e+00 2.843122196917668987e-02 -3.057600467474233530e-02
8.700000000000578382e+00 2.717469963718609910e-02 -2.921583842235998818e-02
8.800000000000579803e+00 2.593734980406875099e-02 -2.796261183515048182e-02
8.900000000000581224e+00 2.472045300925507227e-02 -2.680819231051395982e-02
9.000000000000582645e+00 2.352478867923078754e-02 -2.574523080439457268e-02
9.100000000000584066e+00 2.235073141300646105e-02 -2.476709843138862055e-02
9.200000000000585487e+00 2.119833012692089527e-02 -2.386782699971899332e-02
9.300000000000586908e+00 2.006737305983821718e-02 -2.304205400764967882e-02
9.400000000000588329e+00 1.895744114327449839e-02 -2.228497233538338090e-02
9.500000000000589750e+00 1.786795182098936674e-02 -2.159228466924792422e-02
9.600000000000591172e+00 1.679819505190360135e-02 -2.096016256776415954e-02
9.700000000000592593e+00 1.574736293981790491e-02 -2.038521000193024152e-02
9.800000000000594014e+00 1.471457419343159649e-02 -1.986443115935111053e-02
9.900000000000595435e+00 1.369889442552223169e-02 -1.939520228462996917e-02
1.000000000000059686e+01 1.269935314182665809e-02 -1.897524732741675060e-02
1.010000000000059828e+01 1.171495814414823082e-02 -1.860261718009974946e-02
1.020000000000059970e+01 1.074470797389246585e-02 -1.827567230508483909e-02
1.030000000000060112e+01 9.787602946626394740e-03 -1.799306857347652069e-02
1.040000000000060254e+01 8.842655274822062289e-03 -1.775374616150638546e-02
1.050000000000060396e+01 7.908898740358421414e-03 -1.755692137558183263e-02
1.060000000000060538e+01 6.985398360639282628e-03 -1.740208130054037017e-02
1.070000000000060680e+01 6.071260491580979246e-03 -1.728898118707136722e-02
1.080000000000060822e+01 5.165643825870744332e-03 -1.721764451162588125e-02
1.090000000000060965e+01 4.267771778394898949e-03 -1.718836565415506057e-02
1.100000000000061107e+01 3.376946801493587239e-03 -1.720171514297562723e-02
1.110000000000061249e+01 2.492567243563028473e-03 -1.725854740924687158e-02
1.120000000000061391e+01 1.614147457497813742e-03 -1.736001097169628804e-02
1.130000000000061533e+01 7.413419817589948085e-04 -1.750756092982420214e-02
1.140000000000061675e+01 -1.260252388885566011e-04 -1.770297357321187065e-02
1.150000000000061817e+01 -9.879254532051337523e-04 -1.794836280550155330e-02
1.160000000000061959e+01 -1.844082179800466542e-03 -1.824619792035700114e-02
1.170000000000062101e+01 -2.693919179588144183e-03 -1.859932203473209714e-02
1.180000000000062244e+01 -3.536497479319838586e-03 -1.901097015829809195e-02
1.190000000000062386e+01 -4.370439313531740769e-03 -1.948478542492514468e-02
1.200000000000062528e+01 -5.193836559323797633e-03 -2.002483139306717244e-02
1.210000000000062670e+01 -6.004140967820675856e-03 -2.063559748628642290e-02
1.220000000000062812e+01 -6.798033297053206886e-03 -2.132199353192677435e-02
1.230000000000062954e+01 -7.571268403971079600e-03 -2.208932789554465814e-02
1.240000000000063096e+01 -8.318493580366766518e-03 -2.294326182444106355e-02
1.250000000000063238e+01 -9.033038107162393721e-03 -2.388973023669938023e-02
1.260000000000063380e+01 -9.706673424698507996e-03 -2.493481627818535523e-02
1.270000000000063523e+01 -1.032934585598626644e-02 -2.608456353895495516e-02
1.280000000000063665e+01 -1.088888799123001287e-02 -2.734470602099078537e-02
1.290000000000063807e+01 -1.137072129750638268e-02 -2.872029215187724832e-02
1.300000000000063949e+01 -1.175757201927937583e-02 -3.021517608906113678e-02
1.310000000000064091e+01 -1.202923573772118372e-02 -3.183134856093601528e-02
1.320000000000064233e+01 -1.216244355792649168e-02 -3.356808263278217991e-02
1.330000000000064375e+01 -1.213090456085534619e-02 -3.542088012808334435e-02
1.340000000000064517e+01 -1.190562315378254979e-02 -3.738022600608378876e-02
1.350000000000064659e+01 -1.145561195094977822e-02 -3.943019535245552432e-02
1.360000000000064801e+01 -1.074913265844834077e-02 -4.154701455725248738e-02
1.370000000000064944e+01 -9.755586310300302932e-03 -4.369775513760705554e-02
1.380000000000065086e+01 -8.448123323889323438e-03 -4.583942847949165622e-02
1.390000000000065228e+01 -6.806936355055462004e-03 -4.791883320958968684e-02
1.400000000000065370e+01 -4.823026573533194250e-03 -4.987354920358014199e-02
1.410000000000065512e+01 -2.502010326294453954e-03 -5.163442615853540418e-02
1.420000000000065654e+01 1.326931214986944857e-04 -5.312973498103019249e-02
1.430000000000065796e+01 3.038094413724067022e-03 -5.429082137556044685e-02
1.440000000000065938e+01 6.152043754397781491e-03 -5.505866923926847761e-02
1.450000000000066080e+01 9.396268642792046308e-03 -5.539037001981840513e-02
1.460000000000066223e+01 1.268194680236359520e-02 -5.526427532265499459e-02
1.470000000000066365e+01 1.591708187280198653e-02 -5.468272785479827425e-02
1.480000000000066507e+01 1.901444310966582049e-02 -5.367174421816645752e-02
1.490000000000066649e+01 2.189866437728071186e-02 -5.227772357581902257e-02
1.500000000000066791e+01 2.451134384360136725e-02 -5.056192990161147149e-02
1.510000000000066933e+01 2.681353826423281753e-02 -4.859390714398933303e-02
1.520000000000067075e+01 2.878568291489907310e-02 -4.644502949762263633e-02
1.530000000000067217e+01 3.042547172444249465e-02 -4.418311727484519613e-02
1.540000000000067359e+01 3.174448260603774524e-02 -4.186862016970479411e-02
1.550000000000067502e+01 3.276433273679784514e-02 -3.955245119995700470e-02
1.560000000000067644e+01 3.351298089556347531e-02 -3.727525455554085709e-02
1.570000000000067786e+01 3.402156235251933142e-02 -3.506774058903620178e-02
1.580000000000067928e+01 3.432192586999806977e-02 -3.295169698473320030e-02
1.590000000000068070e+01 3.444488294175919452e-02 -3.094133927444486093e-02
1.600000000000068212e+01 3.441908445577866044e-02 -2.904475088293308888e-02
1.610000000000068354e+01 3.427039856330500733e-02 -2.726525118141082810e-02
1.620000000000068496e+01 3.402165830345112857e-02 -2.560260313611684158e-02
1.630000000000068638e+01 3.369266230408525520e-02 -2.405402491183736280e-02
1.640000000000068781e+01 3.330033479779845318e-02 -2.261500360046564753e-02
1.650000000000068923e+01 3.285897496540352014e-02 -2.127992818405547229e-02
1.660000000000069065e+01 3.238054654279673428e-02 -2.004256743229165458e-02
1.670000000000069207e+01 3.187497534589220360e-02 -1.889642052618225807e-02
1.680000000000069349e+01 3.135043484868411945e-02 -1.783496664477441165e-02
1.690000000000069491e+01 3.081360877210739119e-02 -1.685183646597484403e-02
1.700000000000069633e+01 3.026992557627888880e-02 -1.594092468738848856e-02
1.710000000000069775e+01 2.972376354097625711e-02 -1.509645892459698761e-02
1.720000000000069917e+01 2.917862739556856266e-02 -1.431303700939933615e-02
1.730000000000070060e+01 2.863729870617838860e-02 -1.358564190293188624e-02
1.740000000000070202e+01 2.810196280406334485e-02 -1.290964116350708062e-02
1.750000000000070344e+01 2.757431519657746813e-02 -1.228077611294934798e-02
1.760000000000070486e+01 2.705565031355131045e-02 -1.169514445703849839e-02
1.770000000000070628e+01 2.654693522101328820e-02 -1.114917906011582242e-02
1.780000000000070770e+01 2.604887065243199212e-02 -1.063962478145791431e-02
1.790000000000070912e+01 2.556194141046855967e-02 -1.016351469433060192e-02
1.800000000000071054e+01 2.508645790392471930e-02 -9.718146578098748115e-03
1.810000000000071196e+01 2.462259031940069662e-02 -9.301060261938678964e-03
1.820000000000071338e+01 2.417039669109095901e-02 -8.910016175539122937e-03
1.830000000000071481e+01 2.372984592597543463e-02 -8.542975304155125960e-03
1.840000000000071623e+01 2.330083666538527998e-02 -8.198080636084530484e-03
1.850000000000071765e+01 2.288321271401099616e-02 -7.873640115964595024e-03
1.860000000000071907e+01 2.247677564153040958e-02 -7.568111068122368619e-03
1.870000000000072049e+01 2.208129505699292852e-02 -7.280086023252807514e-03
1.880000000000072191e+01 2.169651696835619287e-02 -7.008279863223312346e-03
1.890000000000072333e+01 2.132217056734736840e-02 -6.751518189668405737e-03
1.900000000000072475e+01 2.095797371974961534e-02 -6.508726818689308455e-03
1.910000000000072617e+01 2.060363739178591030e-02 -6.278922304843159545e-03
1.920000000000072760e+01 2.025886920266680574e-02 -6.061203401185591075e-03
1.930000000000072902e+01 1.992337625959652442e-02 -5.854743367077746598e-03
1.940000000000073044e+01 1.959686740416104536e-02 -5.658783041613623700e-03
1.950000000000073186e+01 1.927905497617418001e-02 -5.472624606815434424e-03
1.960000000000073328e+01 1.896965618237437395e-02 -5.295625971193282031e-03
1.970000000000073470e+01 1.866839414209537501e-02 -5.127195710609933933e-03
1.980000000000073612e+01 1.837499866916677410e-02 -4.966788509253525392e-03
1.990000000000073754e+01 1.808920683906999755e-02 -4.813901049240966110e-03
2.000000000000073896e+01 1.781076338166046741e-02 -4.668068302487976551e-03
2.010000000000074039e+01 1.753942093268307315e-02 -4.528860183238357651e-03
2.020000000000074181e+01 1.727494017155854419e-02 -4.395878524021122266e-03
2.030000000000074323e+01 1.701708986791349715e-02 -4.268754341626576458e-03
2.040000000000074465e+01 1.676564685551622247e-02 -4.147145363314463234e-03
2.050000000000074607e+01 1.652039594888284058e-02 -4.030733786583805787e-03
2.060000000000074749e+01 1.628112981509856338e-02 -3.919224248679684282e-03
2.070000000000074891e+01 1.604764881123402209e-02 -3.812341984594673494e-03
2.080000000000075033e+01 1.581976079571692159e-02 -3.709831154518069152e-03
2.090000000000075175e+01 1.559728092063336277e-02 -3.611453323784556604e-03
2.100000000000075318e+01 1.538003141056671491e-02 -3.516986080134855072e-03
2.110000000000075460e+01 1.516784133253027550e-02 -3.426221774711218915e-03
2.120000000000075602e+01 1.496054636075424063e-02 -3.338966374675380201e-03
2.130000000000075744e+01 1.475798853922722503e-02 -3.255038416550884960e-03
2.140000000000075886e+01 1.456001604443411118e-02 -3.174268050586650375e-03
2.150000000000076028e+01 1.436648295015919598e-02 -3.096496167414064180e-03
2.160000000000076170e+01 1.417724899582032023e-02 -3.021573599172376699e-03
2.170000000000076312e+01 1.399217935953465594e-02 -2.949360388106957859e-03
2.180000000000076454e+01 1.381114443671814518e-02 -2.879725116310575400e-03
2.190000000000076597e+01 1.363401962491837295e-02 -2.812544290965230363e-03
2.200000000000076739e+01 1.346068511532465435e-02 -2.747701779982421495e-03
2.210000000000076881e+01 1.329102569125150193e-02 -2.685088293449816935e-03
2.220000000000077023e+01 1.312493053383143385e-02 -2.624600906769498400e-03
2.230000000000077165e+01 1.296229303494450882e-02 -2.566142621737884256e-03
2.240000000000077307e+01 1.280301061744292153e-02 -2.509621962222066856e-03
2.250000000000077449e+01 1.264698456260224778e-02 -2.454952601388695616e-03
2.260000000000077591e+01 1.249411984468371158e-02 -2.402053017734522532e-03
2.270000000000077733e+01 1.234432497250934069e-02 -2.350846177448744686e-03
2.280000000000077875e+01 1.219751183782301004e-02 -2.301259240837181738e-03
2.290000000000078018e+01 1.205359557028779297e-02 -2.253223290784008796e-03
2.300000000000078160e+01 1.191249439889683834e-02 -2.206673081396024610e-03
2.310000000000078302e+01 1.177412951956619339e-02 -2.161546805146099398e-03
2.320000000000078444e+01 1.163842496872196514e-02 -2.117785877002560917e-03
2.330000000000078586e+01 1.150530750260116836e-02 -2.075334734140042020e-03
2.340000000000078728e+01 1.137470648207449322e-02 -2.034140649981738391e-03
2.350000000000078870e+01 1.124655376274900226e-02 -1.994153561418428484e-03
2.360000000000079012e+01 1.112078359011346371e-02 -1.955325908152275548e-03
2.370000000000079154e+01 1.099733249953959574e-02 -1.917612483219680161e-03
2.380000000000079297e+01 1.087613922087636228e-02 -1.880970293805263793e-03
2.390000000000079439e+01 1.075714458746219147e-02 -1.845358431559877312e-03
2.400000000000079581e+01 1.064029144933975254e-02 -1.810737951689075182e-03
2.410000000000079723e+01 1.052552459046636989e-02 -1.777071760141156042e-03
2.420000000000079865e+01 1.041279064976276952e-02 -1.744324508292523310e-03
2.430000000000080007e+01 1.030203804577591031e-02 -1.712462494557121266e-03
2.440000000000080149e+01 1.019321690481342704e-02 -1.681453572415233990e-03
2.450000000000080291e+01 1.008627899237205319e-02 -1.651267064386370683e-03
2.460000000000080433e+01 9.981177647690879159e-03 -1.621873681510044816e-03
2.470000000000080576e+01 9.877867721306256288e-03 -1.593245447944124146e-03
2.480000000000080718e+01 9.776305515424041012e-03 -1.565355630303156284e-03
2.490000000000080860e+01 9.676448726999966124e-03 -1.538178671407493042e-03
2.500000000000081002e+01 9.578256393386235315e-03 -1.511690128129506566e-03
2.510000000000081144e+01 9.481688840410116767e-03 -1.485866613048064753e-03
2.520000000000081286e+01 9.386707632791920636e-03 -1.460685739654163633e-03
2.530000000000081428e+01 9.293275526753033700e-03 -1.436126070854127279e-03
2.540000000000081570e+01 9.201356424733176526e-03 -1.412167070552341943e-03
2.550000000000081712e+01 9.110915332105187781e-03 -1.388789058102772676e-03
2.560000000000081855e+01 9.021918315782086542e-03 -1.365973165434668495e-03
2.570000000000081997e+01 8.934332464648704619e-03 -1.343701296680586228e-03
2.580000000000082139e+01 8.848125851697270089e-03 -1.321956090133239847e-03
2.590000000000082281e+01 8.763267497808559930e-03 -1.300720882384676612e-03
2.600000000000082423e+01 8.679727337091247205e-03 -1.279979674503863669e-03
2.610000000000082565e+01 8.597476183697057295e-03 -1.259717100119373987e-03
2.620000000000082707e+01 8.516485700063559927e-03 -1.239918395290783406e-03
2.630000000000082849e+01 8.436728366486612868e-03 -1.220569370047883085e-03
2.640000000000082991e+01 8.358177451981436273e-03 -1.201656381498077217e-03
2.650000000000083134e+01 8.280806986363797861e-03 -1.183166308402082553e-03
2.660000000000083276e+01 8.204591733486907290e-03 -1.165086527125208139e-03
2.670000000000083418e+01 8.129507165600360907e-03 -1.147404888884442919e-03
2.680000000000083560e+01 8.055529438751110605e-03 -1.130109698205645011e-03
2.690000000000083702e+01 7.982635369198512118e-03 -1.113189692522305232e-03
2.700000000000083844e+01 7.910802410789376238e-03 -1.096634022845536204e-03
2.710000000000083986e+01 7.840008633242419311e-03 -1.080432235439825932e-03
2.720000000000084128e+01 7.770232701319474029e-03 -1.064574254449329217e-03
2.730000000000084270e+01 7.701453854817363193e-03 -1.049050365412888689e-03
2.740000000000084412e+01 7.633651889362088293e-03 -1.033851199620210897e-03
2.750000000000084555e+01 7.566807137962648297e-03 -1.018967719258934927e-03
2.760000000000084697e+01 7.500900453284126829e-03 -1.004391203305733888e-03
2.770000000000084839e+01 7.435913190625889797e-03 -9.901132341228776994e-04
2.780000000000084981e+01 7.371827191549390132e-03 -9.761256847149419680e-04
2.790000000000085123e+01 7.308624768144610963e-03 -9.624207066123832612e-04
2.800000000000085265e+01 7.246288687900922024e-03 -9.489907183455733794e-04
2.810000000000085407e+01 7.184802159150151940e-03 -9.358283944752963804e-04
2.820000000000085549e+01 7.124148817073600037e-03 -9.229266551525866068e-04
2.830000000000085691e+01 7.064312710226237739e-03 -9.102786561741444673e-04
2.840000000000085834e+01 7.005278287572216239e-03 -8.978777795099054590e-04
2.850000000000085976e+01 6.947030386004126971e-03 -8.857176242760510503e-04
2.860000000000086118e+01 6.889554218320072081e-03 -8.737919981284845506e-04
2.870000000000086260e+01 6.832835361654601009e-03 -8.620949090575913453e-04
2.880000000000086402e+01 6.776859746323632763e-03 -8.506205575587443566e-04
2.890000000000086544e+01 6.721613645081211952e-03 -8.393633291619892033e-04
2.900000000000086686e+01 6.667083662765729314e-03 -8.283177873010777025e-04
2.910000000000086828e+01 6.613256726314449205e-03 -8.174786665032545601e-04
2.920000000000086970e+01 6.560120075145674419e-03 -8.068408658862195708e-04
2.930000000000087113e+01 6.507661251873901598e-03 -7.963994429426163313e-04
2.940000000000087255e+01 6.455868093358820697e-03 -7.861496076003404677e-04
2.950000000000087397e+01 6.404728722069629940e-03 -7.760867165437440943e-04
2.960000000000087539e+01 6.354231537747259163e-03 -7.662062677817480178e-04
2.970000000000087681e+01 6.304365209366220683e-03 -7.565038954532299614e-04
2.980000000000087823e+01 6.255118667365728267e-03 -7.469753648543567791e-04
2.990000000000087965e+01 6.206481096153005500e-03 -7.376165676795943789e-04
3.000000000000088107e+01 6.158441926863277710e-03 -7.284235174650403963e-04
3.010000000000088249e+01 6.110990830362067472e-03 -7.193923452234209353e-04
3.020000000000088392e+01 6.064117710493175523e-03 -7.105192952639606931e-04
3.030000000000088534e+01 6.017812697545407707e-03 -7.018007211849651905e-04
3.040000000000088676e+01 5.972066141942553898e-03 -6.932330820333234070e-04
3.050000000000088818e+01 5.926868608143480953e-03 -6.848129386221831535e-04
3.060000000000088960e+01 5.882210868740274726e-03 -6.765369499986030469e-04
3.070000000000089102e+01 5.838083898758972615e-03 -6.684018700564035506e-04
3.080000000000089244e+01 5.794478870139013402e-03 -6.604045442844658741e-04
3.090000000000089386e+01 5.751387146396631095e-03 -6.525419066464384528e-04
3.100000000000089528e+01 5.708800277461244937e-03 -6.448109765850584818e-04
3.110000000000089670e+01 5.666709994674520509e-03 -6.372088561447004917e-04
3.120000000000089813e+01 5.625108205957465683e-03 -6.297327272088499217e-04
3.130000000000089955e+01 5.583986991124089035e-03 -6.223798488445558960e-04
3.140000000000090097e+01 5.543338597347574268e-03 -6.151475547511112835e-04
3.150000000000090239e+01 5.503155434769544177e-03 -6.080332508076150303e-04
3.160000000000090381e+01 5.463430072243532359e-03 -6.010344127143922490e-04
3.170000000000090523e+01 5.424155233218694305e-03 -5.941485837260395819e-04
3.180000000000090665e+01 5.385323791744145959e-03 -5.873733724695372844e-04
3.190000000000090807e+01 5.346928768600459243e-03 -5.807064508456102545e-04
