-3.200000000000000000e+01 9.148138007724531187e-04 1.039169628406259535e-04
-3.189999999999999858e+01 9.216758131591344834e-04 1.051743870283093369e-04
-3.179999999999999716e+01 9.286199354473665887e-04 1.064533640297717185e-04
-3.169999999999999574e+01 9.356475515243491484e-04 1.077543804790139485e-04
-3.159999999999999432e+01 9.427600758019102738e-04 1.090779367826077431e-04
-3.149999999999999289e+01 9.499589540534806274e-04 1.104245475906513426e-04
-3.139999999999999147e+01 9.572456642798865371e-04 1.117947422869052892e-04
-3.129999999999999005e+01 9.646217176031333072e-04 1.131890654986325627e-04
-3.119999999999998863e+01 9.720886591898852611e-04 1.146080776271804925e-04
-3.109999999999998721e+01 9.796480692064956329e-04 1.160523554004068371e-04
-3.099999999999998579e+01 9.873015638047423666e-04 1.175224924475865105e-04
-3.089999999999998437e+01 9.950507961422384341e-04 1.190190998983899686e-04
-3.079999999999998295e+01 1.002897457436794596e-03 1.205428070066846618e-04
-3.069999999999998153e+01 1.010843278056763363e-03 1.220942618004789738e-04
-3.059999999999998010e+01 1.018890028649542534e-03 1.236741317594159816e-04
-3.049999999999997868e+01 1.027039521307540962e-03 1.252831045207213826e-04
-3.039999999999997726e+01 1.035293610776071276e-03 1.269218886155733229e-04
-3.029999999999997584e+01 1.043654195702636584e-03 1.285912142369523455e-04
-3.019999999999997442e+01 1.052123219930018068e-03 1.302918340406707728e-04
-3.009999999999997300e+01 1.060702673835747789e-03 1.320245239813910268e-04
-2.999999999999997158e+01 1.069394595717509597e-03 1.337900841849092655e-04
-2.989999999999997016e+01 1.078201073229497538e-03 1.355893398591653115e-04
-2.979999999999996874e+01 1.087124244869491514e-03 1.374231422454617359e-04
-2.969999999999996732e+01 1.096166301519525908e-03 1.392923696121007801e-04
-2.959999999999996589e+01 1.105329488043241618e-03 1.411979282927899643e-04
-2.949999999999996447e+01 1.114616104939803072e-03 1.431407537716072398e-04
-2.939999999999996305e+01 1.124028510060114377e-03 1.451218118176433370e-04
-2.929999999999996163e+01 1.133569120385466422e-03 1.471420996713938953e-04
-2.919999999999996021e+01 1.143240413872113025e-03 1.492026472857979310e-04
-2.909999999999995879e+01 1.153044931365507925e-03 1.513045186250134319e-04
-2.899999999999995737e+01 1.162985278584532239e-03 1.534488130234333927e-04
-2.889999999999995595e+01 1.173064128182326436e-03 1.556366666089477140e-04
-2.879999999999995453e+01 1.183284221884390794e-03 1.578692537933430468e-04
-2.869999999999995310e+01 1.193648372708210493e-03 1.601477888336837814e-04
-2.859999999999995168e+01 1.204159467268986310e-03 1.624735274687775328e-04
-2.849999999999995026e+01 1.214820468172398554e-03 1.648477686342307558e-04
-2.839999999999994884e+01 1.225634416502143723e-03 1.672718562613084172e-04
-2.829999999999994742e+01 1.236604434403579169e-03 1.697471811636430195e-04
-2.819999999999994600e+01 1.247733727768777969e-03 1.722751830169483029e-04
-2.809999999999994458e+01 1.259025589028602357e-03 1.748573524372478121e-04
-2.799999999999994316e+01 1.270483400053593753e-03 1.774952331625363506e-04
-2.789999999999994174e+01 1.282110635172787564e-03 1.801904243447656191e-04
-2.779999999999994031e+01 1.293910864312764700e-03 1.829445829578273174e-04
-2.769999999999993889e+01 1.305887756263514853e-03 1.857594263285315542e-04
-2.759999999999993747e+01 1.318045082078136716e-03 1.886367347980685025e-04
-2.749999999999993605e+01 1.330386718609293407e-03 1.915783545208826224e-04
-2.739999999999993463e+01 1.342916652193290247e-03 1.945862004102007605e-04
-2.729999999999993321e+01 1.355638982485404386e-03 1.976622592382205228e-04
-2.719999999999993179e+01 1.368557926454717043e-03 2.008085929005659024e-04
-2.709999999999993037e+01 1.381677822547287219e-03 2.040273418553140118e-04
-2.699999999999992895e+01 1.395003135022120349e-03 2.073207287464187199e-04
-2.689999999999992752e+01 1.408538458473054637e-03 2.106910622241114353e-04
-2.679999999999992610e+01 1.422288522541949232e-03 2.141407409736527487e-04
-2.669999999999992468e+01 1.436258196833658900e-03 2.176722579658008463e-04
-2.659999999999992326e+01 1.450452496043937341e-03 2.212882049433493865e-04
-2.649999999999992184e+01 1.464876585306859776e-03 2.249912771577828772e-04
-2.639999999999992042e+01 1.479535785777760272e-03 2.287842783734353566e-04
-2.629999999999991900e+01 1.494435580459421969e-03 2.326701261554586450e-04
-2.619999999999991758e+01 1.509581620284922241e-03 2.366518574604332178e-04
-2.609999999999991616e+01 1.524979730471345395e-03 2.407326345498902651e-04
-2.599999999999991473e+01 1.540635917153738640e-03 2.449157512470151801e-04
-2.589999999999991331e+01 1.556556374319062463e-03 2.492046395609460812e-04
-2.579999999999991189e+01 1.572747491051026004e-03 2.536028767022756791e-04
-2.569999999999991047e+01 1.589215859103005474e-03 2.581141925166698580e-04
-2.559999999999990905e+01 1.605968280817260656e-03 2.627424773656295552e-04
-2.549999999999990763e+01 1.623011777403563990e-03 2.674917904839634606e-04
-2.539999999999990621e+01 1.640353597601806792e-03 2.723663688488144616e-04
-2.529999999999990479e+01 1.658001226743670807e-03 2.773706365948176949e-04
-2.519999999999990337e+01 1.675962396235463302e-03 2.825092150144156299e-04
-2.509999999999990195e+01 1.694245093485563947e-03 2.877869331855270607e-04
-2.499999999999990052e+01 1.712857572294484293e-03 2.932088392702225893e-04
-2.489999999999989910e+01 1.731808363738242262e-03 2.987802125349865810e-04
-2.479999999999989768e+01 1.751106287565635036e-03 3.045065761438594696e-04
-2.469999999999989626e+01 1.770760464137789529e-03 3.103937107819349991e-04
-2.459999999999989484e+01 1.790780326940063193e-03 3.164476691715339138e-04
-2.449999999999989342e+01 1.811175635690607296e-03 3.226747915463733761e-04
-2.439999999999989200e+01 1.831956490083974740e-03 3.290817221584688233e-04
-2.429999999999989058e+01 1.853133344197272978e-03 3.356754268949334796e-04
-2.419999999999988916e+01 1.874717021595067451e-03 3.424632120907365653e-04
-2.409999999999988773e+01 1.896718731171244572e-03 3.494527446310068531e-04
-2.399999999999988631e+01 1.919150083759889325e-03 3.566520734421011959e-04
-2.389999999999988489e+01 1.942023109562754021e-03 3.640696524838934263e-04
-2.379999999999988347e+01 1.965350276429047010e-03 3.717143653612138164e-04
-2.369999999999988205e+01 1.989144509032846238e-03 3.795955516855395234e-04
-2.359999999999988063e+01 2.013419208995688610e-03 3.877230353300140076e-04
-2.349999999999987921e+01 2.038188275994902952e-03 3.961071547309631029e-04
-2.339999999999987779e+01 2.063466129915340549e-03 4.047587954084064200e-04
-2.329999999999987637e+01 2.089267734088674083e-03 4.136894248888306784e-04
-2.319999999999987494e+01 2.115608619674728356e-03 4.229111302336981647e-04
-2.309999999999987352e+01 2.142504911241117221e-03 4.324366583965457431e-04
-2.299999999999987210e+01 2.169973353589130585e-03 4.422794596493201369e-04
-2.289999999999987068e+01 2.198031339891614450e-03 4.524537343479058480e-04
-2.279999999999986926e+01 2.226696941192598048e-03 4.629744833268623679e-04
-2.269999999999986784e+01 2.255988937328084077e-03 4.738575622453769921e-04
-2.259999999999986642e+01 2.285926849327665246e-03 4.851197402384700231e-04
-2.249999999999986500e+01 2.316530973344804734e-03 4.967787632587329291e-04
-2.239999999999986358e+01 2.347822416180551670e-03 5.088534225399399692e-04
-2.229999999999986215e+01 2.379823132443922244e-03 5.213636286504350417e-04
-2.219999999999986073e+01 2.412555963398556064e-03 5.343304916563847281e-04
-2.209999999999985931e+01 2.446044677540088787e-03 5.477764079690446500e-04
-2.199999999999985789e+01 2.480314012928872339e-03 5.617251545052305561e-04
-2.189999999999985647e+01 2.515389721313676143e-03 5.762019908651418165e-04
-2.179999999999985505e+01 2.551298614048314387e-03 5.912337702978117922e-04
-2.169999999999985363e+01 2.588068609798686599e-03 6.068490603120703505e-04
-2.159999999999985221e+01 2.625728784017965049e-03 6.230782738839733348e-04
-2.149999999999985079e+01 2.664309420128717961e-03 6.399538123094558823e-04
-2.139999999999984936e+01 2.703842062342926532e-03 6.575102208767947577e-04
-2.129999999999984794e+01 2.744359569988781035e-03 6.757843586532193397e-04
-2.119999999999984652e+01 2.785896173179036161e-03 6.948155838307913234e-04
-2.109999999999984510e+01 2.828487529598622090e-03 7.146459562399124204e-04
-2.099999999999984368e+01 2.872170782103311212e-03 7.353204588142244879e-04
-2.089999999999984226e+01 2.916984616762119745e-03 7.568872400075059813e-04
-2.079999999999984084e+01 2.962969320845648419e-03 7.793978793808038850e-04
-2.069999999999983942e+01 3.010166840151371533e-03 8.029076788427056289e-04
-2.059999999999983800e+01 3.058620834905045015e-03 8.274759823159164767e-04
-2.049999999999983658e+01 3.108376733275282876e-03 8.531665269198406964e-04
-2.039999999999983515e+01 3.159481781345081959e-03 8.800478291392020789e-04
-2.029999999999983373e+01 3.211985088084176772e-03 9.081936098440726579e-04
-2.019999999999983231e+01 3.265937663556746015e-03 9.376832624955752172e-04
-2.009999999999983089e+01 3.321392448205789591e-03 9.686023693891586319e-04
-1.999999999999982947e+01 3.378404330559288491e-03 1.001043271355723119e-03
-1.989999999999982805e+01 3.437030150161746959e-03 1.035105697008477117e-03
-1.979999999999982663e+01 3.497328681804314898e-03 1.070897458330120075e-03
-1.969999999999982521e+01 3.559360596303907855e-03 1.108535220214927142e-03
-1.959999999999982379e+01 3.623188392063888576e-03 1.148145352482511650e-03
-1.949999999999982236e+01 3.688876290392297669e-03 1.189864873865630794e-03
-1.939999999999982094e+01 3.756490086098670644e-03 1.233842498602575645e-03
-1.929999999999981952e+01 3.826096943039741533e-03 1.280239797453871890e-03
-1.919999999999981810e+01 3.897765122109780704e-03 1.329232486299566657e-03
-1.909999999999981668e+01 3.971563626507352077e-03 1.381011856905211849e-03
-1.899999999999981526e+01 4.047561745847891995e-03 1.435786365953293370e-03
-1.889999999999981384e+01 4.125828476807241046e-03 1.493783400071355214e-03
-1.879999999999981242e+01 4.206431793160787108e-03 1.555251236201415097e-03
-1.869999999999981100e+01 4.289437732307560189e-03 1.620461218303278356e-03
-1.859999999999980957e+01 4.374909258306271080e-03 1.689710172906143913e-03
-1.849999999999980815e+01 4.462904852894074986e-03 1.763323087334900180e-03
-1.839999999999980673e+01 4.553476775519449751e-03 1.841656075302152210e-03
-1.829999999999980531e+01 4.646668920846110801e-03 1.925099654819341323e-03
-1.819999999999980389e+01 4.742514186823982257e-03 2.014082362510779146e-03
-1.809999999999980247e+01 4.841031247935809884e-03 2.109074726051030774e-03
-1.799999999999980105e+01 4.942220605883811645e-03 2.210593611781494668e-03
-1.789999999999979963e+01 5.046059763072851742e-03 2.319206956587406381e-03
-1.779999999999979821e+01 5.152497332148208049e-03 2.435538880612308880e-03
-1.769999999999979678e+01 5.261445856532731037e-03 2.560275158293050853e-03
-1.759999999999979536e+01 5.372773071835187063e-03 2.694168997237977783e-03
-1.749999999999979394e+01 5.486291285414125404e-03 2.838047034180616896e-03
-1.739999999999979252e+01 5.601744490988080569e-03 2.992815400143151918e-03
-1.729999999999979110e+01 5.718792767513727372e-03 3.159465627364634391e-03
-1.719999999999978968e+01 5.836993437884646467e-03 3.339080060542498011e-03
-1.709999999999978826e+01 5.955778387039852538e-03 3.532836285008279266e-03
-1.699999999999978684e+01 6.074426867186136225e-03 3.742009882136634706e-03
-1.689999999999978542e+01 6.192033061312385289e-03 3.967974552516211582e-03
-1.679999999999978400e+01 6.307467653634803162e-03 4.212198292917156139e-03
-1.669999999999978257e+01 6.419332695785769961e-03 4.476233854252435751e-03
-1.659999999999978115e+01 6.525909204703266367e-03 4.761701126482350763e-03
-1.649999999999977973e+01 6.625097246694411357e-03 5.070258379372746989e-03
-1.639999999999977831e+01 6.714348843544653590e-03 5.403558435933571505e-03
-1.629999999999977689e+01 6.790595005340089446e-03 5.763184897984116942e-03
-1.619999999999977547e+01 6.850169710696569873e-03 6.150562560995934645e-03
-1.609999999999977405e+01 6.888735908769259494e-03 6.566835315911203480e-03
-1.599999999999977263e+01 6.901221805546590288e-03 7.012704438641242932e-03
-1.589999999999977121e+01 6.881779967666432421e-03 7.488220702032880038e-03
-1.579999999999976978e+01 6.823787121848559449e-03 7.992525939739163546e-03
-1.569999999999976836e+01 6.719908600927330597e-03 8.523544529349337887e-03
-1.559999999999976694e+01 6.562257241826413220e-03 9.077633898687291134e-03
-1.549999999999976552e+01 6.342680314130068157e-03 9.649216640191504366e-03
-1.539999999999976410e+01 6.053206721077092345e-03 1.023043549327472095e-02
-1.529999999999976268e+01 5.686676138638300376e-03 1.081089500975545951e-02
-1.519999999999976126e+01 5.237547505588561851e-03 1.137757594498300766e-02
-1.509999999999975984e+01 4.702843551118842357e-03 1.191502224482881601e-02
-1.499999999999975842e+01 4.083132886493302978e-03 1.240589431754150762e-02
-1.489999999999975699e+01 3.383392021832575501e-03 1.283194396372246658e-02
-1.479999999999975557e+01 2.613546845537895354e-03 1.317538968933964529e-02
-1.469999999999975415e+01 1.788493040721075324e-03 1.342056421989513276e-02
-1.459999999999975273e+01 9.274588888920406310e-04 1.355559652374412755e-02
-1.449999999999975131e+01 5.270252653669527804e-05 1.357382124730023044e-02
-1.439999999999974989e+01 -8.123015153637192301e-04 1.347461941385353669e-02
-1.429999999999974847e+01 -1.644890530236866114e-03 1.326349938511481828e-02
-1.419999999999974705e+01 -2.425097782917549991e-03 1.295139917594446792e-02
-1.409999999999974563e+01 -3.137076147918472103e-03 1.255337015627777490e-02
-1.399999999999974420e+01 -3.769874141957542391e-03 1.208692438665949671e-02
-1.389999999999974278e+01 -4.317540622028347153e-03 1.157035792585321861e-02
-1.379999999999974136e+01 -4.778673422516586597e-03 1.102130653884362578e-02
-1.369999999999973994e+01 -5.155605114852294078e-03 1.045568512999306768e-02
-1.359999999999973852e+01 -5.453430667920674928e-03 9.887051929577077639e-03
-1.349999999999973710e+01 -5.679045428507481855e-03 9.326354453337598605e-03
-1.339999999999973568e+01 -5.840304038700231543e-03 8.781968357238750106e-03
-1.329999999999973426e+01 -5.945353775827604860e-03 8.259928538512236254e-03
-1.319999999999973284e+01 -6.002151771551373846e-03 7.764262638366688576e-03
-1.309999999999973141e+01 -6.018148109291505607e-03 7.297358415435056464e-03
-1.299999999999972999e+01 -6.000103802330030225e-03 6.860319402068917362e-03
-1.289999999999972857e+01 -5.954009812496199351e-03 6.453282895441661213e-03
-1.279999999999972715e+01 -5.885076294440897381e-03 6.075688874330758063e-03
-1.269999999999972573e+01 -5.797766869731124130e-03 5.726497974941154381e-03
-1.259999999999972431e+01 -5.695858864985056495e-03 5.404362169101804836e-03
-1.249999999999972289e+01 -5.582515983106394603e-03 5.107754429701659611e-03
-1.239999999999972147e+01 -5.460364372847120035e-03 4.835064470823566794e-03
-1.229999999999972005e+01 -5.331566459833295829e-03 4.584667394516039364e-03
-1.219999999999971863e+01 -5.197889329300309051e-03 4.354971296876989154e-03
-1.209999999999971720e+01 -5.060766099813735798e-03 4.144448915823808512e-03
-1.199999999999971578e+01 -4.921349792553864760e-03 3.951657431850369613e-03
-1.189999999999971436e+01 -4.780559849355918260e-03 3.775249656393566723e-03
-1.179999999999971294e+01 -4.639121815963247880e-03 3.613979097474464067e-03
-1.169999999999971152e+01 -4.497600882892711233e-03 3.466700784680330338e-03
-1.159999999999971010e+01 -4.356430034105455117e-03 3.332369253664370281e-03
-1.149999999999970868e+01 -4.215933541173086212e-03 3.210034716571254221e-03
-1.139999999999970726e+01 -4.076346489463849448e-03 3.098838159810389341e-03
-1.129999999999970584e+01 -3.937830953148051608e-03 2.998005896245677267e-03
-1.119999999999970441e+01 -3.800489360379302566e-03 2.906843939901523899e-03
-1.109999999999970299e+01 -3.664375515866133762e-03 2.824732454556175623e-03
-1.099999999999970157e+01 -3.529503679378214083e-03 2.751120443029097043e-03
-1.089999999999970015e+01 -3.395856037390459700e-03 2.685520783493300020e-03
-1.079999999999969873e+01 -3.263388851452109218e-03 2.627505676469059186e-03
-1.069999999999969731e+01 -3.132037521128488294e-03 2.576702536764679738e-03
-1.059999999999969589e+01 -3.001720760645557214e-03 2.532790344797717762e-03
-1.049999999999969447e+01 -2.872344056141220778e-03 2.495496458938933123e-03
-1.039999999999969305e+01 -2.743802543930155304e-03 2.464593882789451948e-03
-1.029999999999969162e+01 -2.615983428518858095e-03 2.439898977139670633e-03
-1.019999999999969020e+01 -2.488768041909390598e-03 2.421269604810941112e-03
-1.009999999999968878e+01 -2.362033632148269856e-03 2.408603696777773980e-03
-9.999999999999687361e+00 -2.235654958829947844e-03 2.401838229414484261e-03
-9.899999999999685940e+00 -2.109505765989300868e-03 2.400948604969706246e-03
-9.799999999999684519e+00 -1.983460198078886884e-03 2.405948430123963991e-03
-9.699999999999683098e+00 -1.857394222641518128e-03 2.416889690511920402e-03
-9.599999999999681677e+00 -1.731187123489068280e-03 2.433863322152450201e-03
-9.499999999999680256e+00 -1.604723130865481386e-03 2.457000183649343545e-03
-9.399999999999678835e+00 -1.477893260302790696e-03 2.486472435562677059e-03
-9.299999999999677414e+00 -1.350597439688176749e-03 2.522495335270872295e-03
-9.199999999999675993e+00 -1.222747015014356668e-03 2.565329456563612311e-03
-9.099999999999674571e+00 -1.094267739471690808e-03 2.615283342703171761e-03
-8.999999999999673150e+00 -9.651033685999094169e-04 2.672716599123872369e-03
-8.899999999999671729e+00 -8.352200067126350214e-04 2.738043426424204441e-03
-8.799999999999670308e+00 -7.046113772041645573e-04 2.811736584746305639e-03
-8.699999999999668887e+00 -5.733052226288620420e-04 2.894331765321015749e-03
-8.599999999999667466e+00 -4.413710800062909528e-04 2.986432321832742549e-03
-8.499999999999666045e+00 -3.089297234129210340e-04 3.088714280360073915e-03
-8.399999999999664624e+00 -1.761646199022349341e-04 3.201931498063554683e-03
-8.299999999999663203e+00 -4.333580576412580931e-05 3.326920772526411468e-03
-8.199999999999661782e+00 8.920334276296508491e-05 3.464606608791586870e-03
-8.099999999999660361e+00 2.209859000339067098e-04 3.616005221254388335e-03
-7.999999999999658939e+00 3.514071304002303053e-04 3.782227171652942713e-03
-7.899999999999657518e+00 4.796955074314081247e-04 3.964477809009336190e-03
-7.799999999999656097e+00 6.048783143688604702e-04 4.164054366895666992e-03
-7.699999999999654676e+00 7.257411489995022058e-04 4.382338169864838720e-03
-7.599999999999653255e+00 8.407807669629559916e-04 4.620779887024507870e-03
-7.499999999999651834e+00 9.481509525596457794e-04 4.880875132527171326e-03
-7.399999999999650413e+00 1.045601584496090586e-03 5.164126947129434562e-03
-7.299999999999648992e+00 1.130411874403358316e-03 5.471990822238251805e-03
-7.199999999999647571e+00 1.199320039759060874e-03 5.805797009953039822e-03
-7.099999999999646150e+00 1.248453602082425645e-03 6.166644034600592128e-03
-6.999999999999644729e+00 1.273267260629255826e-03 6.555256830454776751e-03
-6.899999999999643308e+00 1.268499035515284479e-03 6.971803188055755371e-03
-6.799999999999641886e+00 1.228160137964683790e-03 7.415663824070601977e-03
-6.699999999999640465e+00 1.145579574386903360e-03 7.885155261116223724e-03
-6.599999999999639044e+00 1.013530091734082469e-03 8.377211867917731467e-03
-6.499999999999637623e+00 8.244662034324057309e-04 8.887044896020103793e-03
-6.399999999999636202e+00 5.709051292803832972e-04 9.407812688178050775e-03
-6.299999999999634781e+00 2.459738912999488020e-04 9.930356635854415553e-03
-6.199999999999633360e+00 -1.558736441078685531e-04 1.044307870242172295e-02
-6.099999999999631939e+00 -6.380004511385931748e-04 1.093205172165316076e-02
-5.999999999999630518e+00 -1.200670287731972832e-03 1.138145302056977996e-02
-5.899999999999629097e+00 -1.840206923354697002e-03 1.177438363084417315e-02
-5.799999999999627676e+00 -2.548408827785838410e-03 1.209407182637867173e-02
-5.699999999999626255e+00 -3.312410321897519064e-03 1.232536494368382217e-02
-5.599999999999624833e+00 -4.115134671268569702e-03 1.245630908717642107e-02
-5.499999999999623412e+00 -4.936376807650631401e-03 1.247954002753518150e-02
-5.399999999999621991e+00 -5.754405130394408575e-03 1.239320016666764328e-02
-5.299999999999620570e+00 -6.547831312002826837e-03 1.220117582813716461e-02
-5.199999999999619149e+00 -7.297419192969251123e-03 1.191259954260095490e-02
-5.099999999999617728e+00 -7.987521832872129801e-03 1.154073240803655739e-02
-4.999999999999616307e+00 -8.606941788035282759e-03 1.110147082711767687e-02
-4.899999999999614886e+00 -9.149159568492527816e-03 1.061176946579745276e-02
-4.799999999999613465e+00 -9.612013294410142947e-03 1.008823554494952743e-02
-4.699999999999612044e+00 -9.996998830595987817e-03 9.546058258797901139e-03
-4.599999999999610623e+00 -1.030838303262405532e-02 8.998332538834374200e-03
-4.499999999999609201e+00 -1.055229662373741162e-02 8.455751368269396814e-03
-4.399999999999607780e+00 -1.073592182404509154e-02 7.926590352342883020e-03
-4.299999999999606359e+00 -1.086683528737896094e-02 7.416891161409715563e-03
-4.199999999999604938e+00 -1.095252278302866547e-02 6.930756935192300926e-03
-4.099999999999603517e+00 -1.100005320680191162e-02 6.470691247719946755e-03
-3.999999999999602096e+00 -1.101588479549925337e-02 6.037933743349287175e-03
-3.899999999999600675e+00 -1.100577207476947927e-02 5.632764710027442397e-03
-3.799999999999599254e+00 -1.097474398951023104e-02 5.254765444589020763e-03
-3.699999999999597833e+00 -1.092712856568689959e-02 4.903031090700127499e-03
-3.599999999999596412e+00 -1.086660516352385905e-02 4.576338478872951816e-03
-3.499999999999594991e+00 -1.079627070214261506e-02 4.273274447099704998e-03
-3.399999999999593570e+00 -1.071871064230600287e-02 3.992331168713089511e-03
-3.299999999999592148e+00 -1.063606889194597220e-02 3.731974939721943371e-03
-3.199999999999590727e+00 -1.055011324091391194e-02 3.490694225093461146e-03
-3.099999999999589306e+00 -1.046229460937477158e-02 3.267031877398992971e-03
-2.999999999999587885e+00 -1.037379949193742434e-02 3.059605523413427147e-03
-2.899999999999586464e+00 -1.028559565877147641e-02 2.867119268562419269e-03
-2.799999999999585043e+00 -1.019847156477263726e-02 2.688369138997047728e-03
-2.699999999999583622e+00 -1.011307011535338661e-02 2.522244076174536172e-03
-2.599999999999582201e+00 -1.002991751147093262e-02 2.367723809741140856e-03
-2.499999999999580780e+00 -9.949447894148741312e-03 2.223874544741539019e-03
-2.399999999999579359e+00 -9.872024460261866891e-03 2.089843089643245166e-03
-2.299999999999577938e+00 -9.797957644485429801e-03 1.964849804039266873e-03
-2.199999999999576517e+00 -9.727520865839384481e-03 1.848180543913892707e-03
-2.099999999999575095e+00 -9.660964222493453532e-03 1.739177615553130773e-03
-1.999999999999573674e+00 -9.598526381280118175e-03 1.637229609080574633e-03
-1.899999999999572253e+00 -9.540444739656043366e-03 1.541759867243183701e-03
-1.799999999999570832e+00 -9.486963724823507804e-03 1.452213260312794699e-03
-1.699999999999569411e+00 -9.438340822996575327e-03 1.368040901186178687e-03
-1.599999999999567990e+00 -9.394849588883322569e-03 1.288682478295296793e-03
-1.499999999999566569e+00 -9.356778469056381900e-03 1.213546060758293604e-03
-1.399999999999565148e+00 -9.324423804293671680e-03 1.141985616651401692e-03
-1.299999999999563727e+00 -9.298074922059241382e-03 1.073277178635513585e-03
-1.199999999999562306e+00 -9.277988934058614343e-03 1.006595693633663413e-03
-1.099999999999560885e+00 -9.264352967557383176e-03 9.409961688717077832e-04
-9.999999999995594635e-01 -9.257232464462106583e-03 8.754047192213003370e-04
-8.999999999995580424e-01 -9.256506358726017056e-03 8.086272239098794834e-04
-7.999999999995566213e-01 -9.261793829095418124e-03 7.393848019482812672e-04
-6.999999999995552002e-01 -9.272383008820460348e-03 6.663849977612198994e-04
-5.999999999995537792e-01 -9.287178768958823799e-03 5.884338336156029470e-04
-4.999999999995523581e-01 -9.304692388881720053e-03 5.045853294676529155e-04
-3.999999999995509370e-01 -9.323097055756908447e-03 4.143116452927364524e-04
-2.999999999995495159e-01 -9.340365643903765155e-03 3.176613438073128126e-04
-1.999999999995480948e-01 -9.354488864342831028e-03 2.153615169269047780e-04
-9.999999999954667373e-02 -9.363745235026485828e-03 1.088197581987568330e-04
4.547473508864641190e-13 -9.366968419236638282e-03 0.000000000000000000e+00
1.000000000004561684e-01 -9.363745235026485828e-03 -1.088197581987568330e-04
2.000000000004575895e-01 -9.354488864342612453e-03 -2.153615169288129738e-04
3.000000000004590106e-01 -9.340365643903478926e-03 -3.176613438091203945e-04
4.000000000004604317e-01 -9.323097055756908447e-03 -4.143116452927364524e-04
5.000000000004618528e-01 -9.304692388881720053e-03 -5.045853294676529155e-04
6.000000000004632739e-01 -9.287178768958823799e-03 -5.884338336156029470e-04
7.000000000004646949e-01 -9.272383008820220957e-03 -6.663849977625938004e-04
8.000000000004661160e-01 -9.261793829095261998e-03 -7.393848019495753709e-04
9.000000000004675371e-01 -9.256506358726017056e-03 -8.086272239098794834e-04
1.000000000000468958e+00 -9.257232464462106583e-03 -8.754047192213003370e-04
1.100000000000470379e+00 -9.264352967557383176e-03 -9.409961688717077832e-04
1.200000000000471800e+00 -9.277988934058921389e-03 -1.006595693634867311e-03
1.300000000000473221e+00 -9.298074922059661185e-03 -1.073277178636748708e-03
1.400000000000474643e+00 -9.324423804293671680e-03 -1.141985616651401692e-03
1.500000000000476064e+00 -9.356778469056381900e-03 -1.213546060758293604e-03
1.600000000000477485e+00 -9.394849588883322569e-03 -1.288682478295296793e-03
1.700000000000478906e+00 -9.438340822997421872e-03 -1.368040901187665345e-03
1.800000000000480327e+00 -9.486963724824441085e-03 -1.452213260314368093e-03
1.900000000000481748e+00 -9.540444739656043366e-03 -1.541759867243183701e-03
2.000000000000483169e+00 -9.598526381280118175e-03 -1.637229609080574633e-03
2.100000000000484590e+00 -9.660964222493453532e-03 -1.739177615553130773e-03
2.200000000000486011e+00 -9.727520865840633482e-03 -1.848180543915943150e-03
2.300000000000487432e+00 -9.797957644486744722e-03 -1.964849804041464768e-03
2.400000000000488853e+00 -9.872024460261866891e-03 -2.089843089643245166e-03
2.500000000000490274e+00 -9.949447894148741312e-03 -2.223874544741539019e-03
2.600000000000491696e+00 -1.002991751147093262e-02 -2.367723809741140856e-03
2.700000000000493117e+00 -1.011307011535492011e-02 -2.522244076177449640e-03
2.800000000000494538e+00 -1.019847156477420719e-02 -2.688369139000183240e-03
2.900000000000495959e+00 -1.028559565877147641e-02 -2.867119268562419269e-03
3.000000000000497380e+00 -1.037379949193742434e-02 -3.059605523413427147e-03
3.100000000000498801e+00 -1.046229460937477158e-02 -3.267031877398992971e-03
3.200000000000500222e+00 -1.055011324091549227e-02 -3.490694225097688667e-03
3.300000000000501643e+00 -1.063606889194750570e-02 -3.731974939726502224e-03
3.400000000000503064e+00 -1.071871064230600287e-02 -3.992331168713089511e-03
3.500000000000504485e+00 -1.079627070214261506e-02 -4.273274447099704998e-03
3.600000000000505906e+00 -1.086660516352385905e-02 -4.576338478872951816e-03
3.700000000000507328e+00 -1.092712856568789012e-02 -4.903031090706295309e-03
3.800000000000508749e+00 -1.097474398951095442e-02 -5.254765444595652611e-03
3.900000000000510170e+00 -1.100577207476947927e-02 -5.632764710027442397e-03
4.000000000000511591e+00 -1.101588479549925337e-02 -6.037933743349287175e-03
4.100000000000513012e+00 -1.100005320680191162e-02 -6.470691247719946755e-03
4.200000000000514433e+00 -1.095252278302747545e-02 -6.930756935200912960e-03
4.300000000000515854e+00 -1.086683528737701458e-02 -7.416891161418784698e-03
4.400000000000517275e+00 -1.073592182404509154e-02 -7.926590352342883020e-03
4.500000000000518696e+00 -1.055229662373741162e-02 -8.455751368269396814e-03
4.600000000000520117e+00 -1.030838303262405532e-02 -8.998332538834374200e-03
4.700000000000521538e+00 -9.996998830589669954e-03 -9.546058258807853247e-03
4.800000000000522959e+00 -9.612013294402440775e-03 -1.008823554495926096e-02
4.900000000000524381e+00 -9.149159568492527816e-03 -1.061176946579745276e-02
5.000000000000525802e+00 -8.606941788035282759e-03 -1.110147082711767687e-02
5.100000000000527223e+00 -7.987521832872129801e-03 -1.154073240803655739e-02
5.200000000000528644e+00 -7.297419192956115797e-03 -1.191259954260700735e-02
5.300000000000530065e+00 -6.547831311988739147e-03 -1.220117582814157081e-02
5.400000000000531486e+00 -5.754405130394408575e-03 -1.239320016666764328e-02
5.500000000000532907e+00 -4.936376807650631401e-03 -1.247954002753518150e-02
5.600000000000534328e+00 -4.115134671268569702e-03 -1.245630908717642107e-02
5.700000000000535749e+00 -3.312410321883210197e-03 -1.232536494368050017e-02
5.800000000000537170e+00 -2.548408827772404711e-03 -1.209407182637361675e-02
5.900000000000538591e+00 -1.840206923354697002e-03 -1.177438363084417315e-02
6.000000000000540012e+00 -1.200670287731972832e-03 -1.138145302056977996e-02
6.100000000000541434e+00 -6.380004511385931748e-04 -1.093205172165316076e-02
6.200000000000542855e+00 -1.558736440998350486e-04 -1.044307870241256882e-02
6.300000000000544276e+00 2.459738913065424859e-04 -9.930356635844966515e-03
6.400000000000545697e+00 5.709051292856221621e-04 -9.407812688168528878e-03
6.500000000000547118e+00 8.244662034324057309e-04 -8.887044896020103793e-03
6.600000000000548539e+00 1.013530091734082469e-03 -8.377211867917731467e-03
6.700000000000549960e+00 1.145579574388832372e-03 -7.885155261107465105e-03
6.800000000000551381e+00 1.228160137965780135e-03 -7.415663824062286580e-03
6.900000000000552802e+00 1.268499035515674792e-03 -6.971803188047925696e-03
7.000000000000554223e+00 1.273267260629255826e-03 -6.555256830454776751e-03
7.100000000000555644e+00 1.248453602082425645e-03 -6.166644034600592128e-03
7.200000000000557066e+00 1.199320039757973202e-03 -5.805797009946723694e-03
7.300000000000558487e+00 1.130411874401949721e-03 -5.471990822232418797e-03
7.400000000000559908e+00 1.045601584494425251e-03 -5.164126947124062124e-03
7.500000000000561329e+00 9.481509525596457794e-04 -4.880875132527171326e-03
7.600000000000562750e+00 8.407807669629559916e-04 -4.620779887024507870e-03
7.700000000000564171e+00 7.257411489973511487e-04 -4.382338169860687527e-03
7.800000000000565592e+00 6.048783143666192075e-04 -4.164054366891871417e-03
7.900000000000567013e+00 4.796955074290974730e-04 -3.964477809005868478e-03
8.000000000000568434e+00 3.514071304002303053e-04 -3.782227171652942713e-03
8.100000000000569855e+00 2.209859000339067098e-04 -3.616005221254388335e-03
8.200000000000571276e+00 8.920334276055815609e-05 -3.464606608788960498e-03
8.300000000000572697e+00 -4.333580576653880967e-05 -3.326920772524025356e-03
8.400000000000574119e+00 -1.761646199046496691e-04 -3.201931498061391483e-03
8.500000000000575540e+00 -3.089297234129210340e-04 -3.088714280360073915e-03
8.600000000000576961e+00 -4.413710800062909528e-04 -2.986432321832742549e-03
8.700000000000578382e+00 -5.733052226312550931e-04 -2.894331765319428477e-03
8.800000000000579803e+00 -7.046113772065463327e-04 -2.811736584744885768e-03
8.900000000000581224e+00 -8.352200067150055210e-04 -2.738043426422940262e-03
9.000000000000582645e+00 -9.651033685999094169e-04 -2.672716599123872369e-03
9.100000000000584066e+00 -1.094267739471690808e-03 -2.615283342703171761e-03
9.200000000000585487e+00 -1.222747015016689004e-03 -2.565329456562770102e-03
9.300000000000586908e+00 -1.350597439690498676e-03 -2.522495335270155854e-03
9.400000000000588329e+00 -1.477893260305098745e-03 -2.486472435562082049e-03
9.500000000000589750e+00 -1.604723130865481386e-03 -2.457000183649343545e-03
9.600000000000591172e+00 -1.731187123489068280e-03 -2.433863322152450201e-03
9.700000000000592593e+00 -1.857394222643812300e-03 -2.416889690511665831e-03
9.800000000000594014e+00 -1.983460198081178454e-03 -2.405948430123819141e-03
9.900000000000595435e+00 -2.109505765991595040e-03 -2.400948604969668949e-03
1.000000000000059686e+01 -2.235654958829947844e-03 -2.401838229414484261e-03
1.010000000000059828e+01 -2.362033632148269856e-03 -2.408603696777773980e-03
1.020000000000059970e+01 -2.488768041911698647e-03 -2.421269604811225606e-03
1.030000000000060112e+01 -2.615983428521178288e-03 -2.439898977140064415e-03
1.040000000000060254e+01 -2.743802543932487639e-03 -2.464593882789956752e-03
1.050000000000060396e+01 -2.872344056141220778e-03 -2.495496458938933123e-03
1.060000000000060538e+01 -3.001720760645557214e-03 -2.532790344797717762e-03
1.070000000000060680e+01 -3.132037521130868335e-03 -2.576702536765540594e-03
1.080000000000060822e+01 -3.263388851454507474e-03 -2.627505676470047978e-03
1.090000000000060965e+01 -3.395856037392879639e-03 -2.685520783494421519e-03
1.100000000000061107e+01 -3.529503679378214083e-03 -2.751120443029097043e-03
1.110000000000061249e+01 -3.664375515866133762e-03 -2.824732454556175623e-03
1.120000000000061391e+01 -3.800489360381790159e-03 -2.906843939903097727e-03
1.130000000000061533e+01 -3.937830953150560885e-03 -2.998005896247421965e-03
1.140000000000061675e+01 -4.076346489466378675e-03 -3.098838159812315751e-03
1.150000000000061817e+01 -4.215933541173086212e-03 -3.210034716571254221e-03
1.160000000000061959e+01 -4.356430034105455117e-03 -3.332369253664370281e-03
1.170000000000062101e+01 -4.497600882895282960e-03 -3.466700784682889488e-03
1.180000000000062244e+01 -4.639121815965823077e-03 -3.613979097477267380e-03
1.190000000000062386e+01 -4.780559849358486518e-03 -3.775249656396633714e-03
1.200000000000062528e+01 -4.921349792553864760e-03 -3.951657431850369613e-03
1.210000000000062670e+01 -5.060766099813735798e-03 -4.144448915823808512e-03
1.220000000000062812e+01 -5.197889329302775828e-03 -4.354971296880989426e-03
1.230000000000062954e+01 -5.331566459835689747e-03 -4.584667394520402194e-03
1.240000000000063096e+01 -5.460364372849409002e-03 -4.835064470828319937e-03
1.250000000000063238e+01 -5.582515983106394603e-03 -5.107754429701659611e-03
1.260000000000063380e+01 -5.695858864985056495e-03 -5.404362169101804836e-03
1.270000000000063523e+01 -5.797766869732855384e-03 -5.726497974947255404e-03
1.280000000000063665e+01 -5.885076294442330262e-03 -6.075688874337364757e-03
1.290000000000063807e+01 -5.954009812497259267e-03 -6.453282895448796130e-03
1.300000000000063949e+01 -6.000103802330030225e-03 -6.860319402068917362e-03
1.310000000000064091e+01 -6.018148109291505607e-03 -7.297358415435056464e-03
1.320000000000064233e+01 -6.002151771550731998e-03 -7.764262638375448063e-03
1.330000000000064375e+01 -5.945353775826157233e-03 -8.259928538521503147e-03
1.340000000000064517e+01 -5.840304038697835889e-03 -8.781968357248466292e-03
1.350000000000064659e+01 -5.679045428507481855e-03 -9.326354453337598605e-03
1.360000000000064801e+01 -5.453430667920674928e-03 -9.887051929577077639e-03
1.370000000000064944e+01 -5.155605114846176576e-03 -1.045568513000342051e-02
1.380000000000065086e+01 -4.778673422508974630e-03 -1.102130653885380861e-02
1.390000000000065228e+01 -4.317540622019174802e-03 -1.157035792586296082e-02
1.400000000000065370e+01 -3.769874141957542391e-03 -1.208692438665949671e-02
1.410000000000065512e+01 -3.137076147918472103e-03 -1.255337015627777490e-02
1.420000000000065654e+01 -2.425097782903938917e-03 -1.295139917595097834e-02
1.430000000000065796e+01 -1.644890530222141347e-03 -1.326349938511961826e-02
1.440000000000065938e+01 -8.123015153482142717e-04 -1.347461941385638337e-02
1.450000000000066080e+01 5.270252653669527804e-05 -1.357382124730023044e-02
1.460000000000066223e+01 9.274588888920406310e-04 -1.355559652374412755e-02
1.470000000000066365e+01 1.788493040736472729e-03 -1.342056421989164770e-02
1.480000000000066507e+01 2.613546845552452286e-03 -1.317538968933424856e-02
1.490000000000066649e+01 3.383392021845978842e-03 -1.283194396371541667e-02
1.500000000000066791e+01 4.083132886493302978e-03 -1.240589431754150762e-02
1.510000000000066933e+01 4.702843551118842357e-03 -1.191502224482881601e-02
1.520000000000067075e+01 5.237547505597505218e-03 -1.137757594497291504e-02
1.530000000000067217e+01 5.686676138645705043e-03 -1.081089500974498525e-02
1.540000000000067359e+01 6.053206721083041579e-03 -1.023043549326412179e-02
1.550000000000067502e+01 6.342680314130068157e-03 -9.649216640191504366e-03
1.560000000000067644e+01 6.562257241826413220e-03 -9.077633898687291134e-03
1.570000000000067786e+01 6.719908600929683749e-03 -8.523544529339455167e-03
1.580000000000067928e+01 6.823787121850007076e-03 -7.992525939729740528e-03
1.590000000000068070e+01 6.881779967667115035e-03 -7.488220702023964427e-03
1.600000000000068212e+01 6.901221805546590288e-03 -7.012704438641242932e-03
1.610000000000068354e+01 6.888735908769259494e-03 -6.566835315911203480e-03
1.620000000000068496e+01 6.850169710695661746e-03 -6.150562560988628857e-03
1.630000000000068638e+01 6.790595005338841313e-03 -5.763184897977326367e-03
1.640000000000068781e+01 6.714348843543138309e-03 -5.403558435927273591e-03
1.650000000000068923e+01 6.625097246694411357e-03 -5.070258379372746989e-03
1.660000000000069065e+01 6.525909204703266367e-03 -4.761701126482350763e-03
1.670000000000069207e+01 6.419332695783778499e-03 -4.476233854247442349e-03
1.680000000000069349e+01 6.307467653632731902e-03 -4.212198292912538305e-03
1.690000000000069491e+01 6.192033061310263722e-03 -3.967974552511939826e-03
1.700000000000069633e+01 6.074426867186136225e-03 -3.742009882136634706e-03
1.710000000000069775e+01 5.955778387039852538e-03 -3.532836285008279266e-03
1.720000000000069917e+01 5.836993437882492808e-03 -3.339080060539105759e-03
1.730000000000070060e+01 5.718792767511584121e-03 -3.159465627361488036e-03
1.740000000000070202e+01 5.601744490985963339e-03 -2.992815400140232378e-03
1.750000000000070344e+01 5.486291285414125404e-03 -2.838047034180616896e-03
1.760000000000070486e+01 5.372773071835187063e-03 -2.694168997237977783e-03
1.770000000000070628e+01 5.261445856530725697e-03 -2.560275158290699869e-03
1.780000000000070770e+01 5.152497332146247812e-03 -2.435538880610118792e-03
1.790000000000070912e+01 5.046059763070938342e-03 -2.319206956585362443e-03
1.800000000000071054e+01 4.942220605883811645e-03 -2.210593611781494668e-03
1.810000000000071196e+01 4.841031247935809884e-03 -2.109074726051030774e-03
1.820000000000071338e+01 4.742514186822211972e-03 -2.014082362509107740e-03
1.830000000000071481e+01 4.646668920844389955e-03 -1.925099654817773783e-03
1.840000000000071623e+01 4.553476775517778345e-03 -1.841656075300681598e-03
1.850000000000071765e+01 4.462904852894074986e-03 -1.763323087334900180e-03
1.860000000000071907e+01 4.374909258306271080e-03 -1.689710172906143913e-03
1.870000000000072049e+01 4.289437732306030163e-03 -1.620461218302056460e-03
1.880000000000072191e+01 4.206431793159300450e-03 -1.555251236200263240e-03
1.890000000000072333e+01 4.125828476805798624e-03 -1.493783400070269277e-03
1.900000000000072475e+01 4.047561745847891995e-03 -1.435786365953293370e-03
1.910000000000072617e+01 3.971563626507352077e-03 -1.381011856905211849e-03
1.920000000000072760e+01 3.897765122109780704e-03 -1.329232486299566657e-03
1.930000000000072902e+01 3.826096943038455236e-03 -1.280239797453004745e-03
1.940000000000073044e+01 3.756490086097423377e-03 -1.233842498601754253e-03
1.950000000000073186e+01 3.688876290392297669e-03 -1.189864873865630794e-03
1.960000000000073328e+01 3.623188392063888576e-03 -1.148145352482511650e-03
1.970000000000073470e+01 3.559360596303907855e-03 -1.108535220214927142e-03
1.980000000000073612e+01 3.497328681803202506e-03 -1.070897458329452857e-03
1.990000000000073754e+01 3.437030150160665792e-03 -1.035105697007841991e-03
2.000000000000073896e+01 3.378404330559288491e-03 -1.001043271355723119e-03
2.010000000000074039e+01 3.321392448205789591e-03 -9.686023693891586319e-04
2.020000000000074181e+01 3.265937663556746015e-03 -9.376832624955752172e-04
2.030000000000074323e+01 3.211985088083210964e-03 -9.081936098435488798e-04
2.040000000000074465e+01 3.159481781344139137e-03 -8.800478291387018280e-04
2.050000000000074607e+01 3.108376733275282876e-03 -8.531665269198406964e-04
2.060000000000074749e+01 3.058620834905045015e-03 -8.274759823159164767e-04
2.070000000000074891e+01 3.010166840151371533e-03 -8.029076788427056289e-04
2.080000000000075033e+01 2.962969320844799706e-03 -7.793978793803850577e-04
2.090000000000075175e+01 2.916984616761294016e-03 -7.568872400071051517e-04
2.100000000000075318e+01 2.872170782103311212e-03 -7.353204588142244879e-04
2.110000000000075460e+01 2.828487529598622090e-03 -7.146459562399124204e-04
2.120000000000075602e+01 2.785896173179036161e-03 -6.948155838307913234e-04
2.130000000000075744e+01 2.744359569988034236e-03 -6.757843586528799844e-04
2.140000000000075886e+01 2.703842062342199249e-03 -6.575102208764688465e-04
2.150000000000076028e+01 2.664309420128717961e-03 -6.399538123094558823e-04
2.160000000000076170e+01 2.625728784017965049e-03 -6.230782738839733348e-04
2.170000000000076312e+01 2.588068609798686599e-03 -6.068490603120703505e-04
2.180000000000076454e+01 2.551298614047653457e-03 -5.912337702975329354e-04
2.190000000000076597e+01 2.515389721313031259e-03 -5.762019908648735849e-04
2.200000000000076739e+01 2.480314012928872339e-03 -5.617251545052305561e-04
2.210000000000076881e+01 2.446044677540088787e-03 -5.477764079690446500e-04
2.220000000000077023e+01 2.412555963398556064e-03 -5.343304916563847281e-04
2.230000000000077165e+01 2.379823132443331136e-03 -5.213636286502033477e-04
2.240000000000077307e+01 2.347822416179977043e-03 -5.088534225397164067e-04
2.250000000000077449e+01 2.316530973344804734e-03 -4.967787632587329291e-04
2.260000000000077591e+01 2.285926849327665246e-03 -4.851197402384700231e-04
2.270000000000077733e+01 2.255988937328084077e-03 -4.738575622453769921e-04
2.280000000000077875e+01 2.226696941192071125e-03 -4.629744833266678621e-04
2.290000000000078018e+01 2.198031339891099237e-03 -4.524537343477175763e-04
2.300000000000078160e+01 2.169973353589130585e-03 -4.422794596493201369e-04
2.310000000000078302e+01 2.142504911241117221e-03 -4.324366583965457431e-04
2.320000000000078444e+01 2.115608619674728356e-03 -4.229111302336981647e-04
2.330000000000078586e+01 2.089267734088198769e-03 -4.136894248886655544e-04
2.340000000000078728e+01 2.063466129914876077e-03 -4.047587954082465002e-04
2.350000000000078870e+01 2.038188275994902952e-03 -3.961071547309631029e-04
2.360000000000079012e+01 2.013419208995688610e-03 -3.877230353300140076e-04
2.370000000000079154e+01 1.989144509032846238e-03 -3.795955516855395234e-04
2.380000000000079297e+01 1.965350276428617232e-03 -3.717143653610727617e-04
2.390000000000079439e+01 1.942023109562334218e-03 -3.640696524837563832e-04
2.400000000000079581e+01 1.919150083759889325e-03 -3.566520734421011959e-04
2.410000000000079723e+01 1.896718731171244572e-03 -3.494527446310068531e-04
2.420000000000079865e+01 1.874717021595067451e-03 -3.424632120907365653e-04
2.430000000000080007e+01 1.853133344196884833e-03 -3.356754268948117237e-04
2.440000000000080149e+01 1.831956490083593101e-03 -3.290817221583505368e-04
2.450000000000080291e+01 1.811175635690607296e-03 -3.226747915463733761e-04
2.460000000000080433e+01 1.790780326940063193e-03 -3.164476691715339138e-04
2.470000000000080576e+01 1.770760464137789529e-03 -3.103937107819349991e-04
2.480000000000080718e+01 1.751106287565279852e-03 -3.045065761437537599e-04
2.490000000000080860e+01 1.731808363737894017e-03 -2.987802125348837986e-04
2.500000000000081002e+01 1.712857572294484293e-03 -2.932088392702225893e-04
2.510000000000081144e+01 1.694245093485563947e-03 -2.877869331855270607e-04
2.520000000000081286e+01 1.675962396235463302e-03 -2.825092150144156299e-04
2.530000000000081428e+01 1.658001226743346414e-03 -2.773706365947255378e-04
2.540000000000081570e+01 1.640353597601489338e-03 -2.723663688487246897e-04
2.550000000000081712e+01 1.623011777403563990e-03 -2.674917904839634606e-04
2.560000000000081855e+01 1.605968280817260656e-03 -2.627424773656295552e-04
2.570000000000081997e+01 1.589215859103005474e-03 -2.581141925166698580e-04
2.580000000000082139e+01 1.572747491050729366e-03 -2.536028767021946892e-04
2.590000000000082281e+01 1.556556374318770163e-03 -2.492046395608670971e-04
2.600000000000082423e+01 1.540635917153738640e-03 -2.449157512470151801e-04
2.610000000000082565e+01 1.524979730471345395e-03 -2.407326345498902651e-04
2.620000000000082707e+01 1.509581620284922241e-03 -2.366518574604332178e-04
2.630000000000082849e+01 1.494435580459149617e-03 -2.326701261553871690e-04
2.640000000000082991e+01 1.479535785777492257e-03 -2.287842783733655882e-04
2.650000000000083134e+01 1.464876585306859776e-03 -2.249912771577828772e-04
2.660000000000083276e+01 1.450452496043937341e-03 -2.212882049433493865e-04
2.670000000000083418e+01 1.436258196833658900e-03 -2.176722579658008463e-04
2.680000000000083560e+01 1.422288522541698564e-03 -2.141407409735892687e-04
2.690000000000083702e+01 1.408538458472806572e-03 -2.106910622240494731e-04
2.700000000000083844e+01 1.395003135022120349e-03 -2.073207287464187199e-04
2.710000000000083986e+01 1.381677822547287219e-03 -2.040273418553140118e-04
2.720000000000084128e+01 1.368557926454717043e-03 -2.008085929005659024e-04
2.730000000000084270e+01 1.355638982485170632e-03 -1.976622592381639275e-04
2.740000000000084412e+01 1.342916652193060396e-03 -1.945862004101454662e-04
2.750000000000084555e+01 1.330386718609293407e-03 -1.915783545208826224e-04
2.760000000000084697e+01 1.318045082078136716e-03 -1.886367347980685025e-04
2.770000000000084839e+01 1.305887756263514853e-03 -1.857594263285315542e-04
2.780000000000084981e+01 1.293910864312548294e-03 -1.829445829577765496e-04
2.790000000000085123e+01 1.282110635172574193e-03 -1.801904243447160440e-04
2.800000000000085265e+01 1.270483400053593753e-03 -1.774952331625363506e-04
2.810000000000085407e+01 1.259025589028602357e-03 -1.748573524372478121e-04
2.820000000000085549e+01 1.247733727768777969e-03 -1.722751830169483029e-04
2.830000000000085691e+01 1.236604434403378808e-03 -1.697471811635975372e-04
2.840000000000085834e+01 1.225634416501945965e-03 -1.672718562612638023e-04
2.850000000000085976e+01 1.214820468172398554e-03 -1.648477686342307558e-04
2.860000000000086118e+01 1.204159467268986310e-03 -1.624735274687775328e-04
2.870000000000086260e+01 1.193648372708210493e-03 -1.601477888336837814e-04
2.880000000000086402e+01 1.183284221884203444e-03 -1.578692537933020640e-04
2.890000000000086544e+01 1.173064128182141688e-03 -1.556366666089075172e-04
2.900000000000086686e+01 1.162985278584532239e-03 -1.534488130234333927e-04
2.910000000000086828e+01 1.153044931365507925e-03 -1.513045186250134319e-04
2.920000000000086970e+01 1.143240413872113025e-03 -1.492026472857979310e-04
2.930000000000087113e+01 1.133569120385292082e-03 -1.471420996713567343e-04
2.940000000000087255e+01 1.124028510059942639e-03 -1.451218118176070705e-04
2.950000000000087397e+01 1.114616104939803072e-03 -1.431407537716072398e-04
2.960000000000087539e+01 1.105329488043241618e-03 -1.411979282927899643e-04
2.970000000000087681e+01 1.096166301519525908e-03 -1.392923696121007801e-04
2.980000000000087823e+01 1.087124244869328449e-03 -1.374231422454280443e-04
2.990000000000087965e+01 1.078201073229336643e-03 -1.355893398591322162e-04
3.000000000000088107e+01 1.069394595717509597e-03 -1.337900841849092655e-04
3.010000000000088249e+01 1.060702673835747789e-03 -1.320245239813910268e-04
3.020000000000088392e+01 1.052123219930018068e-03 -1.302918340406707728e-04
3.030000000000088534e+01 1.043654195702483495e-03 -1.285912142369216625e-04
3.040000000000088676e+01 1.035293610775920355e-03 -1.269218886155432362e-04
3.050000000000088818e+01 1.027039521307540962e-03 -1.252831045207213826e-04
3.060000000000088960e+01 1.018890028649542534e-03 -1.236741317594159816e-04
3.070000000000089102e+01 1.010843278056763363e-03 -1.220942618004789738e-04
3.080000000000089244e+01 1.002897457436650614e-03 -1.205428070066566487e-04
3.090000000000089386e+01 9.950507961420970542e-04 -1.190190998983624705e-04
3.100000000000089528e+01 9.873015638047423666e-04 -1.175224924475865105e-04
3.110000000000089670e+01 9.796480692064956329e-04 -1.160523554004068371e-04
3.120000000000089813e+01 9.720886591898852611e-04 -1.146080776271804925e-04
3.130000000000089955e+01 9.646217176029984325e-04 -1.131890654986069620e-04
3.140000000000090097e+01 9.572456642797529634e-04 -1.117947422868800951e-04
3.150000000000090239e+01 9.499589540534806274e-04 -1.104245475906513426e-04
3.160000000000090381e+01 9.427600758019102738e-04 -1.090779367826077431e-04
3.170000000000090523e+01 9.356475515243491484e-04 -1.077543804790139485e-04
3.180000000000090665e+01 9.286199354472390866e-04 -1.064533640297482726e-04
3.190000000000090807e+01 9.216758131590087159e-04 -1.051743870282862705e-04
