-3.200000000000000000e+01 -4.876005154524337866e-03 -5.626458273627233265e-04
-3.189999999999999858e+01 -4.913142784889958266e-03 -5.695710335662933525e-04
-3.179999999999999716e+01 -4.950732282346440721e-03 -5.766168883984295387e-04
-3.169999999999999574e+01 -4.988781384985653891e-03 -5.837861543646497356e-04
-3.159999999999999432e+01 -5.027298003940919996e-03 -5.910816730310584303e-04
-3.149999999999999289e+01 -5.066290228184449837e-03 -5.985063677506664587e-04
-3.139999999999999147e+01 -5.105766329490954783e-03 -6.060632465013471130e-04
-3.129999999999999005e+01 -5.145734767563251572e-03 -6.137554048386076322e-04
-3.119999999999998863e+01 -5.186204195329594327e-03 -6.215860289692054334e-04
-3.109999999999998721e+01 -5.227183464423270504e-03 -6.295583989520235494e-04
-3.099999999999998579e+01 -5.268681630840266195e-03 -6.376758920300456233e-04
-3.089999999999998437e+01 -5.310707960797102917e-03 -6.459419861025841652e-04
-3.079999999999998295e+01 -5.353271936785423263e-03 -6.543602633422740834e-04
-3.069999999999998153e+01 -5.396383263834871741e-03 -6.629344139645252081e-04
-3.059999999999998010e+01 -5.440051875996626367e-03 -6.716682401576188829e-04
-3.049999999999997868e+01 -5.484287943044457644e-03 -6.805656601788876315e-04
-3.039999999999997726e+01 -5.529101877418108463e-03 -6.896307126283132347e-04
-3.029999999999997584e+01 -5.574504341406759725e-03 -6.988675609058817885e-04
-3.019999999999997442e+01 -5.620506254586357144e-03 -7.082804978626054595e-04
-3.009999999999997300e+01 -5.667118801525533947e-03 -7.178739506557577305e-04
-2.999999999999997158e+01 -5.714353439758306299e-03 -7.276524858159587154e-04
-2.989999999999997016e+01 -5.762221908051815694e-03 -7.376208145403229154e-04
-2.979999999999996874e+01 -5.810736234968428768e-03 -7.477837982205193246e-04
-2.969999999999996732e+01 -5.859908747738805379e-03 -7.581464542186363512e-04
-2.959999999999996589e+01 -5.909752081463597040e-03 -7.687139619045788540e-04
-2.949999999999996447e+01 -5.960279188643979528e-03 -7.794916689656646502e-04
-2.939999999999996305e+01 -6.011503349073332378e-03 -7.904850980064800524e-04
-2.929999999999996163e+01 -6.063438180091654250e-03 -8.016999534513156306e-04
-2.919999999999996021e+01 -6.116097647222897699e-03 -8.131421287661205841e-04
-2.909999999999995879e+01 -6.169496075216628940e-03 -8.248177140180387463e-04
-2.899999999999995737e+01 -6.223648159496966009e-03 -8.367330037874029947e-04
-2.889999999999995595e+01 -6.278568978056090107e-03 -8.488945054554445291e-04
-2.879999999999995453e+01 -6.334274003797121452e-03 -8.613089478848646487e-04
-2.869999999999995310e+01 -6.390779117351032615e-03 -8.739832905157795618e-04
-2.859999999999995168e+01 -6.448100620393850888e-03 -8.869247329010445215e-04
-2.849999999999995026e+01 -6.506255249470773751e-03 -9.001407247017340725e-04
-2.839999999999994884e+01 -6.565260190370882099e-03 -9.136389761731406219e-04
-2.829999999999994742e+01 -6.625133093061405867e-03 -9.274274691652211952e-04
-2.819999999999994600e+01 -6.685892087212126980e-03 -9.415144686677194997e-04
-2.809999999999994458e+01 -6.747555798342368474e-03 -9.559085349322441133e-04
-2.799999999999994316e+01 -6.810143364602217614e-03 -9.706185362004007269e-04
-2.789999999999994174e+01 -6.873674454239652593e-03 -9.856536620781839071e-04
-2.779999999999994031e+01 -6.938169283768330989e-03 -1.001023437590164598e-03
-2.769999999999993889e+01 -7.003648636874089395e-03 -1.016737737954523423e-03
-2.759999999999993747e+01 -7.070133884100824814e-03 -1.032806804122847347e-03
-2.749999999999993605e+01 -7.137647003334063496e-03 -1.049241259125650210e-03
-2.739999999999993463e+01 -7.206210601144203212e-03 -1.066052125277617115e-03
-2.729999999999993321e+01 -7.275847935011832066e-03 -1.083250842289862435e-03
-2.719999999999993179e+01 -7.346582936483117554e-03 -1.100849286345612684e-03
-2.709999999999993037e+01 -7.418440235306453245e-03 -1.118859790199790410e-03
-2.699999999999992895e+01 -7.491445184577822866e-03 -1.137295164360534270e-03
-2.689999999999992752e+01 -7.565623886969990129e-03 -1.156168719426286726e-03
-2.679999999999992610e+01 -7.641003222078279755e-03 -1.175494289645592468e-03
-2.669999999999992468e+01 -7.717610874943952974e-03 -1.195286257778130270e-03
-2.659999999999992326e+01 -7.795475365820089125e-03 -1.215559581341301224e-03
-2.649999999999992184e+01 -7.874626081219783524e-03 -1.236329820325291623e-03
-2.639999999999992042e+01 -7.955093306338648779e-03 -1.257613166478514441e-03
-2.629999999999991900e+01 -8.036908258898391166e-03 -1.279426474259638463e-03
-2.619999999999991758e+01 -8.120103124489408408e-03 -1.301787293566933996e-03
-2.609999999999991616e+01 -8.204711093495336421e-03 -1.324713904364089190e-03
-2.599999999999991473e+01 -8.290766399655946986e-03 -1.348225353322087504e-03
-2.589999999999991331e+01 -8.378304360382159491e-03 -1.372341492620430137e-03
-2.579999999999991189e+01 -8.467361418888609201e-03 -1.397083021046944705e-03
-2.569999999999991047e+01 -8.557975188244002634e-03 -1.422471527554512900e-03
-2.559999999999990905e+01 -8.650184497445628090e-03 -1.448529537445461014e-03
-2.549999999999990763e+01 -8.744029439596541844e-03 -1.475280561358012412e-03
-2.539999999999990621e+01 -8.839551422327252342e-03 -1.502749147259501523e-03
-2.529999999999990479e+01 -8.936793220552179118e-03 -1.530960935650271283e-03
-2.519999999999990337e+01 -9.035799031689883964e-03 -1.559942718207930987e-03
-2.509999999999990195e+01 -9.136614533484072390e-03 -1.589722500120352260e-03
-2.499999999999990052e+01 -9.239286944532739548e-03 -1.620329566364821141e-03
-2.489999999999989910e+01 -9.343865087703351335e-03 -1.651794552230774829e-03
-2.479999999999989768e+01 -9.450399456556431502e-03 -1.684149518388584031e-03
-2.469999999999989626e+01 -9.558942284943729162e-03 -1.717428030842814424e-03
-2.459999999999989484e+01 -9.669547619956669893e-03 -1.751665246136934308e-03
-2.449999999999989342e+01 -9.782271398369773302e-03 -1.786898002194674002e-03
-2.439999999999989200e+01 -9.897171526801803315e-03 -1.823164915237784813e-03
-2.429999999999989058e+01 -1.001430796575788346e-02 -1.860506483235260886e-03
-2.419999999999988916e+01 -1.013374281776465574e-02 -1.898965196390922259e-03
-2.409999999999988773e+01 -1.025554041982197455e-02 -1.938585655220701094e-03
-2.399999999999988631e+01 -1.037976744036138606e-02 -1.979414696804688255e-03
-2.389999999999988489e+01 -1.050649298098810767e-02 -2.021501529876102831e-03
-2.379999999999988347e+01 -1.063578868321816105e-02 -2.064897879442563478e-03
-2.369999999999988205e+01 -1.076772884047615120e-02 -2.109658141712207439e-03
-2.359999999999988063e+01 -1.090239051563195172e-02 -2.155839550167761281e-03
-2.349999999999987921e+01 -1.103985366431690235e-02 -2.203502353691813662e-03
-2.339999999999987779e+01 -1.118020126435487378e-02 -2.252710007759460391e-03
-2.329999999999987637e+01 -1.132351945156991405e-02 -2.303529379779073547e-03
-2.319999999999987494e+01 -1.146989766228930126e-02 -2.356030969780500105e-03
-2.309999999999987352e+01 -1.161942878287180320e-02 -2.410289147764293344e-03
-2.299999999999987210e+01 -1.177220930654462004e-02 -2.466382409131185564e-03
-2.289999999999987068e+01 -1.192833949793205631e-02 -2.524393649782708752e-03
-2.279999999999986926e+01 -1.208792356556989168e-02 -2.584410462603354153e-03
-2.269999999999986784e+01 -1.225106984275357511e-02 -2.646525457222698770e-03
-2.259999999999986642e+01 -1.241789097706910358e-02 -2.710836605144833870e-03
-2.249999999999986500e+01 -1.258850412888963197e-02 -2.777447612517447949e-03
-2.239999999999986358e+01 -1.276303117921413419e-02 -2.846468323083342633e-03
-2.229999999999986215e+01 -1.294159894710352962e-02 -2.918015154074108872e-03
-2.219999999999986073e+01 -1.312433941700393188e-02 -2.992211568112817903e-03
-2.209999999999985931e+01 -1.331138997621542433e-02 -3.069188584511441022e-03
-2.199999999999985789e+01 -1.350289366265228219e-02 -3.149085333674261217e-03
-2.189999999999985647e+01 -1.369899942309807730e-02 -3.232049658759241460e-03
-2.179999999999985505e+01 -1.389986238196723803e-02 -3.318238769140930463e-03
-2.169999999999985363e+01 -1.410564412055421990e-02 -3.407819950734466280e-03
-2.159999999999985221e+01 -1.431651296663466119e-02 -3.500971338789289448e-03
-2.149999999999985079e+01 -1.453264429405723077e-02 -3.597882759339106513e-03
-2.139999999999984936e+01 -1.475422083191089105e-02 -3.698756646235366093e-03
-2.129999999999984794e+01 -1.498143298249355986e-02 -3.803809041399639369e-03
-2.119999999999984652e+01 -1.521447914710239054e-02 -3.913270686818987910e-03
-2.109999999999984510e+01 -1.545356605832845683e-02 -4.027388217771424826e-03
-2.099999999999984368e+01 -1.569890911703665862e-02 -4.146425467804508262e-03
-2.089999999999984226e+01 -1.595073273185419055e-02 -4.270664897267670290e-03
-2.079999999999984084e+01 -1.620927065822891713e-02 -4.400409158484731506e-03
-2.069999999999983942e+01 -1.647476633345803035e-02 -4.535982812213614976e-03
-2.059999999999983800e+01 -1.674747320319103228e-02 -4.677734211752777004e-03
-2.049999999999983658e+01 -1.702765503372291600e-02 -4.826037572922712779e-03
-2.039999999999983515e+01 -1.731558620324427644e-02 -4.981295250392931383e-03
-2.029999999999983373e+01 -1.761155196345338611e-02 -5.143940243159382877e-03
-2.019999999999983231e+01 -1.791584866110484259e-02 -5.314438954742924798e-03
-2.009999999999983089e+01 -1.822878390674845597e-02 -5.493294236733489710e-03
-1.999999999999982947e+01 -1.855067667498871281e-02 -5.681048747659703420e-03
-1.989999999999982805e+01 -1.888185731739041792e-02 -5.878288663100536028e-03
-1.979999999999982663e+01 -1.922266746485462585e-02 -6.085647777127862514e-03
-1.969999999999982521e+01 -1.957345979142784131e-02 -6.303812040005752834e-03
-1.959999999999982379e+01 -1.993459760550083532e-02 -6.533524582395838776e-03
-1.949999999999982236e+01 -2.030645422694320190e-02 -6.775591282135006409e-03
-1.939999999999982094e+01 -2.068941210012383014e-02 -7.030886936306057940e-03
-1.929999999999981952e+01 -2.108386158185526771e-02 -7.300362108341489770e-03
-1.919999999999981810e+01 -2.149019933046174280e-02 -7.585050727785407759e-03
-1.909999999999981668e+01 -2.190882620644946099e-02 -7.886078528787426531e-03
-1.899999999999981526e+01 -2.234014457601181738e-02 -8.204672422305714363e-03
-1.889999999999981384e+01 -2.278455488566911991e-02 -8.542170906638314742e-03
-1.879999999999981242e+01 -2.324245134790669381e-02 -8.900035630424048619e-03
-1.869999999999981100e+01 -2.371421654358700157e-02 -9.279864231977125524e-03
-1.859999999999980957e+01 -2.420021470523757781e-02 -9.683404587799118030e-03
-1.849999999999980815e+01 -2.470078339482220664e-02 -1.011257061085272212e-02
-1.839999999999980673e+01 -2.521622322800457297e-02 -1.056945974428461291e-02
-1.829999999999980531e+01 -2.574678522269807646e-02 -1.105637229782838876e-02
-1.819999999999980389e+01 -2.629265525905950113e-02 -1.157583276898900213e-02
-1.809999999999980247e+01 -2.685393502898052870e-02 -1.213061327716033651e-02
-1.799999999999980105e+01 -2.743061872127365922e-02 -1.272375921129950682e-02
-1.789999999999979963e+01 -2.802256452996932518e-02 -1.335861714472273004e-02
-1.779999999999979821e+01 -2.862945988370996231e-02 -1.403886499679334217e-02
-1.769999999999979678e+01 -2.925077906814755116e-02 -1.476854430859851977e-02
-1.759999999999979536e+01 -2.988573164726175679e-02 -1.555209433470916731e-02
-1.749999999999979394e+01 -3.053319977918862727e-02 -1.639438741535688762e-02
-1.739999999999979252e+01 -3.119166216576825523e-02 -1.730076475641972866e-02
-1.729999999999979110e+01 -3.185910197567944080e-02 -1.827707127499398829e-02
-1.719999999999978968e+01 -3.253289564631291209e-02 -1.932968751917014255e-02
-1.709999999999978826e+01 -3.320967902125554483e-02 -2.046555578588379540e-02
-1.699999999999978684e+01 -3.388518685605355213e-02 -2.169219636678418675e-02
-1.689999999999978542e+01 -3.455406139136306398e-02 -2.301770826011311638e-02
-1.679999999999978400e+01 -3.520962555957361795e-02 -2.445074659466820594e-02
-1.669999999999978257e+01 -3.584361662807329652e-02 -2.600046630426889466e-02
-1.659999999999978115e+01 -3.644587695062941057e-02 -2.767641816112295303e-02
-1.649999999999977973e+01 -3.700400037796097719e-02 -2.948837904515362596e-02
-1.639999999999977831e+01 -3.750293630948672158e-02 -3.144609329809554960e-02
-1.629999999999977689e+01 -3.792455908519350161e-02 -3.355889636154001099e-02
-1.619999999999977547e+01 -3.824721936283877188e-02 -3.583518610146592398e-02
-1.609999999999977405e+01 -3.844530742492389963e-02 -3.828170226806824894e-02
-1.599999999999977263e+01 -3.848887717341363535e-02 -4.090257219698397589e-02
-1.589999999999977121e+01 -3.834340477229866706e-02 -4.369808400969920487e-02
-1.579999999999976978e+01 -3.796978743871652628e-02 -4.666316152179136173e-02
-1.569999999999976836e+01 -3.732472372021502366e-02 -4.978554361679643492e-02
-1.559999999999976694e+01 -3.636165114299927392e-02 -5.304372180882174076e-02
-1.549999999999976552e+01 -3.503243938277122299e-02 -5.640476927003861690e-02
-1.539999999999976410e+01 -3.329002922099394413e-02 -5.982230480251440885e-02
-1.529999999999976268e+01 -3.109214513816509207e-02 -6.323496833473460366e-02
-1.519999999999976126e+01 -2.840606627730629663e-02 -6.656591569048359025e-02
-1.509999999999975984e+01 -2.521420017967696686e-02 -6.972392197577441386e-02
-1.499999999999975842e+01 -2.151987818868170838e-02 -7.260664645363801295e-02
-1.489999999999975699e+01 -1.735244227566614533e-02 -7.510638567077412842e-02
-1.479999999999975557e+01 -1.277044033425013547e-02 -7.711818928896362058e-02
-1.469999999999975415e+01 -7.861746617213300620e-03 -7.854958220422525450e-02
-1.459999999999975273e+01 -2.739801519333704555e-03 -7.933049030428843129e-02
-1.449999999999975131e+01 2.464076115587636624e-03 -7.942155764611774638e-02
-1.439999999999974989e+01 7.611390492858866562e-03 -7.881910744651490774e-02
-1.429999999999974847e+01 1.256843768280826654e-02 -7.755561976615624187e-02
-1.419999999999974705e+01 1.721742425363954193e-02 -7.569561429912656514e-02
-1.409999999999974563e+01 2.146486838960690730e-02 -7.332788264739342754e-02
-1.399999999999974420e+01 2.524617941264184484e-02 -7.055573564969951084e-02
-1.389999999999974278e+01 2.852627568155539223e-02 -6.748710891112730259e-02
-1.379999999999974136e+01 3.129692111177199976e-02 -6.422603974701163176e-02
-1.369999999999973994e+01 3.357192031472782529e-02 -6.086640852609042501e-02
-1.359999999999973852e+01 3.538138077799750369e-02 -5.748818652457127198e-02
-1.349999999999973710e+01 3.676603594869214814e-02 -5.415593665793917710e-02
-1.339999999999973568e+01 3.777228198399983083e-02 -5.091904261085115901e-02
-1.329999999999973426e+01 3.844824379386287821e-02 -4.781307242268652280e-02
-1.319999999999973284e+01 3.884092618050666995e-02 -4.486174634362338071e-02
-1.309999999999973141e+01 3.899434384992143954e-02 -4.207910455068751554e-02
-1.299999999999972999e+01 3.894844737449514732e-02 -3.947160570269016289e-02
-1.289999999999972857e+01 3.873864541235339659e-02 -3.704000320996460316e-02
-1.279999999999972715e+01 3.839574134048192450e-02 -3.478093189047012923e-02
-1.269999999999972573e+01 3.794613561834392357e-02 -3.268819399505192708e-02
-1.259999999999972431e+01 3.741218137248626674e-02 -3.075376609941865222e-02
-1.249999999999972289e+01 3.681261335431937343e-02 -2.896856394817383037e-02
-1.239999999999972147e+01 3.616299695560235006e-02 -2.732300707217641747e-02
-1.229999999999972005e+01 3.547616401757085203e-02 -2.580742349234305122e-02
-1.219999999999971863e+01 3.476261649217397831e-02 -2.441233022415129419e-02
-1.209999999999971720e+01 3.403088874490398097e-02 -2.312861957086389739e-02
-1.199999999999971578e+01 3.328786557501955956e-02 -2.194767546265188538e-02
-1.189999999999971436e+01 3.253905685629145117e-02 -2.086143892495948005e-02
-1.179999999999971294e+01 3.178883184488609515e-02 -1.986243736281761291e-02
-1.169999999999971152e+01 3.104061723892422367e-02 -1.894378876173565679e-02
-1.159999999999971010e+01 3.029706341498500724e-02 -1.809918906143614253e-02
-1.149999999999970868e+01 2.956018319262832331e-02 -1.732288875229746200e-02
-1.139999999999970726e+01 2.883146717553936728e-02 -1.660966306181566737e-02
-1.129999999999970584e+01 2.811197930589048530e-02 -1.595477883250069270e-02
-1.119999999999970441e+01 2.740243582252737883e-02 -1.535396025350665127e-02
-1.109999999999970299e+01 2.670327037521020436e-02 -1.480335491826479527e-02
-1.099999999999970157e+01 2.601468764083741600e-02 -1.429950118003532958e-02
-1.089999999999970015e+01 2.533670742426475872e-02 -1.383929741895860953e-02
-1.079999999999969873e+01 2.466920090843505511e-02 -1.341997358065541955e-02
-1.069999999999969731e+01 2.401192044665902831e-02 -1.303906517117446075e-02
-1.059999999999969589e+01 2.336452405915328406e-02 -1.269438977396349089e-02
-1.049999999999969447e+01 2.272659560299713360e-02 -1.238402607676194686e-02
-1.039999999999969305e+01 2.209766142489853757e-02 -1.210629534818225689e-02
-1.029999999999969162e+01 2.147720417428343465e-02 -1.185974527634205654e-02
-1.019999999999969020e+01 2.086467434771474561e-02 -1.164313606978313424e-02
-1.009999999999968878e+01 2.025950004954505529e-02 -1.145542871874071986e-02
-9.999999999999687361e+00 1.966109538596335499e-02 -1.129577531982028753e-02
-9.899999999999685940e+00 1.906886785777376150e-02 -1.116351137678613450e-02
-9.799999999999684519e+00 1.848222507863283084e-02 -1.105815000248517449e-02
-9.699999999999683098e+00 1.790058112002863161e-02 -1.097937796101429789e-02
-9.599999999999681677e+00 1.732336276965911262e-02 -1.092705350360460674e-02
-9.499999999999680256e+00 1.675001598634045033e-02 -1.090120596571535726e-02
-9.399999999999678835e+00 1.618001284197496600e-02 -1.090203710551170858e-02
-9.299999999999677414e+00 1.561285925888760209e-02 -1.092992417421112528e-02
-9.199999999999675993e+00 1.504810388092989865e-02 -1.098542471562075767e-02
-9.099999999999674571e+00 1.448534845883320960e-02 -1.106928309384420939e-02
-8.999999999999673150e+00 1.392426018652581123e-02 -1.118243874258471188e-02
-8.899999999999671729e+00 1.336458649721629019e-02 -1.132603611371773081e-02
-8.799999999999670308e+00 1.280617291723914683e-02 -1.150143627304312660e-02
-8.699999999999668887e+00 1.224898468545206238e-02 -1.171023004178076664e-02
-8.599999999999667466e+00 1.169313297731457840e-02 -1.195425250634147077e-02
-8.499999999999666045e+00 1.113890672834191679e-02 -1.223559860630796248e-02
-8.399999999999664624e+00 1.058681123244192140e-02 -1.255663934819359687e-02
-8.299999999999663203e+00 1.003761489520722978e-02 -1.292003796347391750e-02
-8.199999999999661782e+00 9.492405747865910459e-03 -1.332876501042362660e-02
-8.099999999999660361e+00 8.952659563684094157e-03 -1.378611098185277342e-02
-7.999999999999658939e+00 8.420321647868924883e-03 -1.429569438784673331e-02
-7.899999999999657518e+00 7.897904562769177475e-03 -1.486146248869694465e-02
-7.799999999999656097e+00 7.388604149383165565e-03 -1.548768080556831711e-02
-7.699999999999654676e+00 6.896436132320531848e-03 -1.617890617454805641e-02
-7.599999999999653255e+00 6.426395220748519835e-03 -1.693993637512391029e-02
-7.499999999999651834e+00 5.984637756302211078e-03 -1.777572720959884681e-02
-7.399999999999650413e+00 5.578687343354815642e-03 -1.869126532509619854e-02
-7.299999999999648992e+00 5.217660160199553976e-03 -1.969138212314112263e-02
-7.199999999999647571e+00 4.912502314399826500e-03 -2.078049100259531448e-02
-7.099999999999646150e+00 4.676225090638272061e-03 -2.196222738599079571e-02
-6.999999999999644729e+00 4.524114621333013772e-03 -2.323896932225401682e-02
-6.899999999999643308e+00 4.473879868276450789e-03 -2.461121732940292975e-02
-6.799999999999641886e+00 4.545686716864663288e-03 -2.607681765384040062e-02
-6.699999999999640465e+00 4.762007246260861054e-03 -2.763002619654658654e-02
-6.599999999999639044e+00 5.147194325822586694e-03 -2.926043454830207918e-02
-6.499999999999637623e+00 5.726677735435814140e-03 -3.095181836230825531e-02
-6.399999999999636202e+00 6.525677689615910076e-03 -3.268102346689543553e-02
-6.299999999999634781e+00 7.567357280258441704e-03 -3.441707401679995615e-02
-6.199999999999633360e+00 8.870401038323096413e-03 -3.612075870325604648e-02
-6.099999999999631939e+00 1.044612319398115739e-02 -3.774500302316974309e-02
-5.999999999999630518e+00 1.229537419989729617e-02 -3.923633337723489434e-02
-5.899999999999629097e+00 1.440570148243619161e-02 -4.053764325294521159e-02
-5.799999999999627676e+00 1.674937285030407216e-02 -4.159225722824649862e-02
-5.699999999999626255e+00 1.928290754332243062e-02 -4.234896846968358441e-02
-5.599999999999624833e+00 2.194860618884827974e-02 -4.276737300857088447e-02
-5.499999999999623412e+00 2.467820692211627684e-02 -4.282256644478744240e-02
-5.399999999999621991e+00 2.739829436522365699e-02 -4.250824024539798240e-02
-5.299999999999620570e+00 3.003661361644609576e-02 -4.183748287810774152e-02
-5.199999999999619149e+00 3.252817855017982318e-02 -4.084109893508211520e-02
-5.099999999999617728e+00 3.482012444962127168e-02 -3.956383485369706354e-02
-4.999999999999616307e+00 3.687461295225788471e-02 -3.805933620700663322e-02
-4.899999999999614886e+00 3.866960341962043246e-02 -3.638482207819267872e-02
-4.799999999999613465e+00 4.019777107639886660e-02 -3.459633799372082569e-02
-4.699999999999612044e+00 4.146414354622618426e-02 -3.274514052154631899e-02
-4.599999999999610623e+00 4.248310627707825582e-02 -3.087541350560401784e-02
-4.499999999999609201e+00 4.327533916410514214e-02 -2.902322882872170745e-02
-4.399999999999607780e+00 4.386507311440481643e-02 -2.721649406567329399e-02
-4.299999999999606359e+00 4.427787103516239720e-02 -2.547557168291941093e-02
-4.199999999999604938e+00 4.453898874474352537e-02 -2.381427629489717493e-02
-4.099999999999603517e+00 4.467227387322347115e-02 -2.224101899629548837e-02
-3.999999999999602096e+00 4.469951114235631157e-02 -2.075994042919569044e-02
-3.899999999999600675e+00 4.464010774346381660e-02 -1.937193893075370155e-02
-3.799999999999599254e+00 4.451101901008873429e-02 -1.807554937159597946e-02
-3.699999999999597833e+00 4.432683112490790056e-02 -1.686766147671758809e-02
-3.599999999999596412e+00 4.409993688231857861e-02 -1.574408617304872207e-02
-3.499999999999594991e+00 4.384075848913673162e-02 -1.469998846922703287e-02
-3.399999999999593570e+00 4.355798626122326517e-02 -1.373020891597542641e-02
-3.299999999999592148e+00 4.325881347504110380e-02 -1.282949544961230898e-02
-3.199999999999590727e+00 4.294915587187471406e-02 -1.199266522421427519e-02
-3.099999999999589306e+00 4.263384997113656150e-02 -1.121471305598533558e-02
-2.999999999999587885e+00 4.231682804759202832e-02 -1.049088001790107576e-02
-2.899999999999586464e+00 4.200126991221849598e-02 -9.816692885802377755e-03
-2.799999999999585043e+00 4.168973294468646812e-02 -9.187982697094006571e-03
-2.699999999999583622e+00 4.138426248620025866e-02 -8.600888674624773689e-03
-2.599999999999582201e+00 4.108648494920232042e-02 -8.051852161818882914e-03
-2.499999999999580780e+00 4.079768599776954080e-02 -7.537603957770020770e-03
-2.399999999999579359e+00 4.051887600701470360e-02 -7.055147471381634575e-03
-2.299999999999577938e+00 4.025084478950728684e-02 -6.601739372587312263e-03
-2.199999999999576517e+00 3.999420732330431077e-02 -6.174868856405812609e-03
-2.099999999999575095e+00 3.974944195091836829e-02 -5.772236208891388595e-03
-1.999999999999573674e+00 3.951692225069661918e-02 -5.391731041299478028e-03
-1.899999999999572253e+00 3.929694351137723307e-02 -5.031410317092279566e-03
-1.799999999999570832e+00 3.908974446042116913e-02 -4.689476122486992485e-03
-1.699999999999569411e+00 3.889552459806491086e-02 -4.364253024453519300e-03
-1.599999999999567990e+00 3.871445716203718301e-02 -4.054164831082051126e-03
-1.499999999999566569e+00 3.854669738947963387e-02 -3.757710645803442884e-03
-1.399999999999565148e+00 3.839238536458811774e-02 -3.473440333296062138e-03
-1.299999999999563727e+00 3.825164238410912881e-02 -3.199929950007856030e-03
-1.199999999999562306e+00 3.812455952950027926e-02 -2.935758400185875874e-03
-1.099999999999560885e+00 3.801117716623987619e-02 -2.679487598073387183e-03
-9.999999999995594635e-01 3.791145464416150607e-02 -2.429649710874108581e-03
-8.999999999995580424e-01 3.782523085822048214e-02 -2.184746424904661366e-03
-7.999999999995566213e-01 3.775217883060608126e-02 -1.943266155128953870e-03
-6.999999999995552002e-01 3.769176114929918137e-02 -1.703724914929864720e-03
-5.999999999995537792e-01 3.764319745816799984e-02 -1.464734139365191784e-03
-4.999999999995523581e-01 3.760545888199205711e-02 -1.225093198966437091e-03
-3.999999999995509370e-01 3.757730499157579257e-02 -9.838956076580092358e-04
-2.999999999995495159e-01 3.755737403705457916e-02 -7.406277573620070886e-04
-1.999999999995480948e-01 3.754432523892281548e-02 -4.952313766022377328e-04
-9.999999999954667373e-02 3.753701460902444248e-02 -2.481010678290207494e-04
4.547473508864641190e-13 3.753466893614886696e-02 0.000000000000000000e+00
1.000000000004561684e-01 3.753701460902444248e-02 2.481010678290207494e-04
2.000000000004575895e-01 3.754432523892299589e-02 4.952313766067167888e-04
3.000000000004590106e-01 3.755737403705487754e-02 7.406277573664479807e-04
4.000000000004604317e-01 3.757730499157579257e-02 9.838956076580092358e-04
5.000000000004618528e-01 3.760545888199205711e-02 1.225093198966437091e-03
6.000000000004632739e-01 3.764319745816799984e-02 1.464734139365191784e-03
7.000000000004646949e-01 3.769176114930017363e-02 1.703724914934215406e-03
8.000000000004661160e-01 3.775217883060728863e-02 1.943266155133328843e-03
9.000000000004675371e-01 3.782523085822048214e-02 2.184746424904661366e-03
1.000000000000468958e+00 3.791145464416150607e-02 2.429649710874108581e-03
1.100000000000470379e+00 3.801117716623987619e-02 2.679487598073387183e-03
1.200000000000471800e+00 3.812455952950246502e-02 2.935758400190604731e-03
1.300000000000473221e+00 3.825164238411156437e-02 3.199929950012742746e-03
1.400000000000474643e+00 3.839238536458811774e-02 3.473440333296062138e-03
1.500000000000476064e+00 3.854669738947963387e-02 3.757710645803442884e-03
1.600000000000477485e+00 3.871445716203718301e-02 4.054164831082051126e-03
1.700000000000478906e+00 3.889552459806832480e-02 4.364253024459292460e-03
1.800000000000480327e+00 3.908974446042481898e-02 4.689476122493057078e-03
1.900000000000481748e+00 3.929694351137723307e-02 5.031410317092279566e-03
2.000000000000483169e+00 3.951692225069661918e-02 5.391731041299478028e-03
2.100000000000484590e+00 3.974944195091836829e-02 5.772236208891388595e-03
2.200000000000486011e+00 3.999420732330886963e-02 6.174868856413351717e-03
2.300000000000487432e+00 4.025084478951205386e-02 6.601739372595312808e-03
2.400000000000488853e+00 4.051887600701470360e-02 7.055147471381634575e-03
2.500000000000490274e+00 4.079768599776954080e-02 7.537603957770020770e-03
2.600000000000491696e+00 4.108648494920232042e-02 8.051852161818882914e-03
2.700000000000493117e+00 4.138426248620574732e-02 8.600888674635097028e-03
2.800000000000494538e+00 4.168973294469208862e-02 9.187982697105051555e-03
2.900000000000495959e+00 4.200126991221849598e-02 9.816692885802377755e-03
3.000000000000497380e+00 4.231682804759202832e-02 1.049088001790107576e-02
3.100000000000498801e+00 4.263384997113656150e-02 1.121471305598533558e-02
3.200000000000500222e+00 4.294915587188041783e-02 1.199266522422894748e-02
3.300000000000501643e+00 4.325881347504665492e-02 1.282949544962810016e-02
3.400000000000503064e+00 4.355798626122326517e-02 1.373020891597542641e-02
3.500000000000504485e+00 4.384075848913673162e-02 1.469998846922703287e-02
3.600000000000505906e+00 4.409993688231857861e-02 1.574408617304872207e-02
3.700000000000507328e+00 4.432683112491167532e-02 1.686766147673877600e-02
3.800000000000508749e+00 4.451101901009162087e-02 1.807554937161874251e-02
3.900000000000510170e+00 4.464010774346381660e-02 1.937193893075370155e-02
4.000000000000511591e+00 4.469951114235631157e-02 2.075994042919569044e-02
4.100000000000513012e+00 4.467227387322347115e-02 2.224101899629548837e-02
4.200000000000514433e+00 4.453898874474000735e-02 2.381427629492661666e-02
4.300000000000515854e+00 4.427787103515634648e-02 2.547557168295039309e-02
4.400000000000517275e+00 4.386507311440481643e-02 2.721649406567329399e-02
4.500000000000518696e+00 4.327533916410514214e-02 2.902322882872170745e-02
4.600000000000520117e+00 4.248310627707825582e-02 3.087541350560401784e-02
4.700000000000521538e+00 4.146414354620545778e-02 3.274514052158028488e-02
4.800000000000522959e+00 4.019777107637347024e-02 3.459633799375406993e-02
4.900000000000524381e+00 3.866960341962043246e-02 3.638482207819267872e-02
5.000000000000525802e+00 3.687461295225788471e-02 3.805933620700663322e-02
5.100000000000527223e+00 3.482012444962127168e-02 3.956383485369706354e-02
5.200000000000528644e+00 3.252817855013617754e-02 4.084109893510294576e-02
5.300000000000530065e+00 3.003661361639925823e-02 4.183748287812302791e-02
5.400000000000531486e+00 2.739829436522365699e-02 4.250824024539798240e-02
5.500000000000532907e+00 2.467820692211627684e-02 4.282256644478744240e-02
5.600000000000534328e+00 2.194860618884827974e-02 4.276737300857088447e-02
5.700000000000535749e+00 1.928290754327494777e-02 4.234896846967280137e-02
5.800000000000537170e+00 1.674937285025955916e-02 4.159225722822987997e-02
5.900000000000538591e+00 1.440570148243619161e-02 4.053764325294521159e-02
6.000000000000540012e+00 1.229537419989729617e-02 3.923633337723489434e-02
6.100000000000541434e+00 1.044612319398115739e-02 3.774500302316974309e-02
6.200000000000542855e+00 8.870401038296931578e-03 3.612075870322562637e-02
6.300000000000544276e+00 7.567357280237161851e-03 3.441707401676855071e-02
6.400000000000545697e+00 6.525677689599235914e-03 3.268102346686380805e-02
6.500000000000547118e+00 5.726677735435814140e-03 3.095181836230825531e-02
6.600000000000548539e+00 5.147194325822586694e-03 2.926043454830207918e-02
6.700000000000549960e+00 4.762007246255473003e-03 2.763002619651758890e-02
6.800000000000551381e+00 4.545686716862120183e-03 2.607681765381292260e-02
6.900000000000552802e+00 4.473879868276318950e-03 2.461121732937710666e-02
7.000000000000554223e+00 4.524114621333013772e-03 2.323896932225401682e-02
7.100000000000555644e+00 4.676225090638272061e-03 2.196222738599079571e-02
7.200000000000557066e+00 4.912502314404794748e-03 2.078049100257466780e-02
7.300000000000558487e+00 5.217660160205653264e-03 1.969138212312212741e-02
7.400000000000559908e+00 5.578687343361823925e-03 1.869126532507878538e-02
7.500000000000561329e+00 5.984637756302211078e-03 1.777572720959884681e-02
7.600000000000562750e+00 6.426395220748519835e-03 1.693993637512391029e-02
7.700000000000564171e+00 6.896436132329299140e-03 1.617890617453486557e-02
7.800000000000565592e+00 7.388604149392297149e-03 1.548768080555635272e-02
7.900000000000567013e+00 7.897904562778572737e-03 1.486146248868611998e-02
8.000000000000568434e+00 8.420321647868924883e-03 1.429569438784673331e-02
8.100000000000569855e+00 8.952659563684094157e-03 1.378611098185277342e-02
8.200000000000571276e+00 9.492405747875781036e-03 1.332876501041575790e-02
8.300000000000572697e+00 1.003761489521718536e-02 1.292003796346690228e-02
8.400000000000574119e+00 1.058681123245193770e-02 1.255663934818738309e-02
8.500000000000575540e+00 1.113890672834191679e-02 1.223559860630796248e-02
8.600000000000576961e+00 1.169313297731457840e-02 1.195425250634147077e-02
8.700000000000578382e+00 1.224898468546218450e-02 1.171023004177665187e-02
8.800000000000579803e+00 1.280617291724929149e-02 1.150143627303963807e-02
8.900000000000581224e+00 1.336458649722646261e-02 1.132603611371483382e-02
9.000000000000582645e+00 1.392426018652581123e-02 1.118243874258471188e-02
9.100000000000584066e+00 1.448534845883320960e-02 1.106928309384420939e-02
9.200000000000585487e+00 1.504810388094015780e-02 1.098542471561949480e-02
9.300000000000586908e+00 1.561285925889789941e-02 1.092992417421036894e-02
9.400000000000588329e+00 1.618001284198530149e-02 1.090203710551145011e-02
9.500000000000589750e+00 1.675001598634045033e-02 1.090120596571535726e-02
9.600000000000591172e+00 1.732336276965911262e-02 1.092705350360460674e-02
9.700000000000592593e+00 1.790058112003916832e-02 1.097937796101548964e-02
9.800000000000594014e+00 1.848222507864345429e-02 1.105815000248684850e-02
9.900000000000595435e+00 1.906886785778447863e-02 1.116351137678829597e-02
1.000000000000059686e+01 1.966109538596335499e-02 1.129577531982028753e-02
1.010000000000059828e+01 2.025950004954505529e-02 1.145542871874071986e-02
1.020000000000059970e+01 2.086467434772582008e-02 1.164313606978681012e-02
1.030000000000060112e+01 2.147720417429465137e-02 1.185974527634626671e-02
1.040000000000060254e+01 2.209766142490989307e-02 1.210629534818701870e-02
1.050000000000060396e+01 2.272659560299713360e-02 1.238402607676194686e-02
1.060000000000060538e+01 2.336452405915328406e-02 1.269438977396349089e-02
1.070000000000060680e+01 2.401192044667089381e-02 1.303906517118105443e-02
1.080000000000060822e+01 2.466920090844710103e-02 1.341997358066269325e-02
1.090000000000060965e+01 2.533670742427699546e-02 1.383929741896659793e-02
1.100000000000061107e+01 2.601468764083741600e-02 1.429950118003532958e-02
1.110000000000061249e+01 2.670327037521020436e-02 1.480335491826479527e-02
1.120000000000061391e+01 2.740243582254018456e-02 1.535396025351711165e-02
1.130000000000061533e+01 2.811197930590348185e-02 1.595477883251210025e-02
1.140000000000061675e+01 2.883146717555254424e-02 1.660966306182809840e-02
1.150000000000061817e+01 2.956018319262832331e-02 1.732288875229746200e-02
1.160000000000061959e+01 3.029706341498500724e-02 1.809918906143614253e-02
1.170000000000062101e+01 3.104061723893779615e-02 1.894378876175168216e-02
1.180000000000062244e+01 3.178883184489973701e-02 1.986243736283503300e-02
1.190000000000062386e+01 3.253905685630509304e-02 2.086143892497842323e-02
1.200000000000062528e+01 3.328786557501955956e-02 2.194767546265188538e-02
1.210000000000062670e+01 3.403088874490398097e-02 2.312861957086389739e-02
1.220000000000062812e+01 3.476261649218714139e-02 2.441233022417563583e-02
1.230000000000062954e+01 3.547616401758361959e-02 2.580742349236949534e-02
1.240000000000063096e+01 3.616299695561454863e-02 2.732300707220513755e-02
1.250000000000063238e+01 3.681261335431937343e-02 2.896856394817383037e-02
1.260000000000063380e+01 3.741218137248626674e-02 3.075376609941865222e-02
1.270000000000063523e+01 3.794613561835293719e-02 3.268819399508852974e-02
1.280000000000063665e+01 3.839574134048920340e-02 3.478093189050968786e-02
1.290000000000063807e+01 3.873864541235851056e-02 3.704000321000724960e-02
1.300000000000063949e+01 3.894844737449514732e-02 3.947160570269016289e-02
1.310000000000064091e+01 3.899434384992143954e-02 4.207910455068751554e-02
1.320000000000064233e+01 3.884092618050183354e-02 4.486174634367554731e-02
1.330000000000064375e+01 3.844824379385330948e-02 4.781307242274166619e-02
1.340000000000064517e+01 3.777228198398467629e-02 5.091904261090894612e-02
1.350000000000064659e+01 3.676603594869214814e-02 5.415593665793917710e-02
1.360000000000064801e+01 3.538138077799750369e-02 5.748818652457127198e-02
1.370000000000064944e+01 3.357192031469078547e-02 6.086640852615191055e-02
1.380000000000065086e+01 3.129692111172617530e-02 6.422603974707212504e-02
1.390000000000065228e+01 2.852627568150037374e-02 6.748710891118517297e-02
1.400000000000065370e+01 2.524617941264184484e-02 7.055573564969951084e-02
1.410000000000065512e+01 2.146486838960690730e-02 7.332788264739342754e-02
1.420000000000065654e+01 1.721742425355839157e-02 7.569561429916531192e-02
1.430000000000065796e+01 1.256843768272057627e-02 7.755561976618488562e-02
1.440000000000065938e+01 7.611390492766583610e-03 7.881910744653203293e-02
1.450000000000066080e+01 2.464076115587636624e-03 7.942155764611774638e-02
1.460000000000066223e+01 -2.739801519333704555e-03 7.933049030428843129e-02
1.470000000000066365e+01 -7.861746617304907897e-03 7.854958220420496517e-02
1.480000000000066507e+01 -1.277044033433676583e-02 7.711818928893204861e-02
1.490000000000066649e+01 -1.735244227574594261e-02 7.510638567073278649e-02
1.500000000000066791e+01 -2.151987818868170838e-02 7.260664645363801295e-02
1.510000000000066933e+01 -2.521420017967696686e-02 6.972392197577441386e-02
1.520000000000067075e+01 -2.840606627735972958e-02 6.656591569042429046e-02
1.530000000000067217e+01 -3.109214513820942813e-02 6.323496833467301403e-02
1.540000000000067359e+01 -3.329002922102966555e-02 5.982230480245207677e-02
1.550000000000067502e+01 -3.503243938277122299e-02 5.640476927003861690e-02
1.560000000000067644e+01 -3.636165114299927392e-02 5.304372180882174076e-02
1.570000000000067786e+01 -3.732472372022951207e-02 4.978554361673831474e-02
1.580000000000067928e+01 -3.796978743872566481e-02 4.666316152173594772e-02
1.590000000000068070e+01 -3.834340477230327449e-02 4.369808400964679540e-02
1.600000000000068212e+01 -3.848887717341363535e-02 4.090257219698397589e-02
1.610000000000068354e+01 -3.844530742492389963e-02 3.828170226806824894e-02
1.620000000000068496e+01 -3.824721936283395629e-02 3.583518610142299304e-02
1.630000000000068638e+01 -3.792455908518665986e-02 3.355889636150011235e-02
1.640000000000068781e+01 -3.750293630947827694e-02 3.144609329805854447e-02
1.650000000000068923e+01 -3.700400037796097719e-02 2.948837904515362596e-02
1.660000000000069065e+01 -3.644587695062941057e-02 2.767641816112295303e-02
1.670000000000069207e+01 -3.584361662806202081e-02 2.600046630423958130e-02
1.680000000000069349e+01 -3.520962555956185652e-02 2.445074659464110609e-02
1.690000000000069491e+01 -3.455406139135100418e-02 2.301770826008804963e-02
1.700000000000069633e+01 -3.388518685605355213e-02 2.169219636678418675e-02
1.710000000000069775e+01 -3.320967902125554483e-02 2.046555578588379540e-02
1.720000000000069917e+01 -3.253289564630061637e-02 1.932968751915025568e-02
1.730000000000070060e+01 -3.185910197566722141e-02 1.827707127497555512e-02
1.740000000000070202e+01 -3.119166216575619544e-02 1.730076475640262429e-02
1.750000000000070344e+01 -3.053319977918862727e-02 1.639438741535688762e-02
1.760000000000070486e+01 -2.988573164726175679e-02 1.555209433470916731e-02
1.770000000000070628e+01 -2.925077906813611933e-02 1.476854430858476862e-02
1.780000000000070770e+01 -2.862945988369878375e-02 1.403886499678053124e-02
1.790000000000070912e+01 -2.802256452995842417e-02 1.335861714471077780e-02
1.800000000000071054e+01 -2.743061872127365922e-02 1.272375921129950682e-02
1.810000000000071196e+01 -2.685393502898052870e-02 1.213061327716033651e-02
1.820000000000071338e+01 -2.629265525904942932e-02 1.157583276897924084e-02
1.830000000000071481e+01 -2.574678522268828568e-02 1.105637229781924330e-02
1.840000000000071623e+01 -2.521622322799506322e-02 1.056945974427603470e-02
1.850000000000071765e+01 -2.470078339482220664e-02 1.011257061085272212e-02
1.860000000000071907e+01 -2.420021470523757781e-02 9.683404587799118030e-03
1.870000000000072049e+01 -2.371421654357828979e-02 9.279864231970006219e-03
1.880000000000072191e+01 -2.324245134789823530e-02 8.900035630417342178e-03
1.890000000000072333e+01 -2.278455488566091119e-02 8.542170906631993410e-03
1.900000000000072475e+01 -2.234014457601181738e-02 8.204672422305714363e-03
1.910000000000072617e+01 -2.190882620644946099e-02 7.886078528787426531e-03
1.920000000000072760e+01 -2.149019933046174280e-02 7.585050727785407759e-03
1.930000000000072902e+01 -2.108386158184798534e-02 7.300362108336453000e-03
1.940000000000073044e+01 -2.068941210011676635e-02 7.030886936301290052e-03
1.950000000000073186e+01 -2.030645422694320190e-02 6.775591282135006409e-03
1.960000000000073328e+01 -1.993459760550083532e-02 6.533524582395838776e-03
1.970000000000073470e+01 -1.957345979142784131e-02 6.303812040005752834e-03
1.980000000000073612e+01 -1.922266746484833227e-02 6.085647777123994948e-03
1.990000000000073754e+01 -1.888185731738430823e-02 5.878288663096858414e-03
2.000000000000073896e+01 -1.855067667498871281e-02 5.681048747659703420e-03
2.010000000000074039e+01 -1.822878390674845597e-02 5.493294236733489710e-03
2.020000000000074181e+01 -1.791584866110484259e-02 5.314438954742924798e-03
2.030000000000074323e+01 -1.761155196344792867e-02 5.143940243156354918e-03
2.040000000000074465e+01 -1.731558620323896472e-02 4.981295250390041333e-03
2.050000000000074607e+01 -1.702765503372291600e-02 4.826037572922712779e-03
2.060000000000074749e+01 -1.674747320319103228e-02 4.677734211752777004e-03
2.070000000000074891e+01 -1.647476633345803035e-02 4.535982812213614976e-03
2.080000000000075033e+01 -1.620927065822414664e-02 4.400409158482317638e-03
2.090000000000075175e+01 -1.595073273184954843e-02 4.270664897265361373e-03
2.100000000000075318e+01 -1.569890911703665862e-02 4.146425467804508262e-03
2.110000000000075460e+01 -1.545356605832845683e-02 4.027388217771424826e-03
2.120000000000075602e+01 -1.521447914710239054e-02 3.913270686818987910e-03
2.130000000000075744e+01 -1.498143298248937397e-02 3.803809041397689106e-03
2.140000000000075886e+01 -1.475422083190680925e-02 3.698756646233493893e-03
2.150000000000076028e+01 -1.453264429405723077e-02 3.597882759339106513e-03
2.160000000000076170e+01 -1.431651296663466119e-02 3.500971338789289448e-03
2.170000000000076312e+01 -1.410564412055421990e-02 3.407819950734466280e-03
2.180000000000076454e+01 -1.389986238196353960e-02 3.318238769139332349e-03
2.190000000000076597e+01 -1.369899942309447255e-02 3.232049658757703628e-03
2.200000000000076739e+01 -1.350289366265228219e-02 3.149085333674261217e-03
2.210000000000076881e+01 -1.331138997621542433e-02 3.069188584511441022e-03
2.220000000000077023e+01 -1.312433941700393188e-02 2.992211568112817903e-03
2.230000000000077165e+01 -1.294159894710024405e-02 2.918015154072783543e-03
2.240000000000077307e+01 -1.276303117921092495e-02 2.846468323082065009e-03
2.250000000000077449e+01 -1.258850412888963197e-02 2.777447612517447949e-03
2.260000000000077591e+01 -1.241789097706910358e-02 2.710836605144833870e-03
2.270000000000077733e+01 -1.225106984275357511e-02 2.646525457222698770e-03
2.280000000000077875e+01 -1.208792356556695653e-02 2.584410462602244364e-03
2.290000000000078018e+01 -1.192833949792918360e-02 2.524393649781635392e-03
2.300000000000078160e+01 -1.177220930654462004e-02 2.466382409131185564e-03
2.310000000000078302e+01 -1.161942878287180320e-02 2.410289147764293344e-03
2.320000000000078444e+01 -1.146989766228930126e-02 2.356030969780500105e-03
2.330000000000078586e+01 -1.132351945156728074e-02 2.303529379778133761e-03
2.340000000000078728e+01 -1.118020126435229598e-02 2.252710007758551396e-03
2.350000000000078870e+01 -1.103985366431690235e-02 2.203502353691813662e-03
2.360000000000079012e+01 -1.090239051563195172e-02 2.155839550167761281e-03
2.370000000000079154e+01 -1.076772884047615120e-02 2.109658141712207439e-03
2.380000000000079297e+01 -1.063578868321578969e-02 2.064897879441762035e-03
2.390000000000079439e+01 -1.050649298098577794e-02 2.021501529875325241e-03
2.400000000000079581e+01 -1.037976744036138606e-02 1.979414696804688255e-03
2.410000000000079723e+01 -1.025554041982197455e-02 1.938585655220701094e-03
2.420000000000079865e+01 -1.013374281776465574e-02 1.898965196390922259e-03
2.430000000000080007e+01 -1.001430796575573240e-02 1.860506483234571334e-03
2.440000000000080149e+01 -9.897171526799686953e-03 1.823164915237115210e-03
2.450000000000080291e+01 -9.782271398369773302e-03 1.786898002194674002e-03
2.460000000000080433e+01 -9.669547619956669893e-03 1.751665246136934308e-03
2.470000000000080576e+01 -9.558942284943729162e-03 1.717428030842814424e-03
2.480000000000080718e+01 -9.450399456554474734e-03 1.684149518387986853e-03
2.490000000000080860e+01 -9.343865087701430996e-03 1.651794552230194130e-03
2.500000000000081002e+01 -9.239286944532739548e-03 1.620329566364821141e-03
2.510000000000081144e+01 -9.136614533484072390e-03 1.589722500120352260e-03
2.520000000000081286e+01 -9.035799031689883964e-03 1.559942718207930987e-03
2.530000000000081428e+01 -8.936793220550395822e-03 1.530960935649751734e-03
2.540000000000081570e+01 -8.839551422325502006e-03 1.502749147258996068e-03
2.550000000000081712e+01 -8.744029439596541844e-03 1.475280561358012412e-03
2.560000000000081855e+01 -8.650184497445628090e-03 1.448529537445461014e-03
2.570000000000081997e+01 -8.557975188244002634e-03 1.422471527554512900e-03
2.580000000000082139e+01 -8.467361418886976826e-03 1.397083021046488906e-03
2.590000000000082281e+01 -8.378304360380551402e-03 1.372341492619985615e-03
2.600000000000082423e+01 -8.290766399655946986e-03 1.348225353322087504e-03
2.610000000000082565e+01 -8.204711093495336421e-03 1.324713904364089190e-03
2.620000000000082707e+01 -8.120103124489408408e-03 1.301787293566933996e-03
2.630000000000082849e+01 -8.036908258896892365e-03 1.279426474259237091e-03
2.640000000000082991e+01 -7.955093306337174264e-03 1.257613166478122827e-03
2.650000000000083134e+01 -7.874626081219783524e-03 1.236329820325291623e-03
2.660000000000083276e+01 -7.795475365820089125e-03 1.215559581341301224e-03
2.670000000000083418e+01 -7.717610874943952974e-03 1.195286257778130270e-03
2.680000000000083560e+01 -7.641003222076897181e-03 1.175494289645236850e-03
2.690000000000083702e+01 -7.565623886968630106e-03 1.156168719425939564e-03
2.700000000000083844e+01 -7.491445184577822866e-03 1.137295164360534270e-03
2.710000000000083986e+01 -7.418440235306453245e-03 1.118859790199790410e-03
2.720000000000084128e+01 -7.346582936483117554e-03 1.100849286345612684e-03
2.730000000000084270e+01 -7.275847935010557911e-03 1.083250842289546064e-03
2.740000000000084412e+01 -7.206210601142947272e-03 1.066052125277307900e-03
2.750000000000084555e+01 -7.137647003334063496e-03 1.049241259125650210e-03
2.760000000000084697e+01 -7.070133884100824814e-03 1.032806804122847347e-03
2.770000000000084839e+01 -7.003648636874089395e-03 1.016737737954523423e-03
2.780000000000084981e+01 -6.938169283767146173e-03 1.001023437589881621e-03
2.790000000000085123e+01 -6.873674454238490328e-03 9.856536620779074356e-04
2.800000000000085265e+01 -6.810143364602217614e-03 9.706185362004007269e-04
2.810000000000085407e+01 -6.747555798342368474e-03 9.559085349322441133e-04
2.820000000000085549e+01 -6.685892087212126980e-03 9.415144686677194997e-04
2.830000000000085691e+01 -6.625133093060307787e-03 9.274274691649679256e-04
2.840000000000085834e+01 -6.565260190369800498e-03 9.136389761728923396e-04
2.850000000000085976e+01 -6.506255249470773751e-03 9.001407247017340725e-04
2.860000000000086118e+01 -6.448100620393850888e-03 8.869247329010445215e-04
2.870000000000086260e+01 -6.390779117351032615e-03 8.739832905157795618e-04
2.880000000000086402e+01 -6.334274003796101435e-03 8.613089478846365325e-04
2.890000000000086544e+01 -6.278568978055083100e-03 8.488945054552210750e-04
2.900000000000086686e+01 -6.223648159496966009e-03 8.367330037874029947e-04
2.910000000000086828e+01 -6.169496075216628940e-03 8.248177140180387463e-04
2.920000000000086970e+01 -6.116097647222897699e-03 8.131421287661205841e-04
2.930000000000087113e+01 -6.063438180090703622e-03 8.016999534511096322e-04
2.940000000000087255e+01 -6.011503349072395627e-03 7.904850980062780655e-04
2.950000000000087397e+01 -5.960279188643979528e-03 7.794916689656646502e-04
2.960000000000087539e+01 -5.909752081463597040e-03 7.687139619045788540e-04
2.970000000000087681e+01 -5.859908747738805379e-03 7.581464542186363512e-04
2.980000000000087823e+01 -5.810736234967541457e-03 7.477837982203326250e-04
2.990000000000087965e+01 -5.762221908050939659e-03 7.376208145401397936e-04
3.000000000000088107e+01 -5.714353439758306299e-03 7.276524858159587154e-04
3.010000000000088249e+01 -5.667118801525533947e-03 7.178739506557577305e-04
3.020000000000088392e+01 -5.620506254586357144e-03 7.082804978626054595e-04
3.030000000000088534e+01 -5.574504341405925323e-03 6.988675609057122193e-04
3.040000000000088676e+01 -5.529101877417288806e-03 6.896307126281467012e-04
3.050000000000088818e+01 -5.484287943044457644e-03 6.805656601788876315e-04
3.060000000000088960e+01 -5.440051875996626367e-03 6.716682401576188829e-04
3.070000000000089102e+01 -5.396383263834871741e-03 6.629344139645252081e-04
3.080000000000089244e+01 -5.353271936784642637e-03 6.543602633421196930e-04
3.090000000000089386e+01 -5.310707960796334434e-03 6.459419861024324853e-04
3.100000000000089528e+01 -5.268681630840266195e-03 6.376758920300456233e-04
3.110000000000089670e+01 -5.227183464423270504e-03 6.295583989520235494e-04
3.120000000000089813e+01 -5.186204195329594327e-03 6.215860289692054334e-04
3.130000000000089955e+01 -5.145734767562517784e-03 6.137554048384664691e-04
3.140000000000090097e+01 -5.105766329490234005e-03 6.060632465012085520e-04
3.150000000000090239e+01 -5.066290228184449837e-03 5.985063677506664587e-04
3.160000000000090381e+01 -5.027298003940919996e-03 5.910816730310584303e-04
3.170000000000090523e+01 -4.988781384985653891e-03 5.837861543646497356e-04
3.180000000000090665e+01 -4.950732282345753771e-03 5.766168883983004102e-04
3.190000000000090807e+01 -4.913142784889277387e-03 5.695710335661663924e-04
