-3.200000000000000000e+01 9.633572030387924784e-03 1.108103114043274863e-03
-3.189999999999999858e+01 9.706719052600414413e-03 1.121695643915049129e-03
-3.179999999999999716e+01 9.780753118317702527e-03 1.135524220205313571e-03
-3.169999999999999574e+01 9.855689370263771842e-03 1.149594232974946936e-03
-3.159999999999999432e+01 9.931543288882922066e-03 1.163911226212306377e-03
-3.149999999999999289e+01 1.000833070168286737e-02 1.178480903132711607e-03
-3.139999999999999147e+01 1.008606779290106489e-02 1.193309131694708560e-03
-3.129999999999999005e+01 1.016477111348594066e-02 1.208401950339233529e-03
-3.119999999999998863e+01 1.024445759141200812e-02 1.223765573963391928e-03
-3.109999999999998721e+01 1.032514454234941675e-02 1.239406400141311333e-03
-3.099999999999998579e+01 1.040684968067949467e-02 1.255331015599467619e-03
-3.089999999999998437e+01 1.048959113089962397e-02 1.271546202964302184e-03
-3.079999999999998295e+01 1.057338743941047335e-02 1.288058947790846585e-03
-3.069999999999998153e+01 1.065825758670812737e-02 1.304876445887281260e-03
-3.059999999999998010e+01 1.074422100000518854e-02 1.322006110951325086e-03
-3.049999999999997868e+01 1.083129756627450313e-02 1.339455582528958043e-03
-3.039999999999997726e+01 1.091950764576404137e-02 1.357232734317525939e-03
-3.029999999999997584e+01 1.100887208597828987e-02 1.375345682825472420e-03
-3.019999999999997442e+01 1.109941223615302543e-02 1.393802796407932199e-03
-3.009999999999997300e+01 1.119114996225210705e-02 1.412612704698665463e-03
-2.999999999999997158e+01 1.128410766248254260e-02 1.431784308453071426e-03
-2.989999999999997016e+01 1.137830828338302729e-02 1.451326789829941212e-03
-2.979999999999996874e+01 1.147377533648438752e-02 1.471249623129034043e-03
-2.969999999999996732e+01 1.157053291557423938e-02 1.491562586009511629e-03
-2.959999999999996589e+01 1.166860571460020743e-02 1.512275771215859828e-03
-2.949999999999996447e+01 1.176801904621192427e-02 1.533399598831932569e-03
-2.939999999999996305e+01 1.186879886100472917e-02 1.554944829098207351e-03
-2.929999999999996163e+01 1.197097176746806345e-02 1.576922575816089821e-03
-2.919999999999996021e+01 1.207456505267768578e-02 1.599344320372128071e-03
-2.909999999999995879e+01 1.217960670377343443e-02 1.622221926417180896e-03
-2.899999999999995737e+01 1.228612543022787780e-02 1.645567655229318192e-03
-2.889999999999995595e+01 1.239415068697872699e-02 1.669394181805637211e-03
-2.879999999999995453e+01 1.250371269843397748e-02 1.693714611716165596e-03
-2.869999999999995310e+01 1.261484248339770319e-02 1.718542498763522440e-03
-2.859999999999995168e+01 1.272757188096764434e-02 1.743891863494900166e-03
-2.849999999999995026e+01 1.284193357741700639e-02 1.769777212606573561e-03
-2.839999999999994884e+01 1.295796113414582340e-02 1.796213559299895523e-03
-2.829999999999994742e+01 1.307568901671872508e-02 1.823216444635096002e-03
-2.819999999999994600e+01 1.319515262504876094e-02 1.850801959941506501e-03
-2.809999999999994458e+01 1.331638832479028686e-02 1.878986770346803732e-03
-2.799999999999994316e+01 1.343943347996299532e-02 1.907788139481617984e-03
-2.789999999999994174e+01 1.356432648690815770e-02 1.937223955437525390e-03
-2.779999999999994031e+01 1.369110680960499392e-02 1.967312758043367367e-03
-2.769999999999993889e+01 1.381981501642131835e-02 1.998073767539481141e-03
-2.759999999999993747e+01 1.395049281837743710e-02 2.029526914735006737e-03
-2.749999999999993605e+01 1.408318310895837443e-02 2.061692872727565080e-03
-2.739999999999993463e+01 1.421793000559526399e-02 2.094593090290100979e-03
-2.729999999999993321e+01 1.435477889285892081e-02 2.128249827016445803e-03
-2.719999999999993179e+01 1.449377646745880939e-02 2.162686190334978283e-03
-2.709999999999993037e+01 1.463497078514693073e-02 2.197926174507608237e-03
-2.699999999999992895e+01 1.477841130957928406e-02 2.233994701726491582e-03
-2.689999999999992752e+01 1.492414896328137647e-02 2.270917665451270377e-03
-2.679999999999992610e+01 1.507223618078071085e-02 2.308721976116901407e-03
-2.669999999999992468e+01 1.522272696402482764e-02 2.347435609364263622e-03
-2.659999999999992326e+01 1.537567694021089310e-02 2.387087656956992255e-03
-2.649999999999992184e+01 1.553114342210360974e-02 2.427708380545130773e-03
-2.639999999999992042e+01 1.568918547102039762e-02 2.469329268473226865e-03
-2.629999999999991900e+01 1.584986396257424476e-02 2.511983095819183068e-03
-2.619999999999991758e+01 1.601324165532531582e-02 2.555703987878501973e-03
-2.609999999999991616e+01 1.617938326250254258e-02 2.600527487324828975e-03
-2.599999999999991473e+01 1.634835552690382457e-02 2.646490625278454488e-03
-2.589999999999991331e+01 1.652022729919635016e-02 2.693631996560536500e-03
-2.579999999999991189e+01 1.669506961974328782e-02 2.741991839402769561e-03
-2.569999999999991047e+01 1.687295580415138635e-02 2.791612119919315970e-03
-2.559999999999990905e+01 1.705396153274599258e-02 2.842536621671904601e-03
-2.549999999999990763e+01 1.723816494412510128e-02 2.894811040665867547e-03
-2.539999999999990621e+01 1.742564673306824102e-02 2.948483086173942988e-03
-2.529999999999990479e+01 1.761649025297461202e-02 3.003602587782789636e-03
-2.519999999999990337e+01 1.781078162308084509e-02 3.060221609107308116e-03
-2.509999999999990195e+01 1.800860984072418652e-02 3.118394568654031009e-03
-2.499999999999990052e+01 1.821006689885861646e-02 3.178178368332187920e-03
-2.489999999999989910e+01 1.841524790916972132e-02 3.239632530188911105e-03
-2.479999999999989768e+01 1.862425123102489852e-02 3.302819341954425954e-03
-2.469999999999989626e+01 1.883717860658128823e-02 3.367804012052982160e-03
-2.459999999999989484e+01 1.905413530239229852e-02 3.434654834790520223e-03
-2.449999999999989342e+01 1.927523025779247570e-02 3.503443366465244617e-03
-2.439999999999989200e+01 1.950057624049376243e-02 3.574244613253224536e-03
-2.429999999999989058e+01 1.973029000970849892e-02 3.647137231750509790e-03
-2.419999999999988916e+01 1.996449248721092473e-02 3.722203743153823519e-03
-2.409999999999988773e+01 2.020330893677052889e-02 3.799530762147998540e-03
-2.399999999999988631e+01 2.044686915232529420e-02 3.879209241633449576e-03
-2.389999999999988489e+01 2.069530765543242321e-02 3.961334734576627339e-03
-2.379999999999988347e+01 2.094876390240594036e-02 4.046007674330459429e-03
-2.369999999999988205e+01 2.120738250165626892e-02 4.133333674921399470e-03
-2.359999999999988063e+01 2.147131344177130238e-02 4.223423852936428538e-03
-2.349999999999987921e+01 2.174071233080487192e-02 4.316395172759590268e-03
-2.339999999999987779e+01 2.201574064742348180e-02 4.412370817126792973e-03
-2.329999999999987637e+01 2.229656600441820222e-02 4.511480585092314012e-03
-2.319999999999987494e+01 2.258336242519975307e-02 4.613861319730239163e-03
-2.309999999999987352e+01 2.287631063391675629e-02 4.719657368115572245e-03
-2.299999999999987210e+01 2.317559835974562776e-02 4.829021076333959300e-03
-2.289999999999987068e+01 2.348142065609604492e-02 4.942113322602014261e-03
-2.279999999999986926e+01 2.379398023530093428e-02 5.059104091811251341e-03
-2.269999999999986784e+01 2.411348781946642816e-02 5.180173095173045382e-03
-2.259999999999986642e+01 2.444016250815835012e-02 5.305510439007991678e-03
-2.249999999999986500e+01 2.477423216347338433e-02 5.435317347081086367e-03
-2.239999999999986358e+01 2.511593381322563615e-02 5.569806941408459930e-03
-2.229999999999986215e+01 2.546551407274350379e-02 5.709205086881065892e-03
-2.219999999999986073e+01 2.582322958583870010e-02 5.853751305645950309e-03
-2.209999999999985931e+01 2.618934748544940114e-02 6.003699767803249293e-03
-2.199999999999985789e+01 2.656414587423997289e-02 6.159320365607357135e-03
-2.189999999999985647e+01 2.694791432555371236e-02 6.320899879214829029e-03
-2.179999999999985505e+01 2.734095440474099137e-02 6.488743242779509979e-03
-2.169999999999985363e+01 2.774358021082778958e-02 6.663174920695108701e-03
-2.159999999999985221e+01 2.815611893826350937e-02 6.844540404848870226e-03
-2.149999999999985079e+01 2.857891145804828184e-02 7.033207844869012945e-03
-2.139999999999984936e+01 2.901231291743856106e-02 7.229569824783865263e-03
-2.129999999999984794e+01 2.945669335673158779e-02 7.434045300881559487e-03
-2.119999999999984652e+01 2.991243834123343687e-02 7.647081717280771254e-03
-2.109999999999984510e+01 3.037994960586113194e-02 7.869157317588151845e-03
-2.099999999999984368e+01 3.085964570885564931e-02 8.100783673024226916e-03
-2.089999999999984226e+01 3.135196269039376010e-02 8.342508449874533674e-03
-2.079999999999984084e+01 3.185735473040729460e-02 8.594918441612673515e-03
-2.069999999999983942e+01 3.237629479864065352e-02 8.858642894064688508e-03
-2.059999999999983800e+01 3.290927528824122428e-02 9.134357155301210326e-03
-2.049999999999983658e+01 3.345680862187420945e-02 9.422786685562817288e-03
-2.039999999999983515e+01 3.401942781713175601e-02 9.724711466867222431e-03
-2.029999999999983373e+01 3.459768699459050967e-02 1.004097085646794493e-02
-2.019999999999983231e+01 3.519216180832865359e-02 1.037246893369069695e-02
-2.009999999999983089e+01 3.580344977421905106e-02 1.072018039558922733e-02
-1.999999999999982947e+01 3.643217046565080247e-02 1.108515706335972198e-02
-1.989999999999982805e+01 3.707896554012878737e-02 1.146853506907867179e-02
-1.979999999999982663e+01 3.774449855186613745e-02 1.187154280040921689e-02
-1.969999999999982521e+01 3.842945449607224062e-02 1.229550969028947276e-02
-1.959999999999982379e+01 3.913453901900529330e-02 1.274187594892709288e-02
-1.949999999999982236e+01 3.986047721350485795e-02 1.321220334668975725e-02
-1.939999999999982094e+01 4.060801190307548880e-02 1.370818716937054552e-02
-1.929999999999981952e+01 4.137790129645441128e-02 1.423166948090136621e-02
-1.919999999999981810e+01 4.217091586973450990e-02 1.478465384385956732e-02
-1.909999999999981668e+01 4.298783430266549244e-02 1.536932166447647734e-02
-1.899999999999981526e+01 4.382943825847961106e-02 1.598805034609981912e-02
-1.889999999999981384e+01 4.469650575217677668e-02 1.664343345373745300e-02
-1.879999999999981242e+01 4.558980279712650241e-02 1.733830311075139352e-02
-1.869999999999981100e+01 4.651007295382711404e-02 1.807575486760265235e-02
-1.859999999999980957e+01 4.745802432394847364e-02 1.885917529993891978e-02
-1.849999999999980815e+01 4.843431343499191022e-02 1.969227260830951412e-02
-1.839999999999980673e+01 4.943952534159659629e-02 2.057911050167517131e-02
-1.829999999999980531e+01 5.047414912578940260e-02 2.152414564987115489e-02
-1.819999999999980389e+01 5.153854780293143367e-02 2.253226898024722827e-02
-1.809999999999980247e+01 5.263292142880911934e-02 2.360885106669151356e-02
-1.799999999999980105e+01 5.375726194794316903e-02 2.475979180593099183e-02
-1.789999999999979963e+01 5.491129801566763113e-02 2.599157448485963848e-02
-1.779999999999979821e+01 5.609442765965501343e-02 2.731132419972590042e-02
-1.769999999999979678e+01 5.730563620869801728e-02 2.872687036978798999e-02
-1.759999999999979536e+01 5.854339640140501094e-02 3.024681276847830322e-02
-1.749999999999979394e+01 5.980554698643795325e-02 3.188059003463442759e-02
-1.739999999999979252e+01 6.108914543569500533e-02 3.363854897377891590e-02
-1.729999999999979110e+01 6.239028961841924098e-02 3.553201204990339562e-02
-1.719999999999978968e+01 6.370390244227119858e-02 3.757333921094791612e-02
-1.709999999999978826e+01 6.502347259919735722e-02 3.977597847762806560e-02
-1.699999999999978684e+01 6.634074373234691291e-02 4.215449741291373009e-02
-1.689999999999978542e+01 6.764534369426196403e-02 4.472458450624338527e-02
-1.679999999999978400e+01 6.892434530894026024e-02 4.750300545502142424e-02
-1.669999999999978257e+01 7.016175050953682435e-02 5.050749408187364675e-02
-1.659999999999978115e+01 7.133789140517098060e-02 5.375655098302085239e-02
-1.649999999999977973e+01 7.242874547064095947e-02 5.726911480805723514e-02
-1.639999999999977831e+01 7.340516869768018426e-02 6.106406133291700927e-02
-1.629999999999977689e+01 7.423206161876479137e-02 6.515947454585802046e-02
-1.619999999999977547e+01 7.486750044122794656e-02 6.957162273959748011e-02
-1.609999999999977405e+01 7.526189128681279317e-02 7.431356300857624997e-02
-1.599999999999977263e+01 7.535724196905635441e-02 7.939329301306552455e-02
-1.589999999999977121e+01 7.508669455129306225e-02 8.481137497587862284e-02
-1.579999999999976978e+01 7.437452301460092952e-02 9.055798196015214796e-02
-1.569999999999976836e+01 7.313686977233359310e-02 9.660937176941260252e-02
-1.559999999999976694e+01 7.128356167754261452e-02 1.029238925186368309e-01
-1.549999999999976552e+01 6.872138929492588311e-02 1.094377779999119449e-01
-1.539999999999976410e+01 6.535921793028760807e-02 1.160612044034179946e-01
-1.529999999999976268e+01 6.111517803505357033e-02 1.226753377386105293e-01
-1.519999999999976126e+01 5.592590541779098035e-02 1.291313553397656078e-01
-1.509999999999975984e+01 4.975733623144395351e-02 1.352525828756380999e-01
-1.499999999999975842e+01 4.261593127874197667e-02 1.408408176380557264e-01
-1.489999999999975699e+01 3.455852797432613921e-02 1.456874709721650285e-01
-1.479999999999975557e+01 2.569852886988752486e-02 1.495892866941453681e-01
-1.469999999999975415e+01 1.620613492690359952e-02 1.523671705001899135e-01
-1.459999999999975273e+01 6.301062904425388383e-03 1.538854137751059781e-01
-1.449999999999975131e+01 -3.762343820451902188e-03 1.540678019733992543e-01
-1.439999999999974989e+01 -1.371584144092195465e-02 1.529072228821096169e-01
-1.429999999999974847e+01 -2.330046639507251868e-02 1.504665918081677378e-01
-1.419999999999974705e+01 -3.228806944115313743e-02 1.468708775716640880e-01
-1.409999999999974563e+01 -4.049758656497726844e-02 1.422920583391664995e-01
-1.399999999999974420e+01 -4.780390838059940528e-02 1.369302331014270180e-01
-1.389999999999974278e+01 -5.413907682806255728e-02 1.309944585229854686e-01
-1.379999999999974136e+01 -5.948712663379175647e-02 1.246862418918162907e-01
-1.369999999999973994e+01 -6.387477943543200254e-02 1.181874196644477903e-01
-1.359999999999973852e+01 -6.736033098960961252e-02 1.116528905184538401e-01
-1.349999999999973710e+01 -7.002265633327700578e-02 1.052077116866969864e-01
-1.339999999999973568e+01 -7.195159714390678141e-02 9.894754278379103152e-02
-1.329999999999973426e+01 -7.324034258755227067e-02 9.294128680273824883e-02
-1.319999999999973284e+01 -7.397991173493703720e-02 8.723490144216271280e-02
-1.309999999999973141e+01 -7.425553181367094968e-02 8.185559751946028251e-02
-1.299999999999972999e+01 -7.414455802333057288e-02 7.681590344180327934e-02
-1.289999999999972857e+01 -7.371554815368128177e-02 7.211729917135975554e-02
-1.279999999999972715e+01 -7.302813982038032503e-02 6.775328928653878702e-02
-1.269999999999972573e+01 -7.213344235469991428e-02 6.371189380231280508e-02
-1.259999999999972431e+01 -7.107472544366189027e-02 5.997759838597992166e-02
-1.249999999999972289e+01 -6.988824987476885409e-02 5.653283579455440494e-02
-1.239999999999972147e+01 -6.860413712627339011e-02 5.335907953243258089e-02
-1.229999999999972005e+01 -6.724721337865249837e-02 5.043762780715213556e-02
-1.219999999999971863e+01 -6.583779126227509715e-02 4.775014695431353123e-02
-1.209999999999971720e+01 -6.439237150290855194e-02 4.527903241253715405e-02
-1.199999999999971578e+01 -6.292425880184136788e-02 4.300763423023109405e-02
-1.189999999999971436e+01 -6.144409370008483556e-02 4.092038406564805358e-02
-1.179999999999971294e+01 -5.996030632759975776e-02 3.900285212669430540e-02
-1.169999999999971152e+01 -5.847949994881797287e-02 3.724175555179833758e-02
-1.159999999999971010e+01 -5.700677287576304264e-02 3.562493422455096509e-02
-1.149999999999970868e+01 -5.554598717652342588e-02 3.414130574184078004e-02
-1.139999999999970726e+01 -5.409999202121956036e-02 3.278080799680975488e-02
-1.129999999999970584e+01 -5.267080870984772178e-02 3.153433538657712809e-02
-1.119999999999970441e+01 -5.125978356290281091e-02 3.039367283621536089e-02
-1.109999999999970299e+01 -4.986771400696843326e-02 2.935143049447941702e-02
-1.099999999999970157e+01 -4.849495240094526399e-02 2.840098098821742384e-02
-1.089999999999970015e+01 -4.714149144542528064e-02 2.753640042891686637e-02
-1.079999999999969873e+01 -4.580703440258195036e-02 2.675241387443876712e-02
-1.069999999999969731e+01 -4.449105282810993101e-02 2.604434561023736758e-02
-1.059999999999969589e+01 -4.319283407070011876e-02 2.540807438442023794e-02
-1.049999999999969447e+01 -4.191152042186886695e-02 2.483999358120820775e-02
-1.039999999999969305e+01 -4.064614149077186434e-02 2.433697622505637953e-02
-1.029999999999969162e+01 -3.939564112469071816e-02 2.389634465566489382e-02
-1.019999999999969020e+01 -3.815889999144181366e-02 2.351584469172132361e-02
-1.009999999999968878e+01 -3.693475477538464558e-02 2.319362409823278945e-02
-9.999999999999687361e+00 -3.572201481017430597e-02 2.292821518327689198e-02
-9.899999999999685940e+00 -3.451947687429990363e-02 2.271852137003745747e-02
-9.799999999999684519e+00 -3.332593880458004088e-02 2.256380761528902629e-02
-9.699999999999683098e+00 -3.214021253833214409e-02 2.246369457415831397e-02
-9.599999999999681677e+00 -3.096113717241026631e-02 2.241815644017054396e-02
-9.499999999999680256e+00 -2.978759262754922255e-02 2.242752241791892698e-02
-9.399999999999678835e+00 -2.861851452939904311e-02 2.249248181109658740e-02
-9.299999999999677414e+00 -2.745291096246083029e-02 2.261409272897285661e-02
-9.199999999999675993e+00 -2.628988182409775637e-02 2.279379442712089338e-02
-9.099999999999674571e+00 -2.512864160258443391e-02 2.303342329971282132e-02
-8.999999999999673150e+00 -2.396854653055000006e-02 2.333523252642029366e-02
-8.899999999999671729e+00 -2.280912722705757956e-02 2.370191534028037381e-02
-8.799999999999670308e+00 -2.165012814091970411e-02 2.413663181545652042e-02
-8.699999999999668887e+00 -2.049155535228861652e-02 2.464303896318355627e-02
-8.599999999999667466e+00 -1.933373458143012452e-02 2.522532375474268590e-02
-8.499999999999666045e+00 -1.817738159874533396e-02 2.588823844013233427e-02
-8.399999999999664624e+00 -1.702368763086791262e-02 2.663713717098223008e-02
-8.299999999999663203e+00 -1.587442281084623305e-02 2.747801242879554726e-02
-8.199999999999661782e+00 -1.473206121995714740e-02 2.841752905342493155e-02
-8.099999999999660361e+00 -1.359993159131972496e-02 2.946305269866875479e-02
-7.999999999999658939e+00 -1.248239825286193150e-02 3.062266822996486185e-02
-7.899999999999657518e+00 -1.138507730933387141e-02 3.190518182301765177e-02
-7.799999999999656097e+00 -1.031509328279132942e-02 3.332009820511586118e-02
-7.699999999999654676e+00 -9.281381267863042517e-03 3.487756146893863929e-02
-7.599999999999653255e+00 -8.295038829994084983e-03 3.658824405266437180e-02
-7.499999999999651834e+00 -7.369729969955399196e-03 3.846316371565943609e-02
-7.399999999999650413e+00 -6.522139905632651918e-03 4.051340262300698325e-02
-7.299999999999648992e+00 -5.772473370505827595e-03 4.274969613613111008e-02
-7.199999999999647571e+00 -5.144979542024415847e-03 4.518185205346379740e-02
-7.099999999999646150e+00 -4.668472307276627653e-03 4.781795486290653374e-02
-6.999999999999644729e+00 -4.376793969172291382e-03 5.066330590351452584e-02
-6.899999999999643308e+00 -4.309142542181447488e-03 5.371905225869461759e-02
-6.799999999999641886e+00 -4.510147215611780974e-03 5.698046939356584545e-02
-6.699999999999640465e+00 -5.029535128162163082e-03 6.043489145768062010e-02
-6.599999999999639044e+00 -5.921190776785337229e-03 6.405933666751267852e-02
-6.499999999999637623e+00 -7.241378530516925233e-03 6.781796094770538297e-02
-6.399999999999636202e+00 -9.045898017239175498e-03 7.165959501226078221e-02
-6.299999999999634781e+00 -1.138599883593693560e-02 7.551577241018259112e-02
-6.199999999999633360e+00 -1.430302629154428171e-02 7.929981465224171522e-02
-6.099999999999631939e+00 -1.782202718906741867e-02 8.290765447447043246e-02
-5.999999999999630518e+00 -2.194490954133236985e-02 8.622107336199902328e-02
-5.899999999999629097e+00 -2.664416442669969784e-02 8.911381825495658104e-02
-5.799999999999627676e+00 -3.185849536542080529e-02 9.146058800772688402e-02
-5.699999999999626255e+00 -3.749178141024098188e-02 9.314817244702551513e-02
-5.599999999999624833e+00 -4.341646024948361826e-02 9.408724766332653144e-02
-5.499999999999623412e+00 -4.948161271360396879e-02 9.422276148602311274e-02
-5.399999999999621991e+00 -5.552492322679149217e-02 9.354078011192690223e-02
-5.299999999999620570e+00 -6.138664142836887383e-02 9.207025962335621538e-02
-5.199999999999619149e+00 -6.692308896765160331e-02 8.987932924257872880e-02
-5.099999999999617728e+00 -7.201738974490266842e-02 8.706694561546168831e-02
-4.999999999999616307e+00 -7.658589339308022326e-02 8.375174231679485826e-02
-4.899999999999614886e+00 -8.057988096044015058e-02 8.006025376147132833e-02
-4.799999999999613465e+00 -8.398317269697022636e-02 7.611641842753619214e-02
-4.699999999999612044e+00 -8.680690193517354158e-02 7.203358442817600626e-02
-4.599999999999610623e+00 -8.908289344451721103e-02 6.790945961192133840e-02
-4.499999999999609201e+00 -9.085688964239233001e-02 6.382381357660521504e-02
-4.399999999999607780e+00 -9.218248425839810356e-02 5.983836190310185682e-02
-4.299999999999606359e+00 -9.311621560318808499e-02 5.599813531630085800e-02
-4.199999999999604938e+00 -9.371394216191239468e-02 5.233368480314067733e-02
-4.099999999999603517e+00 -9.402840778638155150e-02 4.886361193967597022e-02
-3.999999999999602096e+00 -9.410779391428264473e-02 4.559707430065462058e-02
-3.899999999999600675e+00 -9.399502380137580992e-02 4.253605886161504479e-02
-3.799999999999599254e+00 -9.372759807707325974e-02 3.967732523810402201e-02
-3.699999999999597833e+00 -9.333777751243482745e-02 3.701399397858410462e-02
-3.599999999999596412e+00 -9.285297152522908881e-02 3.453679880478157521e-02
-3.499999999999594991e+00 -9.229623066137865317e-02 3.223504372057545142e-02
-3.399999999999593570e+00 -9.168677418355050679e-02 3.009731374543907906e-02
-3.299999999999592148e+00 -9.104050910672684127e-02 2.811198748602243558e-02
-3.199999999999590727e+00 -9.037051523655902086e-02 2.626759490315140610e-02
-3.099999999999589306e+00 -8.968748327707268264e-02 2.455305704017708354e-02
-2.999999999999587885e+00 -8.900010125028026686e-02 2.295783765925982906e-02
-2.899999999999586464e+00 -8.831538952056974812e-02 2.147203046371667229e-02
-2.799999999999585043e+00 -8.763898760768501495e-02 2.008640019526593962e-02
-2.699999999999583622e+00 -8.697539743166415871e-02 1.879239146177115807e-02
-2.599999999999582201e+00 -8.632818818043432041e-02 1.758211560956311759e-02
-2.499999999999580780e+00 -8.570016798611013176e-02 1.644832318824557271e-02
-2.399999999999579359e+00 -8.509352727864061272e-02 1.538436742997301501e-02
-2.299999999999577938e+00 -8.450995820775417111e-02 1.438416254940158914e-02
-2.199999999999576517e+00 -8.395075398112197829e-02 1.344213945511243090e-02
-2.099999999999575095e+00 -8.341689140945175718e-02 1.255320055256579914e-02
-1.999999999999573674e+00 -8.290909940385193799e-02 1.171267464107091788e-02
-1.899999999999572253e+00 -8.242791564394878756e-02 1.091627240828373091e-02
-1.799999999999570832e+00 -8.197373312111437549e-02 1.016004266811519098e-02
-1.699999999999569411e+00 -8.154683774927763695e-02 9.440329255954078153e-03
-1.599999999999567990e+00 -8.114743771210394807e-02 8.753728388791088416e-03
-1.499999999999566569e+00 -8.077568467421207543e-02 8.097046342227975230e-03
-1.399999999999565148e+00 -8.043168643717307775e-02 7.467257538052558818e-03
-1.299999999999563727e+00 -8.011551011527341670e-02 6.861463640761768235e-03
-1.199999999999562306e+00 -7.982717454961282821e-02 6.276855103469085317e-03
-1.099999999999560885e+00 -7.956663066458410927e-02 5.710677826605507074e-03
-9.999999999995594635e-01 -7.933372909370177417e-02 5.160209149947716373e-03
-8.999999999995580424e-01 -7.912817603434005309e-02 4.622749047193296795e-03
-7.999999999995566213e-01 -7.894948127353745848e-02 4.095633572568414121e-03
-6.999999999995552002e-01 -7.879690672707988230e-02 3.576277368080690161e-03
-5.999999999995537792e-01 -7.866942906407671521e-02 3.062249125579449144e-03
-4.999999999995523581e-01 -7.856573441386735523e-02 2.551377211159083780e-03
-3.999999999995509370e-01 -7.848426400717491147e-02 2.041872146548447120e-03
-2.999999999995495159e-01 -7.842332371846291728e-02 1.532440397573039959e-03
-1.999999999995480948e-01 -7.838125608975879399e-02 1.022354728690406250e-03
-9.999999999954667373e-02 -7.835665255370230509e-02 5.114465748696436775e-04
4.547473508864641190e-13 -7.834856328985075058e-02 0.000000000000000000e+00
1.000000000004561684e-01 -7.835665255370230509e-02 -5.114465748696436775e-04
2.000000000004575895e-01 -7.838125608975940461e-02 -1.022354728699697429e-03
3.000000000004590106e-01 -7.842332371846386097e-02 -1.532440397582306851e-03
4.000000000004604317e-01 -7.848426400717491147e-02 -2.041872146548447120e-03
5.000000000004618528e-01 -7.856573441386735523e-02 -2.551377211159083780e-03
6.000000000004632739e-01 -7.866942906407671521e-02 -3.062249125579449144e-03
7.000000000004646949e-01 -7.879690672708243582e-02 -3.576277368090085423e-03
8.000000000004661160e-01 -7.894948127354045608e-02 -4.095633572577927345e-03
9.000000000004675371e-01 -7.912817603434005309e-02 -4.622749047193296795e-03
1.000000000000468958e+00 -7.933372909370177417e-02 -5.160209149947716373e-03
1.100000000000470379e+00 -7.956663066458410927e-02 -5.710677826605507074e-03
1.200000000000471800e+00 -7.982717454961782422e-02 -6.276855103479545700e-03
1.300000000000473221e+00 -8.011551011527892618e-02 -6.861463640772585970e-03
1.400000000000474643e+00 -8.043168643717307775e-02 -7.467257538052558818e-03
1.500000000000476064e+00 -8.077568467421207543e-02 -8.097046342227975230e-03
1.600000000000477485e+00 -8.114743771210394807e-02 -8.753728388791088416e-03
1.700000000000478906e+00 -8.154683774928514484e-02 -9.440329255966856126e-03
1.800000000000480327e+00 -8.197373312112238297e-02 -1.016004266812860213e-02
1.900000000000481748e+00 -8.242791564394878756e-02 -1.091627240828373091e-02
2.000000000000483169e+00 -8.290909940385193799e-02 -1.171267464107091788e-02
2.100000000000484590e+00 -8.341689140945175718e-02 -1.255320055256579914e-02
2.200000000000486011e+00 -8.395075398113191478e-02 -1.344213945512906516e-02
2.300000000000487432e+00 -8.450995820776457945e-02 -1.438416254941923995e-02
2.400000000000488853e+00 -8.509352727864061272e-02 -1.538436742997301501e-02
2.500000000000490274e+00 -8.570016798611013176e-02 -1.644832318824557271e-02
2.600000000000491696e+00 -8.632818818043432041e-02 -1.758211560956311759e-02
2.700000000000493117e+00 -8.697539743167609361e-02 -1.879239146179391765e-02
2.800000000000494538e+00 -8.763898760769722740e-02 -2.008640019529028820e-02
2.900000000000495959e+00 -8.831538952056974812e-02 -2.147203046371667229e-02
3.000000000000497380e+00 -8.900010125028026686e-02 -2.295783765925982906e-02
3.100000000000498801e+00 -8.968748327707268264e-02 -2.455305704017708354e-02
3.200000000000500222e+00 -9.037051523657137209e-02 -2.626759490318373788e-02
3.300000000000501643e+00 -9.104050910673885944e-02 -2.811198748605723760e-02
3.400000000000503064e+00 -9.168677418355050679e-02 -3.009731374543907906e-02
3.500000000000504485e+00 -9.229623066137865317e-02 -3.223504372057545142e-02
3.600000000000505906e+00 -9.285297152522908881e-02 -3.453679880478157521e-02
3.700000000000507328e+00 -9.333777751244287657e-02 -3.701399397863082419e-02
3.800000000000508749e+00 -9.372759807707933821e-02 -3.967732523815421797e-02
3.900000000000510170e+00 -9.399502380137580992e-02 -4.253605886161504479e-02
4.000000000000511591e+00 -9.410779391428264473e-02 -4.559707430065462058e-02
4.100000000000513012e+00 -9.402840778638155150e-02 -4.886361193967597022e-02
4.200000000000514433e+00 -9.371394216190424842e-02 -5.233368480320561150e-02
4.300000000000515854e+00 -9.311621560317433210e-02 -5.599813531636919917e-02
4.400000000000517275e+00 -9.218248425839810356e-02 -5.983836190310185682e-02
4.500000000000518696e+00 -9.085688964239233001e-02 -6.382381357660521504e-02
4.600000000000520117e+00 -8.908289344451721103e-02 -6.790945961192133840e-02
4.700000000000521538e+00 -8.680690193512728692e-02 -7.203358442825094632e-02
4.800000000000522959e+00 -8.398317269691366049e-02 -7.611641842760952237e-02
4.900000000000524381e+00 -8.057988096044015058e-02 -8.006025376147132833e-02
5.000000000000525802e+00 -7.658589339308022326e-02 -8.375174231679485826e-02
5.100000000000527223e+00 -7.201738974490266842e-02 -8.706694561546168831e-02
5.200000000000528644e+00 -6.692308896755461145e-02 -8.987932924262458101e-02
5.300000000000530065e+00 -6.138664142826480430e-02 -9.207025962338975800e-02
5.400000000000531486e+00 -5.552492322679149217e-02 -9.354078011192690223e-02
5.500000000000532907e+00 -4.948161271360396879e-02 -9.422276148602311274e-02
5.600000000000534328e+00 -4.341646024948361826e-02 -9.408724766332653144e-02
5.700000000000535749e+00 -3.749178141013542742e-02 -9.314817244700143717e-02
5.800000000000537170e+00 -3.185849536532180809e-02 -9.146058800768985808e-02
5.900000000000538591e+00 -2.664416442669969784e-02 -8.911381825495658104e-02
6.000000000000540012e+00 -2.194490954133236985e-02 -8.622107336199902328e-02
6.100000000000541434e+00 -1.782202718906741867e-02 -8.290765447447043246e-02
6.200000000000542855e+00 -1.430302629148579377e-02 -7.929981465217414427e-02
6.300000000000544276e+00 -1.138599883588922029e-02 -7.551577241011282748e-02
6.400000000000545697e+00 -9.045898017201636082e-03 -7.165959501219051897e-02
6.500000000000547118e+00 -7.241378530516925233e-03 -6.781796094770538297e-02
6.600000000000548539e+00 -5.921190776785337229e-03 -6.405933666751267852e-02
6.700000000000549960e+00 -5.029535128149510009e-03 -6.043489145761614389e-02
6.800000000000551381e+00 -4.510147215605383314e-03 -5.698046939350470685e-02
6.900000000000552802e+00 -4.309142542180375429e-03 -5.371905225863712885e-02
7.000000000000554223e+00 -4.376793969172291382e-03 -5.066330590351452584e-02
7.100000000000555644e+00 -4.668472307276627653e-03 -4.781795486290653374e-02
7.200000000000557066e+00 -5.144979542034546632e-03 -4.518185205341773009e-02
7.300000000000558487e+00 -5.772473370518439034e-03 -4.274969613608866487e-02
7.400000000000559908e+00 -6.522139905647247882e-03 -4.051340262296803524e-02
7.500000000000561329e+00 -7.369729969955399196e-03 -3.846316371565943609e-02
7.600000000000562750e+00 -8.295038829994084983e-03 -3.658824405266437180e-02
7.700000000000564171e+00 -9.281381267881451402e-03 -3.487756146890894776e-02
7.800000000000565592e+00 -1.031509328281050158e-02 -3.332009820508886194e-02
7.900000000000567013e+00 -1.138507730935361256e-02 -3.190518182299315053e-02
8.000000000000568434e+00 -1.248239825286193150e-02 -3.062266822996486185e-02
8.100000000000569855e+00 -1.359993159131972496e-02 -2.946305269866875479e-02
8.200000000000571276e+00 -1.473206121997783224e-02 -2.841752905340690083e-02
8.300000000000572697e+00 -1.587442281086708096e-02 -2.747801242877937269e-02
8.400000000000574119e+00 -1.702368763088885767e-02 -2.663713717096779371e-02
8.500000000000575540e+00 -1.817738159874533396e-02 -2.588823844013233427e-02
8.600000000000576961e+00 -1.933373458143012452e-02 -2.522532375474268590e-02
8.700000000000578382e+00 -2.049155535230968300e-02 -2.464303896317366488e-02
8.800000000000579803e+00 -2.165012814094077753e-02 -2.413663181544797517e-02
8.900000000000581224e+00 -2.280912722707866686e-02 -2.370191534027309491e-02
9.000000000000582645e+00 -2.396854653055000006e-02 -2.333523252642029366e-02
9.100000000000584066e+00 -2.512864160258443391e-02 -2.303342329971282132e-02
9.200000000000585487e+00 -2.628988182411888530e-02 -2.279379442711708392e-02
9.300000000000586908e+00 -2.745291096248200780e-02 -2.261409272897011921e-02
9.400000000000588329e+00 -2.861851452942026225e-02 -2.249248181109489084e-02
9.500000000000589750e+00 -2.978759262754922255e-02 -2.242752241791892698e-02
9.600000000000591172e+00 -3.096113717241026631e-02 -2.241815644017054396e-02
9.700000000000592593e+00 -3.214021253835364772e-02 -2.246369457415964277e-02
9.800000000000594014e+00 -3.332593880460167635e-02 -2.256380761529134388e-02
9.900000000000595435e+00 -3.451947687432169176e-02 -2.271852137004076733e-02
1.000000000000059686e+01 -3.572201481017430597e-02 -2.292821518327689198e-02
1.010000000000059828e+01 -3.693475477538464558e-02 -2.319362409823278945e-02
1.020000000000059970e+01 -3.815889999146418465e-02 -2.351584469172771086e-02
1.030000000000060112e+01 -3.939564112471333895e-02 -2.389634465567236007e-02
1.040000000000060254e+01 -4.064614149079473493e-02 -2.433697622506494906e-02
1.050000000000060396e+01 -4.191152042186886695e-02 -2.483999358120820775e-02
1.060000000000060538e+01 -4.319283407070011876e-02 -2.540807438442023794e-02
1.070000000000060680e+01 -4.449105282813370366e-02 -2.604434561024958003e-02
1.080000000000060822e+01 -4.580703440260605608e-02 -2.675241387445232571e-02
1.090000000000060965e+01 -4.714149144544971248e-02 -2.753640042893183357e-02
1.100000000000061107e+01 -4.849495240094526399e-02 -2.840098098821742384e-02
1.110000000000061249e+01 -4.986771400696843326e-02 -2.935143049447941702e-02
1.120000000000061391e+01 -5.125978356292829052e-02 -3.039367283623518531e-02
1.130000000000061533e+01 -5.267080870987354835e-02 -3.153433538659881907e-02
1.140000000000061675e+01 -5.409999202124571999e-02 -3.278080799683344426e-02
1.150000000000061817e+01 -5.554598717652342588e-02 -3.414130574184078004e-02
1.160000000000061959e+01 -5.700677287576304264e-02 -3.562493422455096509e-02
1.170000000000062101e+01 -5.847949994884484026e-02 -3.724175555182902830e-02
1.180000000000062244e+01 -5.996030632762675699e-02 -3.900285212672773005e-02
1.190000000000062386e+01 -6.144409370011182092e-02 -4.092038406568443420e-02
1.200000000000062528e+01 -6.292425880184136788e-02 -4.300763423023109405e-02
1.210000000000062670e+01 -6.439237150290855194e-02 -4.527903241253715405e-02
1.220000000000062812e+01 -6.583779126230110412e-02 -4.775014695436041040e-02
1.230000000000062954e+01 -6.724721337867774207e-02 -5.043762780720308786e-02
1.240000000000063096e+01 -6.860413712629748195e-02 -5.335907953248798102e-02
1.250000000000063238e+01 -6.988824987476885409e-02 -5.653283579455440494e-02
1.260000000000063380e+01 -7.107472544366189027e-02 -5.997759838597992166e-02
1.270000000000063523e+01 -7.213344235471780275e-02 -6.371189380238347078e-02
1.280000000000063665e+01 -7.302813982039485508e-02 -6.775328928661518424e-02
1.290000000000063807e+01 -7.371554815369159297e-02 -7.211729917144214796e-02
1.300000000000063949e+01 -7.414455802333057288e-02 -7.681590344180327934e-02
1.310000000000064091e+01 -7.425553181367094968e-02 -8.185559751946028251e-02
1.320000000000064233e+01 -7.397991173492804440e-02 -8.723490144226359044e-02
1.330000000000064375e+01 -7.324034258753411852e-02 -9.294128680284489963e-02
1.340000000000064517e+01 -7.195159714387783234e-02 -9.894754278390278934e-02
1.350000000000064659e+01 -7.002265633327700578e-02 -1.052077116866969864e-01
1.360000000000064801e+01 -6.736033098960961252e-02 -1.116528905184538401e-01
1.370000000000064944e+01 -6.387477943536060132e-02 -1.181874196645667507e-01
1.380000000000065086e+01 -5.948712663370334802e-02 -1.246862418919332804e-01
1.390000000000065228e+01 -5.413907682795632281e-02 -1.309944585230974345e-01
1.400000000000065370e+01 -4.780390838059940528e-02 -1.369302331014270180e-01
1.410000000000065512e+01 -4.049758656497726844e-02 -1.422920583391664995e-01
1.420000000000065654e+01 -3.228806944099626985e-02 -1.468708775717389725e-01
1.430000000000065796e+01 -2.330046639490297028e-02 -1.504665918082230824e-01
1.440000000000065938e+01 -1.371584144074351058e-02 -1.529072228821426460e-01
1.450000000000066080e+01 -3.762343820451902188e-03 -1.540678019733992543e-01
1.460000000000066223e+01 6.301062904425388383e-03 -1.538854137751059781e-01
1.470000000000066365e+01 1.620613492708074255e-02 -1.523671705001505006e-01
1.480000000000066507e+01 2.569852887005503669e-02 -1.495892866940841670e-01
1.490000000000066649e+01 3.455852797448044633e-02 -1.456874709720848426e-01
1.500000000000066791e+01 4.261593127874197667e-02 -1.408408176380557264e-01
1.510000000000066933e+01 4.975733623144395351e-02 -1.352525828756380999e-01
1.520000000000067075e+01 5.592590541789422415e-02 -1.291313553396506442e-01
1.530000000000067217e+01 6.111517803513920322e-02 -1.226753377384911525e-01
1.540000000000067359e+01 6.535921793035658067e-02 -1.160612044032972023e-01
1.550000000000067502e+01 6.872138929492588311e-02 -1.094377779999119449e-01
1.560000000000067644e+01 7.128356167754261452e-02 -1.029238925186368309e-01
1.570000000000067786e+01 7.313686977236141806e-02 -9.660937176929998427e-02
1.580000000000067928e+01 7.437452301461840165e-02 -9.055798196004476164e-02
1.590000000000068070e+01 7.508669455130176362e-02 -8.481137497577703743e-02
1.600000000000068212e+01 7.535724196905635441e-02 -7.939329301306552455e-02
1.610000000000068354e+01 7.526189128681279317e-02 -7.431356300857624997e-02
1.620000000000068496e+01 7.486750044121841252e-02 -6.957162273951428277e-02
1.630000000000068638e+01 7.423206161875135767e-02 -6.515947454578067954e-02
1.640000000000068781e+01 7.340516869766366970e-02 -6.106406133284528887e-02
1.650000000000068923e+01 7.242874547064095947e-02 -5.726911480805723514e-02
1.660000000000069065e+01 7.133789140517098060e-02 -5.375655098302085239e-02
1.670000000000069207e+01 7.016175050951481418e-02 -5.050749408181682415e-02
1.680000000000069349e+01 6.892434530891730637e-02 -4.750300545496887600e-02
1.690000000000069491e+01 6.764534369423842730e-02 -4.472458450619478526e-02
1.700000000000069633e+01 6.634074373234691291e-02 -4.215449741291373009e-02
1.710000000000069775e+01 6.502347259919735722e-02 -3.977597847762806560e-02
1.720000000000069917e+01 6.370390244224721776e-02 -3.757333921090935669e-02
1.730000000000070060e+01 6.239028961839543364e-02 -3.553201204986764644e-02
1.740000000000070202e+01 6.108914543567149635e-02 -3.363854897374574104e-02
1.750000000000070344e+01 5.980554698643795325e-02 -3.188059003463442759e-02
1.760000000000070486e+01 5.854339640140501094e-02 -3.024681276847830322e-02
1.770000000000070628e+01 5.730563620867572955e-02 -2.872687036976131342e-02
1.780000000000070770e+01 5.609442765963321142e-02 -2.731132419970104530e-02
1.790000000000070912e+01 5.491129801564637730e-02 -2.599157448483645216e-02
1.800000000000071054e+01 5.375726194794316903e-02 -2.475979180593099183e-02
1.810000000000071196e+01 5.263292142880911934e-02 -2.360885106669151356e-02
1.820000000000071338e+01 5.153854780291179660e-02 -2.253226898022828509e-02
1.830000000000071481e+01 5.047414912577032065e-02 -2.152414564985340173e-02
1.840000000000071623e+01 4.943952534157805556e-02 -2.057911050165851796e-02
1.850000000000071765e+01 4.843431343499191022e-02 -1.969227260830951412e-02
1.860000000000071907e+01 4.745802432394847364e-02 -1.885917529993891978e-02
1.870000000000072049e+01 4.651007295381012069e-02 -1.807575486758883701e-02
1.880000000000072191e+01 4.558980279711001560e-02 -1.733830311073837269e-02
1.890000000000072333e+01 4.469650575216075478e-02 -1.664343345372517463e-02
1.900000000000072475e+01 4.382943825847961106e-02 -1.598805034609981912e-02
1.910000000000072617e+01 4.298783430266549244e-02 -1.536932166447647734e-02
1.920000000000072760e+01 4.217091586973450990e-02 -1.478465384385956732e-02
1.930000000000072902e+01 4.137790129644020043e-02 -1.423166948089157717e-02
1.940000000000073044e+01 4.060801190306170122e-02 -1.370818716936128383e-02
1.950000000000073186e+01 3.986047721350485795e-02 -1.321220334668975725e-02
1.960000000000073328e+01 3.913453901900529330e-02 -1.274187594892709288e-02
1.970000000000073470e+01 3.842945449607224062e-02 -1.229550969028947276e-02
1.980000000000073612e+01 3.774449855185385561e-02 -1.187154280040169860e-02
1.990000000000073754e+01 3.707896554011685941e-02 -1.146853506907152299e-02
2.000000000000073896e+01 3.643217046565080247e-02 -1.108515706335972198e-02
2.010000000000074039e+01 3.580344977421905106e-02 -1.072018039558922733e-02
2.020000000000074181e+01 3.519216180832865359e-02 -1.037246893369069695e-02
2.030000000000074323e+01 3.459768699457985153e-02 -1.004097085646205728e-02
2.040000000000074465e+01 3.401942781712138930e-02 -9.724711466861603662e-03
2.050000000000074607e+01 3.345680862187420945e-02 -9.422786685562817288e-03
2.060000000000074749e+01 3.290927528824122428e-02 -9.134357155301210326e-03
2.070000000000074891e+01 3.237629479864065352e-02 -8.858642894064688508e-03
2.080000000000075033e+01 3.185735473039796178e-02 -8.594918441607979354e-03
2.090000000000075175e+01 3.135196269038469097e-02 -8.342508449870042475e-03
2.100000000000075318e+01 3.085964570885564931e-02 -8.100783673024226916e-03
2.110000000000075460e+01 3.037994960586113194e-02 -7.869157317588151845e-03
2.120000000000075602e+01 2.991243834123343687e-02 -7.647081717280771254e-03
2.130000000000075744e+01 2.945669335672339642e-02 -7.434045300877764779e-03
2.140000000000075886e+01 2.901231291743057439e-02 -7.229569824780219742e-03
2.150000000000076028e+01 2.857891145804828184e-02 -7.033207844869012945e-03
2.160000000000076170e+01 2.815611893826350937e-02 -6.844540404848870226e-03
2.170000000000076312e+01 2.774358021082778958e-02 -6.663174920695108701e-03
2.180000000000076454e+01 2.734095440473375063e-02 -6.488743242776398752e-03
2.190000000000076597e+01 2.694791432554665897e-02 -6.320899879211835763e-03
2.200000000000076739e+01 2.656414587423997289e-02 -6.159320365607357135e-03
2.210000000000076881e+01 2.618934748544940114e-02 -6.003699767803249293e-03
2.220000000000077023e+01 2.582322958583870010e-02 -5.853751305645950309e-03
2.230000000000077165e+01 2.546551407273707490e-02 -5.709205086878484624e-03
2.240000000000077307e+01 2.511593381321935298e-02 -5.569806941405970602e-03
2.250000000000077449e+01 2.477423216347338433e-02 -5.435317347081086367e-03
2.260000000000077591e+01 2.444016250815835012e-02 -5.305510439007991678e-03
2.270000000000077733e+01 2.411348781946642816e-02 -5.180173095173045382e-03
2.280000000000077875e+01 2.379398023529518194e-02 -5.059104091809086406e-03
2.290000000000078018e+01 2.348142065609041401e-02 -4.942113322599921317e-03
2.300000000000078160e+01 2.317559835974562776e-02 -4.829021076333959300e-03
2.310000000000078302e+01 2.287631063391675629e-02 -4.719657368115572245e-03
2.320000000000078444e+01 2.258336242519975307e-02 -4.613861319730239163e-03
2.330000000000078586e+01 2.229656600441304315e-02 -4.511480585090481277e-03
2.340000000000078728e+01 2.201574064741843723e-02 -4.412370817125020085e-03
2.350000000000078870e+01 2.174071233080487192e-02 -4.316395172759590268e-03
2.360000000000079012e+01 2.147131344177130238e-02 -4.223423852936428538e-03
2.370000000000079154e+01 2.120738250165626892e-02 -4.133333674921399470e-03
2.380000000000079297e+01 2.094876390240128783e-02 -4.046007674328895576e-03
2.390000000000079439e+01 2.069530765542785394e-02 -3.961334734575110324e-03
2.400000000000079581e+01 2.044686915232529420e-02 -3.879209241633449576e-03
2.410000000000079723e+01 2.020330893677052889e-02 -3.799530762147998540e-03
2.420000000000079865e+01 1.996449248721092473e-02 -3.722203743153823519e-03
2.430000000000080007e+01 1.973029000970428354e-02 -3.647137231749164512e-03
2.440000000000080149e+01 1.950057624048961991e-02 -3.574244613251917856e-03
2.450000000000080291e+01 1.927523025779247570e-02 -3.503443366465244617e-03
2.460000000000080433e+01 1.905413530239229852e-02 -3.434654834790520223e-03
2.470000000000080576e+01 1.883717860658128823e-02 -3.367804012052982160e-03
2.480000000000080718e+01 1.862425123102105784e-02 -3.302819341953260220e-03
2.490000000000080860e+01 1.841524790916595350e-02 -3.239632530187777464e-03
2.500000000000081002e+01 1.821006689885861646e-02 -3.178178368332187920e-03
2.510000000000081144e+01 1.800860984072418652e-02 -3.118394568654031009e-03
2.520000000000081286e+01 1.781078162308084509e-02 -3.060221609107308116e-03
2.530000000000081428e+01 1.761649025297110094e-02 -3.003602587781773088e-03
2.540000000000081570e+01 1.742564673306479933e-02 -2.948483086172955063e-03
2.550000000000081712e+01 1.723816494412510128e-02 -2.894811040665867547e-03
2.560000000000081855e+01 1.705396153274599258e-02 -2.842536621671904601e-03
2.570000000000081997e+01 1.687295580415138635e-02 -2.791612119919315970e-03
2.580000000000082139e+01 1.669506961974008205e-02 -2.741991839401877913e-03
2.590000000000082281e+01 1.652022729919319644e-02 -2.693631996559667837e-03
2.600000000000082423e+01 1.634835552690382457e-02 -2.646490625278454488e-03
2.610000000000082565e+01 1.617938326250254258e-02 -2.600527487324828975e-03
2.620000000000082707e+01 1.601324165532531582e-02 -2.555703987878501973e-03
2.630000000000082849e+01 1.584986396257130614e-02 -2.511983095818398539e-03
2.640000000000082991e+01 1.568918547101750410e-02 -2.469329268472460551e-03
2.650000000000083134e+01 1.553114342210360974e-02 -2.427708380545130773e-03
2.660000000000083276e+01 1.537567694021089310e-02 -2.387087656956992255e-03
2.670000000000083418e+01 1.522272696402482764e-02 -2.347435609364263622e-03
2.680000000000083560e+01 1.507223618077799601e-02 -2.308721976116205783e-03
2.690000000000083702e+01 1.492414896327870846e-02 -2.270917665450590799e-03
2.700000000000083844e+01 1.477841130957928406e-02 -2.233994701726491582e-03
2.710000000000083986e+01 1.463497078514693073e-02 -2.197926174507608237e-03
2.720000000000084128e+01 1.449377646745880939e-02 -2.162686190334978283e-03
2.730000000000084270e+01 1.435477889285641413e-02 -2.128249827015826941e-03
2.740000000000084412e+01 1.421793000559279374e-02 -2.094593090289495561e-03
2.750000000000084555e+01 1.408318310895837443e-02 -2.061692872727565080e-03
2.760000000000084697e+01 1.395049281837743710e-02 -2.029526914735006737e-03
2.770000000000084839e+01 1.381981501642131835e-02 -1.998073767539481141e-03
2.780000000000084981e+01 1.369110680960266939e-02 -1.967312758042813556e-03
2.790000000000085123e+01 1.356432648690586787e-02 -1.937223955436984156e-03
2.800000000000085265e+01 1.343943347996299532e-02 -1.907788139481617984e-03
2.810000000000085407e+01 1.331638832479028686e-02 -1.878986770346803732e-03
2.820000000000085549e+01 1.319515262504876094e-02 -1.850801959941506501e-03
2.830000000000085691e+01 1.307568901671656361e-02 -1.823216444634600088e-03
2.840000000000085834e+01 1.295796113414369316e-02 -1.796213559299409367e-03
2.850000000000085976e+01 1.284193357741700639e-02 -1.769777212606573561e-03
2.860000000000086118e+01 1.272757188096764434e-02 -1.743891863494900166e-03
2.870000000000086260e+01 1.261484248339770319e-02 -1.718542498763522440e-03
2.880000000000086402e+01 1.250371269843197214e-02 -1.693714611715719121e-03
2.890000000000086544e+01 1.239415068697674593e-02 -1.669394181805199627e-03
2.900000000000086686e+01 1.228612543022787780e-02 -1.645567655229318192e-03
2.910000000000086828e+01 1.217960670377343443e-02 -1.622221926417180896e-03
2.920000000000086970e+01 1.207456505267768578e-02 -1.599344320372128071e-03
2.930000000000087113e+01 1.197097176746619168e-02 -1.576922575815686281e-03
2.940000000000087255e+01 1.186879886100288689e-02 -1.554944829097811617e-03
2.950000000000087397e+01 1.176801904621192427e-02 -1.533399598831932569e-03
2.960000000000087539e+01 1.166860571460020743e-02 -1.512275771215859828e-03
2.970000000000087681e+01 1.157053291557423938e-02 -1.491562586009511629e-03
2.980000000000087823e+01 1.147377533648264065e-02 -1.471249623128668233e-03
2.990000000000087965e+01 1.137830828338130471e-02 -1.451326789829581907e-03
3.000000000000088107e+01 1.128410766248254260e-02 -1.431784308453071426e-03
3.010000000000088249e+01 1.119114996225210705e-02 -1.412612704698665463e-03
3.020000000000088392e+01 1.109941223615302543e-02 -1.393802796407932199e-03
3.030000000000088534e+01 1.100887208597664882e-02 -1.375345682825139786e-03
3.040000000000088676e+01 1.091950764576242634e-02 -1.357232734317199811e-03
3.050000000000088818e+01 1.083129756627450313e-02 -1.339455582528958043e-03
3.060000000000088960e+01 1.074422100000518854e-02 -1.322006110951325086e-03
3.070000000000089102e+01 1.065825758670812737e-02 -1.304876445887281260e-03
3.080000000000089244e+01 1.057338743940893638e-02 -1.288058947790543009e-03
3.090000000000089386e+01 1.048959113089810782e-02 -1.271546202964004245e-03
3.100000000000089528e+01 1.040684968067949467e-02 -1.255331015599467619e-03
3.110000000000089670e+01 1.032514454234941675e-02 -1.239406400141311333e-03
3.120000000000089813e+01 1.024445759141200812e-02 -1.223765573963391928e-03
3.130000000000089955e+01 1.016477111348449910e-02 -1.208401950338956407e-03
3.140000000000090097e+01 1.008606779289964589e-02 -1.193309131694435992e-03
3.150000000000090239e+01 1.000833070168286737e-02 -1.178480903132711607e-03
3.160000000000090381e+01 9.931543288882922066e-03 -1.163911226212306377e-03
3.170000000000090523e+01 9.855689370263771842e-03 -1.149594232974946936e-03
3.180000000000090665e+01 9.780753118316349443e-03 -1.135524220205060084e-03
3.190000000000090807e+01 9.706719052599073472e-03 -1.121695643914799763e-03
