-3.200000000000000000e+01 5.813419517923294755e-03 6.252739200705339498e-04
-3.189999999999999858e+01 5.854772351181421891e-03 6.323710474340174959e-04
-3.179999999999999716e+01 5.896590028292241978e-03 6.395820174825903297e-04
-3.169999999999999574e+01 5.938879893689160208e-03 6.469092465830681826e-04
-3.159999999999999432e+01 5.981649444336323285e-03 6.543552159713582209e-04
-3.149999999999999289e+01 6.024906333699323394e-03 6.619224738790296676e-04
-3.139999999999999147e+01 6.068658375849080369e-03 6.696136377440851896e-04
-3.129999999999999005e+01 6.112913549691963155e-03 6.774313965076881596e-04
-3.119999999999998863e+01 6.157680003334831120e-03 6.853785130014350023e-04
-3.109999999999998721e+01 6.202966058594201401e-03 6.934578264300585810e-04
-3.099999999999998579e+01 6.248780215642537467e-03 7.016722549517466446e-04
-3.089999999999998437e+01 6.295131157813486922e-03 7.100247983635596871e-04
-3.079999999999998295e+01 6.342027756559662222e-03 7.185185408946155768e-04
-3.069999999999998153e+01 6.389479076572843544e-03 7.271566541128354723e-04
-3.059999999999998010e+01 6.437494381077383393e-03 7.359423999514148234e-04
-3.049999999999997868e+01 6.486083137290288639e-03 7.448791338583037221e-04
-3.039999999999997726e+01 6.535255022072122139e-03 7.539703080777977219e-04
-3.029999999999997584e+01 6.585019927762888331e-03 7.632194750681624198e-04
-3.019999999999997442e+01 6.635387968214648616e-03 7.726302910626812884e-04
-3.009999999999997300e+01 6.686369485033221219e-03 7.822065197819914537e-04
-2.999999999999997158e+01 6.737975054023454327e-03 7.919520363025060955e-04
-2.989999999999997016e+01 6.790215491864759478e-03 8.018708310921348822e-04
-2.979999999999996874e+01 6.843101863012264821e-03 8.119670142189654421e-04
-2.969999999999996732e+01 6.896645486837178068e-03 8.222448197424266862e-04
-2.959999999999996589e+01 6.950857945021237869e-03 8.327086102970790785e-04
-2.949999999999996447e+01 7.005751089200689535e-03 8.433628818759234761e-04
-2.939999999999996305e+01 7.061337048889962387e-03 8.542122688272459725e-04
-2.929999999999996163e+01 7.117628239681615676e-03 8.652615490730565344e-04
-2.919999999999996021e+01 7.174637371739052069e-03 8.765156495615408598e-04
-2.909999999999995879e+01 7.232377458599451719e-03 8.879796519667454598e-04
-2.899999999999995737e+01 7.290861826284250266e-03 8.996587986453166664e-04
-2.889999999999995595e+01 7.350104122751196026e-03 9.115584988680513904e-04
-2.879999999999995453e+01 7.410118327686768605e-03 9.236843353376893943e-04
-2.869999999999995310e+01 7.470918762658528348e-03 9.360420710092942501e-04
-2.859999999999995168e+01 7.532520101648718103e-03 9.486376562306816701e-04
-2.849999999999995026e+01 7.594937381968629858e-03 9.614772362167995625e-04
-2.839999999999994884e+01 7.658186015592935783e-03 9.745671588809221670e-04
-2.829999999999994742e+01 7.722281800915158090e-03 9.879139830387903293e-04
-2.819999999999994600e+01 7.787240934948657517e-03 1.001524487007515859e-03
-2.809999999999994458e+01 7.853080025998646074e-03 1.015405677622537766e-03
-2.799999999999994316e+01 7.919816106808245937e-03 1.029564799692339865e-03
-2.789999999999994174e+01 7.987466648223839547e-03 1.044009345920781208e-03
-2.779999999999994031e+01 8.056049573384894275e-03 1.058747067319874575e-03
-2.769999999999993889e+01 8.125583272467925416e-03 1.073785984142438393e-03
-2.759999999999993747e+01 8.196086618016254488e-03 1.089134397366122928e-03
-2.749999999999993605e+01 8.267578980862937132e-03 1.104800900756740430e-03
-2.739999999999993463e+01 8.340080246700047259e-03 1.120794393550558071e-03
-2.729999999999993321e+01 8.413610833304521058e-03 1.137124093787931839e-03
-2.719999999999993179e+01 8.488191708457592036e-03 1.153799552338502683e-03
-2.709999999999993037e+01 8.563844408596959362e-03 1.170830667661077341e-03
-2.699999999999992895e+01 8.640591058215428555e-03 1.188227701338001163e-03
-2.689999999999992752e+01 8.718454390068939436e-03 1.206001294437517718e-03
-2.679999999999992610e+01 8.797457766211276564e-03 1.224162484750301524e-03
-2.669999999999992468e+01 8.877625199901879871e-03 1.242722724955871950e-03
-2.659999999999992326e+01 8.958981378435872459e-03 1.261693901778705457e-03
-2.649999999999992184e+01 9.041551686918444103e-03 1.281088356191133117e-03
-2.639999999999992042e+01 9.125362233058952055e-03 1.300918904736401115e-03
-2.629999999999991900e+01 9.210439873011823375e-03 1.321198862038255005e-03
-2.619999999999991758e+01 9.296812238322686023e-03 1.341942064575266189e-03
-2.609999999999991616e+01 9.384507764041949765e-03 1.363162895804041850e-03
-2.599999999999991473e+01 9.473555718039216450e-03 1.384876312713869068e-03
-2.589999999999991331e+01 9.563986231610071415e-03 1.407097873915135518e-03
-2.579999999999991189e+01 9.655830331415139051e-03 1.429843769357779393e-03
-2.569999999999991047e+01 9.749119972825716351e-03 1.453130851791152329e-03
-2.559999999999990905e+01 9.843888074755179768e-03 1.476976670085401299e-03
-2.549999999999990763e+01 9.940168556024607527e-03 1.501399504534936015e-03
-2.539999999999990621e+01 1.003799637337488004e-02 1.526418404289213524e-03
-2.529999999999990479e+01 1.013740756118208970e-02 1.552053227051942205e-03
-2.519999999999990337e+01 1.023843927297140091e-02 1.578324681209747338e-03
-2.509999999999990195e+01 1.034112982483010972e-02 1.605254370564372342e-03
-2.499999999999990052e+01 1.044551874078868819e-02 1.632864841846563744e-03
-2.489999999999989910e+01 1.055164680030791502e-02 1.661179635221424113e-03
-2.479999999999989768e+01 1.065955608795150777e-02 1.690223337994644671e-03
-2.469999999999989626e+01 1.076929004536560444e-02 1.720021641756177243e-03
-2.459999999999989484e+01 1.088089352569377236e-02 1.750601403217797759e-03
-2.449999999999989342e+01 1.099441285052185115e-02 1.781990709011169443e-03
-2.439999999999989200e+01 1.110989586952358492e-02 1.814218944755148499e-03
-2.429999999999989058e+01 1.122739202291461909e-02 1.847316868707377189e-03
-2.419999999999988916e+01 1.134695240686905970e-02 1.881316690353571899e-03
-2.409999999999988773e+01 1.146862984206122038e-02 1.916252154318787582e-03
-2.399999999999988631e+01 1.159247894545870246e-02 1.952158630005595063e-03
-2.389999999999988489e+01 1.171855620557668912e-02 1.989073207422190591e-03
-2.379999999999988347e+01 1.184692006133481433e-02 2.027034799681757486e-03
-2.369999999999988205e+01 1.197763098470901524e-02 2.066084252710490270e-03
-2.359999999999988063e+01 1.211075156737995845e-02 2.106264462750603514e-03
-2.349999999999987921e+01 1.224634661153946660e-02 2.147620502283289004e-03
-2.339999999999987779e+01 1.238448322510748122e-02 2.190199755079889118e-03
-2.329999999999987637e+01 1.252523092153589104e-02 2.234052061129015304e-03
-2.319999999999987494e+01 1.266866172443007442e-02 2.279229872272296731e-03
-2.309999999999987352e+01 1.281485027722696103e-02 2.325788419460541462e-03
-2.299999999999987210e+01 1.296387395812133303e-02 2.373785892611845333e-03
-2.289999999999987068e+01 1.311581300052828448e-02 2.423283634177518259e-03
-2.279999999999986926e+01 1.327075061928141564e-02 2.474346347598608848e-03
-2.269999999999986784e+01 1.342877314281965169e-02 2.527042321968938233e-03
-2.259999999999986642e+01 1.358997015161693238e-02 2.581443674351180471e-03
-2.249999999999986500e+01 1.375443462304708556e-02 2.637626611316731731e-03
-2.239999999999986358e+01 1.392226308297036391e-02 2.695671711473124517e-03
-2.229999999999986215e+01 1.409355576421607650e-02 2.755664230886323632e-03
-2.219999999999986073e+01 1.426841677217627682e-02 2.817694433520831140e-03
-2.209999999999985931e+01 1.444695425770504624e-02 2.881857949040810170e-03
-2.199999999999985789e+01 1.462928059742299447e-02 2.948256160536195242e-03
-2.189999999999985647e+01 1.481551258159799316e-02 3.016996625048814010e-03
-2.179999999999985505e+01 1.500577160961034419e-02 3.088193530036977344e-03
-2.169999999999985363e+01 1.520018389300823586e-02 3.161968189276918601e-03
-2.159999999999985221e+01 1.539888066607967426e-02 3.238449582078504769e-03
-2.149999999999985079e+01 1.560199840369346815e-02 3.317774940086966502e-03
-2.139999999999984936e+01 1.580967904615866726e-02 3.400090386461057310e-03
-2.129999999999984794e+01 1.602207023057210938e-02 3.485551632698905347e-03
-2.119999999999984652e+01 1.623932552800185641e-02 3.574324739000126969e-03
-2.109999999999984510e+01 1.646160468562334750e-02 3.666586944717176774e-03
-2.099999999999984368e+01 1.668907387255936722e-02 3.762527576158458502e-03
-2.089999999999984226e+01 1.692190592796590995e-02 3.862349039895232681e-03
-2.079999999999984084e+01 1.716028060934602847e-02 3.966267910602564589e-03
-2.069999999999983942e+01 1.740438483863996494e-02 4.074516123545404191e-03
-2.059999999999983800e+01 1.765441294302462494e-02 4.187342283001833920e-03
-2.049999999999983658e+01 1.791056688651512102e-02 4.305013099198545107e-03
-2.039999999999983515e+01 1.817305648771065651e-02 4.427814967888705350e-03
-2.029999999999983373e+01 1.844209961777548007e-02 4.556055708302374913e-03
-2.019999999999983231e+01 1.871792237150853022e-02 4.690066477111394343e-03
-2.009999999999983089e+01 1.900075920275905855e-02 4.830203878156099848e-03
-1.999999999999982947e+01 1.929085301340931202e-02 4.976852289987771134e-03
-1.989999999999982805e+01 1.958845518298186344e-02 5.130426436004691115e-03
-1.979999999999982663e+01 1.989382552292606049e-02 5.291374224824924033e-03
-1.969999999999982521e+01 2.020723213631588772e-02 5.460179891878471151e-03
-1.959999999999982379e+01 2.052895115955696154e-02 5.637367476870699945e-03
-1.949999999999982236e+01 2.085926635757241743e-02 5.823504675771010511e-03
-1.939999999999982094e+01 2.119846853806497608e-02 6.019207110578398377e-03
-1.929999999999981952e+01 2.154685474289319558e-02 6.225143064941309964e-03
-1.919999999999981810e+01 2.190472716578628631e-02 6.442038739149658771e-03
-1.909999999999981668e+01 2.227239173479715964e-02 6.670684083839483608e-03
-1.899999999999981526e+01 2.265015628461203301e-02 6.911939277878881988e-03
-1.889999999999981384e+01 2.303832822809302738e-02 7.166741922561588665e-03
-1.879999999999981242e+01 2.343721161679783796e-02 7.436115030783951863e-03
-1.869999999999981100e+01 2.384710345677670471e-02 7.721175896589747151e-03
-1.859999999999980957e+01 2.426828911723550100e-02 8.023145936653600790e-03
-1.849999999999980815e+01 2.470103663489306087e-02 8.343361600613767581e-03
-1.839999999999980673e+01 2.514558967440648149e-02 8.683286450675821444e-03
-1.829999999999980531e+01 2.560215885418188481e-02 9.044524511993353930e-03
-1.819999999999980389e+01 2.607091108441399185e-02 9.428834991790119302e-03
-1.809999999999980247e+01 2.655195648908911105e-02 9.838148455595843722e-03
-1.799999999999980105e+01 2.704533239287801663e-02 1.027458453001654434e-02
-1.789999999999979963e+01 2.755098374445772921e-02 1.074047116904731751e-02
-1.779999999999979821e+01 2.806873921740005162e-02 1.123836547013715853e-02
-1.769999999999979678e+01 2.859828207400099895e-02 1.177107594860527830e-02
-1.759999999999979536e+01 2.913911469427004144e-02 1.234168606538610380e-02
-1.749999999999979394e+01 2.969051545857275334e-02 1.295357863933835167e-02
-1.739999999999979252e+01 3.025148642693752110e-02 1.361046054329123796e-02
-1.729999999999979110e+01 3.082068998307066141e-02 1.431638675959508514e-02
-1.719999999999978968e+01 3.139637231166295117e-02 1.507578242384115079e-02
-1.709999999999978826e+01 3.197627126887032933e-02 1.589346087608847075e-02
-1.699999999999978684e+01 3.255750591369820091e-02 1.677463491665582423e-02
-1.689999999999978542e+01 3.313644473825162751e-02 1.772491736711572993e-02
-1.679999999999978400e+01 3.370854954327762859e-02 1.875030559639833186e-02
-1.669999999999978257e+01 3.426819206864913092e-02 1.985714280706326468e-02
-1.659999999999978115e+01 3.480844108651914848e-02 2.105204651446962102e-02
-1.649999999999977973e+01 3.532081895942713184e-02 2.234179173734324522e-02
-1.639999999999977831e+01 3.579502902857663316e-02 2.373313295513671678e-02
-1.629999999999977689e+01 3.621865913504651591e-02 2.523254499655527144e-02
-1.619999999999977547e+01 3.657687273820486168e-02 2.684585903129569490e-02
-1.609999999999977405e+01 3.685210825524630474e-02 2.857776642530751240e-02
-1.599999999999977263e+01 3.702382020326271117e-02 3.043116160642376014e-02
-1.589999999999977121e+01 3.706831308271389680e-02 3.240629725789454657e-02
-1.579999999999976978e+01 3.695874066428196658e-02 3.449973407710149598e-02
-1.569999999999976836e+01 3.666536802299899533e-02 3.670308699943573838e-02
-1.559999999999976694e+01 3.615621745738357984e-02 3.900160488881616871e-02
-1.549999999999976552e+01 3.539823476716429107e-02 4.137267548704365999e-02
-1.539999999999976410e+01 3.435910692987897280e-02 4.378442331472280624e-02
-1.529999999999976268e+01 3.300981923216604608e-02 4.619465988735368261e-02
-1.519999999999976126e+01 3.132794134135758607e-02 4.855053594929008981e-02
-1.509999999999975984e+01 2.930146627940584392e-02 5.078930162748430954e-02
-1.499999999999975842e+01 2.693280207495338946e-02 5.284055528494248366e-02
-1.489999999999975699e+01 2.424227540405191755e-02 5.463020612770907308e-02
-1.479999999999975557e+01 2.127033248287713008e-02 5.608606409846897400e-02
-1.469999999999975415e+01 1.807762221905296479e-02 5.714453608998604217e-02
-1.459999999999975273e+01 1.474240664463822778e-02 5.775746243116834655e-02
-1.449999999999975131e+01 1.135526638368081209e-02 5.789784551575958421e-02
-1.439999999999974989e+01 8.011730428524137942e-03 5.756326694361012242e-02
-1.429999999999974847e+01 4.804033086251789653e-03 5.677621689383459402e-02
-1.419999999999974705e+01 1.813456485183995159e-03 5.558125887791515174e-02
-1.409999999999974563e+01 -8.954552679745729493e-04 5.403968029898205405e-02
-1.399999999999974420e+01 -3.278049863821911464e-03 5.222277594998449984e-02
-1.389999999999974278e+01 -5.309992058006286764e-03 5.020503388639572379e-02
-1.379999999999974136e+01 -6.985428935047371252e-03 4.805826587449429227e-02
-1.369999999999973994e+01 -8.313680320911842614e-03 4.584729744545373853e-02
-1.359999999999973852e+01 -9.315286621283676294e-03 4.362738430900518077e-02
-1.349999999999973710e+01 -1.001809858927576319e-02 4.144318044575564380e-02
-1.339999999999973568e+01 -1.045385860105866455e-02 3.932889665714488919e-02
-1.329999999999973426e+01 -1.065549081961197561e-02 3.730924051136419450e-02
-1.319999999999973284e+01 -1.065513868060763078e-02 3.540077253567484872e-02
-1.309999999999973141e+01 -1.048287653951755077e-02 3.361340013109003627e-02
-1.299999999999972999e+01 -1.016596949623477589e-02 3.195182393302022777e-02
-1.289999999999972857e+01 -9.728543861169541146e-03 3.041683116406107210e-02
-1.279999999999972715e+01 -9.191543021643992090e-03 2.900638961615805908e-02
-1.269999999999972573e+01 -8.572866305841680273e-03 2.771653468350809488e-02
-1.259999999999972431e+01 -7.887613355706247359e-03 2.654206426255454471e-02
-1.249999999999972289e+01 -7.148379015580151596e-03 2.547706707234970516e-02
-1.239999999999972147e+01 -6.365562017487062102e-03 2.451531321154555576e-02
-1.229999999999972005e+01 -5.547664554203728809e-03 2.365053473106009524e-02
-1.219999999999971863e+01 -4.701569696349012367e-03 2.287662083556483636e-02
-1.209999999999971720e+01 -3.832790312278226696e-03 2.218774838491695614e-02
-1.199999999999971578e+01 -2.945687479899650185e-03 2.157846442163005932e-02
-1.189999999999971436e+01 -2.043659016579480597e-03 2.104373388923919466e-02
-1.179999999999971294e+01 -1.129300230465569987e-03 2.057896268092679337e-02
-1.169999999999971152e+01 -2.045397129857434715e-04 2.018000369060087007e-02
-1.159999999999971010e+01 7.292467715512909732e-04 1.984315158281902552e-02
-1.149999999999970868e+01 1.671141292464265599e-03 1.956513048186438175e-02
-1.139999999999970726e+01 2.620604854310679827e-03 1.934307762531720445e-02
-1.129999999999970584e+01 3.577412073746639304e-03 1.917452516020315759e-02
-1.119999999999970441e+01 4.541597215199668497e-03 1.905738161783412585e-02
-1.109999999999970299e+01 5.513409666787861402e-03 1.898991413389597427e-02
-1.099999999999970157e+01 6.493277212681683452e-03 1.897073214201689881e-02
-1.089999999999970015e+01 7.481775702009287043e-03 1.899877302916866753e-02
-1.079999999999969873e+01 8.479603926240180528e-03 1.907329007470348614e-02
-1.069999999999969731e+01 9.487562694941557156e-03 1.919384288271220110e-02
-1.059999999999969589e+01 1.050653724802686623e-02 1.936029044523806739e-02
-1.049999999999969447e+01 1.153748226236465252e-02 1.957278693118450624e-02
-1.039999999999969305e+01 1.258140880451565774e-02 1.983178027446404201e-02
-1.029999999999969162e+01 1.363937265325625148e-02 2.013801362952859914e-02
-1.019999999999969020e+01 1.471246346513263234e-02 2.049252976824818620e-02
-1.009999999999968878e+01 1.580179428740008385e-02 2.089667850638789875e-02
-9.999999999999687361e+00 1.690849093490496419e-02 2.135212726813503353e-02
-9.899999999999685940e+00 1.803368074105125146e-02 2.186087492122678819e-02
-9.799999999999684519e+00 1.917848016916147771e-02 2.242526904226719783e-02
-9.699999999999683098e+00 2.034398072584410813e-02 2.304802679939330426e-02
-9.599999999999681677e+00 2.153123255319267654e-02 2.373225966686555444e-02
-9.499999999999680256e+00 2.274122498783318416e-02 2.448150221100679064e-02
-9.399999999999678835e+00 2.397486325860188894e-02 2.529974520649134334e-02
-9.299999999999677414e+00 2.523294034834913657e-02 2.619147335390529033e-02
-9.199999999999675993e+00 2.651610286101541147e-02 2.716170786753269867e-02
-9.099999999999674571e+00 2.782480950898712918e-02 2.821605418156489936e-02
-8.999999999999673150e+00 2.915928055862709520e-02 2.936075497362336875e-02
-8.899999999999671729e+00 3.051943623496012475e-02 3.060274861410427691e-02
-8.799999999999670308e+00 3.190482168184523293e-02 3.194973300312860254e-02
-8.699999999999668887e+00 3.331451558823518566e-02 3.341023452853779385e-02
-8.599999999999667466e+00 3.474701901703974860e-02 3.499368153983602181e-02
-8.499999999999666045e+00 3.620012030017881466e-02 3.671048124131944673e-02
-8.399999999999664624e+00 3.767073108662145897e-02 3.857209820697070357e-02
-8.299999999999663203e+00 3.915468775423627812e-02 4.059113173897616056e-02
-8.199999999999661782e+00 4.064651143417079282e-02 4.278138793151821384e-02
-8.099999999999660361e+00 4.213911889069393846e-02 4.515794044203998159e-02
-7.999999999999658939e+00 4.362347552413548685e-02 4.773717145579794985e-02
-7.899999999999657518e+00 4.508818095336316473e-02 5.053678096428214361e-02
-7.799999999999656097e+00 4.651897721018186105e-02 5.357574804121227607e-02
-7.699999999999654676e+00 4.789816988757608640e-02 5.687422203422384803e-02
-7.599999999999653255e+00 4.920395416483595158e-02 6.045331424985792707e-02
-7.499999999999651834e+00 5.040964127363539715e-02 6.433475159356076556e-02
-7.399999999999650413e+00 5.148278779938358918e-02 6.854034269123733536e-02
-7.299999999999648992e+00 5.238424178359590844e-02 7.309119455455057035e-02
-7.199999999999647571e+00 5.306713792501573101e-02 7.800660474271492451e-02
-7.099999999999646150e+00 5.347590172583018692e-02 8.330254214815539793e-02
-6.999999999999644729e+00 5.354536183210344830e-02 8.898962252337255796e-02
-6.899999999999643308e+00 5.320012327679470021e-02 9.507048854526670145e-02
-6.799999999999641886e+00 5.235442235912454723e-02 1.015365275243255844e-01
-6.699999999999640465e+00 5.091276313296076023e-02 1.083639151490145419e-01
-6.599999999999639044e+00 4.877171545443182571e-02 1.155090759548490081e-01
-6.499999999999637623e+00 4.582331354091633002e-02 1.229038152226954034e-01
-6.399999999999636202e+00 4.196049533734946130e-02 1.304506103268671946e-01
-6.299999999999634781e+00 3.708491458160830673e-02 1.380188408944266198e-01
-6.199999999999633360e+00 3.111717969485795765e-02 1.454430404280521727e-01
-6.099999999999631939e+00 2.400908148558533045e-02 1.525244718535629374e-01
-5.999999999999630518e+00 1.575667397772201328e-02 1.590373200204356074e-01
-5.899999999999629097e+00 6.412280208123261049e-03 1.647403902798064146e-01
-5.799999999999627676e+00 -3.907149894365150034e-03 1.693942951148754705e-01
-5.699999999999626255e+00 -1.501805700941948388e-02 1.727827573411643003e-01
-5.599999999999624833e+00 -2.667674274597892775e-02 1.747351682285184227e-01
-5.499999999999623412e+00 -3.859483091705197266e-02 1.751464494307801989e-01
-5.399999999999621991e+00 -5.046214116048973464e-02 1.739901471639502817e-01
-5.299999999999620570e+00 -6.197338958146709348e-02 1.713218206818933331e-01
-5.199999999999619149e+00 -7.285401956339385143e-02 1.672719349377560227e-01
-5.099999999999617728e+00 -8.288072267038930352e-02 1.620299007483196052e-01
-4.999999999999616307e+00 -9.189372327331375712e-02 1.558227510548225447e-01
-4.899999999999614886e+00 -9.980004082603821658e-02 1.488926207605892615e-01
-4.799999999999613465e+00 -1.065689152967458087e-01 1.414766730953184448e-01
-4.699999999999612044e+00 -1.122218130135442665e-01 1.337918114475797893e-01
-4.599999999999610623e+00 -1.168197636852872923e-01 1.260250222923514352e-01
-4.499999999999609201e+00 -1.204504064466205837e-01 1.183289808590036601e-01
-4.399999999999607780e+00 -1.232163888226178172e-01 1.108218300570339709e-01
-4.299999999999606359e+00 -1.252259833083778640e-01 1.035897991569375287e-01
-4.199999999999604938e+00 -1.265861562535155471e-01 9.669142113521705939e-02
-4.099999999999603517e+00 -1.273979117220507828e-01 9.016237192888398866e-02
-3.999999999999602096e+00 -1.277535229285809981e-01 8.402026201771073399e-02
-3.899999999999600675e+00 -1.277352018083521001e-01 7.826898429586021111e-02
-3.799999999999599254e+00 -1.274147846728349021e-01 7.290243052138244140e-02
-3.699999999999597833e+00 -1.268540818549923621e-01 6.790752894879778512e-02
-3.599999999999596412e+00 -1.261056207845415722e-01 6.326663927850681435e-02
-3.499999999999594991e+00 -1.252135878834463312e-01 5.895938318214632295e-02
-3.399999999999593570e+00 -1.242148375729103804e-01 5.496400364682957340e-02
-3.299999999999592148e+00 -1.231398848924731837e-01 5.125834534446489094e-02
-3.199999999999590727e+00 -1.220138330671838994e-01 4.782053894582470599e-02
-3.099999999999589306e+00 -1.208572112836434342e-01 4.462945969485265091e-02
-2.999999999999587885e+00 -1.196867135705368124e-01 4.166501751886392962e-02
-2.899999999999586464e+00 -1.185158393364812157e-01 3.890832396452297004e-02
-2.799999999999585043e+00 -1.173554416458445215e-01 3.634177094585334250e-02
-2.699999999999583622e+00 -1.162141921036266845e-01 3.394904781613380940e-02
-2.599999999999582201e+00 -1.150989722670070492e-01 3.171511650776558111e-02
-2.499999999999580780e+00 -1.140152014928362684e-01 2.962615920071761874e-02
-2.399999999999579359e+00 -1.129671105253347019e-01 2.766950892296353437e-02
-2.299999999999577938e+00 -1.119579692191799841e-01 2.583357040697512041e-02
-2.199999999999576517e+00 -1.109902757626874126e-01 2.410773621496295829e-02
-2.099999999999575095e+00 -1.100659137139169408e-01 2.248230141916277014e-02
-1.999999999999573674e+00 -1.091862821414594092e-01 2.094837884449817639e-02
-1.899999999999572253e+00 -1.083524031875450072e-01 1.949781594323181724e-02
-1.799999999999570832e+00 -1.075650104371651261e-01 1.812311369989941245e-02
-1.699999999999569411e+00 -1.068246205672412630e-01 1.681734752307063527e-02
-1.599999999999567990e+00 -1.061315898415051417e-01 1.557408985745556418e-02
-1.499999999999566569e+00 -1.054861560992989000e-01 1.438733427644569088e-02
-1.399999999999565148e+00 -1.048884659754665133e-01 1.325142115650713298e-02
-1.299999999999563727e+00 -1.043385862531360231e-01 1.216096578648890453e-02
-1.199999999999562306e+00 -1.038364976543499352e-01 1.111079103740059484e-02
-1.099999999999560885e+00 -1.033820693062582341e-01 1.009586857516548558e-02
-9.999999999995594635e-01 -1.029750130313271672e-01 9.111274967756002874e-03
-8.999999999995580424e-01 -1.026148190638965230e-01 8.152171548566601589e-03
-7.999999999995566213e-01 -1.023006793091933014e-01 7.213818696596693836e-03
-6.999999999995552002e-01 -1.020314109364242605e-01 6.291634830801910716e-03
-5.999999999995537792e-01 -1.018054010397468900e-01 5.381305983949202787e-03
-4.999999999995523581e-01 -1.016205998203472127e-01 4.478941648432800682e-03
-3.999999999995509370e-01 -1.014745910321158129e-01 3.581256590240056159e-03
-2.999999999995495159e-01 -1.013647594667708707e-01 2.685739695120079040e-03
-1.999999999995480948e-01 -1.012885533502524416e-01 1.790756925805436772e-03
-9.999999999954667373e-02 -1.012438077636960698e-01 8.955357641075648023e-04
4.547473508864641190e-13 -1.012290643255833733e-01 0.000000000000000000e+00
1.000000000004561684e-01 -1.012438077636960698e-01 -8.955357641075648023e-04
2.000000000004575895e-01 -1.012885533502535379e-01 -1.790756925821701540e-03
3.000000000004590106e-01 -1.013647594667725638e-01 -2.685739695136364624e-03
4.000000000004604317e-01 -1.014745910321158129e-01 -3.581256590240056159e-03
5.000000000004618528e-01 -1.016205998203472127e-01 -4.478941648432800682e-03
6.000000000004632739e-01 -1.018054010397468900e-01 -5.381305983949202787e-03
7.000000000004646949e-01 -1.020314109364287569e-01 -6.291634830818557123e-03
8.000000000004661160e-01 -1.023006793091985889e-01 -7.213818696613603920e-03
9.000000000004675371e-01 -1.026148190638965230e-01 -8.152171548566601589e-03
1.000000000000468958e+00 -1.029750130313271672e-01 -9.111274967756002874e-03
1.100000000000470379e+00 -1.033820693062582341e-01 -1.009586857516548558e-02
1.200000000000471800e+00 -1.038364976543586504e-01 -1.111079103741936802e-02
1.300000000000473221e+00 -1.043385862531456265e-01 -1.216096578650836119e-02
1.400000000000474643e+00 -1.048884659754665133e-01 -1.325142115650713298e-02
1.500000000000476064e+00 -1.054861560992989000e-01 -1.438733427644569088e-02
1.600000000000477485e+00 -1.061315898415051417e-01 -1.557408985745556418e-02
1.700000000000478906e+00 -1.068246205672543220e-01 -1.681734752309380077e-02
1.800000000000480327e+00 -1.075650104371790455e-01 -1.812311369992377491e-02
1.900000000000481748e+00 -1.083524031875450072e-01 -1.949781594323181724e-02
2.000000000000483169e+00 -1.091862821414594092e-01 -2.094837884449817639e-02
2.100000000000484590e+00 -1.100659137139169408e-01 -2.248230141916277014e-02
2.200000000000486011e+00 -1.109902757627045933e-01 -2.410773621499340616e-02
2.300000000000487432e+00 -1.119579692191979836e-01 -2.583357040700748689e-02
2.400000000000488853e+00 -1.129671105253347019e-01 -2.766950892296353437e-02
2.500000000000490274e+00 -1.140152014928362684e-01 -2.962615920071761874e-02
2.600000000000491696e+00 -1.150989722670070492e-01 -3.171511650776558111e-02
2.700000000000493117e+00 -1.162141921036472236e-01 -3.394904781617584522e-02
2.800000000000494538e+00 -1.173554416458654770e-01 -3.634177094589841062e-02
2.900000000000495959e+00 -1.185158393364812157e-01 -3.890832396452297004e-02
3.000000000000497380e+00 -1.196867135705368124e-01 -4.166501751886392962e-02
3.100000000000498801e+00 -1.208572112836434342e-01 -4.462945969485265091e-02
3.200000000000500222e+00 -1.220138330672047300e-01 -4.782053894588494947e-02
3.300000000000501643e+00 -1.231398848924932787e-01 -5.125834534452979041e-02
3.400000000000503064e+00 -1.242148375729103804e-01 -5.496400364682957340e-02
3.500000000000504485e+00 -1.252135878834463312e-01 -5.895938318214632295e-02
3.600000000000505906e+00 -1.261056207845415722e-01 -6.326663927850681435e-02
3.700000000000507328e+00 -1.268540818550044358e-01 -6.790752894888536784e-02
3.800000000000508749e+00 -1.274147846728430900e-01 -7.290243052147664382e-02
3.900000000000510170e+00 -1.277352018083521001e-01 -7.826898429586021111e-02
4.000000000000511591e+00 -1.277535229285809981e-01 -8.402026201771073399e-02
4.100000000000513012e+00 -1.273979117220507828e-01 -9.016237192888398866e-02
4.200000000000514433e+00 -1.265861562534960905e-01 -9.669142113533926719e-02
4.300000000000515854e+00 -1.252259833083475549e-01 -1.035897991570662313e-01
4.400000000000517275e+00 -1.232163888226178172e-01 -1.108218300570339709e-01
4.500000000000518696e+00 -1.204504064466205837e-01 -1.183289808590036601e-01
4.600000000000520117e+00 -1.168197636852872923e-01 -1.260250222923514352e-01
4.700000000000521538e+00 -1.122218130134512715e-01 -1.337918114477208709e-01
4.800000000000522959e+00 -1.065689152966329267e-01 -1.414766730954564178e-01
4.900000000000524381e+00 -9.980004082603821658e-02 -1.488926207605892615e-01
5.000000000000525802e+00 -9.189372327331375712e-02 -1.558227510548225447e-01
5.100000000000527223e+00 -8.288072267038930352e-02 -1.620299007483196052e-01
5.200000000000528644e+00 -7.285401956320311512e-02 -1.672719349378411768e-01
5.300000000000530065e+00 -6.197338958126268060e-02 -1.713218206819548950e-01
5.400000000000531486e+00 -5.046214116048973464e-02 -1.739901471639502817e-01
5.500000000000532907e+00 -3.859483091705197266e-02 -1.751464494307801989e-01
5.600000000000534328e+00 -2.667674274597892775e-02 -1.747351682285184227e-01
5.700000000000535749e+00 -1.501805700921157727e-02 -1.727827573411153117e-01
5.800000000000537170e+00 -3.907149894169577309e-03 -1.693942951148017240e-01
5.900000000000538591e+00 6.412280208123261049e-03 -1.647403902798064146e-01
6.000000000000540012e+00 1.575667397772201328e-02 -1.590373200204356074e-01
6.100000000000541434e+00 2.400908148558533045e-02 -1.525244718535629374e-01
6.200000000000542855e+00 3.111717969497680009e-02 -1.454430404279196121e-01
6.300000000000544276e+00 3.708491458170672800e-02 -1.380188408942897293e-01
6.400000000000545697e+00 4.196049533742867571e-02 -1.304506103267292771e-01
6.500000000000547118e+00 4.582331354091633002e-02 -1.229038152226954034e-01
6.600000000000548539e+00 4.877171545443182571e-02 -1.155090759548490081e-01
6.700000000000549960e+00 5.091276313299300527e-02 -1.083639151488872965e-01
6.800000000000551381e+00 5.235442235914506554e-02 -1.015365275242045701e-01
6.900000000000552802e+00 5.320012327680525427e-02 -9.507048854515254277e-02
7.000000000000554223e+00 5.354536183210344830e-02 -8.898962252337255796e-02
7.100000000000555644e+00 5.347590172583018692e-02 -8.330254214815539793e-02
7.200000000000557066e+00 5.306713792500561411e-02 -7.800660474262210986e-02
7.300000000000558487e+00 5.238424178358132982e-02 -7.309119455446450031e-02
7.400000000000559908e+00 5.148278779936550642e-02 -6.854034269115774625e-02
7.500000000000561329e+00 5.040964127363539715e-02 -6.433475159356076556e-02
7.600000000000562750e+00 4.920395416483595158e-02 -6.045331424985792707e-02
7.700000000000564171e+00 4.789816988755159211e-02 -5.687422203416136329e-02
7.800000000000565592e+00 4.651897721015624265e-02 -5.357574804115469713e-02
7.900000000000567013e+00 4.508818095333678305e-02 -5.053678096422910965e-02
8.000000000000568434e+00 4.362347552413548685e-02 -4.773717145579794985e-02
8.100000000000569855e+00 4.213911889069393846e-02 -4.515794044203998159e-02
8.200000000000571276e+00 4.064651143414363399e-02 -4.278138793147672619e-02
8.300000000000572697e+00 3.915468775420918174e-02 -4.059113173893790644e-02
8.400000000000574119e+00 3.767073108659457076e-02 -3.857209820693546787e-02
8.500000000000575540e+00 3.620012030017881466e-02 -3.671048124131944673e-02
8.600000000000576961e+00 3.474701901703974860e-02 -3.499368153983602181e-02
8.700000000000578382e+00 3.331451558820934522e-02 -3.341023452851013542e-02
8.800000000000579803e+00 3.190482168181984352e-02 -3.194973300310308822e-02
8.900000000000581224e+00 3.051943623493514474e-02 -3.060274861408074712e-02
9.000000000000582645e+00 2.915928055862709520e-02 -2.936075497362336875e-02
9.100000000000584066e+00 2.782480950898712918e-02 -2.821605418156489936e-02
9.200000000000585487e+00 2.651610286099183658e-02 -2.716170786751429672e-02
9.300000000000586908e+00 2.523294034832601965e-02 -2.619147335388836983e-02
9.400000000000588329e+00 2.397486325857922651e-02 -2.529974520647581063e-02
9.500000000000589750e+00 2.274122498783318416e-02 -2.448150221100679064e-02
9.600000000000591172e+00 2.153123255319267654e-02 -2.373225966686555444e-02
9.700000000000592593e+00 2.034398072582270858e-02 -2.304802679938142140e-02
9.800000000000594014e+00 1.917848016914046674e-02 -2.242526904225640785e-02
9.900000000000595435e+00 1.803368074103060478e-02 -2.186087492121703557e-02
1.000000000000059686e+01 1.690849093490496419e-02 -2.135212726813503353e-02
1.010000000000059828e+01 1.580179428740008385e-02 -2.089667850638789875e-02
1.020000000000059970e+01 1.471246346511297098e-02 -2.049252976824129588e-02
1.030000000000060112e+01 1.363937265323687462e-02 -2.013801362952259699e-02
1.040000000000060254e+01 1.258140880449655497e-02 -1.983178027445890723e-02
1.050000000000060396e+01 1.153748226236465252e-02 -1.957278693118450624e-02
1.060000000000060538e+01 1.050653724802686623e-02 -1.936029044523806739e-02
1.070000000000060680e+01 9.487562694923134393e-03 -1.919384288270959207e-02
1.080000000000060822e+01 8.479603926221952054e-03 -1.907329007470171325e-02
1.090000000000060965e+01 7.481775701991228572e-03 -1.899877302916772731e-02
1.100000000000061107e+01 6.493277212681683452e-03 -1.897073214201689881e-02
1.110000000000061249e+01 5.513409666787861402e-03 -1.898991413389597427e-02
1.120000000000061391e+01 4.541597215182057584e-03 -1.905738161783580159e-02
1.130000000000061533e+01 3.577412073729170638e-03 -1.917452516020574926e-02
1.140000000000061675e+01 2.620604854293343000e-03 -1.934307762532075023e-02
1.150000000000061817e+01 1.671141292464265599e-03 -1.956513048186438175e-02
1.160000000000061959e+01 7.292467715512909732e-04 -1.984315158281902552e-02
1.170000000000062101e+01 -2.045397130026431476e-04 -2.018000369060755222e-02
1.180000000000062244e+01 -1.129300230482310069e-03 -2.057896268093463432e-02
1.190000000000062386e+01 -2.043659016596012512e-03 -2.104373388924827420e-02
1.200000000000062528e+01 -2.945687479899650185e-03 -2.157846442163005932e-02
1.210000000000062670e+01 -3.832790312278226696e-03 -2.218774838491695614e-02
1.220000000000062812e+01 -4.701569696364614470e-03 -2.287662083557812087e-02
1.230000000000062954e+01 -5.547664554218883354e-03 -2.365053473107497917e-02
1.240000000000063096e+01 -6.365562017501647657e-03 -2.451531321156215359e-02
1.250000000000063238e+01 -7.148379015580151596e-03 -2.547706707234970516e-02
1.260000000000063380e+01 -7.887613355706247359e-03 -2.654206426255454471e-02
1.270000000000063523e+01 -8.572866305853570068e-03 -2.771653468353049363e-02
1.280000000000063665e+01 -9.191543021654542678e-03 -2.900638961618260542e-02
1.290000000000063807e+01 -9.728543861178464563e-03 -3.041683116408784582e-02
1.300000000000063949e+01 -1.016596949623477589e-02 -3.195182393302022777e-02
1.310000000000064091e+01 -1.048287653951755077e-02 -3.361340013109003627e-02
1.320000000000064233e+01 -1.065513868060927530e-02 -3.540077253570848154e-02
1.330000000000064375e+01 -1.065549081961024436e-02 -3.730924051139995756e-02
1.340000000000064517e+01 -1.045385860105296771e-02 -3.932889665718254657e-02
1.350000000000064659e+01 -1.001809858927576319e-02 -4.144318044575564380e-02
1.360000000000064801e+01 -9.315286621283676294e-03 -4.362738430900518077e-02
1.370000000000064944e+01 -8.313680320890717151e-03 -4.584729744549418534e-02
1.380000000000065086e+01 -6.985428935020097929e-03 -4.805826587453410070e-02
1.390000000000065228e+01 -5.309992057972577617e-03 -5.020503388643381137e-02
1.400000000000065370e+01 -3.278049863821911464e-03 -5.222277594998449984e-02
1.410000000000065512e+01 -8.954552679745729493e-04 -5.403968029898205405e-02
1.420000000000065654e+01 1.813456485235988291e-03 -5.558125887794024278e-02
1.430000000000065796e+01 4.804033086308379802e-03 -5.677621689385277393e-02
1.440000000000065938e+01 8.011730428583992841e-03 -5.756326694362043361e-02
1.450000000000066080e+01 1.135526638368081209e-02 -5.789784551575958421e-02
1.460000000000066223e+01 1.474240664463822778e-02 -5.775746243116834655e-02
1.470000000000066365e+01 1.807762221911259765e-02 -5.714453608997073497e-02
1.480000000000066507e+01 2.127033248293341491e-02 -5.608606409844592994e-02
1.490000000000066649e+01 2.424227540410355680e-02 -5.463020612767933992e-02
1.500000000000066791e+01 2.693280207495338946e-02 -5.284055528494248366e-02
1.510000000000066933e+01 2.930146627940584392e-02 -5.078930162748430954e-02
1.520000000000067075e+01 3.132794134139130215e-02 -4.855053594924810256e-02
1.530000000000067217e+01 3.300981923219356573e-02 -4.619465988731016881e-02
1.540000000000067359e+01 3.435910692990062909e-02 -4.378442331467881365e-02
1.550000000000067502e+01 3.539823476716429107e-02 -4.137267548704365999e-02
1.560000000000067644e+01 3.615621745738357984e-02 -3.900160488881616871e-02
1.570000000000067786e+01 3.666536802300619791e-02 -3.670308699939472952e-02
1.580000000000067928e+01 3.695874066428554011e-02 -3.449973407706238143e-02
1.590000000000068070e+01 3.706831308271439640e-02 -3.240629725785752757e-02
1.600000000000068212e+01 3.702382020326271117e-02 -3.043116160642376014e-02
1.610000000000068354e+01 3.685210825524630474e-02 -2.857776642530751240e-02
1.620000000000068496e+01 3.657687273819904689e-02 -2.684585903126528519e-02
1.630000000000068638e+01 3.621865913503935497e-02 -2.523254499652697810e-02
1.640000000000068781e+01 3.579502902856843138e-02 -2.373313295511043919e-02
1.650000000000068923e+01 3.532081895942713184e-02 -2.234179173734324522e-02
1.660000000000069065e+01 3.480844108651914848e-02 -2.105204651446962102e-02
1.670000000000069207e+01 3.426819206863909728e-02 -1.985714280704235085e-02
1.680000000000069349e+01 3.370854954326731046e-02 -1.875030559637895500e-02
1.690000000000069491e+01 3.313644473824114978e-02 -1.772491736709778248e-02
1.700000000000069633e+01 3.255750591369820091e-02 -1.677463491665582423e-02
1.710000000000069775e+01 3.197627126887032933e-02 -1.589346087608847075e-02
1.720000000000069917e+01 3.139637231165243181e-02 -1.507578242382682197e-02
1.730000000000070060e+01 3.082068998306023919e-02 -1.431638675958176940e-02
1.740000000000070202e+01 3.025148642692724113e-02 -1.361046054327885724e-02
1.750000000000070344e+01 2.969051545857275334e-02 -1.295357863933835167e-02
1.760000000000070486e+01 2.913911469427004144e-02 -1.234168606538610380e-02
1.770000000000070628e+01 2.859828207399126715e-02 -1.177107594859524986e-02
1.780000000000070770e+01 2.806873921739052799e-02 -1.123836547012779276e-02
1.790000000000070912e+01 2.755098374444842069e-02 -1.074047116903856063e-02
1.800000000000071054e+01 2.704533239287801663e-02 -1.027458453001654434e-02
1.810000000000071196e+01 2.655195648908911105e-02 -9.838148455595843722e-03
1.820000000000071338e+01 2.607091108440534252e-02 -9.428834991782908057e-03
1.830000000000071481e+01 2.560215885417346793e-02 -9.044524511986578100e-03
1.840000000000071623e+01 2.514558967439827972e-02 -8.683286450669449805e-03
1.850000000000071765e+01 2.470103663489306087e-02 -8.343361600613767581e-03
1.860000000000071907e+01 2.426828911723550100e-02 -8.023145936653600790e-03
1.870000000000072049e+01 2.384710345676915172e-02 -7.721175896584410274e-03
1.880000000000072191e+01 2.343721161679048620e-02 -7.436115030778912491e-03
1.890000000000072333e+01 2.303832822808586644e-02 -7.166741922556823380e-03
1.900000000000072475e+01 2.265015628461203301e-02 -6.911939277878881988e-03
1.910000000000072617e+01 2.227239173479715964e-02 -6.670684083839483608e-03
1.920000000000072760e+01 2.190472716578628631e-02 -6.442038739149658771e-03
1.930000000000072902e+01 2.154685474288676322e-02 -6.225143064937466685e-03
1.940000000000073044e+01 2.119846853805872761e-02 -6.019207110574748519e-03
1.950000000000073186e+01 2.085926635757241743e-02 -5.823504675771010511e-03
1.960000000000073328e+01 2.052895115955696154e-02 -5.637367476870699945e-03
1.970000000000073470e+01 2.020723213631588772e-02 -5.460179891878471151e-03
1.980000000000073612e+01 1.989382552292042958e-02 -5.291374224821927298e-03
1.990000000000073754e+01 1.958845518297637825e-02 -5.130426436001830556e-03
2.000000000000073896e+01 1.929085301340931202e-02 -4.976852289987771134e-03
2.010000000000074039e+01 1.900075920275905855e-02 -4.830203878156099848e-03
2.020000000000074181e+01 1.871792237150853022e-02 -4.690066477111394343e-03
2.030000000000074323e+01 1.844209961777052917e-02 -4.556055708299991402e-03
2.040000000000074465e+01 1.817305648770582011e-02 -4.427814967886422454e-03
2.050000000000074607e+01 1.791056688651512102e-02 -4.305013099198545107e-03
2.060000000000074749e+01 1.765441294302462494e-02 -4.187342283001833920e-03
2.070000000000074891e+01 1.740438483863996494e-02 -4.074516123545404191e-03
2.080000000000075033e+01 1.716028060934163268e-02 -3.966267910600633842e-03
2.090000000000075175e+01 1.692190592796162518e-02 -3.862349039893380430e-03
2.100000000000075318e+01 1.668907387255936722e-02 -3.762527576158458502e-03
2.110000000000075460e+01 1.646160468562334750e-02 -3.666586944717176774e-03
2.120000000000075602e+01 1.623932552800185641e-02 -3.574324739000126969e-03
2.130000000000075744e+01 1.602207023056819585e-02 -3.485551632697320677e-03
2.140000000000075886e+01 1.580967904615484740e-02 -3.400090386459531620e-03
2.150000000000076028e+01 1.560199840369346815e-02 -3.317774940086966502e-03
2.160000000000076170e+01 1.539888066607967426e-02 -3.238449582078504769e-03
2.170000000000076312e+01 1.520018389300823586e-02 -3.161968189276918601e-03
2.180000000000076454e+01 1.500577160960684525e-02 -3.088193530035658954e-03
2.190000000000076597e+01 1.481551258159457228e-02 -3.016996625047541156e-03
2.200000000000076739e+01 1.462928059742299447e-02 -2.948256160536195242e-03
2.210000000000076881e+01 1.444695425770504624e-02 -2.881857949040810170e-03
2.220000000000077023e+01 1.426841677217627682e-02 -2.817694433520831140e-03
2.230000000000077165e+01 1.409355576421293318e-02 -2.755664230885215144e-03
2.240000000000077307e+01 1.392226308296728304e-02 -2.695671711472051590e-03
2.250000000000077449e+01 1.375443462304708556e-02 -2.637626611316731731e-03
2.260000000000077591e+01 1.358997015161693238e-02 -2.581443674351180471e-03
2.270000000000077733e+01 1.342877314281965169e-02 -2.527042321968938233e-03
2.280000000000077875e+01 1.327075061927856202e-02 -2.474346347597665158e-03
2.290000000000078018e+01 1.311581300052549678e-02 -2.423283634176603626e-03
2.300000000000078160e+01 1.296387395812133303e-02 -2.373785892611845333e-03
2.310000000000078302e+01 1.281485027722696103e-02 -2.325788419460541462e-03
2.320000000000078444e+01 1.266866172443007442e-02 -2.279229872272296731e-03
2.330000000000078586e+01 1.252523092153330284e-02 -2.234052061128205622e-03
2.340000000000078728e+01 1.238448322510495025e-02 -2.190199755079102854e-03
2.350000000000078870e+01 1.224634661153946660e-02 -2.147620502283289004e-03
2.360000000000079012e+01 1.211075156737995845e-02 -2.106264462750603514e-03
2.370000000000079154e+01 1.197763098470901524e-02 -2.066084252710490270e-03
2.380000000000079297e+01 1.184692006133245684e-02 -2.027034799681057525e-03
2.390000000000079439e+01 1.171855620557437153e-02 -1.989073207421509712e-03
2.400000000000079581e+01 1.159247894545870246e-02 -1.952158630005595063e-03
2.410000000000079723e+01 1.146862984206122038e-02 -1.916252154318787582e-03
2.420000000000079865e+01 1.134695240686905970e-02 -1.881316690353571899e-03
2.430000000000080007e+01 1.122739202291246977e-02 -1.847316868706767434e-03
2.440000000000080149e+01 1.110989586952146162e-02 -1.814218944754554573e-03
2.450000000000080291e+01 1.099441285052185115e-02 -1.781990709011169443e-03
2.460000000000080433e+01 1.088089352569377236e-02 -1.750601403217797759e-03
2.470000000000080576e+01 1.076929004536560444e-02 -1.720021641756177243e-03
2.480000000000080718e+01 1.065955608794952325e-02 -1.690223337994109076e-03
2.490000000000080860e+01 1.055164680030597039e-02 -1.661179635220901962e-03
2.500000000000081002e+01 1.044551874078868819e-02 -1.632864841846563744e-03
2.510000000000081144e+01 1.034112982483010972e-02 -1.605254370564372342e-03
2.520000000000081286e+01 1.023843927297140091e-02 -1.578324681209747338e-03
2.530000000000081428e+01 1.013740756118026824e-02 -1.552053227051469926e-03
2.540000000000081570e+01 1.003799637337308807e-02 -1.526418404288752738e-03
2.550000000000081712e+01 9.940168556024607527e-03 -1.501399504534936015e-03
2.560000000000081855e+01 9.843888074755179768e-03 -1.476976670085401299e-03
2.570000000000081997e+01 9.749119972825716351e-03 -1.453130851791152329e-03
2.580000000000082139e+01 9.655830331413452899e-03 -1.429843769357360675e-03
2.590000000000082281e+01 9.563986231608411284e-03 -1.407097873914726124e-03
2.600000000000082423e+01 9.473555718039216450e-03 -1.384876312713869068e-03
2.610000000000082565e+01 9.384507764041949765e-03 -1.363162895804041850e-03
2.620000000000082707e+01 9.296812238322686023e-03 -1.341942064575266189e-03
2.630000000000082849e+01 9.210439873010265593e-03 -1.321198862037882039e-03
2.640000000000082991e+01 9.125362233057420294e-03 -1.300918904736036823e-03
2.650000000000083134e+01 9.041551686918444103e-03 -1.281088356191133117e-03
2.660000000000083276e+01 8.958981378435872459e-03 -1.261693901778705457e-03
2.670000000000083418e+01 8.877625199901879871e-03 -1.242722724955871950e-03
2.680000000000083560e+01 8.797457766209831539e-03 -1.224162484749967590e-03
2.690000000000083702e+01 8.718454390067518697e-03 -1.206001294437191373e-03
2.700000000000083844e+01 8.640591058215428555e-03 -1.188227701338001163e-03
2.710000000000083986e+01 8.563844408596959362e-03 -1.170830667661077341e-03
2.720000000000084128e+01 8.488191708457592036e-03 -1.153799552338502683e-03
2.730000000000084270e+01 8.413610833303176648e-03 -1.137124093787631731e-03
2.740000000000084412e+01 8.340080246698716726e-03 -1.120794393550264252e-03
2.750000000000084555e+01 8.267578980862937132e-03 -1.104800900756740430e-03
2.760000000000084697e+01 8.196086618016254488e-03 -1.089134397366122928e-03
2.770000000000084839e+01 8.125583272467925416e-03 -1.073785984142438393e-03
2.780000000000084981e+01 8.056049573383631396e-03 -1.058747067319603091e-03
2.790000000000085123e+01 7.987466648222599219e-03 -1.044009345920515796e-03
2.800000000000085265e+01 7.919816106808245937e-03 -1.029564799692339865e-03
2.810000000000085407e+01 7.853080025998646074e-03 -1.015405677622537766e-03
2.820000000000085549e+01 7.787240934948657517e-03 -1.001524487007515859e-03
2.830000000000085691e+01 7.722281800913985417e-03 -9.879139830385450828e-04
2.840000000000085834e+01 7.658186015591776988e-03 -9.745671588806815826e-04
2.850000000000085976e+01 7.594937381968629858e-03 -9.614772362167995625e-04
2.860000000000086118e+01 7.532520101648718103e-03 -9.486376562306816701e-04
2.870000000000086260e+01 7.470918762658528348e-03 -9.360420710092942501e-04
2.880000000000086402e+01 7.410118327685670525e-03 -9.236843353374670244e-04
2.890000000000086544e+01 7.350104122750110089e-03 -9.115584988678331405e-04
2.900000000000086686e+01 7.290861826284250266e-03 -8.996587986453166664e-04
2.910000000000086828e+01 7.232377458599451719e-03 -8.879796519667454598e-04
2.920000000000086970e+01 7.174637371739052069e-03 -8.765156495615408598e-04
2.930000000000087113e+01 7.117628239680583516e-03 -8.652615490728534633e-04
2.940000000000087255e+01 7.061337048888947573e-03 -8.542122688270466961e-04
2.950000000000087397e+01 7.005751089200689535e-03 -8.433628818759234761e-04
2.960000000000087539e+01 6.950857945021237869e-03 -8.327086102970790785e-04
2.970000000000087681e+01 6.896645486837178068e-03 -8.222448197424266862e-04
2.980000000000087823e+01 6.843101863011295111e-03 -8.119670142187802604e-04
2.990000000000087965e+01 6.790215491863801911e-03 -8.018708310919527363e-04
3.000000000000088107e+01 6.737975054023454327e-03 -7.919520363025060955e-04
3.010000000000088249e+01 6.686369485033221219e-03 -7.822065197819914537e-04
3.020000000000088392e+01 6.635387968214648616e-03 -7.726302910626812884e-04
3.030000000000088534e+01 6.585019927761981071e-03 -7.632194750679926337e-04
3.040000000000088676e+01 6.535255022071220082e-03 -7.539703080776309716e-04
3.050000000000088818e+01 6.486083137290288639e-03 -7.448791338583037221e-04
3.060000000000088960e+01 6.437494381077383393e-03 -7.359423999514148234e-04
3.070000000000089102e+01 6.389479076572843544e-03 -7.271566541128354723e-04
3.080000000000089244e+01 6.342027756558805268e-03 -7.185185408944596685e-04
3.090000000000089386e+01 6.295131157812640377e-03 -7.100247983634064893e-04
3.100000000000089528e+01 6.248780215642537467e-03 -7.016722549517466446e-04
3.110000000000089670e+01 6.202966058594201401e-03 -6.934578264300585810e-04
3.120000000000089813e+01 6.157680003334831120e-03 -6.853785130014350023e-04
3.130000000000089955e+01 6.112913549691149570e-03 -6.774313965075445029e-04
3.140000000000090097e+01 6.068658375848278927e-03 -6.696136377439440264e-04
3.150000000000090239e+01 6.024906333699323394e-03 -6.619224738790296676e-04
3.160000000000090381e+01 5.981649444336323285e-03 -6.543552159713582209e-04
3.170000000000090523e+01 5.938879893689160208e-03 -6.469092465830681826e-04
3.180000000000090665e+01 5.896590028291476965e-03 -6.395820174824581655e-04
3.190000000000090807e+01 5.854772351180667286e-03 -6.323710474338871748e-04
