-3.200000000000000000e+01 8.295595804093781151e-04
-3.189999999999999858e+01 8.361287878405514792e-04
-3.179999999999999716e+01 8.427827075948440827e-04
-3.169999999999999574e+01 8.495228970634629163e-04
-3.159999999999999432e+01 8.563509512516223653e-04
-3.149999999999999289e+01 8.632685039066539685e-04
-3.139999999999999147e+01 8.702772286878296621e-04
-3.129999999999999005e+01 8.773788403777496494e-04
-3.119999999999998863e+01 8.845750961376666957e-04
-3.109999999999998721e+01 8.918677968092626317e-04
-3.099999999999998579e+01 8.992587882628536467e-04
-3.089999999999998437e+01 9.067499627966744058e-04
-3.079999999999998295e+01 9.143432605874190176e-04
-3.069999999999998153e+01 9.220406711949177348e-04
-3.059999999999998010e+01 9.298442351240058601e-04
-3.049999999999997868e+01 9.377560454439519714e-04
-3.039999999999997726e+01 9.457782494708248406e-04
-3.029999999999997584e+01 9.539130505134235487e-04
-3.019999999999997442e+01 9.621627096863054037e-04
-3.009999999999997300e+01 9.705295477936746020e-04
-2.999999999999997158e+01 9.790159472850207874e-04
-2.989999999999997016e+01 9.876243542888225521e-04
-2.979999999999996874e+01 9.963572807255443881e-04
-2.969999999999996732e+01 1.005217306504322013e-03
-2.959999999999996589e+01 1.014207081808010062e-03
-2.949999999999996447e+01 1.023329329468215853e-03
-2.939999999999996305e+01 1.032586847437812899e-03
-2.929999999999996163e+01 1.041982511363003048e-03
-2.919999999999996021e+01 1.051519277260456672e-03
-2.909999999999995879e+01 1.061200184305388216e-03
-2.899999999999995737e+01 1.071028357733221211e-03
-2.889999999999995595e+01 1.081007011863839053e-03
-2.879999999999995453e+01 1.091139453251677160e-03
-2.869999999999995310e+01 1.101429083968652033e-03
-2.859999999999995168e+01 1.111879405027395599e-03
-2.849999999999995026e+01 1.122494019948839811e-03
-2.839999999999994884e+01 1.133276638485140961e-03
-2.829999999999994742e+01 1.144231080502803319e-03
-2.819999999999994600e+01 1.155361280035007267e-03
-2.809999999999994458e+01 1.166671289512727361e-03
-2.799999999999994316e+01 1.178165284180644409e-03
-2.789999999999994174e+01 1.189847566711467637e-03
-2.779999999999994031e+01 1.201722572025767585e-03
-2.769999999999993889e+01 1.213794872329020027e-03
-2.759999999999993747e+01 1.226069182378348738e-03
-2.749999999999993605e+01 1.238550364987682159e-03
-2.739999999999993463e+01 1.251243436788469299e-03
-2.729999999999993321e+01 1.264153574256183469e-03
-2.719999999999993179e+01 1.277286120018023387e-03
-2.709999999999993037e+01 1.290646589458236239e-03
-2.699999999999992895e+01 1.304240677633632063e-03
-2.689999999999992752e+01 1.318074266521200534e-03
-2.679999999999992610e+01 1.332153432612479243e-03
-2.669999999999992468e+01 1.346484454875199145e-03
-2.659999999999992326e+01 1.361073823104126277e-03
-2.649999999999992184e+01 1.375928246679076041e-03
-2.639999999999992042e+01 1.391054663758619974e-03
-2.629999999999991900e+01 1.406460250930393653e-03
-2.619999999999991758e+01 1.422152433345698829e-03
-2.609999999999991616e+01 1.438138895368026946e-03
-2.599999999999991473e+01 1.454427591761225632e-03
-2.589999999999991331e+01 1.471026759455043836e-03
-2.579999999999991189e+01 1.487944929917946408e-03
-2.569999999999991047e+01 1.505190942175071468e-03
-2.559999999999990905e+01 1.522773956511903589e-03
-2.549999999999990763e+01 1.540703468900573572e-03
-2.539999999999990621e+01 1.558989326199589683e-03
-2.529999999999990479e+01 1.577641742169924328e-03
-2.519999999999990337e+01 1.596671314359950642e-03
-2.509999999999990195e+01 1.616089041915589946e-03
-2.499999999999990052e+01 1.635906344368936267e-03
-2.489999999999989910e+01 1.656135081474970202e-03
-2.479999999999989768e+01 1.676787574158417971e-03
-2.469999999999989626e+01 1.697876626644589590e-03
-2.459999999999989484e+01 1.719415549853643699e-03
-2.449999999999989342e+01 1.741418186135748093e-03
-2.439999999999989200e+01 1.763898935444277016e-03
-2.429999999999989058e+01 1.786872783037573697e-03
-2.419999999999988916e+01 1.810355328814710306e-03
-2.409999999999988773e+01 1.834362818399007389e-03
-2.399999999999988631e+01 1.858912176083105669e-03
-2.389999999999988489e+01 1.884021039773742722e-03
-2.379999999999988347e+01 1.909707798069721707e-03
-2.369999999999988205e+01 1.935991629626131151e-03
-2.359999999999988063e+01 1.962892544970420722e-03
-2.349999999999987921e+01 1.990431430939508875e-03
-2.339999999999987779e+01 2.018630097938279872e-03
-2.329999999999987637e+01 2.047511330218900524e-03
-2.319999999999987494e+01 2.077098939407030775e-03
-2.309999999999987352e+01 2.107417821520330380e-03
-2.299999999999987210e+01 2.138494017734367692e-03
-2.289999999999987068e+01 2.170354779192485914e-03
-2.279999999999986926e+01 2.203028636162104870e-03
-2.269999999999986784e+01 2.236545471877717829e-03
-2.259999999999986642e+01 2.270936601441208777e-03
-2.249999999999986500e+01 2.306234856170527592e-03
-2.239999999999986358e+01 2.342474673845175177e-03
-2.229999999999986215e+01 2.379692195315305254e-03
-2.219999999999986073e+01 2.417925367997013960e-03
-2.209999999999985931e+01 2.457214056825270717e-03
-2.199999999999985789e+01 2.497600163275117812e-03
-2.189999999999985647e+01 2.539127753144997286e-03
-2.179999999999985505e+01 2.581843193836848814e-03
-2.169999999999985363e+01 2.625795301953468518e-03
-2.159999999999985221e+01 2.671035502114322766e-03
-2.149999999999985079e+01 2.717617997963575355e-03
-2.139999999999984936e+01 2.765599956470599433e-03
-2.129999999999984794e+01 2.815041706704999973e-03
-2.119999999999984652e+01 2.866006954405904937e-03
-2.109999999999984510e+01 2.918563013802406153e-03
-2.099999999999984368e+01 2.972781058275053047e-03
-2.089999999999984226e+01 3.028736391650495210e-03
-2.079999999999984084e+01 3.086508742078868800e-03
-2.069999999999983942e+01 3.146182580674393089e-03
-2.059999999999983800e+01 3.207847467339484167e-03
-2.049999999999983658e+01 3.271598426438563408e-03
-2.039999999999983515e+01 3.337536355327102699e-03
-2.029999999999983373e+01 3.405768469042936425e-03
-2.019999999999983231e+01 3.476408784870869528e-03
-2.009999999999983089e+01 3.549578650925439699e-03
-1.999999999999982947e+01 3.625407323359483482e-03
-1.989999999999982805e+01 3.704032597405017280e-03
-1.979999999999982663e+01 3.785601498036440197e-03
-1.969999999999982521e+01 3.870271036785212244e-03
-1.959999999999982379e+01 3.958209042049900747e-03
-1.949999999999982236e+01 4.049595071140600806e-03
-1.939999999999982094e+01 4.144621413408866410e-03
-1.929999999999981952e+01 4.243494194971005051e-03
-1.919999999999981810e+01 4.346434596951951994e-03
-1.909999999999981668e+01 4.453680200757273444e-03
-1.899999999999981526e+01 4.565486475728560388e-03
-1.889999999999981384e+01 4.682128426608369101e-03
-1.879999999999981242e+01 4.803902420748454825e-03
-1.869999999999981100e+01 4.931128217750092163e-03
-1.859999999999980957e+01 5.064151227537126536e-03
-1.849999999999980815e+01 5.203345026671206755e-03
-1.839999999999980673e+01 5.349114167101477919e-03
-1.829999999999980531e+01 5.501897316800542781e-03
-1.819999999999980389e+01 5.662170777709898441e-03
-1.809999999999980247e+01 5.830452433569202099e-03
-1.799999999999980105e+01 6.007306188563725849e-03
-1.789999999999979963e+01 6.193346967512800526e-03
-1.779999999999979821e+01 6.389246360075739525e-03
-1.769999999999979678e+01 6.595739005151436338e-03
-1.759999999999979536e+01 6.813629828120683872e-03
-1.749999999999979394e+01 7.043802263157440333e-03
-1.739999999999979252e+01 7.287227616157580974e-03
-1.729999999999979110e+01 7.544975752048427645e-03
-1.719999999999978968e+01 7.818227323892645853e-03
-1.709999999999978826e+01 8.108287802075907907e-03
-1.699999999999978684e+01 8.416603611311425023e-03
-1.689999999999978542e+01 8.744780743193968781e-03
-1.679999999999978400e+01 9.094606285576777374e-03
-1.669999999999978257e+01 9.468073399724649675e-03
-1.659999999999978115e+01 9.867410386817879880e-03
-1.649999999999977973e+01 1.029511462187435340e-02
-1.639999999999977831e+01 1.075399230224818696e-02
-1.629999999999977689e+01 1.124720516890369282e-02
-1.619999999999977547e+01 1.177832562212438247e-02
-1.609999999999977405e+01 1.235140198493018052e-02
-1.599999999999977263e+01 1.297103608616147034e-02
-1.589999999999977121e+01 1.364247586639634295e-02
-1.579999999999976978e+01 1.437172638827740982e-02
-1.569999999999976836e+01 1.516568350219800812e-02
-1.559999999999976694e+01 1.603229554025671980e-02
-1.549999999999976552e+01 1.698075986644380711e-02
-1.539999999999976410e+01 1.802176300893600092e-02
-1.529999999999976268e+01 1.916777559215150639e-02
-1.519999999999976126e+01 2.043341657492284830e-02
-1.509999999999975984e+01 2.183590567099247259e-02
-1.499999999999975842e+01 2.339562866844459299e-02
-1.489999999999975699e+01 2.513684821779632247e-02
-1.479999999999975557e+01 2.708860328264620435e-02
-1.469999999999975415e+01 2.928585489519422436e-02
-1.459999999999975273e+01 3.177095560970645549e-02
-1.449999999999975131e+01 3.459554714983058277e-02
-1.439999999999974989e+01 3.782302802558605570e-02
-1.429999999999974847e+01 4.153178417412221879e-02
-1.419999999999974705e+01 4.581944591620541740e-02
-1.409999999999974563e+01 5.080852970884633391e-02
-1.399999999999974420e+01 5.665394930553881853e-02
-1.389999999999974278e+01 6.355304067559439107e-02
-1.379999999999974136e+01 7.175892861178821691e-02
-1.369999999999973994e+01 8.159822513998168936e-02
-1.359999999999973852e+01 9.349405454159924467e-02
-1.349999999999973710e+01 1.079948906252970603e-01
-1.339999999999973568e+01 1.258078007823253408e-01
-1.329999999999973426e+01 1.478294179818794296e-01
-1.319999999999973284e+01 1.751549917702378834e-01
-1.309999999999973141e+01 2.090169053608137983e-01
-1.299999999999972999e+01 2.505469690266901028e-01
-1.289999999999972857e+01 3.001690262685070554e-01
-1.279999999999972715e+01 3.563775891909399807e-01
-1.269999999999972573e+01 4.139289266183693305e-01
-1.259999999999972431e+01 4.625886572483108305e-01
-1.249999999999972289e+01 4.892149563976437299e-01
-1.239999999999972147e+01 4.847108980872769091e-01
-1.229999999999972005e+01 4.507319754212540941e-01
-1.219999999999971863e+01 3.983689211175562295e-01
-1.209999999999971720e+01 3.404639490658875611e-01
-1.199999999999971578e+01 2.858565826421524680e-01
-1.189999999999971436e+01 2.385519469987028296e-01
-1.179999999999971294e+01 1.993495023085650741e-01
-1.169999999999971152e+01 1.675340122246859464e-01
-1.159999999999971010e+01 1.419046940889806818e-01
-1.149999999999970868e+01 1.212540806521939241e-01
-1.139999999999970726e+01 1.045409110518733670e-01
-1.129999999999970584e+01 9.092425756048146124e-02
-1.119999999999970441e+01 7.974507564779391433e-02
-1.109999999999970299e+01 7.049337774307426474e-02
-1.099999999999970157e+01 6.277587307899369640e-02
-1.089999999999970015e+01 5.628874081707385679e-02
-1.079999999999969873e+01 5.079618633506650244e-02
-1.069999999999969731e+01 4.611406409686014118e-02
-1.059999999999969589e+01 4.209754323495166345e-02
-1.049999999999969447e+01 3.863186378768083962e-02
-1.039999999999969305e+01 3.562540800162915938e-02
-1.029999999999969162e+01 3.300449038205619662e-02
-1.019999999999969020e+01 3.070942067490060531e-02
-1.009999999999968878e+01 2.869151089731452817e-02
-9.999999999999687361e+00 2.691078508274503955e-02
-9.899999999999685940e+00 2.533421475782698939e-02
-9.799999999999684519e+00 2.393435006636870921e-02
-9.699999999999683098e+00 2.268825054353627510e-02
-9.599999999999681677e+00 2.157664433473357318e-02
-9.499999999999680256e+00 2.058326273823920041e-02
-9.399999999999678835e+00 1.969431019903038552e-02
-9.299999999999677414e+00 1.889803963546278151e-02
-9.199999999999675993e+00 1.818441020484121845e-02
-9.099999999999674571e+00 1.754480999469885255e-02
-8.999999999999673150e+00 1.697183015995441802e-02
-8.899999999999671729e+00 1.645908006804008145e-02
-8.799999999999670308e+00 1.600103532175778387e-02
-8.699999999999668887e+00 1.559291229212407190e-02
-8.599999999999667466e+00 1.523056414661302232e-02
-8.499999999999666045e+00 1.491039440392569193e-02
-8.399999999999664624e+00 1.462928485921863309e-02
-8.299999999999663203e+00 1.438453535878559363e-02
-8.199999999999661782e+00 1.417381340293901067e-02
-8.099999999999660361e+00 1.399511195078965466e-02
-7.999999999999658939e+00 1.384671411504662282e-02
-7.899999999999657518e+00 1.372716368680892800e-02
-7.799999999999656097e+00 1.363524063325766318e-02
-7.699999999999654676e+00 1.356994087628486147e-02
-7.599999999999653255e+00 1.353045979531812895e-02
-7.499999999999651834e+00 1.351617900971527515e-02
-7.399999999999650413e+00 1.352665609016984877e-02
-7.299999999999648992e+00 1.356161692869825228e-02
-7.199999999999647571e+00 1.362095056641929834e-02
-7.099999999999646150e+00 1.370470634018404119e-02
-6.999999999999644729e+00 1.381309326562794350e-02
-6.899999999999643308e+00 1.394648162740324930e-02
-6.799999999999641886e+00 1.410540679926695559e-02
-6.699999999999640465e+00 1.429057536899438867e-02
-6.599999999999639044e+00 1.450287369779711122e-02
-6.499999999999637623e+00 1.474337910292078391e-02
-6.399999999999636202e+00 1.501337391745059813e-02
-6.299999999999634781e+00 1.531436275585366935e-02
-6.199999999999633360e+00 1.564809339987144679e-02
-6.099999999999631939e+00 1.601658182104265249e-02
-5.999999999999630518e+00 1.642214197747067159e-02
-5.899999999999629097e+00 1.686742116873782976e-02
-5.799999999999627676e+00 1.735544191146129456e-02
-5.699999999999626255e+00 1.788965151669134890e-02
-5.599999999999624833e+00 1.847398082108838921e-02
-5.499999999999623412e+00 1.911291386042137178e-02
-5.399999999999621991e+00 1.981157069480068283e-02
-5.299999999999620570e+00 2.057580612525298017e-02
-5.199999999999619149e+00 2.141232771121277106e-02
-5.099999999999617728e+00 2.232883735152885879e-02
-4.999999999999616307e+00 2.333420178267155143e-02
-4.899999999999614886e+00 2.443865875116789377e-02
-4.799999999999613465e+00 2.565406743419495691e-02
-4.699999999999612044e+00 2.699421404570039734e-02
-4.599999999999610623e+00 2.847518666098523138e-02
-4.499999999999609201e+00 3.011583737003552946e-02
-4.399999999999607780e+00 3.193835527316549183e-02
-4.299999999999606359e+00 3.396898103968740146e-02
-4.199999999999604938e+00 3.623890341803797516e-02
-4.099999999999603517e+00 3.878539113655659482e-02
-3.999999999999602096e+00 4.165323134934936083e-02
-3.899999999999600675e+00 4.489656995308560078e-02
-3.799999999999599254e+00 4.858128222975897914e-02
-3.699999999999597833e+00 5.278804780756919668e-02
-3.599999999999596412e+00 5.761636659249082942e-02
-3.499999999999594991e+00 6.318983833535875283e-02
-3.399999999999593570e+00 6.966314563956972628e-02
-3.299999999999592148e+00 7.723133701834818121e-02
-3.199999999999590727e+00 8.614220929396174120e-02
-3.099999999999589306e+00 9.671283236416290674e-02
-2.999999999999587885e+00 1.093515056014152803e-01
-2.899999999999586464e+00 1.245865563252661484e-01
-2.799999999999585043e+00 1.431030396684598305e-01
-2.699999999999583622e+00 1.657867103267421371e-01
-2.599999999999582201e+00 1.937695752044143738e-01
-2.499999999999580780e+00 2.284583908570083366e-01
-2.399999999999579359e+00 2.714975055169738249e-01
-2.299999999999577938e+00 3.245551698773496141e-01
-2.199999999999576517e+00 3.887147449631621621e-01
-2.099999999999575095e+00 4.631396807471599431e-01
-1.999999999999573674e+00 5.428168307214785715e-01
-1.899999999999572253e+00 6.162165033279832782e-01
-1.799999999999570832e+00 6.659657391982598540e-01
-1.699999999999569411e+00 6.761673753903411077e-01
-1.599999999999567990e+00 6.431578682368296329e-01
-1.499999999999566569e+00 5.784128280894076379e-01
-1.399999999999565148e+00 4.999551854406534268e-01
-1.299999999999563727e+00 4.224017538959605189e-01
-1.199999999999562306e+00 3.535170502681261873e-01
-1.099999999999560885e+00 2.957102886477581682e-01
-9.999999999995594635e-01 2.485492281702532946e-01
-8.999999999995580424e-01 2.105212374224238181e-01
-7.999999999995566213e-01 1.799280420469173136e-01
-6.999999999995552002e-01 1.552438985942917737e-01
-5.999999999995537792e-01 1.352138249475272336e-01
-4.999999999995523581e-01 1.188461291184968738e-01
-3.999999999995509370e-01 1.053710392936021839e-01
-2.999999999995495159e-01 9.419479403190005040e-02
-1.999999999995480948e-01 8.485937508998225853e-02
-9.999999999954667373e-02 7.701020106541207888e-02
4.547473508864641190e-13 7.037123984892594553e-02
1.000000000004561684e-01 6.472619566452643414e-02
2.000000000004575895e-01 5.990439748948087756e-02
3.000000000004590106e-01 5.577022977157813921e-02
4.000000000004604317e-01 5.221519952182450408e-02
5.000000000004618528e-01 4.915195707624783056e-02
6.000000000004632739e-01 4.650976508714442514e-02
7.000000000004646949e-01 4.423104446677999374e-02
8.000000000004661160e-01 4.226872516343242736e-02
9.000000000004675371e-01 4.058420209881694052e-02
1.000000000000468958e+00 3.914574930520425128e-02
1.100000000000470379e+00 3.792728364589982581e-02
1.200000000000471800e+00 3.690739747334201987e-02
1.300000000000473221e+00 3.606860008116170857e-02
1.400000000000474643e+00 3.539672292651591112e-02
1.500000000000476064e+00 3.488045483951113246e-02
1.600000000000477485e+00 3.451098187435838044e-02
1.700000000000478906e+00 3.428171286874964058e-02
1.800000000000480327e+00 3.418807673062455865e-02
1.900000000000481748e+00 3.422738137972895778e-02
2.000000000000483169e+00 3.439872744867248505e-02
2.100000000000484590e+00 3.470297253546784921e-02
2.200000000000486011e+00 3.514274419179048287e-02
2.300000000000487432e+00 3.572250209544233085e-02
2.400000000000488853e+00 3.644865214697905892e-02
2.500000000000490274e+00 3.732971770686142887e-02
2.600000000000491696e+00 3.837657602493661779e-02
2.700000000000493117e+00 3.960277131792484112e-02
2.800000000000494538e+00 4.102492018353812164e-02
2.900000000000495959e+00 4.266323044678461268e-02
3.000000000000497380e+00 4.454216157480596350e-02
3.100000000000498801e+00 4.669126409911054237e-02
3.200000000000500222e+00 4.914624791755444616e-02
3.300000000000501643e+00 5.195034611255945622e-02
3.400000000000503064e+00 5.515606369669166786e-02
3.500000000000504485e+00 5.882743181351996614e-02
3.600000000000505906e+00 6.304293061081082949e-02
3.700000000000507328e+00 6.789930268658368739e-02
3.800000000000508749e+00 7.351655956386533852e-02
3.900000000000510170e+00 8.004459353614441774e-02
4.000000000000511591e+00 8.767195489790573226e-02
4.100000000000513012e+00 9.663754707770612351e-02
4.200000000000514433e+00 1.072462279863381079e-01
4.300000000000515854e+00 1.198895560061986748e-01
4.400000000000517275e+00 1.350730807349540541e-01
4.500000000000518696e+00 1.534513650941516372e-01
4.600000000000520117e+00 1.758706125149732402e-01
4.700000000000521538e+00 2.034146399612083433e-01
4.800000000000522959e+00 2.374391222258863121e-01
4.900000000000524381e+00 2.795535424487233800e-01
5.000000000000525802e+00 3.314560410963920400e-01
5.100000000000527223e+00 3.944281101273204304e-01
5.200000000000528644e+00 4.681759720851653706e-01
5.300000000000530065e+00 5.487562737479989572e-01
5.400000000000531486e+00 6.261182319672409236e-01
5.500000000000532907e+00 6.838743335633025167e-01
5.600000000000534328e+00 7.052249968840317296e-01
5.700000000000535749e+00 6.837205196061698631e-01
5.800000000000537170e+00 6.283789947008985299e-01
5.900000000000538591e+00 5.568300214403647530e-01
6.000000000000540012e+00 4.848235344516428902e-01
6.100000000000541434e+00 4.215089995638148235e-01
6.200000000000542855e+00 3.703372102735611460e-01
6.300000000000544276e+00 3.315853866012508644e-01
6.400000000000545697e+00 3.043039237062334368e-01
6.500000000000547118e+00 2.873719339364769199e-01
6.600000000000548539e+00 2.799616348586979608e-01
6.700000000000549960e+00 2.817005878982393741e-01
6.800000000000551381e+00 2.926844968012671244e-01
6.900000000000552802e+00 3.133723719695288845e-01
7.000000000000554223e+00 3.442880667060715383e-01
7.100000000000555644e+00 3.853397151916194141e-01
7.200000000000557066e+00 4.345125928045826535e-01
7.300000000000558487e+00 4.859863637321923391e-01
7.400000000000559908e+00 5.289067473361698246e-01
7.500000000000561329e+00 5.496849441940330205e-01
7.600000000000562750e+00 5.392190595595333091e-01
7.700000000000564171e+00 4.995386095732014531e-01
7.800000000000565592e+00 4.420954912609168508e-01
7.900000000000567013e+00 3.798416312671834549e-01
8.000000000000568434e+00 3.215399022354388792e-01
8.100000000000569855e+00 2.710677445331544089e-01
8.200000000000571276e+00 2.291130252598911343e-01
8.300000000000572697e+00 1.948773684855072963e-01
8.400000000000574119e+00 1.670995581778478289e-01
8.500000000000575540e+00 1.445271185172420647e-01
8.600000000000576961e+00 1.260840790493006069e-01
8.700000000000578382e+00 1.109019207459966128e-01
8.800000000000579803e+00 9.829916201909003060e-02
8.900000000000581224e+00 8.774726669146391822e-02
9.000000000000582645e+00 7.883742133114578221e-02
9.100000000000584066e+00 7.125269008438975260e-02
9.200000000000585487e+00 6.474610987604974277e-02
9.300000000000586908e+00 5.912395940097655428e-02
9.400000000000588329e+00 5.423314745484003607e-02
9.500000000000589750e+00 4.995174863376080493e-02
9.600000000000591172e+00 4.618189714646594307e-02
9.700000000000592593e+00 4.284443265618397695e-02
9.800000000000594014e+00 3.987484513787081103e-02
9.900000000000595435e+00 3.722018445193281400e-02
1.000000000000059686e+01 3.483668915418251105e-02
1.010000000000059828e+01 3.268795434527043547e-02
1.020000000000059970e+01 3.074350596002619132e-02
1.030000000000060112e+01 2.897768351070328235e-02
1.040000000000060254e+01 2.736875849707664718e-02
1.050000000000060396e+01 2.589823409352103728e-02
1.060000000000060538e+01 2.455028521600450056e-02
1.070000000000060680e+01 2.331130801957705806e-02
1.080000000000060822e+01 2.216955525158427129e-02
1.090000000000060965e+01 2.111483938873229271e-02
1.100000000000061107e+01 2.013828961531427195e-02
1.110000000000061249e+01 1.923215181906266780e-02
1.120000000000061391e+01 1.838962315179442503e-02
1.130000000000061533e+01 1.760471451377932164e-02
1.140000000000061675e+01 1.687213571543694571e-02
1.150000000000061817e+01 1.618719914815314534e-02
1.160000000000061959e+01 1.554573863525720613e-02
1.170000000000062101e+01 1.494404079102697007e-02
1.180000000000062244e+01 1.437878673161564237e-02
1.190000000000062386e+01 1.384700239057807050e-02
1.200000000000062528e+01 1.334601601590363305e-02
1.210000000000062670e+01 1.287342168458836464e-02
1.220000000000062812e+01 1.242704787881267377e-02
1.230000000000062954e+01 1.200493033497977355e-02
1.240000000000063096e+01 1.160528851276905818e-02
1.250000000000063238e+01 1.122650514137231090e-02
1.260000000000063380e+01 1.086710839003794671e-02
1.270000000000063523e+01 1.052575628387398751e-02
1.280000000000063665e+01 1.020122304623120868e-02
1.290000000000063807e+01 9.892387099264363104e-03
1.300000000000063949e+01 9.598220495579807415e-03
1.310000000000064091e+01 9.317779588348994516e-03
1.320000000000064233e+01 9.050196776112616817e-03
1.330000000000064375e+01 8.794673182363424088e-03
1.340000000000064517e+01 8.550472150370174579e-03
1.350000000000064659e+01 8.316913450591366733e-03
1.360000000000064801e+01 8.093368112386731955e-03
1.370000000000064944e+01 7.879253803968856024e-03
1.380000000000065086e+01 7.674030694706963050e-03
1.390000000000065228e+01 7.477197742828127665e-03
1.400000000000065370e+01 7.288289358972256313e-03
1.410000000000065512e+01 7.106872402479396354e-03
1.420000000000065654e+01 6.932543472858396748e-03
1.430000000000065796e+01 6.764926463497786258e-03
1.440000000000065938e+01 6.603670348877903849e-03
1.450000000000066080e+01 6.448447179995164119e-03
1.460000000000066223e+01 6.298950265762573615e-03
1.470000000000066365e+01 6.154892520849945120e-03
1.480000000000066507e+01 6.016004962626844699e-03
1.490000000000066649e+01 5.882035341971760672e-03
1.500000000000066791e+01 5.752746894399808110e-03
1.510000000000066933e+01 5.627917199491766498e-03
1.520000000000067075e+01 5.507337137990483793e-03
1.530000000000067217e+01 5.390809937021625101e-03
1.540000000000067359e+01 5.278150295009466191e-03
1.550000000000067502e+01 5.169183578718231260e-03
1.560000000000067644e+01 5.063745085653065942e-03
1.570000000000067786e+01 4.961679365800660685e-03
1.580000000000067928e+01 4.862839597245885437e-03
1.590000000000068070e+01 4.767087010824557110e-03
1.600000000000068212e+01 4.674290359423988184e-03
1.610000000000068354e+01 4.584325427982306050e-03
1.620000000000068496e+01 4.497074580659706292e-03
1.630000000000068638e+01 4.412426341942372529e-03
1.640000000000068781e+01 4.330275008808311468e-03
1.650000000000068923e+01 4.250520291326414200e-03
1.660000000000069065e+01 4.173066979309257400e-03
1.670000000000069207e+01 4.097824632890116094e-03
1.680000000000069349e+01 4.024707295042790310e-03
1.690000000000069491e+01 3.953633224292031796e-03
1.700000000000069633e+01 3.884524645993415754e-03
1.710000000000069775e+01 3.817307520707433587e-03
1.720000000000069917e+01 3.751911328347475646e-03
1.730000000000070060e+01 3.688268866854859784e-03
1.740000000000070202e+01 3.626316064304190099e-03
1.750000000000070344e+01 3.565991803412695872e-03
1.760000000000070486e+01 3.507237757515262178e-03
1.770000000000070628e+01 3.449998237167092516e-03
1.780000000000070770e+01 3.394220046568917001e-03
1.790000000000070912e+01 3.339852349112827981e-03
1.800000000000071054e+01 3.286846541383434996e-03
1.810000000000071196e+01 3.235156135003548154e-03
1.820000000000071338e+01 3.184736645781351214e-03
1.830000000000071481e+01 3.135545489626669503e-03
1.840000000000071623e+01 3.087541884778235123e-03
1.850000000000071765e+01 3.040686759901256413e-03
1.860000000000071907e+01 2.994942667649236247e-03
1.870000000000072049e+01 2.950273703331666129e-03
1.880000000000072191e+01 2.906645428327683019e-03
1.890000000000072333e+01 2.864024797941503407e-03
1.900000000000072475e+01 2.822380093401915310e-03
1.910000000000072617e+01 2.781680857730606943e-03
1.920000000000072760e+01 2.741897835239025596e-03
1.930000000000072902e+01 2.703002914405336528e-03
1.940000000000073044e+01 2.664969073926465749e-03
1.950000000000073186e+01 2.627770331740381018e-03
1.960000000000073328e+01 2.591381696828719099e-03
1.970000000000073470e+01 2.555779123636379557e-03
1.980000000000073612e+01 2.520939468933194611e-03
1.990000000000073754e+01 2.486840450977707145e-03
2.000000000000073896e+01 2.453460610839707998e-03
2.010000000000074039e+01 2.420779275748340034e-03
2.020000000000074181e+01 2.388776524353355881e-03
2.030000000000074323e+01 2.357433153774083235e-03
2.040000000000074465e+01 2.326730648339502255e-03
2.050000000000074607e+01 2.296651149917530461e-03
2.060000000000074749e+01 2.267177429738621852e-03
2.070000000000074891e+01 2.238292861635582994e-03
2.080000000000075033e+01 2.209981396607999232e-03
2.090000000000075175e+01 2.182227538644002356e-03
2.100000000000075318e+01 2.155016321725874723e-03
2.110000000000075460e+01 2.128333287950874564e-03
2.120000000000075602e+01 2.102164466712636969e-03
2.130000000000075744e+01 2.076496354875035765e-03
2.140000000000075886e+01 2.051315897891401591e-03
2.150000000000076028e+01 2.026610471815282893e-03
2.160000000000076170e+01 2.002367866152493601e-03
2.170000000000076312e+01 1.978576267515954820e-03
2.180000000000076454e+01 1.955224244031876935e-03
2.190000000000076597e+01 1.932300730464112451e-03
2.200000000000076739e+01 1.909795014016801981e-03
2.210000000000076881e+01 1.887696720777973236e-03
2.220000000000077023e+01 1.865995802776940909e-03
2.230000000000077165e+01 1.844682525615962696e-03
2.240000000000077307e+01 1.823747456652784942e-03
2.250000000000077449e+01 1.803181453704127924e-03
2.260000000000077591e+01 1.782975654242042497e-03
2.270000000000077733e+01 1.763121465063963991e-03
2.280000000000077875e+01 1.743610552405601335e-03
2.290000000000078018e+01 1.724434832480232702e-03
2.300000000000078160e+01 1.705586462421627937e-03
2.310000000000078302e+01 1.687057831609259807e-03
2.320000000000078444e+01 1.668841553362295990e-03
2.330000000000078586e+01 1.650930456977929344e-03
2.340000000000078728e+01 1.633317580102554983e-03
2.350000000000078870e+01 1.615996161418279536e-03
2.360000000000079012e+01 1.598959633628330200e-03
2.370000000000079154e+01 1.582201616731948373e-03
2.380000000000079297e+01 1.565715911569103913e-03
2.390000000000079439e+01 1.549496493627095829e-03
2.400000000000079581e+01 1.533537507095418355e-03
2.410000000000079723e+01 1.517833259156090367e-03
2.420000000000079865e+01 1.502378214502998223e-03
2.430000000000080007e+01 1.487166990074190653e-03
2.440000000000080149e+01 1.472194349991780586e-03
2.450000000000080291e+01 1.457455200698725079e-03
2.460000000000080433e+01 1.442944586282421957e-03
2.470000000000080576e+01 1.428657683980796541e-03
2.480000000000080718e+01 1.414589799857608700e-03
2.490000000000080860e+01 1.400736364643491699e-03
2.500000000000081002e+01 1.387092929734196024e-03
2.510000000000081144e+01 1.373655163338030486e-03
2.520000000000081286e+01 1.360418846769740871e-03
2.530000000000081428e+01 1.347379870879704400e-03
2.540000000000081570e+01 1.334534232616312998e-03
2.550000000000081712e+01 1.321878031714693227e-03
2.560000000000081855e+01 1.309407467505326397e-03
2.570000000000081997e+01 1.297118835840947552e-03
2.580000000000082139e+01 1.285008526132293142e-03
2.590000000000082281e+01 1.273073018491561580e-03
2.600000000000082423e+01 1.261308880978023652e-03
2.610000000000082565e+01 1.249712766940552127e-03
2.620000000000082707e+01 1.238281412456289539e-03
2.630000000000082849e+01 1.227011633857359035e-03
2.640000000000082991e+01 1.215900325345209117e-03
2.650000000000083134e+01 1.204944456688023446e-03
2.660000000000083276e+01 1.194141070996920058e-03
2.670000000000083418e+01 1.183487282580743304e-03
2.680000000000083560e+01 1.172980274872454341e-03
2.690000000000083702e+01 1.162617298427216870e-03
2.700000000000083844e+01 1.152395668988410960e-03
2.710000000000083986e+01 1.142312765618012276e-03
2.720000000000084128e+01 1.132366028891608825e-03
2.730000000000084270e+01 1.122552959151911943e-03
2.740000000000084412e+01 1.112871114821253719e-03
2.750000000000084555e+01 1.103318110769907620e-03
2.760000000000084697e+01 1.093891616737266556e-03
2.770000000000084839e+01 1.084589355806459118e-03
2.780000000000084981e+01 1.075409102926979917e-03
2.790000000000085123e+01 1.066348683486095794e-03
2.800000000000085265e+01 1.057405971926360334e-03
2.810000000000085407e+01 1.048578890406734118e-03
2.820000000000085549e+01 1.039865407508112818e-03
2.830000000000085691e+01 1.031263536978441241e-03
2.840000000000085834e+01 1.022771336518356810e-03
2.850000000000085976e+01 1.014386906605097569e-03
2.860000000000086118e+01 1.006108389352539058e-03
2.870000000000086260e+01 9.979339674083217461e-04
2.880000000000086402e+01 9.898618628837489112e-04
2.890000000000086544e+01 9.818903363175183422e-04
2.900000000000086686e+01 9.740176856713512760e-04
2.910000000000086828e+01 9.662422453556828968e-04
2.920000000000086970e+01 9.585623852864785452e-04
2.930000000000087113e+01 9.509765099692787981e-04
2.940000000000087255e+01 9.434830576116249494e-04
2.950000000000087397e+01 9.360804992621778739e-04
2.960000000000087539e+01 9.287673379749533014e-04
2.970000000000087681e+01 9.215421079997996624e-04
2.980000000000087823e+01 9.144033739955786944e-04
2.990000000000087965e+01 9.073497302672519456e-04
3.000000000000088107e+01 9.003798000254060368e-04
3.010000000000088249e+01 8.934922346668308516e-04
3.020000000000088392e+01 8.866857130773279916e-04
3.030000000000088534e+01 8.799589409535091408e-04
3.040000000000088676e+01 8.733106501448188123e-04
3.050000000000088818e+01 8.667395980144841205e-04
3.060000000000088960e+01 8.602445668181839949e-04
3.070000000000089102e+01 8.538243631016247115e-04
3.080000000000089244e+01 8.474778171140512437e-04
3.090000000000089386e+01 8.412037822389333529e-04
3.100000000000089528e+01 8.350011344406834497e-04
3.110000000000089670e+01 8.288687717263308087e-04
3.120000000000089813e+01 8.228056136233456242e-04
3.130000000000089955e+01 8.168106006708735628e-04
3.140000000000090097e+01 8.108826939256140931e-04
3.150000000000090239e+01 8.050208744813223570e-04
3.160000000000090381e+01 7.992241430009781010e-04
3.170000000000090523e+01 7.934915192628055067e-04
3.180000000000090665e+01 7.878220417176076467e-04
3.190000000000090807e+01 7.822147670586326916e-04
