-3.200000000000000000e+01 8.290519396206800107e-04
-3.189999999999999858e+01 8.356148507801833226e-04
-3.179999999999999716e+01 8.422623650652875504e-04
-3.169999999999999574e+01 8.489960374356702059e-04
-3.159999999999999432e+01 8.558174603987106195e-04
-3.149999999999999289e+01 8.627282651354565559e-04
-3.139999999999999147e+01 8.697301226682177967e-04
-3.129999999999999005e+01 8.768247450696448758e-04
-3.119999999999998863e+01 8.840138867156515420e-04
-3.109999999999998721e+01 8.912993455847021502e-04
-3.099999999999998579e+01 8.986829646034296152e-04
-3.089999999999998437e+01 9.061666330432341767e-04
-3.079999999999998295e+01 9.137522879680336305e-04
-3.069999999999998153e+01 9.214419157360403305e-04
-3.059999999999998010e+01 9.292375535586168802e-04
-3.049999999999997868e+01 9.371412911165748075e-04
-3.039999999999997726e+01 9.451552722392839992e-04
-3.029999999999997584e+01 9.532816966472177191e-04
-3.019999999999997442e+01 9.615228217614605558e-04
-3.009999999999997300e+01 9.698809645839328057e-04
-2.999999999999997158e+01 9.783585036492203381e-04
-2.989999999999997016e+01 9.869578810543092658e-04
-2.979999999999996874e+01 9.956816045674555561e-04
-2.969999999999996732e+01 1.004532249820572687e-03
-2.959999999999996589e+01 1.013512462589800283e-03
-2.949999999999996447e+01 1.022624961165877547e-03
-2.939999999999996305e+01 1.031872538821795859e-03
-2.929999999999996163e+01 1.041258066379799644e-03
-2.919999999999996021e+01 1.050784494883248450e-03
-2.909999999999995879e+01 1.060454858379189730e-03
-2.899999999999995737e+01 1.070272276814285620e-03
-2.889999999999995595e+01 1.080239959053078255e-03
-2.879999999999995453e+01 1.090361206021835854e-03
-2.869999999999995310e+01 1.100639413984964192e-03
-2.859999999999995168e+01 1.111078077961437155e-03
-2.849999999999995026e+01 1.121680795285275685e-03
-2.839999999999994884e+01 1.132451269321053120e-03
-2.829999999999994742e+01 1.143393313339265702e-03
-2.819999999999994600e+01 1.154510854560560204e-03
-2.809999999999994458e+01 1.165807938378384803e-03
-2.799999999999994316e+01 1.177288732766048436e-03
-2.789999999999994174e+01 1.188957532881783222e-03
-2.779999999999994031e+01 1.200818765878891537e-03
-2.769999999999993889e+01 1.212876995932655891e-03
-2.759999999999993747e+01 1.225136929496470611e-03
-2.749999999999993605e+01 1.237603420795893019e-03
-2.739999999999993463e+01 1.250281477577723467e-03
-2.729999999999993321e+01 1.263176267124323498e-03
-2.719999999999993179e+01 1.276293122548543104e-03
-2.709999999999993037e+01 1.289637549385657138e-03
-2.699999999999992895e+01 1.303215232494838631e-03
-2.689999999999992752e+01 1.317032043292052333e-03
-2.679999999999992610e+01 1.331094047328968332e-03
-2.669999999999992468e+01 1.345407512238393482e-03
-2.659999999999992326e+01 1.359978916068082036e-03
-2.649999999999992184e+01 1.374814956020871653e-03
-2.639999999999992042e+01 1.389922557629597478e-03
-2.629999999999991900e+01 1.405308884387653032e-03
-2.619999999999991758e+01 1.420981347862836823e-03
-2.609999999999991616e+01 1.436947618324033301e-03
-2.599999999999991473e+01 1.453215635906415738e-03
-2.589999999999991331e+01 1.469793622352807581e-03
-2.579999999999991189e+01 1.486690093361047339e-03
-2.569999999999991047e+01 1.503913871575133848e-03
-2.559999999999990905e+01 1.521474100260649482e-03
-2.549999999999990763e+01 1.539380257701288826e-03
-2.539999999999990621e+01 1.557642172367191841e-03
-2.529999999999990479e+01 1.576270038897911860e-03
-2.519999999999990337e+01 1.595274434952407032e-03
-2.509999999999990195e+01 1.614666338982286096e-03
-2.499999999999990052e+01 1.634457148981469056e-03
-2.489999999999989910e+01 1.654658702281729989e-03
-2.479999999999989768e+01 1.675283296456029497e-03
-2.469999999999989626e+01 1.696343711403338044e-03
-2.459999999999989484e+01 1.717853232694204271e-03
-2.449999999999989342e+01 1.739825676254383186e-03
-2.439999999999989200e+01 1.762275414483466859e-03
-2.429999999999989058e+01 1.785217403898832532e-03
-2.419999999999988916e+01 1.808667214410130189e-03
-2.409999999999988773e+01 1.832641060337831824e-03
-2.399999999999988631e+01 1.857155833289371623e-03
-2.389999999999988489e+01 1.882229137030760023e-03
-2.379999999999988347e+01 1.907879324486857001e-03
-2.369999999999988205e+01 1.934125537023043302e-03
-2.359999999999988063e+01 1.960987746173536560e-03
-2.349999999999987921e+01 1.988486797985166907e-03
-2.339999999999987779e+01 2.016644460176549372e-03
-2.329999999999987637e+01 2.045483472311643205e-03
-2.319999999999987494e+01 2.075027599213297592e-03
-2.309999999999987352e+01 2.105301687861660387e-03
-2.299999999999987210e+01 2.136331728032004901e-03
-2.289999999999987068e+01 2.168144916967899502e-03
-2.279999999999986926e+01 2.200769728391551491e-03
-2.269999999999986784e+01 2.234235986190847081e-03
-2.259999999999986642e+01 2.268574943152933988e-03
-2.249999999999986500e+01 2.303819365134528868e-03
-2.239999999999986358e+01 2.340003621116452763e-03
-2.229999999999986215e+01 2.377163779608201192e-03
-2.219999999999986073e+01 2.415337711923984648e-03
-2.209999999999985931e+01 2.454565202900491246e-03
-2.199999999999985789e+01 2.494888069665665824e-03
-2.189999999999985647e+01 2.536350289150893049e-03
-2.179999999999985505e+01 2.578998135079641364e-03
-2.169999999999985363e+01 2.622880325251302630e-03
-2.159999999999985221e+01 2.668048180019493357e-03
-2.149999999999985079e+01 2.714555792936464325e-03
-2.139999999999984936e+01 2.762460214661557629e-03
-2.129999999999984794e+01 2.811821651313178676e-03
-2.119999999999984652e+01 2.862703678581209749e-03
-2.109999999999984510e+01 2.915173473053633228e-03
-2.099999999999984368e+01 2.969302062343831972e-03
-2.089999999999984226e+01 3.025164595806827377e-03
-2.079999999999984084e+01 3.082840637789859874e-03
-2.069999999999983942e+01 3.142414485593094005e-03
-2.059999999999983800e+01 3.203975514555555248e-03
-2.049999999999983658e+01 3.267618552926742064e-03
-2.039999999999983515e+01 3.333444289523005474e-03
-2.029999999999983373e+01 3.401559717468627224e-03
-2.019999999999983231e+01 3.472078617724612751e-03
-2.009999999999983089e+01 3.545122086541204701e-03
-1.999999999999982947e+01 3.620819111431815979e-03
-1.989999999999982805e+01 3.699307200863721258e-03
-1.979999999999982663e+01 3.780733073443072034e-03
-1.969999999999982521e+01 3.865253413109334419e-03
-1.959999999999982379e+01 3.953035697667270885e-03
-1.949999999999982236e+01 4.044259108877751134e-03
-1.939999999999982094e+01 4.139115533438408531e-03
-1.929999999999981952e+01 4.237810665339423154e-03
-1.919999999999981810e+01 4.340565221495984102e-03
-1.909999999999981668e+01 4.447616284135928050e-03
-1.899999999999981526e+01 4.559218785264805736e-03
-1.889999999999981384e+01 4.675647150597038969e-03
-1.879999999999981242e+01 4.797197122844053946e-03
-1.869999999999981100e+01 4.924187786999379736e-03
-1.859999999999980957e+01 5.056963823565418376e-03
-1.849999999999980815e+01 5.195898019467235993e-03
-1.839999999999980673e+01 5.341394070772075876e-03
-1.829999999999980531e+01 5.493889716581584065e-03
-1.819999999999980389e+01 5.653860249422161012e-03
-1.809999999999980247e+01 5.821822454594779289e-03
-1.799999999999980105e+01 5.998339039287479621e-03
-1.789999999999979963e+01 6.184023622021205674e-03
-1.779999999999979821e+01 6.379546364728050541e-03
-1.769999999999979678e+01 6.585640343431172633e-03
-1.759999999999979536e+01 6.803108769933071710e-03
-1.749999999999979394e+01 7.032833196453968164e-03
-1.739999999999979252e+01 7.275782858434149888e-03
-1.729999999999979110e+01 7.533025338868206550e-03
-1.719999999999978968e+01 7.805738771116971057e-03
-1.709999999999978826e+01 8.095225837930779614e-03
-1.699999999999978684e+01 8.402929873755099477e-03
-1.689999999999978542e+01 8.730453437259840313e-03
-1.679999999999978400e+01 9.079579794416304389e-03
-1.669999999999978257e+01 9.452297841932664341e-03
-1.659999999999978115e+01 9.850831111242061566e-03
-1.649999999999977973e+01 1.027767162943657095e-02
-1.639999999999977831e+01 1.073561958226731776e-02
-1.629999999999977689e+01 1.122782993491742293e-02
-1.619999999999977547e+01 1.175786742914844418e-02
-1.609999999999977405e+01 1.232977170632087137e-02
-1.599999999999977263e+01 1.294813472357379119e-02
-1.589999999999977121e+01 1.361819316051347990e-02
-1.579999999999976978e+01 1.434593919071094903e-02
-1.569999999999976836e+01 1.513825385981116926e-02
-1.559999999999976694e+01 1.600306843160159698e-02
-1.549999999999976552e+01 1.694956051531133767e-02
-1.539999999999976410e+01 1.798839368124108967e-02
-1.529999999999976268e+01 1.913201175823787958e-02
-1.519999999999976126e+01 2.039500228815744123e-02
-1.509999999999975984e+01 2.179454797290157966e-02
-1.499999999999975842e+01 2.335099077745894647e-02
-1.489999999999975699e+01 2.508854118858888302e-02
-1.479999999999975557e+01 2.703617573010211675e-02
-1.469999999999975415e+01 2.922878025301767907e-02
-1.459999999999975273e+01 3.170861622713522926e-02
-1.449999999999975131e+01 3.452721430507474376e-02
-1.439999999999974989e+01 3.774783662953446611e-02
-1.429999999999974847e+01 4.144870052244687547e-02
-1.419999999999974705e+01 4.572722628144236523e-02
-1.409999999999974563e+01 5.070566679265372384e-02
-1.399999999999974420e+01 5.653860252854640139e-02
-1.389999999999974278e+01 6.342294489574298866e-02
-1.379999999999974136e+01 7.161127408052044008e-02
-1.369999999999973994e+01 8.142949937511806402e-02
-1.359999999999973852e+01 9.329983465510102714e-02
-1.349999999999973710e+01 1.077695735991243825e-01
-1.339999999999973568e+01 1.255442622098812411e-01
-1.329999999999973426e+01 1.475186041640678680e-01
-1.319999999999973284e+01 1.747854923357489432e-01
-1.309999999999973141e+01 2.085746581855248138e-01
-1.299999999999972999e+01 2.500154766503776549e-01
-1.289999999999972857e+01 2.995308793019197946e-01
-1.279999999999972715e+01 3.556186178557052546e-01
-1.269999999999972573e+01 4.130462447040498253e-01
-1.259999999999972431e+01 4.616014009989849454e-01
-1.249999999999972289e+01 4.881705407540863351e-01
-1.239999999999972147e+01 4.836763128784482557e-01
-1.229999999999972005e+01 4.497706483125055166e-01
-1.219999999999971863e+01 3.975204148661699577e-01
-1.209999999999971720e+01 3.397401926897644642e-01
-1.199999999999971578e+01 2.852504844165397180e-01
-1.189999999999971436e+01 2.380477971220988365e-01
-1.179999999999971294e+01 1.989298708605385380e-01
-1.169999999999971152e+01 1.671830084978874753e-01
-1.159999999999971010e+01 1.416090113960096764e-01
-1.149999999999970868e+01 1.210030107182242937e-01
-1.139999999999970726e+01 1.043259863809722077e-01
-1.129999999999970584e+01 9.073882036855375477e-02
-1.119999999999970441e+01 7.958388649671692405e-02
-1.109999999999970299e+01 7.035229481099165849e-02
-1.099999999999970157e+01 6.265160106390391115e-02
-1.089999999999970015e+01 5.617863842796930185e-02
-1.079999999999969873e+01 5.069811992647252352e-02
-1.069999999999969731e+01 4.602629654456330544e-02
-1.059999999999969589e+01 4.201864935387604472e-02
-1.049999999999969447e+01 3.856066564151543197e-02
-1.039999999999969305e+01 3.556092512273002770e-02
-1.029999999999969162e+01 3.294590120331000044e-02
-1.019999999999969020e+01 3.065603243455219604e-02
-1.009999999999968878e+01 2.864273598546114227e-02
-9.999999999999687361e+00 2.686612231751243224e-02
-9.899999999999685940e+00 2.529323446008537382e-02
-9.799999999999684519e+00 2.389668208177539097e-02
-9.699999999999683098e+00 2.265357456727189189e-02
-9.599999999999681677e+00 2.154468204753432273e-02
-9.499999999999680256e+00 2.055377137665042112e-02
-9.399999999999678835e+00 1.966707726862387817e-02
-9.299999999999677414e+00 1.887287854059045006e-02
-9.199999999999675993e+00 1.816115661778494594e-02
-9.099999999999674571e+00 1.752331882478843847e-02
-8.999999999999673150e+00 1.695197301226157929e-02
-8.899999999999671729e+00 1.644074310375079340e-02
-8.799999999999670308e+00 1.598411744985842736e-02
-8.699999999999668887e+00 1.557732363578196583e-02
-8.599999999999667466e+00 1.521622473847122556e-02
-8.499999999999666045e+00 1.489723307312735591e-02
-8.399999999999664624e+00 1.461723827982981672e-02
-8.299999999999663203e+00 1.437354723478126602e-02
-8.199999999999661782e+00 1.416383376934677273e-02
-8.099999999999660361e+00 1.398609657417709470e-02
-7.999999999999658939e+00 1.383862397946600958e-02
-7.899999999999657518e+00 1.371996455371341309e-02
-7.799999999999656097e+00 1.362890266588505893e-02
-7.699999999999654676e+00 1.356443832065118427e-02
-7.599999999999653255e+00 1.352577071134245315e-02
-7.499999999999651834e+00 1.351228504716294604e-02
-7.399999999999650413e+00 1.352354230509652741e-02
-7.299999999999648992e+00 1.355927163693870612e-02
-7.199999999999647571e+00 1.361936523142093930e-02
-7.099999999999646150e+00 1.370387549316129383e-02
-6.999999999999644729e+00 1.381301445663101791e-02
-6.899999999999643308e+00 1.394715540647181902e-02
-6.799999999999641886e+00 1.410683672739406619e-02
-6.699999999999640465e+00 1.429276805917342567e-02
-6.599999999999639044e+00 1.450583888698186996e-02
-6.499999999999637623e+00 1.474712975631171062e-02
-6.399999999999636202e+00 1.501792636714622577e-02
-6.299999999999634781e+00 1.531973687659565417e-02
-6.199999999999633360e+00 1.565431282538538166e-02
-6.099999999999631939e+00 1.602367420536211784e-02
-5.999999999999630518e+00 1.643013930665958994e-02
-5.899999999999629097e+00 1.687636012963372734e-02
-5.799999999999627676e+00 1.736536432549703676e-02
-5.699999999999626255e+00 1.790060484857270567e-02
-5.599999999999624833e+00 1.848601877418257558e-02
-5.499999999999623412e+00 1.912609707323988106e-02
-5.399999999999621991e+00 1.982596755605504218e-02
-5.299999999999620570e+00 2.059149372877584414e-02
-5.199999999999619149e+00 2.142939297676135085e-02
-5.099999999999617728e+00 2.234737834337529802e-02
-4.999999999999616307e+00 2.335432926526212483e-02
-4.899999999999614886e+00 2.446049803042878862e-02
-4.799999999999613465e+00 2.567776054484398676e-02
-4.699999999999612044e+00 2.701992235994110647e-02
-4.599999999999610623e+00 2.850309401321582392e-02
-4.499999999999609201e+00 3.014615381704599181e-02
-4.399999999999607780e+00 3.197132164153985989e-02
-4.299999999999606359e+00 3.400487445424595773e-02
-4.199999999999604938e+00 3.627804406051947372e-02
-4.099999999999603517e+00 3.882815055698861373e-02
-3.999999999999602096e+00 4.170004275007976879e-02
-3.899999999999600675e+00 4.494794099609568383e-02
-3.799999999999599254e+00 4.863781109392681379e-02
-3.699999999999597833e+00 5.285044346100375989e-02
-3.599999999999596412e+00 5.768547456937932888e-02
-3.499999999999594991e+00 6.326667374896408069e-02
-3.399999999999593570e+00 6.974893576573988618e-02
-3.299999999999592148e+00 7.732757660151155787e-02
-3.199999999999590727e+00 8.625073282295461774e-02
-3.099999999999589306e+00 9.683590899462467261e-02
-2.999999999999587885e+00 1.094919641683284040e-01
-2.899999999999586464e+00 1.247479498221188976e-01
-2.799999999999585043e+00 1.432898600212300366e-01
-2.699999999999583622e+00 1.660046634282100475e-01
-2.599999999999582201e+00 1.940259183752693906e-01
-2.499999999999580780e+00 2.287623093609223723e-01
-2.399999999999579359e+00 2.718604381540775661e-01
-2.299999999999577938e+00 3.249908417340203193e-01
-2.199999999999576517e+00 3.892383658608898900e-01
-2.099999999999575095e+00 4.637653141508534804e-01
-1.999999999999573674e+00 5.435516700396940681e-01
-1.899999999999572253e+00 6.170519414995384588e-01
-1.799999999999570832e+00 6.668693609523661525e-01
-1.699999999999569411e+00 6.770849797045552787e-01
-1.599999999999567990e+00 6.440302335389394006e-01
-1.499999999999566569e+00 5.791964592648496390e-01
-1.399999999999565148e+00 5.006312864131486906e-01
-1.299999999999563727e+00 4.229715598122151810e-01
-1.199999999999562306e+00 3.539924369667226123e-01
-1.099999999999560885e+00 2.961064336403954056e-01
-9.999999999995594635e-01 2.488807166527903236e-01
-8.999999999995580424e-01 2.108005816858772863e-01
-7.999999999995566213e-01 1.801654270699952487e-01
-6.999999999995552002e-01 1.554474184857756458e-01
-5.999999999995537792e-01 1.353898540067634826e-01
-4.999999999995523581e-01 1.189996826584426015e-01
-3.999999999995509370e-01 1.055060777710455783e-01
-2.999999999995495159e-01 9.431446426355494239e-02
-1.999999999995480948e-01 8.496619628746544806e-02
-9.999999999954667373e-02 7.710620659904872387e-02
4.547473508864641190e-13 7.045808490759523923e-02
1.000000000004561684e-01 6.480523913666616509e-02
2.000000000004575895e-01 5.997676450856254809e-02
3.000000000004590106e-01 5.583685978101068925e-02
4.000000000004604317e-01 5.227688347284211584e-02
5.000000000004618528e-01 4.920936643685150380e-02
6.000000000004632739e-01 4.656347464763179594e-02
7.000000000004646949e-01 4.428155041874699133e-02
8.000000000004661160e-01 4.231645955639731088e-02
9.000000000004675371e-01 4.062954450520680355e-02
1.000000000000468958e+00 3.918903632331344894e-02
1.100000000000470379e+00 3.796881672190396267e-02
1.200000000000471800e+00 3.694744941332578358e-02
1.300000000000473221e+00 3.610742054217423030e-02
1.400000000000474643e+00 3.543454311454836969e-02
1.500000000000476064e+00 3.491749159670708147e-02
1.600000000000477485e+00 3.454744130390807050e-02
1.700000000000478906e+00 3.431779362105113335e-02
1.800000000000480327e+00 3.422397305646886212e-02
1.900000000000481748e+00 3.426328604411874729e-02
2.000000000000483169e+00 3.443483459150082499e-02
2.100000000000484590e+00 3.473948056210348495e-02
2.200000000000486011e+00 3.517985877738313144e-02
2.300000000000487432e+00 3.576043939148956796e-02
2.400000000000488853e+00 3.648764228767630707e-02
2.500000000000490274e+00 3.737000872657361000e-02
2.600000000000491696e+00 3.841843831772068230e-02
2.700000000000493117e+00 3.964650279676840139e-02
2.800000000000494538e+00 4.107085233279587216e-02
2.900000000000495959e+00 4.271173550888088949e-02
3.000000000000497380e+00 4.459366117533796608e-02
3.100000000000498801e+00 4.674623969814641067e-02
3.200000000000500222e+00 4.920525358623053375e-02
3.300000000000501643e+00 5.201402428280262058e-02
3.400000000000503064e+00 5.522516473156093703e-02
3.500000000000504485e+00 5.890283851507411433e-02
3.600000000000505906e+00 6.312568914764413175e-02
3.700000000000507328e+00 6.799066192029011579e-02
3.800000000000508749e+00 7.361802143202060555e-02
3.900000000000510170e+00 8.015797807509630890e-02
4.000000000000511591e+00 8.779948474696772087e-02
4.100000000000513012e+00 9.678195799832840784e-02
4.200000000000514433e+00 1.074109141528611644e-01
4.300000000000515854e+00 1.200787616102826638e-01
4.400000000000517275e+00 1.352921525916888634e-01
4.500000000000518696e+00 1.537070835911573674e-01
4.600000000000520117e+00 1.761716179099288848e-01
4.700000000000521538e+00 2.037719613073414038e-01
4.800000000000522959e+00 2.378667819250590287e-01
4.900000000000524381e+00 2.800691173000834366e-01
5.000000000000525802e+00 3.320808454903342866e-01
5.100000000000527223e+00 3.951862288948188029e-01
5.200000000000528644e+00 4.690906598413761008e-01
5.300000000000530065e+00 5.498416420362367552e-01
5.400000000000531486e+00 6.273653522617748113e-01
5.500000000000532907e+00 6.852368093330536425e-01
5.600000000000534328e+00 7.066179621775977582e-01
5.700000000000535749e+00 6.850440335512566481e-01
5.800000000000537170e+00 6.295530222079399607e-01
5.900000000000538591e+00 5.578138279210343997e-01
6.000000000000540012e+00 4.856112379533877310e-01
6.100000000000541434e+00 4.221143565360928607e-01
6.200000000000542855e+00 3.707803712767080428e-01
6.300000000000544276e+00 3.318852799969688738e-01
6.400000000000545697e+00 3.044749252174629439e-01
6.500000000000547118e+00 2.874227677179196916e-01
6.600000000000548539e+00 2.798951409737966967e-01
6.700000000000549960e+00 2.815136859774843292e-01
6.800000000000551381e+00 2.923681365318344660e-01
6.900000000000552802e+00 3.129116149299103755e-01
7.000000000000554223e+00 3.436628809441116261e-01
7.100000000000555644e+00 3.845277419403117514e-01
7.200000000000557066e+00 4.334959526111162309e-01
7.300000000000558487e+00 4.847644034137879587e-01
7.400000000000559908e+00 5.275126477592071428e-01
7.500000000000561329e+00 5.481948169601493781e-01
7.600000000000562750e+00 5.377376490668528408e-01
7.700000000000564171e+00 4.981634797662198855e-01
7.800000000000565592e+00 4.408867001797009411e-01
7.900000000000567013e+00 3.788169781498537669e-01
8.000000000000568434e+00 3.206885372553665015e-01
8.100000000000569855e+00 2.703660134137614302e-01
8.200000000000571276e+00 2.285348224597975320e-01
8.300000000000572697e+00 1.943989774271781545e-01
8.400000000000574119e+00 1.667011774790428669e-01
8.500000000000575540e+00 1.441928587866035671e-01
8.600000000000576961e+00 1.258014130987351598e-01
8.700000000000578382e+00 1.106610302133914925e-01
8.800000000000579803e+00 9.809234706116548574e-02
8.900000000000581224e+00 8.756846349686199515e-02
9.000000000000582645e+00 7.868182508181509327e-02
9.100000000000584066e+00 7.111646633665494321e-02
9.200000000000585487e+00 6.462617544410252657e-02
9.300000000000586908e+00 5.901781624785425867e-02
9.400000000000588329e+00 5.413875646017420745e-02
9.500000000000589750e+00 4.986743321429373821e-02
9.600000000000591172e+00 4.610626922863849536e-02
9.700000000000592593e+00 4.277633543696667678e-02
9.800000000000594014e+00 3.981330851653332170e-02
9.900000000000595435e+00 3.716439008172325170e-02
1.000000000000059686e+01 3.478594284481608540e-02
1.010000000000059828e+01 3.264166412021297231e-02
1.020000000000059970e+01 3.070116449352529656e-02
1.030000000000060112e+01 2.893885397998733830e-02
1.040000000000060254e+01 2.733306311527137003e-02
1.050000000000060396e+01 2.586534476039291375e-02
1.060000000000060538e+01 2.451991585231370549e-02
1.070000000000060680e+01 2.328320824793425267e-02
1.080000000000060822e+01 2.214350516046155112e-02
1.090000000000060965e+01 2.109064517264573960e-02
1.100000000000061107e+01 2.011577992754091937e-02
1.110000000000061249e+01 1.921117470678801453e-02
1.120000000000061391e+01 1.837004346968131377e-02
1.130000000000061533e+01 1.758641173237241936e-02
1.140000000000061675e+01 1.685500205688895969e-02
1.150000000000061817e+01 1.617113799447525077e-02
1.160000000000061959e+01 1.553066316440888592e-02
1.170000000000062101e+01 1.492987280424296938e-02
1.180000000000062244e+01 1.436545564185886734e-02
1.190000000000062386e+01 1.383444434724395364e-02
1.200000000000062528e+01 1.333417314514562073e-02
1.210000000000062670e+01 1.286224142808829046e-02
1.220000000000062812e+01 1.241648241664258454e-02
1.230000000000062954e+01 1.199493608051837440e-02
1.240000000000063096e+01 1.159582566954353230e-02
1.250000000000063238e+01 1.121753731327385442e-02
1.260000000000063380e+01 1.085860223766801913e-02
1.270000000000063523e+01 1.051768122086785273e-02
1.280000000000063665e+01 1.019355097031578519e-02
1.290000000000063807e+01 9.885092153570019385e-03
1.300000000000063949e+01 9.591278856367133412e-03
1.310000000000064091e+01 9.311169275852291746e-03
1.320000000000064233e+01 9.043897485659070645e-03
1.330000000000064375e+01 8.788666133314727846e-03
1.340000000000064517e+01 8.544739950763102776e-03
1.350000000000064659e+01 8.311439975634939484e-03
1.360000000000064801e+01 8.088138395213865031e-03
1.370000000000064944e+01 7.874253937246313007e-03
1.380000000000065086e+01 7.669247741884327105e-03
1.390000000000065228e+01 7.472619657958722017e-03
1.400000000000065370e+01 7.283904914170333950e-03
1.410000000000065512e+01 7.102671122191582011e-03
1.420000000000065654e+01 6.928515574225750824e-03
1.430000000000065796e+01 6.761062802170441158e-03
1.440000000000065938e+01 6.599962369718583022e-03
1.450000000000066080e+01 6.444886872172757124e-03
1.460000000000066223e+01 6.295530121793639113e-03
1.470000000000066365e+01 6.151605499195535696e-03
1.480000000000066507e+01 6.012844453495595938e-03
1.490000000000066649e+01 5.878995136018301364e-03
1.500000000000066791e+01 5.749821154041146604e-03
1.510000000000066933e+01 5.625100432593940769e-03
1.520000000000067075e+01 5.504624173703813982e-03
1.530000000000067217e+01 5.388195903566058050e-03
1.540000000000067359e+01 5.275630599231920931e-03
1.550000000000067502e+01 5.166753887261964044e-03
1.560000000000067644e+01 5.061401307595198538e-03
1.570000000000067786e+01 4.959417636628298508e-03
1.580000000000067928e+01 4.860656264054027433e-03
1.590000000000068070e+01 4.764978618630332299e-03
1.600000000000068212e+01 4.672253638501924419e-03
1.610000000000068354e+01 4.582357282134404824e-03
1.620000000000068496e+01 4.495172076342187316e-03
1.630000000000068638e+01 4.410586698178296620e-03
1.640000000000068781e+01 4.328495587821740848e-03
1.650000000000068923e+01 4.248798589839701198e-03
1.660000000000069065e+01 4.171400620450293160e-03
1.670000000000069207e+01 4.096211358661150034e-03
1.680000000000069349e+01 4.023144959306678564e-03
1.690000000000069491e+01 3.952119786235689866e-03
1.700000000000069633e+01 3.883058164031695774e-03
1.710000000000069775e+01 3.815886146793834137e-03
1.720000000000069917e+01 3.750533302660939185e-03
1.730000000000070060e+01 3.686932512834519612e-03
1.740000000000070202e+01 3.625019784006251137e-03
1.750000000000070344e+01 3.564734073165800633e-03
1.760000000000070486e+01 3.506017123852608018e-03
1.770000000000070628e+01 3.448813313015345640e-03
1.780000000000070770e+01 3.393069507675563340e-03
1.790000000000070912e+01 3.338734930695078183e-03
1.800000000000071054e+01 3.285761034983120891e-03
1.810000000000071196e+01 3.234101385533682746e-03
1.820000000000071338e+01 3.183711548751120158e-03
1.830000000000071481e+01 3.134548988532654627e-03
1.840000000000071623e+01 3.086572968650601236e-03
1.850000000000071765e+01 3.039744460994470068e-03
1.860000000000071907e+01 2.994026059267689607e-03
1.870000000000072049e+01 2.949381897781274721e-03
1.880000000000072191e+01 2.905777574985207896e-03
1.890000000000072333e+01 2.863180081433922865e-03
1.900000000000072475e+01 2.821557731888765450e-03
1.910000000000072617e+01 2.780880101282680924e-03
1.920000000000072760e+01 2.741117964307325343e-03
1.930000000000072902e+01 2.702243238374586569e-03
1.940000000000073044e+01 2.664228929747899152e-03
1.950000000000073186e+01 2.627049082638888578e-03
1.960000000000073328e+01 2.590678731079781687e-03
1.970000000000073470e+01 2.555093853408515765e-03
1.980000000000073612e+01 2.520271329191960726e-03
1.990000000000073754e+01 2.486188898447538442e-03
2.000000000000073896e+01 2.452825123020152282e-03
2.010000000000074039e+01 2.420159349981458596e-03
2.020000000000074181e+01 2.388171676939276466e-03
2.030000000000074323e+01 2.356842919131899548e-03
2.040000000000074465e+01 2.326154578210879332e-03
2.050000000000074607e+01 2.296088812610570361e-03
2.060000000000074749e+01 2.266628409409674264e-03
2.070000000000074891e+01 2.237756757606856623e-03
2.080000000000075033e+01 2.209457822718949131e-03
2.090000000000075175e+01 2.181716122634606240e-03
2.100000000000075318e+01 2.154516704650019307e-03
2.110000000000075460e+01 2.127845123618202217e-03
2.120000000000075602e+01 2.101687421157271470e-03
2.130000000000075744e+01 2.076030105849744310e-03
2.140000000000075886e+01 2.050860134385798766e-03
2.150000000000076028e+01 2.026164893596795955e-03
2.160000000000076170e+01 2.001932183328866081e-03
2.170000000000076312e+01 1.978150200118153085e-03
2.180000000000076454e+01 1.954807521616315057e-03
2.190000000000076597e+01 1.931893091733192505e-03
2.200000000000076739e+01 1.909396206456809167e-03
2.210000000000076881e+01 1.887306500313437217e-03
2.220000000000077023e+01 1.865613933440605750e-03
2.230000000000077165e+01 1.844308779233578069e-03
2.240000000000077307e+01 1.823381612541964637e-03
2.250000000000077449e+01 1.802823298386561392e-03
2.260000000000077591e+01 1.782624981168395894e-03
2.270000000000077733e+01 1.762778074350836470e-03
2.280000000000077875e+01 1.743274250583938317e-03
2.290000000000078018e+01 1.724105432254632777e-03
2.300000000000078160e+01 1.705263782440015821e-03
2.310000000000078302e+01 1.686741696242410361e-03
2.320000000000078444e+01 1.668531792492742661e-03
2.330000000000078586e+01 1.650626905797803823e-03
2.340000000000078728e+01 1.633020078919926801e-03
2.350000000000078870e+01 1.615704555471597463e-03
2.360000000000079012e+01 1.598673772908580561e-03
2.370000000000079154e+01 1.581921355812165994e-03
2.380000000000079297e+01 1.565441109440896981e-03
2.390000000000079439e+01 1.549227013543852914e-03
2.400000000000079581e+01 1.533273216421893355e-03
2.410000000000079723e+01 1.517574029224073948e-03
2.420000000000079865e+01 1.502123920472791261e-03
2.430000000000080007e+01 1.486917510801623364e-03
2.440000000000080149e+01 1.471949567900522355e-03
2.450000000000080291e+01 1.457215001657648614e-03
2.460000000000080433e+01 1.442708859487796700e-03
2.470000000000080576e+01 1.428426321843096446e-03
2.480000000000080718e+01 1.414362697892729021e-03
2.490000000000080860e+01 1.400513421368183332e-03
2.500000000000081002e+01 1.386874046565528739e-03
2.510000000000081144e+01 1.373440244496718955e-03
2.520000000000081286e+01 1.360207799187151782e-03
2.530000000000081428e+01 1.347172604108400886e-03
2.540000000000081570e+01 1.334330658743976359e-03
2.550000000000081712e+01 1.321678065281279256e-03
2.560000000000081855e+01 1.309211025423320145e-03
2.570000000000081997e+01 1.296925837318587717e-03
2.580000000000082139e+01 1.284818892599636853e-03
2.590000000000082281e+01 1.272886673529275304e-03
2.600000000000082423e+01 1.261125750248784415e-03
2.610000000000082565e+01 1.249532778122951519e-03
2.620000000000082707e+01 1.238104495181139436e-03
2.630000000000082849e+01 1.226837719646297568e-03
2.640000000000082991e+01 1.215729347551515157e-03
2.650000000000083134e+01 1.204776350439551143e-03
2.660000000000083276e+01 1.193975773141063654e-03
2.670000000000083418e+01 1.183324731631356114e-03
2.680000000000083560e+01 1.172820410958639497e-03
2.690000000000083702e+01 1.162460063243919142e-03
2.700000000000083844e+01 1.152241005748732032e-03
2.710000000000083986e+01 1.142160619007190478e-03
2.720000000000084128e+01 1.132216345022591351e-03
2.730000000000084270e+01 1.122405685522458608e-03
2.740000000000084412e+01 1.112726200272514798e-03
2.750000000000084555e+01 1.103175505446416351e-03
2.760000000000084697e+01 1.093751272048294493e-03
2.770000000000084839e+01 1.084451224388679027e-03
2.780000000000084981e+01 1.075273138608387859e-03
2.790000000000085123e+01 1.066214841251146008e-03
2.800000000000085265e+01 1.057274207882265196e-03
2.810000000000085407e+01 1.048449161750884080e-03
2.820000000000085549e+01 1.039737672496577519e-03
2.830000000000085691e+01 1.031137754895509930e-03
2.840000000000085834e+01 1.022647467647078839e-03
2.850000000000085976e+01 1.014264912198786740e-03
2.860000000000086118e+01 1.005988231607207132e-03
2.870000000000086260e+01 9.978156094360044696e-04
2.880000000000086402e+01 9.897452686866939787e-04
2.890000000000086544e+01 9.817754707632053799e-04
2.900000000000086686e+01 9.739045144683089288e-04
2.910000000000086828e+01 9.661307350300797105e-04
2.920000000000086970e+01 9.584525031594564193e-04
2.930000000000087113e+01 9.508682241350036382e-04
2.940000000000087255e+01 9.433763369160282812e-04
2.950000000000087397e+01 9.359753132823670852e-04
2.960000000000087539e+01 9.286636569992623219e-04
2.970000000000087681e+01 9.214399030084640362e-04
2.980000000000087823e+01 9.143026166420067458e-04
2.990000000000087965e+01 9.072503928598770785e-04
3.000000000000088107e+01 9.002818555100932773e-04
3.010000000000088249e+01 8.933956566098258173e-04
3.020000000000088392e+01 8.865904756487243263e-04
3.030000000000088534e+01 8.798650189112185854e-04
3.040000000000088676e+01 8.732180188190268900e-04
3.050000000000088818e+01 8.666482332925735466e-04
3.060000000000088960e+01 8.601544451301125840e-04
3.070000000000089102e+01 8.537354614057389175e-04
3.080000000000089244e+01 8.473901128833234058e-04
3.090000000000089386e+01 8.411172534476084447e-04
3.100000000000089528e+01 8.349157595513186352e-04
3.110000000000089670e+01 8.287845296772191304e-04
3.120000000000089813e+01 8.227224838163077784e-04
3.130000000000089955e+01 8.167285629594063772e-04
3.140000000000090097e+01 8.108017286033848648e-04
3.150000000000090239e+01 8.049409622709974505e-04
3.160000000000090381e+01 7.991452650433739872e-04
3.170000000000090523e+01 7.934136571063522695e-04
3.180000000000090665e+01 7.877451773081158492e-04
3.190000000000090807e+01 7.821388827293524349e-04
