-3.200000000000000000e+01 -3.324268804241225439e+01 4.956685866216146152e-01
-3.189999999999999858e+01 -3.315163360203271736e+01 4.953355075306610233e-01
-3.179999999999999716e+01 -3.306064061804978849e+01 4.949982312326944300e-01
-3.169999999999999574e+01 -3.296970986544852167e+01 4.946566852121011548e-01
-3.159999999999999432e+01 -3.287884213261347810e+01 4.943107953506232777e-01
-3.149999999999999289e+01 -3.278803822161278703e+01 4.939604858840695445e-01
-3.139999999999999147e+01 -3.269729894850994611e+01 4.936056793575802626e-01
-3.129999999999999005e+01 -3.260662514367411546e+01 4.932462965794814913e-01
-3.119999999999998863e+01 -3.251601765209890971e+01 4.928822565736450390e-01
-3.109999999999998721e+01 -3.242547733373982055e+01 4.925134765302667250e-01
-3.099999999999998579e+01 -3.233500506384073958e+01 4.921398717551013768e-01
-3.089999999999998437e+01 -3.224460173329001123e+01 4.917613556169618816e-01
-3.079999999999998295e+01 -3.215426824897618019e+01 4.913778394935216509e-01
-3.069999999999998153e+01 -3.206400553415339516e+01 4.909892327153138614e-01
-3.059999999999998010e+01 -3.197381452882753194e+01 4.905954425078292158e-01
-3.049999999999997868e+01 -3.188369619013290901e+01 4.901963739317473645e-01
-3.039999999999997726e+01 -3.179365149273979796e+01 4.897919298210716699e-01
-3.029999999999997584e+01 -3.170368142926371746e+01 4.893820107192186075e-01
-3.019999999999997442e+01 -3.161378701068614561e+01 4.889665148129141992e-01
-3.009999999999997300e+01 -3.152396926679778133e+01 4.885453378638059951e-01
-2.999999999999997158e+01 -3.143422924663396856e+01 4.881183731377819468e-01
-2.989999999999997016e+01 -3.134456801894377165e+01 4.876855113317810630e-01
-2.979999999999996874e+01 -3.125498667266187880e+01 4.872466404980876908e-01
-2.969999999999996732e+01 -3.116548631739508224e+01 4.868016459659817996e-01
-2.959999999999996589e+01 -3.107606808393259001e+01 4.863504102605907264e-01
-2.949999999999996447e+01 -3.098673312475194308e+01 4.858928130189621442e-01
-2.939999999999996305e+01 -3.089748261455990175e+01 4.854287309030614339e-01
-2.929999999999996163e+01 -3.080831775083949964e+01 4.849580375097070073e-01
-2.919999999999996021e+01 -3.071923975441400501e+01 4.844806032772723814e-01
-2.909999999999995879e+01 -3.063024987003760202e+01 4.839962953889633823e-01
-2.899999999999995737e+01 -3.054134936698433123e+01 4.835049776726800808e-01
-2.889999999999995595e+01 -3.045253953967505112e+01 4.830065104971216772e-01
-2.879999999999995453e+01 -3.036382170831403471e+01 4.825007506641235677e-01
-2.869999999999995310e+01 -3.027519721954495679e+01 4.819875512970174802e-01
-2.859999999999995168e+01 -3.018666744713797812e+01 4.814667617247893050e-01
-2.849999999999995026e+01 -3.009823379267738019e+01 4.809382273620036452e-01
-2.839999999999994884e+01 -3.000989768629232302e+01 4.804017895841265484e-01
-2.829999999999994742e+01 -2.992166058739957890e+01 4.798572855981648178e-01
-2.819999999999994600e+01 -2.983352398547085826e+01 4.793045483084052982e-01
-2.809999999999994458e+01 -2.974548940083470683e+01 4.787434061769513804e-01
-2.799999999999994316e+01 -2.965755838548359691e+01 4.781736830790018766e-01
-2.789999999999994174e+01 -2.956973252392828044e+01 4.775951981524202417e-01
-2.779999999999994031e+01 -2.948201343406951835e+01 4.770077656415009359e-01
-2.769999999999993889e+01 -2.939440276809882846e+01 4.764111947346132414e-01
-2.759999999999993747e+01 -2.930690221343889945e+01 4.758052893953871321e-01
-2.749999999999993605e+01 -2.921951349369496498e+01 4.751898481873169655e-01
-2.739999999999993463e+01 -2.913223836965897107e+01 4.745646640912575265e-01
-2.729999999999993321e+01 -2.904507864033681130e+01 4.739295243156447235e-01
-2.719999999999993179e+01 -2.895803614401073389e+01 4.732842100990480860e-01
-2.709999999999993037e+01 -2.887111275934833898e+01 4.726284965046455011e-01
-2.699999999999992895e+01 -2.878431040652872142e+01 4.719621522064003094e-01
-2.689999999999992752e+01 -2.869763104842857970e+01 4.712849392663174819e-01
-2.679999999999992610e+01 -2.861107669183903823e+01 4.705966129025369593e-01
-2.669999999999992468e+01 -2.852464938872513756e+01 4.698969212477529522e-01
-2.659999999999992326e+01 -2.843835123754006844e+01 4.691856050974294035e-01
-2.649999999999992184e+01 -2.835218438456499257e+01 4.684623976475125184e-01
-2.639999999999992042e+01 -2.826615102531787116e+01 4.677270242208614870e-01
-2.629999999999991900e+01 -2.818025340600211592e+01 4.669792019820295237e-01
-2.619999999999991758e+01 -2.809449382500787706e+01 4.662186396397697274e-01
-2.609999999999991616e+01 -2.800887463447817538e+01 4.654450371365557726e-01
-2.599999999999991473e+01 -2.792339824191141417e+01 4.646580853246956577e-01
-2.589999999999991331e+01 -2.783806711184433169e+01 4.638574656280606279e-01
-2.579999999999991189e+01 -2.775288376758634001e+01 4.630428496889156254e-01
-2.569999999999991047e+01 -2.766785079301931916e+01 4.622138989990147162e-01
-2.559999999999990905e+01 -2.758297083447482123e+01 4.613702645140567160e-01
-2.549999999999990763e+01 -2.749824660266209264e+01 4.605115862508841751e-01
-2.539999999999990621e+01 -2.741368087469009396e+01 4.596374928661913772e-01
-2.529999999999990479e+01 -2.732927649615715993e+01 4.587476012160064398e-01
-2.519999999999990337e+01 -2.724503638332090105e+01 4.578415158948420660e-01
-2.509999999999990195e+01 -2.716096352536359149e+01 4.569188287533388904e-01
-2.499999999999990052e+01 -2.707706098672489858e+01 4.559791183934969738e-01
-2.489999999999989910e+01 -2.699333190954812522e+01 4.550219496399238173e-01
-2.479999999999989768e+01 -2.690977951621315256e+01 4.540468729860523966e-01
-2.469999999999989626e+01 -2.682640711197075944e+01 4.530534240138545665e-01
-2.459999999999989484e+01 -2.674321808769401088e+01 4.520411227854803649e-01
-2.449999999999989342e+01 -2.666021592271972906e+01 4.510094732055253686e-01
-2.439999999999989200e+01 -2.657740418782854164e+01 4.499579623519022742e-01
-2.429999999999989058e+01 -2.649478654833626834e+01 4.488860597737882041e-01
-2.419999999999988916e+01 -2.641236676731448085e+01 4.477932167546975206e-01
-2.409999999999988773e+01 -2.633014870895630466e+01 4.466788655385259821e-01
-2.399999999999988631e+01 -2.624813634206275026e+01 4.455424185167363160e-01
-2.389999999999988489e+01 -2.616633374369908793e+01 4.443832673739802064e-01
-2.379999999999988347e+01 -2.608474510299684823e+01 4.432007821900086908e-01
-2.369999999999988205e+01 -2.600337472512035220e+01 4.419943104951601365e-01
-2.359999999999988063e+01 -2.592222703541639461e+01 4.407631762765120698e-01
-2.349999999999987921e+01 -2.584130658372429323e+01 4.395066789320443146e-01
-2.339999999999987779e+01 -2.576061804889865670e+01 4.382240921691821223e-01
-2.329999999999987637e+01 -2.568016624352242872e+01 4.369146628446204939e-01
-2.319999999999987494e+01 -2.559995611883221756e+01 4.355776097416759751e-01
-2.309999999999987352e+01 -2.551999276987726972e+01 4.342121222811074488e-01
-2.299999999999987210e+01 -2.544028144089244137e+01 4.328173591615851468e-01
-2.289999999999987068e+01 -2.536082753094072828e+01 4.313924469247973348e-01
-2.279999999999986926e+01 -2.528163659980684486e+01 4.299364784407404549e-01
-2.269999999999986784e+01 -2.520271437416668903e+01 4.284485113078708163e-01
-2.259999999999986642e+01 -2.512406675405978262e+01 4.269275661624073459e-01
-2.249999999999986500e+01 -2.504569981964747427e+01 4.253726248911962604e-01
-2.239999999999986358e+01 -2.496761983831867937e+01 4.237826287411409765e-01
-2.229999999999986215e+01 -2.488983327212880425e+01 4.221564763186646529e-01
-2.219999999999986073e+01 -2.481234678560268492e+01 4.204930214715954517e-01
-2.209999999999985931e+01 -2.473516725393377413e+01 4.187910710452545371e-01
-2.199999999999985789e+01 -2.465830177156919589e+01 4.170493825045147873e-01
-2.189999999999985647e+01 -2.458175766124891126e+01 4.152666614118425970e-01
-2.179999999999985505e+01 -2.450554248349186892e+01 4.134415587516334090e-01
-2.169999999999985363e+01 -2.442966404656783652e+01 4.115726680897564549e-01
-2.159999999999985221e+01 -2.435413041699571934e+01 4.096585225562806576e-01
-2.149999999999985079e+01 -2.427894993056646911e+01 4.076975916390704335e-01
-2.139999999999984936e+01 -2.420413120396946738e+01 4.056882777736892653e-01
-2.129999999999984794e+01 -2.412968314702528616e+01 4.036289127150610168e-01
-2.119999999999984652e+01 -2.405561497557496153e+01 4.015177536743906872e-01
-2.109999999999984510e+01 -2.398193622507967859e+01 3.993529792034206660e-01
-2.099999999999984368e+01 -2.390865676494097158e+01 3.971326848073165050e-01
-2.089999999999984226e+01 -2.383578681363668750e+01 3.948548782644737964e-01
-2.079999999999984084e+01 -2.376333695468991891e+01 3.925174746309974538e-01
-2.069999999999983942e+01 -2.369131815353881620e+01 3.901182909048209746e-01
-2.059999999999983800e+01 -2.361974177537979003e+01 3.876550403221528107e-01
-2.049999999999983658e+01 -2.354861960401420262e+01 3.851253262573251512e-01
-2.039999999999983515e+01 -2.347796386181586215e+01 3.825266356928783140e-01
-2.029999999999983373e+01 -2.340778723086062740e+01 3.798563322252127561e-01
-2.019999999999983231e+01 -2.333810287531200345e+01 3.771116485669527840e-01
-2.009999999999983089e+01 -2.326892446516369262e+01 3.742896785034127705e-01
-1.999999999999982947e+01 -2.320026620140023965e+01 3.713873682574959090e-01
-1.989999999999982805e+01 -2.313214284272724086e+01 3.684015072110509159e-01
-1.979999999999982663e+01 -2.306456973394940846e+01 3.653287179274335994e-01
-1.969999999999982521e+01 -2.299756283613096386e+01 3.621654454134199952e-01
-1.959999999999982379e+01 -2.293113875868423790e+01 3.589079455523380702e-01
-1.949999999999982236e+01 -2.286531479349567064e+01 3.555522726344873541e-01
-1.939999999999982094e+01 -2.280010895129544934e+01 3.520942659011487841e-01
-1.929999999999981952e+01 -2.273554000040694945e+01 3.485295350118257640e-01
-1.919999999999981810e+01 -2.267162750807848681e+01 3.448534443334798083e-01
-1.909999999999981668e+01 -2.260839188459706861e+01 3.410610959400864894e-01
-1.899999999999981526e+01 -2.254585443042371651e+01 3.371473111981630466e-01
-1.889999999999981384e+01 -2.248403738655745343e+01 3.331066108016329519e-01
-1.879999999999981242e+01 -2.242296398844637650e+01 3.289331931016032939e-01
-1.869999999999981100e+01 -2.236265852370227947e+01 3.246209105616629231e-01
-1.859999999999980957e+01 -2.230314639395385612e+01 3.201632441483800995e-01
-1.849999999999980815e+01 -2.224445418120544105e+01 3.155532754444311805e-01
-1.839999999999980673e+01 -2.218660971905314483e+01 3.107836562484079246e-01
-1.829999999999980531e+01 -2.212964216923745653e+01 3.058465753940510790e-01
-1.819999999999980389e+01 -2.207358210396783349e+01 3.007337224922838614e-01
-1.809999999999980247e+01 -2.201846159455300622e+01 2.954362482610661811e-01
-1.799999999999980105e+01 -2.196431430692706144e+01 2.899447210661827978e-01
-1.789999999999979963e+01 -2.191117560466958736e+01 2.842490792502512242e-01
-1.779999999999979821e+01 -2.185908266027905000e+01 2.783385787692568281e-01
-1.769999999999979678e+01 -2.180807457544350569e+01 2.722017355966924734e-01
-1.759999999999979536e+01 -2.175819251119251163e+01 2.658262622816263132e-01
-1.749999999999979394e+01 -2.170947982891163974e+01 2.591989979641968755e-01
-1.739999999999979252e+01 -2.166198224325750488e+01 2.523058310591053122e-01
-1.729999999999979110e+01 -2.161574798822994126e+01 2.451316137034960096e-01
-1.719999999999978968e+01 -2.157082799770456916e+01 2.376600669422506140e-01
-1.709999999999978826e+01 -2.152727610194155261e+01 2.298736754735226651e-01
-1.699999999999978684e+01 -2.148514924176874530e+01 2.217535706052156108e-01
-1.689999999999978542e+01 -2.144450770228592873e+01 2.132793998755072029e-01
-1.679999999999978400e+01 -2.140541536827010560e+01 2.044291815513341048e-01
-1.669999999999978257e+01 -2.136794000362887402e+01 1.951791419493027480e-01
-1.659999999999978115e+01 -2.133215355761099019e+01 1.855035331985288027e-01
-1.649999999999977973e+01 -2.129813250083148191e+01 1.753744286851578460e-01
-1.639999999999977831e+01 -2.126595819450902169e+01 1.647614929739645295e-01
-1.629999999999977689e+01 -2.123571729687489906e+01 1.536317224657693381e-01
-1.619999999999977547e+01 -2.120750221113560485e+01 1.419491524256796255e-01
-1.609999999999977405e+01 -2.118141158003642843e+01 1.296745252635156387e-01
-1.599999999999977263e+01 -2.115755083277333526e+01 1.167649140511268224e-01
-1.589999999999977121e+01 -2.113603279074443719e+01 1.031732941916785329e-01
-1.579999999999976978e+01 -2.111697833967581772e+01 8.884805485650382195e-02
-1.569999999999976836e+01 -2.110051717662712178e+01 7.373244025444852801e-02
-1.559999999999976694e+01 -2.108678864169782585e+01 5.776390890742921780e-02
-1.549999999999976552e+01 -2.107594264571135767e+01 4.087339681246970891e-02
-1.539999999999976410e+01 -2.106814070677559059e+01 2.298446757973471311e-02
-1.529999999999976268e+01 -2.106355711069983982e+01 4.012329201441344750e-03
-1.519999999999976126e+01 -2.106238021241383862e+01 -1.613730709329896928e-02
-1.509999999999975984e+01 -2.106481389825391659e+01 -3.756955564534392167e-02
-1.499999999999975842e+01 -2.107107923206619304e+01 -6.040190902577335930e-02
-1.489999999999975699e+01 -2.108141631157485563e+01 -8.476605875696818782e-02
-1.479999999999975557e+01 -2.109608636572561480e+01 -1.108100383535262079e-01
-1.469999999999975415e+01 -2.111537412834376681e+01 -1.387007555458712460e-01
-1.459999999999975273e+01 -2.113959052896774793e+01 -1.686269964946610633e-01
-1.449999999999975131e+01 -2.116907574790074875e+01 -2.008030050397425770e-01
-1.439999999999974989e+01 -2.120420268935988517e+01 -2.354727658402737678e-01
-1.429999999999974847e+01 -2.124538093433475083e+01 -2.729151534186253780e-01
-1.419999999999974705e+01 -2.129306124269899669e+01 -3.134501518592449631e-01
-1.409999999999974563e+01 -2.134774068234607824e+01 -3.574464054127696189e-01
-1.399999999999974420e+01 -2.140996847058467978e+01 -4.053304326918100164e-01
-1.389999999999974278e+01 -2.148035261834149878e+01 -4.575979322525004500e-01
-1.379999999999974136e+01 -2.155956746889608411e+01 -5.148277330701096499e-01
-1.369999999999973994e+01 -2.164836221538864436e+01 -5.776991104829543033e-01
-1.359999999999973852e+01 -2.174757045920193121e+01 -6.470134117103562010e-01
-1.349999999999973710e+01 -2.185812082330021511e+01 -7.237212358673500434e-01
-1.339999999999973568e+01 -2.198104854268751041e+01 -8.089568205946103818e-01
-1.329999999999973426e+01 -2.211750778898116110e+01 -9.040818417602504153e-01
-1.319999999999973284e+01 -2.226878419763675510e+01 -1.010741590758297281e+00
-1.309999999999973141e+01 -2.243630657302420772e+01 -1.130937534695442448e+00
-1.299999999999972999e+01 -2.262165591011465082e+01 -1.267121696390671071e+00
-1.289999999999972857e+01 -2.282656845948747559e+01 -1.422320259011174759e+00
-1.279999999999972715e+01 -2.305292718056056955e+01 -1.600296491688773193e+00
-1.269999999999972573e+01 -2.330273190114075987e+01 -1.805766727667016847e+00
-1.259999999999972431e+01 -2.357803167183070414e+01 -2.044687912041628586e+00
-1.249999999999972289e+01 -2.388079117481978386e+01 -2.324641216546167843e+00
-1.239999999999972147e+01 -2.421264318414993610e+01 -2.655342881658209198e+00
-1.229999999999972005e+01 -2.457444513093271254e+01 -3.049318735935710567e+00
-1.219999999999971863e+01 -2.496550009474115939e+01 -3.522776796082773387e+00
-1.209999999999971720e+01 -2.538220583746673498e+01 -4.096687621293677140e+00
-1.199999999999971578e+01 -2.581573924551479848e+01 -4.797997713171300305e+00
-1.189999999999971436e+01 -2.624815097382298035e+01 -5.660672973644016004e+00
-1.179999999999971294e+01 -2.664596538072686016e+01 -6.725718391224977388e+00
-1.169999999999971152e+01 -2.695027063206595130e+01 -8.038114722825401515e+00
-1.159999999999971010e+01 -2.706313144487904765e+01 -9.636316285474048726e+00
-1.149999999999970868e+01 -2.683407627334550583e+01 -1.152670822834150854e+01
-1.139999999999970726e+01 -2.606115784178101080e+01 -1.363468675764047688e+01
-1.129999999999970584e+01 -2.453898634571178405e+01 -1.573821803496589311e+01
-1.119999999999970441e+01 -2.218765204174803074e+01 -1.743703270894184598e+01
-1.109999999999970299e+01 -1.921989621875696841e+01 -1.826278932305292457e+01
-1.099999999999970157e+01 -1.616201215697080329e+01 -1.795108805470641045e+01
-1.089999999999970015e+01 -1.359851922301335136e+01 -1.664337691774716887e+01
-1.079999999999969873e+01 -1.185711969129468102e+01 -1.477624761236919682e+01
-1.069999999999969731e+01 -1.093878153773005657e+01 -1.279612902606628921e+01
-1.059999999999969589e+01 -1.066191707665655564e+01 -1.098709698193007966e+01
-1.049999999999969447e+01 -1.081562499205803363e+01 -9.467344180206556103e+00
-1.039999999999969305e+01 -1.123215192190901845e+01 -8.253131512344332066e+00
-1.029999999999969162e+01 -1.179901486075309336e+01 -7.315750165129443872e+00
-1.019999999999969020e+01 -1.244792004841963973e+01 -6.614177179027323383e+00
-1.009999999999968878e+01 -1.314045622460124463e+01 -6.109693926184603718e+00
-9.999999999999687361e+00 -1.385690417499094274e+01 -5.770964986418846365e+00
-9.899999999999685940e+00 -1.458878360181379996e+01 -5.574971661216137520e+00
-9.799999999999684519e+00 -1.533421714446516937e+01 -5.506498265904908429e+00
-9.699999999999683098e+00 -1.609511121302678660e+01 -5.557356499924966720e+00
-9.599999999999681677e+00 -1.687540448727607156e+01 -5.725821317014794687e+00
-9.499999999999680256e+00 -1.767986831252668978e+01 -6.016455266219725040e+00
-9.399999999999678835e+00 -1.851308482511927878e+01 -6.440392813927373616e+00
-9.299999999999677414e+00 -1.937827620309743182e+01 -7.016128905952855987e+00
-9.199999999999675993e+00 -2.027561411092004207e+01 -7.770847008959272273e+00
-9.099999999999674571e+00 -2.119948932449638335e+01 -8.742281484301487993e+00
-8.999999999999673150e+00 -2.213393748920216808e+01 -9.980959048004242717e+00
-8.899999999999671729e+00 -2.304496770510479919e+01 -1.155224060328621860e+01
-8.799999999999670308e+00 -2.386797380517037226e+01 -1.353654341875878231e+01
-8.699999999999668887e+00 -2.448811235974788758e+01 -1.602381478627290079e+01
-8.599999999999667466e+00 -2.471296324127459343e+01 -1.909385007123333367e+01
-8.499999999999666045e+00 -2.424396240625706866e+01 -2.276743811507122217e+01
-8.399999999999664624e+00 -2.267354622838751155e+01 -2.691061771431300187e+01
-8.299999999999663203e+00 -1.957117827244914920e+01 -3.109889582582117740e+01
-8.199999999999661782e+00 -1.473225107394082301e+01 -3.453863690527960273e+01
-8.099999999999660361e+00 -8.526435376867379290e+00 -3.625813058983094805e+01
-7.999999999999658939e+00 -1.987828972831866103e+00 -3.564752692398923273e+01
-7.899999999999657518e+00 3.663740424458080902e+00 -3.291613568072082074e+01
-7.799999999999656097e+00 7.691511135173104030e+00 -2.892620957994731867e+01
-7.699999999999654676e+00 1.004193663089605337e+01 -2.461157005179283530e+01
-7.599999999999653255e+00 1.107116732986214913e+01 -2.058823583867182805e+01
-7.499999999999651834e+00 1.121892939249484300e+01 -1.712209062540336291e+01
-7.399999999999650413e+00 1.084406880745067525e+01 -1.425583311690130905e+01
-7.299999999999648992e+00 1.019169165382811215e+01 -1.193004382397932694e+01
-7.199999999999647571e+00 9.413842938394875404e+00 -1.005448284205915677e+01
-7.099999999999646150e+00 8.599176253671483749e+00 -8.540494462018317634e+00
-6.999999999999644729e+00 7.796733222341372560e+00 -7.312325292530081455e+00
-6.899999999999643308e+00 7.031926852939018424e+00 -6.309044083485187748e+00
-6.799999999999641886e+00 6.316485908980452813e+00 -5.482977265761523888e+00
-6.699999999999640465e+00 5.654411864469815363e+00 -4.797247784916196522e+00
-6.599999999999639044e+00 5.045476438667856556e+00 -4.223407237414213533e+00
-6.499999999999637623e+00 4.487249441631437463e+00 -3.739462072651059010e+00
-6.399999999999636202e+00 3.976261168635355503e+00 -3.328325574320993407e+00
-6.299999999999634781e+00 3.508658557771057396e+00 -2.976637862559995629e+00
-6.199999999999633360e+00 3.080566310367256477e+00 -2.673877824740048759e+00
-6.099999999999631939e+00 2.688276730252871616e+00 -2.411697606629397139e+00
-5.999999999999630518e+00 2.328340809895818708e+00 -2.183423605492845532e+00
-5.899999999999629097e+00 1.997603117364421976e+00 -1.983681027888193782e+00
-5.799999999999627676e+00 1.693205458728273882e+00 -1.808109970066773542e+00
-5.699999999999626255e+00 1.412573942753538425e+00 -1.653149402127323864e+00
-5.599999999999624833e+00 1.153397959856960142e+00 -1.515871727645686118e+00
-5.499999999999623412e+00 9.136059641889806571e-01 -1.393855208854830163e+00
-5.399999999999621991e+00 6.913407994285316605e-01 -1.285084911870311597e+00
-5.299999999999620570e+00 4.849360375101294807e-01 -1.187875271599258653e+00
-5.199999999999619149e+00 2.928940529317056729e-01 -1.100809155046809096e+00
-5.099999999999617728e+00 1.138661222368568815e-01 -1.022689599959129003e+00
-4.999999999999616307e+00 -5.336540651724508422e-02 -9.525013573973559744e-01
-4.899999999999614886e+00 -2.099029618344543380e-01 -8.893800680922013813e-01
-4.799999999999613465e+00 -3.567477680934465489e-01 -8.325874220710958173e-01
-4.699999999999612044e+00 -4.948122166348851714e-01 -7.814910385987484664e-01
-4.599999999999610623e+00 -6.249307742805276789e-01 -7.355480941901518799e-01
-4.499999999999609201e+00 -7.478696079172122424e-01 -6.942919460101890650e-01
-4.399999999999607780e+00 -8.643350906696127822e-01 -6.573211648541342766e-01
-4.299999999999606359e+00 -9.749813399814826198e-01 -6.242905195344861102e-01
-4.199999999999604938e+00 -1.080416921917294992e+00 -5.949035528596479105e-01
-4.099999999999603517e+00 -1.181210841057120042e+00 -5.689064656515075979e-01
-3.999999999999602096e+00 -1.277897921603913911e+00 -5.460830848784045122e-01
-3.899999999999600675e+00 -1.370983673023439042e+00 -5.262507389972709282e-01
-3.799999999999599254e+00 -1.460948723160596430e+00 -5.092569010117909967e-01
-3.699999999999597833e+00 -1.548252892602691055e+00 -4.949764899319971656e-01
-3.599999999999596412e+00 -1.633338976689933553e+00 -4.833097459840057786e-01
-3.499999999999594991e+00 -1.716636295489610831e+00 -4.741806154964095521e-01
-3.399999999999593570e+00 -1.798564067161528612e+00 -4.675355989831996295e-01
-3.299999999999592148e+00 -1.879534656742381848e+00 -4.633430314535118555e-01
-3.199999999999590727e+00 -1.959956749741377902e+00 -4.615927782157872583e-01
-3.099999999999589306e+00 -2.040238498657491739e+00 -4.622963430882551794e-01
-2.999999999999587885e+00 -2.120790690166246328e+00 -4.654873996784290036e-01
-2.899999999999586464e+00 -2.202029981255550606e+00 -4.712227709425704791e-01
-2.799999999999585043e+00 -2.284382254373324095e+00 -4.795838983565440250e-01
-2.699999999999583622e+00 -2.368286144024087214e+00 -4.906788606177400203e-01
-2.599999999999582201e+00 -2.454196790811890239e+00 -5.046450239509764346e-01
-2.499999999999580780e+00 -2.542589883206614942e+00 -5.216524331959344618e-01
-2.399999999999579359e+00 -2.633966052137761249e+00 -5.419080866937963092e-01
-2.299999999999577938e+00 -2.728855688967209758e+00 -5.656612809547635345e-01
-2.199999999999576517e+00 -2.827824262236850128e+00 -5.932102663090355055e-01
-2.099999999999575095e+00 -2.931478212475217227e+00 -6.249105265308262380e-01
-1.999999999999573674e+00 -3.040471505183978351e+00 -6.611850895962441133e-01
-1.899999999999572253e+00 -3.155512917022575969e+00 -7.025374012876420826e-01
-1.799999999999570832e+00 -3.277374114801060223e+00 -7.495674594003745028e-01
-1.699999999999569411e+00 -3.406898552559039395e+00 -8.029921291277434259e-01
-1.599999999999567990e+00 -3.545011146335033114e+00 -8.636708612620463965e-01
-1.499999999999566569e+00 -3.692728567121800864e+00 -9.326384439783773628e-01
-1.399999999999565148e+00 -3.851169783946670755e+00 -1.011146977790828627e+00
-1.299999999999563727e+00 -4.021566131502178010e+00 -1.100720029699995717e+00
-1.199999999999562306e+00 -4.205269568987276330e+00 -1.203222975852963117e+00
-1.099999999999560885e+00 -4.403756770019793265e+00 -1.320954989034831772e+00
-9.999999999995594635e-01 -4.618624949312011729e+00 -1.456770105307255925e+00
-8.999999999995580424e-01 -4.851572398254718976e+00 -1.614237474987617826e+00
-7.999999999995566213e-01 -5.104351723998476587e+00 -1.797854419424085082e+00
-6.999999999995552002e-01 -5.378675307850731002e+00 -2.013330311871977862e+00
-5.999999999995537792e-01 -5.676038014437212453e+00 -2.267964209582348456e+00
-4.999999999995523581e-01 -5.997397425120645664e+00 -2.571143093855572381e+00
-3.999999999995509370e-01 -6.342609752896992248e+00 -2.934986192658080029e+00
-2.999999999995495159e-01 -6.709449031086858639e+00 -3.375143004013852810e+00
-1.999999999995480948e-01 -7.091923101418655229e+00 -3.911691404419089135e+00
-9.999999999954667373e-02 -7.477429980561517198e+00 -4.569916277773094393e+00
4.547473508864641190e-13 -7.842093232654000268e+00 -5.380348254524530915e+00
1.000000000004561684e-01 -8.143531918798053937e+00 -6.376564149622760524e+00
2.000000000004575895e-01 -8.310932071325023429e+00 -7.587575377696021306e+00
3.000000000004590106e-01 -8.235131328679564433e+00 -9.019254206193023649e+00
4.000000000004604317e-01 -7.769253453592911640e+00 -1.061867250582035105e+01
5.000000000004618528e-01 -6.763531377940562805e+00 -1.222548676192458927e+01
6.000000000004632739e-01 -5.159308124624208070e+00 -1.354896130992045045e+01
7.000000000004646949e-01 -3.111700670418203085e+00 -1.424771660297706077e+01
8.000000000004661160e-01 -1.006328794509557589e+00 -1.412861059041693679e+01
9.000000000004675371e-01 7.264516051933211926e-01 -1.329608394848084885e+01
1.000000000000468958e+00 1.843055877858967406e+00 -1.207297529921581614e+01
1.100000000000470379e+00 2.339543264129976485e+00 -1.079180953262039999e+01
1.200000000000471800e+00 2.346661450777676627e+00 -9.667928132247542550e+00
1.300000000000473221e+00 2.017365750069397556e+00 -8.796625750260862020e+00
1.400000000000474643e+00 1.473527819410373141e+00 -8.200452107940193969e+00
1.500000000000476064e+00 7.972565303796841363e-01 -7.871813679475659242e+00
1.600000000000477485e+00 3.970024118526804813e-02 -7.798011357596706716e+00
1.700000000000478906e+00 -7.671795391383700036e-01 -7.973301216639692157e+00
1.800000000000480327e+00 -1.600180161431048909e+00 -8.404217102324967215e+00
1.900000000000481748e+00 -2.435617448021982767e+00 -9.111981988458376591e+00
2.000000000000483169e+00 -3.239603779650898296e+00 -1.013346914969839752e+01
2.100000000000484590e+00 -3.955683464515227676e+00 -1.152014335858021354e+01
2.200000000000486011e+00 -4.487733444951855333e+00 -1.333190100309193582e+01
2.300000000000487432e+00 -4.677743415768621738e+00 -1.561877833159136131e+01
2.400000000000488853e+00 -4.284876073849735789e+00 -1.837833239449641454e+01
2.500000000000490274e+00 -2.990018285311816015e+00 -2.147610019389860270e+01
2.600000000000491696e+00 -4.781738960057522192e-01 -2.454149000162288274e+01
2.700000000000493117e+00 3.351505533923301527e+00 -2.692904160356585308e+01
2.800000000000494538e+00 8.129153649494771372e+00 -2.791055409863604808e+01
2.900000000000495959e+00 1.300966732290982009e+01 -2.710825489679828237e+01
3.000000000000497380e+00 1.709531547154514541e+01 -2.478351796688202668e+01
3.100000000000498801e+00 1.991263241031214903e+01 -2.163071418245135646e+01
3.200000000000500222e+00 2.149028998523144196e+01 -1.833158408387584970e+01
3.300000000000501643e+00 2.212319340023812231e+01 -1.530653591986025930e+01
3.400000000000503064e+00 2.214026122224161952e+01 -1.272202651281374486e+01
3.500000000000504485e+00 2.179980146827931975e+01 -1.059207873128760902e+01
3.600000000000505906e+00 2.127476239998711094e+01 -8.864605059885192873e+00
3.700000000000507328e+00 2.067110395989482896e+01 -7.469797666172752315e+00
3.800000000000508749e+00 2.004999461550356088e+01 -6.341299522068621464e+00
3.900000000000510170e+00 1.944488571124617948e+01 -5.423165075394968504e+00
4.000000000000511591e+00 1.887279479128060444e+01 -4.670661787525992814e+00
4.100000000000513012e+00 1.834126846205994354e+01 -4.048874478303554625e+00
4.200000000000514433e+00 1.785253541998227433e+01 -3.530810453708062902e+00
4.300000000000515854e+00 1.740593853102370758e+01 -3.095637920203611948e+00
4.400000000000517275e+00 1.699934207798565922e+01 -2.727237575092257060e+00
4.500000000000518696e+00 1.662993674001918265e+01 -2.413074003595784500e+00
4.600000000000520117e+00 1.629469303247627465e+01 -2.143338230583236026e+00
4.700000000000521538e+00 1.599061076544018078e+01 -1.910303477607399714e+00
4.800000000000522959e+00 1.571485141086840009e+01 -1.707842460672560625e+00
4.900000000000524381e+00 1.546480487935109593e+01 -1.531064205645997767e+00
5.000000000000525802e+00 1.523812133314991613e+01 -1.376036663829390605e+00
5.100000000000527223e+00 1.503272509265557666e+01 -1.239566733013823807e+00
5.200000000000528644e+00 1.484681523312375617e+01 -1.119012101034025486e+00
5.300000000000530065e+00 1.467884007849943728e+01 -1.012104993038529521e+00
5.400000000000531486e+00 1.452741186736632706e+01 -9.167921853737598381e-01
5.500000000000532907e+00 1.439113641510525277e+01 -8.311544301445070726e-01
5.600000000000534328e+00 1.426843473410504259e+01 -7.535090577185131755e-01
5.700000000000535749e+00 1.415756617312984389e+01 -6.826635407759983343e-01
5.800000000000537170e+00 1.405692401220821353e+01 -6.180339050987190275e-01
5.900000000000538591e+00 1.396531310962173400e+01 -5.594417408793245228e-01
6.000000000000540012e+00 1.388194968619138692e+01 -5.068090771045483667e-01
6.100000000000541434e+00 1.380628857007975085e+01 -4.600149899520856178e-01
6.200000000000542855e+00 1.373788145124835225e+01 -4.189163751943532632e-01
6.300000000000544276e+00 1.367632897707999007e+01 -3.834228521492494268e-01
6.400000000000545697e+00 1.362130030495962174e+01 -3.535626410795383867e-01
6.500000000000547118e+00 1.357259338199226306e+01 -3.295270773846121770e-01
6.600000000000548539e+00 1.353023289096529780e+01 -3.116934498057921665e-01
6.700000000000549960e+00 1.349462032108266385e+01 -3.006123827698036211e-01
6.800000000000551381e+00 1.346675468655830166e+01 -2.969137297444952583e-01
6.900000000000552802e+00 1.344851600691808713e+01 -3.010302563074409576e-01
7.000000000000554223e+00 1.344289750725894272e+01 -3.125740592090605618e-01
7.100000000000555644e+00 1.345381213408067467e+01 -3.292305134842916647e-01
7.200000000000557066e+00 1.348474977984922418e+01 -3.454638446977931210e-01
7.300000000000558487e+00 1.353581123705080991e+01 -3.524338248181442257e-01
7.400000000000559908e+00 1.360071441790118385e+01 -3.411815395288608777e-01
7.500000000000561329e+00 1.366781855815279201e+01 -3.083010484959470832e-01
7.600000000000562750e+00 1.372621192763185505e+01 -2.585252437567963080e-01
7.700000000000564171e+00 1.377106512665837279e+01 -2.010173436141345915e-01
7.800000000000565592e+00 1.380354048467830097e+01 -1.438619797041057469e-01
7.900000000000567013e+00 1.382751858721516669e+01 -9.163864039882119172e-02
8.000000000000568434e+00 1.384693218212320076e+01 -4.592212819553087577e-02
8.100000000000569855e+00 1.386472325729108057e+01 -6.603428390951016080e-03
8.200000000000571276e+00 1.388278502608000053e+01 2.710655135707190633e-02
8.300000000000572697e+00 1.390222340683563296e+01 5.614428580611263708e-02
8.400000000000574119e+00 1.392363011572922105e+01 8.137138662233051045e-02
8.500000000000575540e+00 1.394728411025749182e+01 1.035078332706809712e-01
8.600000000000576961e+00 1.397328222607665182e+01 1.231303378452856534e-01
8.700000000000578382e+00 1.400161895308647964e+01 1.406927349751737610e-01
8.800000000000579803e+00 1.403223366194975519e+01 1.565503784038906887e-01
8.900000000000581224e+00 1.406503805060385304e+01 1.709820707073644308e-01
9.000000000000582645e+00 1.409993186108312813e+01 1.842078660207683294e-01
9.100000000000584066e+00 1.413681172104628381e+01 1.964028808455391406e-01
9.200000000000585487e+00 1.417557597978025186e+01 2.077077862402077479e-01
9.300000000000586908e+00 1.421612722181174959e+01 2.182367117604301909e-01
9.400000000000588329e+00 1.425837344340937918e+01 2.280831905934416204e-01
9.500000000000589750e+00 1.430222846882513466e+01 2.373246426672395160e-01
9.600000000000591172e+00 1.434761194412975271e+01 2.460257720716274021e-01
9.700000000000592593e+00 1.439444910628417773e+01 2.542411582748066445e-01
9.800000000000594014e+00 1.444267044236564601e+01 2.620172468661559617e-01
9.900000000000595435e+00 1.449221130514276368e+01 2.693938908611984151e-01
1.000000000000059686e+01 1.454301152224183369e+01 2.764055535831325683e-01
1.010000000000059828e+01 1.459501501906400200e+01 2.830822549981049652e-01
1.020000000000059970e+01 1.464816946561886191e+01 2.894503221854068387e-01
1.030000000000060112e+01 1.470242595150038589e+01 2.955329891814686416e-01
1.040000000000060254e+01 1.475773868999727156e+01 3.013508801313255492e-01
1.050000000000060396e+01 1.481406475044835425e+01 3.069224013755687541e-01
1.060000000000060538e+01 1.487136381702100252e+01 3.122640619580424048e-01
1.070000000000060680e+01 1.492959797173206304e+01 3.173907374687081617e-01
1.080000000000060822e+01 1.498873149933149485e+01 3.223158887198397382e-01
1.090000000000060965e+01 1.504873071181831889e+01 3.270517441740516951e-01
1.100000000000061107e+01 1.510956379045158471e+01 3.316094530916544048e-01
1.110000000000061249e+01 1.517120064330355156e+01 3.359992148744481155e-01
1.120000000000061391e+01 1.523361277664820612e+01 3.402303889372331192e-01
1.130000000000061533e+01 1.529677317858100416e+01 3.443115885571293444e-01
1.140000000000061675e+01 1.536065621353373345e+01 3.482507614607167068e-01
1.150000000000061817e+01 1.542523752646074442e+01 3.520552593733147217e-01
1.160000000000061959e+01 1.549049395561986842e+01 3.557318983319947558e-01
1.170000000000062101e+01 1.555640345305015515e+01 3.592870112282550710e-01
1.180000000000062244e+01 1.562294501187628448e+01 3.627264937828365010e-01
1.190000000000062386e+01 1.569009859975562193e+01 3.660558449401513648e-01
1.200000000000062528e+01 1.575784509782157272e+01 3.692802025002943078e-01
1.210000000000062670e+01 1.582616624455302912e+01 3.724043746684986833e-01
1.220000000000062812e+01 1.589504458411375865e+01 3.754328680886643843e-01
1.230000000000062954e+01 1.596446341867888208e+01 3.783699128381940446e-01
1.240000000000063096e+01 1.603440676439977608e+01 3.812194847843999868e-01
1.250000000000063238e+01 1.610485931065395704e+01 3.839853256422297578e-01
1.260000000000063380e+01 1.617580638226505130e+01 3.866709610219846160e-01
1.270000000000063523e+01 1.624723390445847215e+01 3.892797167123574487e-01
1.280000000000063665e+01 1.631912837026427354e+01 3.918147334105219204e-01
1.290000000000063807e+01 1.639147681018773994e+01 3.942789800796782651e-01
1.300000000000063949e+01 1.646426676394257882e+01 3.966752660906089356e-01
1.310000000000064091e+01 1.653748625406193895e+01 3.990062522827558800e-01
1.320000000000064233e+01 1.661112376126646240e+01 4.012744610617047236e-01
1.330000000000064375e+01 1.668516820140229129e+01 4.034822856363902699e-01
1.340000000000064517e+01 1.675960890385720248e+01 4.056319984848989479e-01
1.350000000000064659e+01 1.683443559132829392e+01 4.077257591276215454e-01
1.360000000000064801e+01 1.690963836082626415e+01 4.097656212770043327e-01
1.370000000000064944e+01 1.698520766585553687e+01 4.117535394242026747e-01
1.380000000000065086e+01 1.706113429963941996e+01 4.136913749172739241e-01
1.390000000000065228e+01 1.713740937934577602e+01 4.155809015780578264e-01
1.400000000000065370e+01 1.721402433123064313e+01 4.174238109003848285e-01
1.410000000000065512e+01 1.729097087662363208e+01 4.192217168675840266e-01
1.420000000000065654e+01 1.736824101872848303e+01 4.209761604225341625e-01
1.430000000000065796e+01 1.744582703014006952e+01 4.226886136211633338e-01
1.440000000000065938e+01 1.752372144106047358e+01 4.243604834959893157e-01
1.450000000000066080e+01 1.760191702815745174e+01 4.259931156542297037e-01
1.460000000000066223e+01 1.768040680401134068e+01 4.275877976325716534e-01
1.470000000000066365e+01 1.775918400714470735e+01 4.291457620279454099e-01
1.480000000000066507e+01 1.783824209255448423e+01 4.306681894228092666e-01
1.490000000000066649e+01 1.791757472274623808e+01 4.321562111206798118e-01
1.500000000000066791e+01 1.799717575922887036e+01 4.336109117067887819e-01
1.510000000000066933e+01 1.807703925443018989e+01 4.350333314473360247e-01
1.520000000000067075e+01 1.815715944403994087e+01 4.364244685391139300e-01
1.530000000000067217e+01 1.823753073971166572e+01 4.377852812211056599e-01
1.540000000000067359e+01 1.831814772213393994e+01 4.391166897577860606e-01
1.550000000000067502e+01 1.839900513443838648e+01 4.404195783035032563e-01
1.560000000000067644e+01 1.848009787591434616e+01 4.416947966565221706e-01
1.570000000000067786e+01 1.856142099604413431e+01 4.429431619101409923e-01
1.580000000000067928e+01 1.864296968879861538e+01 4.441654600084736226e-01
1.590000000000068070e+01 1.872473928720958014e+01 4.453624472130893186e-01
1.600000000000068212e+01 1.880672525819331753e+01 4.465348514866496199e-01
1.610000000000068354e+01 1.888892319760045169e+01 4.476833737991926521e-01
1.620000000000068496e+01 1.897132882551193234e+01 4.488086893618770667e-01
1.630000000000068638e+01 1.905393798172509534e+01 4.499114487932973083e-01
1.640000000000068781e+01 1.913674662145160710e+01 4.509922792224564381e-01
1.650000000000068923e+01 1.921975081120513096e+01 4.520517853325075053e-01
1.660000000000069065e+01 1.930294672485852203e+01 4.530905503491128861e-01
1.670000000000069207e+01 1.938633063989295380e+01 4.541091369765944408e-01
1.680000000000069349e+01 1.946989893378736269e+01 4.551080882854577903e-01
1.690000000000069491e+01 1.955364808057236914e+01 4.560879285540114236e-01
1.700000000000069633e+01 1.963757464752978521e+01 4.570491640669265276e-01
1.710000000000069775e+01 1.972167529201982461e+01 4.579922838734113433e-01
1.720000000000069917e+01 1.980594675846126407e+01 4.589177605071388943e-01
1.730000000000070060e+01 1.989038587541521963e+01 4.598260506705130202e-01
1.740000000000070202e+01 1.997498955279851174e+01 4.607175958850894815e-01
1.750000000000070344e+01 2.005975477921020911e+01 4.615928231101937840e-01
1.760000000000070486e+01 2.014467861935512971e+01 4.624521453316216002e-01
1.770000000000070628e+01 2.022975821159104015e+01 4.632959621218797341e-01
1.780000000000070770e+01 2.031499076555251548e+01 4.641246601738804878e-01
1.790000000000070912e+01 2.040037355987836420e+01 4.649386138093275500e-01
1.800000000000071054e+01 2.048590394002760462e+01 4.657381854632535179e-01
1.810000000000071196e+01 2.057157931617010860e+01 4.665237261461089857e-01
1.820000000000071338e+01 2.065739716117826674e+01 4.672955758843713725e-01
1.830000000000071481e+01 2.074335500867536908e+01 4.680540641411364833e-01
1.840000000000071623e+01 2.082945045116774097e+01 4.687995102175273598e-01
1.850000000000071765e+01 2.091568113824723341e+01 4.695322236360196522e-01
1.860000000000071907e+01 2.100204477485052479e+01 4.702525045066791032e-01
1.870000000000072049e+01 2.108853911960335736e+01 4.709606438770185810e-01
1.880000000000072191e+01 2.117516198320543808e+01 4.716569240665649532e-01
1.890000000000072333e+01 2.126191122688430113e+01 4.723416189867318260e-01
1.900000000000072475e+01 2.134878476090552368e+01 4.730149944468061696e-01
1.910000000000072617e+01 2.143578054312629178e+01 4.736773084468060557e-01
1.920000000000072760e+01 2.152289657762094066e+01 4.743288114576851844e-01
1.930000000000072902e+01 2.161013091333550662e+01 4.749697466897587206e-01
1.940000000000073044e+01 2.169748164279933178e+01 4.756003503497339135e-01
1.950000000000073186e+01 2.178494690088245633e+01 4.762208518869854856e-01
1.960000000000073328e+01 2.187252486358561754e+01 4.768314742296285158e-01
1.970000000000073470e+01 2.196021374689271966e+01 4.774324340107359288e-01
1.980000000000073612e+01 2.204801180564249563e+01 4.780239417853757167e-01
1.990000000000073754e+01 2.213591733244876991e+01 4.786062022387483350e-01
2.000000000000073896e+01 2.222392865665734263e+01 4.791794143858935651e-01
2.010000000000074039e+01 2.231204414332808028e+01 4.797437717634235876e-01
2.020000000000074181e+01 2.240026219227116755e+01 4.802994626134796108e-01
2.030000000000074323e+01 2.248858123709533174e+01 4.808466700604971944e-01
2.040000000000074465e+01 2.257699974429781520e+01 4.813855722809439741e-01
2.050000000000074607e+01 2.266551621238406256e+01 4.819163426664032079e-01
2.060000000000074749e+01 2.275412917100620191e+01 4.824391499803563077e-01
2.070000000000074891e+01 2.284283718014959419e+01 4.829541585088052980e-01
2.080000000000075033e+01 2.293163882932575959e+01 4.834615282051901164e-01
2.090000000000075175e+01 2.302053273680092360e+01 4.839614148297258223e-01
2.100000000000075318e+01 2.310951754884948883e+01 4.844539700834448737e-01
2.110000000000075460e+01 2.319859193902106753e+01 4.849393417372253601e-01
2.120000000000075602e+01 2.328775460745041315e+01 4.854176737558862920e-01
2.130000000000075744e+01 2.337700428016940890e+01 4.858891064177447427e-01
2.140000000000075886e+01 2.346633970845024209e+01 4.863537764296950727e-01
2.150000000000076028e+01 2.355575966816891054e+01 4.868118170380485443e-01
2.160000000000076170e+01 2.364526295917846710e+01 4.872633581353500443e-01
2.170000000000076312e+01 2.373484840472130486e+01 4.877085263632263135e-01
2.180000000000076454e+01 2.382451485083954168e+01 4.881474452115898144e-01
2.190000000000076597e+01 2.391426116581315853e+01 4.885802351142272681e-01
2.200000000000076739e+01 2.400408623961501320e+01 4.890070135409709251e-01
2.210000000000076881e+01 2.409398898337233419e+01 4.894278950866262079e-01
2.220000000000077023e+01 2.418396832886397974e+01 4.898429915566749338e-01
2.230000000000077165e+01 2.427402322801295398e+01 4.902524120500369453e-01
2.240000000000077307e+01 2.436415265240349726e+01 4.906562630389001978e-01
2.250000000000077449e+01 2.445435559281274607e+01 4.910546484457748995e-01
2.260000000000077591e+01 2.454463105874567219e+01 4.914476697179093745e-01
2.270000000000077733e+01 2.463497807800352746e+01 4.918354258990775274e-01
2.280000000000077875e+01 2.472539569624507294e+01 4.922180136989852128e-01
2.290000000000078018e+01 2.481588297656997355e+01 4.925955275602633132e-01
2.300000000000078160e+01 2.490643899911445658e+01 4.929680597232110051e-01
2.310000000000078302e+01 2.499706286064807514e+01 4.933357002883749787e-01
2.320000000000078444e+01 2.508775367420210856e+01 4.936985372769773783e-01
2.330000000000078586e+01 2.517851056868832060e+01 4.940566566893889733e-01
2.340000000000078728e+01 2.526933268853831294e+01 4.944101425616329593e-01
2.350000000000078870e+01 2.536021919335304631e+01 4.947590770200279708e-01
2.360000000000079012e+01 2.545116925755208825e+01 4.951035403340640073e-01
2.370000000000079154e+01 2.554218207005198593e+01 4.954436109674979494e-01
2.380000000000079297e+01 2.563325683393418331e+01 4.957793656278429162e-01
2.390000000000079439e+01 2.572439276613164338e+01 4.961108793142376405e-01
2.400000000000079581e+01 2.581558909712370564e+01 4.964382253637668052e-01
2.410000000000079723e+01 2.590684507062987407e+01 4.967614754963426971e-01
2.420000000000079865e+01 2.599815994333082614e+01 4.970806998580845071e-01
2.430000000000080007e+01 2.608953298457783632e+01 4.973959670633975594e-01
2.440000000000080149e+01 2.618096347611935215e+01 4.977073442356875765e-01
2.450000000000080291e+01 2.627245071183494218e+01 4.980148970468029623e-01
2.460000000000080433e+01 2.636399399746643013e+01 4.983186897552751571e-01
2.470000000000080576e+01 2.645559265037557850e+01 4.986187852433152101e-01
2.480000000000080718e+01 2.654724599928854190e+01 4.989152450527197802e-01
2.490000000000080860e+01 2.663895338405702518e+01 4.992081294196566432e-01
2.500000000000081002e+01 2.673071415542500517e+01 4.994974973083705083e-01
2.510000000000081144e+01 2.682252767479221589e+01 4.997834064439004575e-01
2.520000000000081286e+01 2.691439331400291124e+01 5.000659133437523884e-01
2.530000000000081428e+01 2.700631045512067985e+01 5.003450733486642932e-01
2.540000000000081570e+01 2.709827849021849744e+01 5.006209406524227967e-01
2.550000000000081712e+01 2.719029682117432856e+01 5.008935683307926823e-01
2.560000000000081855e+01 2.728236485946188239e+01 5.011630083696094751e-01
2.570000000000081997e+01 2.737448202596618785e+01 5.014293116919890103e-01
2.580000000000082139e+01 2.746664775078421172e+01 5.016925281847846030e-01
2.590000000000082281e+01 2.755886147304041600e+01 5.019527067242501861e-01
2.600000000000082423e+01 2.765112264070639370e+01 5.022098952009450556e-01
2.610000000000082565e+01 2.774343071041563036e+01 5.024641405439466135e-01
2.620000000000082707e+01 2.783578514730184850e+01 5.027154887443078257e-01
2.630000000000082849e+01 2.792818542482232758e+01 5.029639848778976186e-01
2.640000000000082991e+01 2.802063102459474919e+01 5.032096731275486068e-01
2.650000000000083134e+01 2.811312143623824511e+01 5.034525968045846511e-01
2.660000000000083276e+01 2.820565615720845543e+01 5.036927983697550015e-01
2.670000000000083418e+01 2.829823469265593161e+01 5.039303194535299513e-01
2.680000000000083560e+01 2.839085655526850260e+01 5.041652008758708003e-01
2.690000000000083702e+01 2.848352126512721583e+01 5.043974826654276100e-01
2.700000000000083844e+01 2.857622834956551117e+01 5.046272040781917267e-01
2.710000000000083986e+01 2.866897734302191481e+01 5.048544036156594750e-01
2.720000000000084128e+01 2.876176778691581859e+01 5.050791190424500643e-01
2.730000000000084270e+01 2.885459922950663980e+01 5.053013874034731900e-01
2.740000000000084412e+01 2.894747122576596610e+01 5.055212450406144642e-01
2.750000000000084555e+01 2.904038333725253906e+01 5.057387276089577721e-01
2.760000000000084697e+01 2.913333513198060132e+01 5.059538700925887422e-01
2.770000000000084839e+01 2.922632618431050844e+01 5.061667068199329211e-01
2.780000000000084981e+01 2.931935607482238737e+01 5.063772714787135865e-01
2.790000000000085123e+01 2.941242439020269472e+01 5.065855971304960015e-01
2.800000000000085265e+01 2.950553072313280012e+01 5.067917162248350982e-01
2.810000000000085407e+01 2.959867467217109294e+01 5.069956606130713306e-01
2.820000000000085549e+01 2.969185584165618508e+01 5.071974615617186322e-01
2.830000000000085691e+01 2.978507384159384230e+01 5.073971497655396234e-01
2.840000000000085834e+01 2.987832828755541925e+01 5.075947553602517814e-01
2.850000000000085976e+01 2.997161880057905847e+01 5.077903079349131987e-01
2.860000000000086118e+01 3.006494500706304152e+01 5.079838365439883763e-01
2.870000000000086260e+01 3.015830653868081157e+01 5.081753697190757313e-01
2.880000000000086402e+01 3.025170303227875834e+01 5.083649354803596587e-01
2.890000000000086544e+01 3.034513412978582636e+01 5.085525613477548390e-01
2.900000000000086686e+01 3.043859947812492095e+01 5.087382743517643302e-01
2.910000000000086828e+01 3.053209872911682510e+01 5.089221010440703186e-01
2.920000000000086970e+01 3.062563153940520522e+01 5.091040675078321032e-01
2.930000000000087113e+01 3.071919757036417309e+01 5.092841993677459378e-01
2.940000000000087255e+01 3.081279648801731241e+01 5.094625217998385303e-01
2.950000000000087397e+01 3.090642796295865935e+01 5.096390595410194013e-01
2.960000000000087539e+01 3.100009167026530577e+01 5.098138368983969881e-01
2.970000000000087681e+01 3.109378728943141823e+01 5.099868777583413948e-01
2.980000000000087823e+01 3.118751450428452898e+01 5.101582055953488570e-01
2.990000000000087965e+01 3.128127300291278345e+01 5.103278434806738373e-01
3.000000000000088107e+01 3.137506247759399258e+01 5.104958140907386310e-01
3.010000000000088249e+01 3.146888262471664532e+01 5.106621397153678910e-01
3.020000000000088392e+01 3.156273314472120717e+01 5.108268422657706864e-01
3.030000000000088534e+01 3.165661374202431233e+01 5.109899432823779009e-01
3.040000000000088676e+01 3.175052412495332277e+01 5.111514639424594719e-01
3.050000000000088818e+01 3.184446400568261737e+01 5.113114250675645511e-01
3.060000000000088960e+01 3.193843310016157844e+01 5.114698471307922434e-01
3.070000000000089102e+01 3.203243112806305959e+01 5.116267502638657261e-01
3.080000000000089244e+01 3.212645781271378098e+01 5.117821542640532684e-01
3.090000000000089386e+01 3.222051288103594402e+01 5.119360786009261588e-01
3.100000000000089528e+01 3.231459606348961699e+01 5.120885424229385530e-01
3.110000000000089670e+01 3.240870709400700633e+01 5.122395645638795347e-01
3.120000000000089813e+01 3.250284570994710975e+01 5.123891635491386598e-01
3.130000000000089955e+01 3.259701165203198059e+01 5.125373576018502630e-01
3.140000000000090097e+01 3.269120466429414762e+01 5.126841646488853321e-01
3.150000000000090239e+01 3.278542449402472414e+01 5.128296023266974979e-01
3.160000000000090381e+01 3.287967089171330315e+01 5.129736879870545607e-01
3.170000000000090523e+01 3.297394361100768378e+01 5.131164387025987095e-01
3.180000000000090665e+01 3.306824240865584130e+01 5.132578712723174785e-01
3.190000000000090807e+01 3.316256704445819281e+01 5.133980022268656018e-01
