-3.200000000000000000e+01 -2.556977399935382422e+01 4.071659322533142666e-01
-3.189999999999999858e+01 -2.549498532586787292e+01 4.067887608202794825e-01
-3.179999999999999716e+01 -2.542026623245718397e+01 4.064072035139872918e-01
-3.169999999999999574e+01 -2.534561752884438590e+01 4.060211903623093255e-01
-3.159999999999999432e+01 -2.527104003767097495e+01 4.056306499574935387e-01
-3.149999999999999289e+01 -2.519653459477140700e+01 4.052355094197472307e-01
-3.139999999999999147e+01 -2.512210204943700020e+01 4.048356943597625213e-01
-3.129999999999999005e+01 -2.504774326469821233e+01 4.044311288400569970e-01
-3.119999999999998863e+01 -2.497345911761391335e+01 4.040217353351227558e-01
-3.109999999999998721e+01 -2.489925049955659730e+01 4.036074346903783527e-01
-3.099999999999998579e+01 -2.482511831652251999e+01 4.031881460797906991e-01
-3.089999999999998437e+01 -2.475106348943229051e+01 4.027637869622222033e-01
-3.079999999999998295e+01 -2.467708695445079670e+01 4.023342730363689279e-01
-3.069999999999998153e+01 -2.460318966331613311e+01 4.018995181942698891e-01
-3.059999999999998010e+01 -2.452937258366466011e+01 4.014594344733786735e-01
-3.049999999999997868e+01 -2.445563669938301388e+01 4.010139320070426061e-01
-3.039999999999997726e+01 -2.438198301095166443e+01 4.005629189734442042e-01
-3.029999999999997584e+01 -2.430841253580904393e+01 4.001063015428546477e-01
-3.019999999999997442e+01 -2.423492630872594589e+01 3.996439838231655717e-01
-3.009999999999997300e+01 -2.416152538217843926e+01 3.991758678036865793e-01
-2.999999999999997158e+01 -2.408821082674776548e+01 3.987018532970179052e-01
-2.989999999999997016e+01 -2.401498373151476784e+01 3.982218378790782776e-01
-2.979999999999996874e+01 -2.394184520447555542e+01 3.977357168270702070e-01
-2.969999999999996732e+01 -2.386879637297008117e+01 3.972433830553916412e-01
-2.959999999999996589e+01 -2.379583838410971808e+01 3.967447270494087741e-01
-2.949999999999996447e+01 -2.372297240523521111e+01 3.962396367969293065e-01
-2.939999999999996305e+01 -2.365019962436949896e+01 3.957279977174025243e-01
-2.929999999999996163e+01 -2.357752125069533733e+01 3.952096925886391388e-01
-2.919999999999996021e+01 -2.350493851504634080e+01 3.946846014710055361e-01
-2.909999999999995879e+01 -2.343245267040051516e+01 3.941526016290294310e-01
-2.899999999999995737e+01 -2.336006499240568246e+01 3.936135674501887172e-01
-2.889999999999995595e+01 -2.328777677990205319e+01 3.930673703609156022e-01
-2.879999999999995453e+01 -2.321558935547250968e+01 3.925138787395818230e-01
-2.869999999999995310e+01 -2.314350406600853916e+01 3.919529578263775682e-01
-2.859999999999995168e+01 -2.307152228328117616e+01 3.913844696300074477e-01
-2.849999999999995026e+01 -2.299964540454677220e+01 3.908082728309428822e-01
-2.839999999999994884e+01 -2.292787485315277962e+01 3.902242226812310810e-01
-2.829999999999994742e+01 -2.285621207917420605e+01 3.896321709005948764e-01
-2.819999999999994600e+01 -2.278465856006855716e+01 3.890319655686930167e-01
-2.809999999999994458e+01 -2.271321580133949070e+01 3.884234510134485507e-01
-2.799999999999994316e+01 -2.264188533723824293e+01 3.878064676951217815e-01
-2.789999999999994174e+01 -2.257066873146909813e+01 3.871808520861075298e-01
-2.779999999999994031e+01 -2.249956757792833884e+01 3.865464365461275809e-01
-2.769999999999993889e+01 -2.242858350146668300e+01 3.859030491926667139e-01
-2.759999999999993747e+01 -2.235771815866344170e+01 3.852505137664882229e-01
-2.749999999999993605e+01 -2.228697323864318491e+01 3.845886494918662191e-01
-2.739999999999993463e+01 -2.221635046390053958e+01 3.839172709314641607e-01
-2.729999999999993321e+01 -2.214585159116344215e+01 3.832361878354584306e-01
-2.719999999999993179e+01 -2.207547841228401708e+01 3.825452049847019587e-01
-2.709999999999993037e+01 -2.200523275514690980e+01 3.818441220277113968e-01
-2.699999999999992895e+01 -2.193511648462482100e+01 3.811327333110163806e-01
-2.689999999999992752e+01 -2.186513150354790014e+01 3.804108277027581919e-01
-2.679999999999992610e+01 -2.179527975371721737e+01 3.796781884090352777e-01
-2.669999999999992468e+01 -2.172556321695205384e+01 3.789345927827220128e-01
-2.659999999999992326e+01 -2.165598391616062912e+01 3.781798121244510091e-01
-2.649999999999992184e+01 -2.158654391646498283e+01 3.774136114751968640e-01
-2.639999999999992042e+01 -2.151724532634628417e+01 3.766357494002607331e-01
-2.629999999999991900e+01 -2.144809029884185492e+01 3.758459777640436039e-01
-2.619999999999991758e+01 -2.137908103278337535e+01 3.750440414952063706e-01
-2.609999999999991616e+01 -2.131021977406637546e+01 3.742296783418026518e-01
-2.599999999999991473e+01 -2.124150881698266247e+01 3.734026186156890192e-01
-2.589999999999991331e+01 -2.117295050558185565e+01 3.725625849258714095e-01
-2.579999999999991189e+01 -2.110454723509351638e+01 3.717092919000136164e-01
-2.569999999999991047e+01 -2.103630145340079594e+01 3.708424458935788981e-01
-2.559999999999990905e+01 -2.096821566255641045e+01 3.699617446859879144e-01
-2.549999999999990763e+01 -2.090029242036538903e+01 3.690668771629742606e-01
-2.539999999999990621e+01 -2.083253434202582355e+01 3.681575229844484820e-01
-2.529999999999990479e+01 -2.076494410181874883e+01 3.672333522371574177e-01
-2.519999999999990337e+01 -2.069752443487973181e+01 3.662940250711055890e-01
-2.509999999999990195e+01 -2.063027813901892316e+01 3.653391913190560669e-01
-2.499999999999990052e+01 -2.056320807662310557e+01 3.643684900979855534e-01
-2.489999999999989910e+01 -2.049631717663056207e+01 3.633815493915075745e-01
-2.479999999999989768e+01 -2.042960843657043668e+01 3.623779856123041654e-01
-2.469999999999989626e+01 -2.036308492470054432e+01 3.613574031431502909e-01
-2.459999999999989484e+01 -2.029674978221069281e+01 3.603193938555749876e-01
-2.449999999999989342e+01 -2.023060622552654308e+01 3.592635366045958678e-01
-2.439999999999989200e+01 -2.016465754870575466e+01 3.581893966981954391e-01
-2.429999999999989058e+01 -2.009890712591904816e+01 3.570965253401230943e-01
-2.419999999999988916e+01 -2.003335841405142403e+01 3.559844590441441081e-01
-2.409999999999988773e+01 -1.996801495539206428e+01 3.548527190182916291e-01
-2.399999999999988631e+01 -1.990288038044908703e+01 3.537008105170058592e-01
-2.389999999999988489e+01 -1.983795841088254974e+01 3.525282221592430654e-01
-2.379999999999988347e+01 -1.977325286254966130e+01 3.513344252105159993e-01
-2.369999999999988205e+01 -1.970876764869944253e+01 3.501188728262825123e-01
-2.359999999999988063e+01 -1.964450678328700661e+01 3.488809992545218730e-01
-2.349999999999987921e+01 -1.958047438444545918e+01 3.476202189945379328e-01
-2.339999999999987779e+01 -1.951667467811119749e+01 3.463359259092315678e-01
-2.329999999999987637e+01 -1.945311200179843070e+01 3.450274922878385220e-01
-2.319999999999987494e+01 -1.938979080856312009e+01 3.436942678555060526e-01
-2.309999999999987352e+01 -1.932671567112818423e+01 3.423355787264313332e-01
-2.299999999999987210e+01 -1.926389128621200442e+01 3.409507262963840657e-01
-2.289999999999987068e+01 -1.920132247905775813e+01 3.395389860704858265e-01
-2.279999999999986926e+01 -1.913901420816353038e+01 3.380996064218253494e-01
-2.269999999999986784e+01 -1.907697157025656765e+01 3.366318072756541713e-01
-2.259999999999986642e+01 -1.901519980548704680e+01 3.351347787141697454e-01
-2.249999999999986500e+01 -1.895370430288806318e+01 3.336076794957867908e-01
-2.239999999999986358e+01 -1.889249060610328357e+01 3.320496354826834584e-01
-2.229999999999986215e+01 -1.883156441938704262e+01 3.304597379699398263e-01
-2.219999999999986073e+01 -1.877093161392560816e+01 3.288370419084561957e-01
-2.209999999999985931e+01 -1.871059823446081793e+01 3.271805640139662796e-01
-2.199999999999985789e+01 -1.865057050626774782e+01 3.254892807529483623e-01
-2.189999999999985647e+01 -1.859085484249611397e+01 3.237621261959420238e-01
-2.179999999999985505e+01 -1.853145785188618078e+01 3.219979897279000580e-01
-2.169999999999985363e+01 -1.847238634691579762e+01 3.201957136036795992e-01
-2.159999999999985221e+01 -1.841364735236902206e+01 3.183540903365931207e-01
-2.149999999999985079e+01 -1.835524811438631332e+01 3.164718599057900761e-01
-2.139999999999984936e+01 -1.829719611001706525e+01 3.145477067675781502e-01
-2.129999999999984794e+01 -1.823949905729512011e+01 3.125802566542402738e-01
-2.119999999999984652e+01 -1.818216492590756417e+01 3.105680731417130858e-01
-2.109999999999984510e+01 -1.812520194845846078e+01 3.085096539666216664e-01
-2.099999999999984368e+01 -1.806861863240413513e+01 3.064034270701425089e-01
-2.089999999999984226e+01 -1.801242377269505113e+01 3.042477463445623087e-01
-2.079999999999984084e+01 -1.795662646516280248e+01 3.020408870558337622e-01
-2.069999999999983942e+01 -1.790123612074224013e+01 2.997810409119979758e-01
-2.059999999999983800e+01 -1.784626248055048592e+01 2.974663107451611666e-01
-2.049999999999983658e+01 -1.779171563192364403e+01 2.950947047701560910e-01
-2.039999999999983515e+01 -1.773760602547076815e+01 2.926641303796502225e-01
-2.029999999999983373e+01 -1.768394449321292683e+01 2.901723874310530027e-01
-2.019999999999983231e+01 -1.763074226792775079e+01 2.876171609747134594e-01
-2.009999999999983089e+01 -1.757801100375626646e+01 2.849960133684271146e-01
-1.999999999999982947e+01 -1.752576279821053618e+01 2.823063757155900300e-01
-1.989999999999982805e+01 -1.747401021568499857e+01 2.795455385578141660e-01
-1.979999999999982663e+01 -1.742276631258499009e+01 2.767106417446035804e-01
-1.969999999999982521e+01 -1.737204466424713090e+01 2.737986633924072710e-01
-1.959999999999982379e+01 -1.732185939376469008e+01 2.708064078360669646e-01
-1.949999999999982236e+01 -1.727222520292315977e+01 2.677304924621177196e-01
-1.939999999999982094e+01 -1.722315740542036622e+01 2.645673333003950578e-01
-1.929999999999981952e+01 -1.717467196256668416e+01 2.613131292345632906e-01
-1.919999999999981810e+01 -1.712678552172994273e+01 2.579638446729869972e-01
-1.909999999999981668e+01 -1.707951545774072599e+01 2.545151905020476835e-01
-1.899999999999981526e+01 -1.703287991757740372e+01 2.509626031184198358e-01
-1.889999999999981384e+01 -1.698689786863414852e+01 2.473012213101333234e-01
-1.879999999999981242e+01 -1.694158915091118445e+01 2.435258607243492301e-01
-1.869999999999981100e+01 -1.689697453355678647e+01 2.396309856216481959e-01
-1.859999999999980957e+01 -1.685307577616003272e+01 2.356106775755459348e-01
-1.849999999999980815e+01 -1.680991569532227103e+01 2.314586007242385168e-01
-1.839999999999980673e+01 -1.676751823704785238e+01 2.271679631247067177e-01
-1.829999999999980531e+01 -1.672590855556057221e+01 2.227314736914964843e-01
-1.819999999999980389e+01 -1.668511309928118891e+01 2.181412941217972801e-01
-1.809999999999980247e+01 -1.664515970471104112e+01 2.133889851173268459e-01
-1.799999999999980105e+01 -1.660607769914722454e+01 2.084654461018058402e-01
-1.789999999999979963e+01 -1.656789801322053179e+01 2.033608475047706809e-01
-1.779999999999979821e+01 -1.653065330438046487e+01 1.980645545296206289e-01
-1.769999999999979678e+01 -1.649437809265630150e+01 1.925650411406912843e-01
-1.759999999999979536e+01 -1.645910891011867250e+01 1.868497927907309952e-01
-1.749999999999979394e+01 -1.642488446575028860e+01 1.809051961499977823e-01
-1.739999999999979252e+01 -1.639174582761837229e+01 1.747164137913693183e-01
-1.729999999999979110e+01 -1.635973662451142729e+01 1.682672414157556640e-01
-1.719999999999978968e+01 -1.632890326957154770e+01 1.615399447540408762e-01
-1.709999999999978826e+01 -1.629929520873398729e+01 1.545150727455837925e-01
-1.699999999999978684e+01 -1.627096519729282775e+01 1.471712429361126118e-01
-1.689999999999978542e+01 -1.624396960835087000e+01 1.394848942434669947e-01
-1.679999999999978400e+01 -1.621836877748285843e+01 1.314300012666789752e-01
-1.669999999999978257e+01 -1.619422738866164835e+01 1.229777431176834468e-01
-1.659999999999978115e+01 -1.617161490718597960e+01 1.140961182884213110e-01
-1.649999999999977973e+01 -1.615060606633502616e+01 1.047494952437820204e-01
-1.639999999999977831e+01 -1.613128141546791028e+01 9.489808617452227812e-02
-1.629999999999977689e+01 -1.611372793849799478e+01 8.449732852672020567e-02
-1.619999999999977547e+01 -1.609803975313426605e+01 7.349715538936130166e-02
-1.609999999999977405e+01 -1.608431890280613885e+01 6.184113137898761270e-02
-1.599999999999977263e+01 -1.607267625512460540e+01 4.946542502703882294e-02
-1.589999999999977121e+01 -1.606323252276452962e+01 3.629758151984308068e-02
-1.579999999999976978e+01 -1.605611942497866806e+01 2.225505048852471912e-02
-1.569999999999976836e+01 -1.605148101055277721e+01 7.243411775257446727e-03
-1.559999999999976694e+01 -1.604947516558148735e+01 -8.845773101823550810e-03
-1.549999999999976552e+01 -1.605027533217823077e+01 -2.613757584495468578e-02
-1.539999999999976410e+01 -1.605407246647983044e+01 -4.477690055201255515e-02
-1.529999999999976268e+01 -1.606107726576533423e+01 -6.493241911177372039e-02
-1.519999999999976126e+01 -1.607152269429334979e+01 -8.680143980223165023e-02
-1.509999999999975984e+01 -1.608566683384482587e+01 -1.106159660440464432e-01
-1.499999999999975842e+01 -1.610379607582240880e+01 -1.366502826391149394e-01
-1.489999999999975699e+01 -1.612622865262018834e+01 -1.652305151577123654e-01
-1.479999999999975557e+01 -1.615331847026888568e+01 -1.967467550250392438e-01
-1.469999999999975415e+01 -1.618545914085012072e+01 -2.316685430837674975e-01
-1.459999999999975273e+01 -1.622308800293260234e+01 -2.705647785510103542e-01
-1.449999999999975131e+01 -1.626668973058118439e+01 -3.141294969749717225e-01
-1.439999999999974989e+01 -1.631679881367633556e+01 -3.632154790837266445e-01
-1.429999999999974847e+01 -1.637399965636791421e+01 -4.188783645005383915e-01
-1.419999999999974705e+01 -1.643892213646932632e+01 -4.824349163757953862e-01
-1.409999999999974563e+01 -1.651222893949332615e+01 -5.555403904355186162e-01
-1.399999999999974420e+01 -1.659458838591857699e+01 -6.402916685693057497e-01
-1.389999999999974278e+01 -1.668662204812593330e+01 -7.393649121692679183e-01
-1.379999999999974136e+01 -1.678880889790337250e+01 -8.561987247881719387e-01
-1.369999999999973994e+01 -1.690131481998720631e+01 -9.952352939103227270e-01
-1.359999999999973852e+01 -1.702369442673894895e+01 -1.162230205836767283e+00
-1.349999999999973710e+01 -1.715437563260900333e+01 -1.364630266443164874e+00
-1.339999999999973568e+01 -1.728977925960752060e+01 -1.611982653842812585e+00
-1.329999999999973426e+01 -1.742284191315596331e+01 -1.916244217438370256e+00
-1.319999999999973284e+01 -1.754061834626629235e+01 -2.291636454286690494e+00
-1.309999999999973141e+01 -1.762064012423611814e+01 -2.753215091922632141e+00
-1.299999999999972999e+01 -1.762614035928566381e+01 -3.312454877147972709e+00
-1.289999999999972857e+01 -1.750196906842121081e+01 -3.967069089890557620e+00
-1.279999999999972715e+01 -1.717730830206495085e+01 -4.682648245809447829e+00
-1.269999999999972573e+01 -1.658728934243960751e+01 -5.370542871350412639e+00
-1.259999999999972431e+01 -1.572229266442782070e+01 -5.884780931215821909e+00
-1.249999999999972289e+01 -1.468007870124847081e+01 -6.073366656410450481e+00
-1.239999999999972147e+01 -1.365266310121900695e+01 -5.874380171751518276e+00
-1.229999999999972005e+01 -1.282527134741217623e+01 -5.364378571810310525e+00
-1.219999999999971863e+01 -1.228229537818004680e+01 -4.699328937954186713e+00
-1.209999999999971720e+01 -1.200479156555794447e+01 -4.020097490079145075e+00
-1.199999999999971578e+01 -1.192527296178761453e+01 -3.408416160149394969e+00
-1.189999999999971436e+01 -1.197415632358386084e+01 -2.893968275958050285e+00
-1.179999999999971294e+01 -1.209853321712893859e+01 -2.476793932445144009e+00
-1.169999999999971152e+01 -1.226360307743643574e+01 -2.144721827865862629e+00
-1.159999999999971010e+01 -1.244831085162248385e+01 -1.882735636133672896e+00
-1.149999999999970868e+01 -1.264065927217954766e+01 -1.676928749503353799e+00
-1.139999999999970726e+01 -1.283421910412986300e+01 -1.515723694922660902e+00
-1.129999999999970584e+01 -1.302585513528661387e+01 -1.389936335706138060e+00
-1.119999999999970441e+01 -1.321433260535868648e+01 -1.292443998951132489e+00
-1.109999999999970299e+01 -1.339948926486331793e+01 -1.217776700670427648e+00
-1.099999999999970157e+01 -1.358175198810478612e+01 -1.161747186215573269e+00
-1.089999999999970015e+01 -1.376185814360170134e+01 -1.121150309789886945e+00
-1.079999999999969873e+01 -1.394069729909461053e+01 -1.093530302418677547e+00
-1.069999999999969731e+01 -1.411922331588429280e+01 -1.077004740044029685e+00
-1.059999999999969589e+01 -1.429840752572964924e+01 -1.070132838696238542e+00
-1.049999999999969447e+01 -1.447921583249457989e+01 -1.071817356464882298e+00
-1.039999999999969305e+01 -1.466259969334539015e+01 -1.081231632716031399e+00
-1.029999999999969162e+01 -1.484949509983300153e+01 -1.097765357532810127e+00
-1.019999999999969020e+01 -1.504082612761210136e+01 -1.120984330817061281e+00
-1.009999999999968878e+01 -1.523751106925669596e+01 -1.150600744554698629e+00
-9.999999999999687361e+00 -1.544047002311996408e+01 -1.186451470817342813e+00
-9.899999999999685940e+00 -1.565063332404734631e+01 -1.228482537599731694e+00
-9.799999999999684519e+00 -1.586895050990653466e+01 -1.276738489750282479e+00
-9.699999999999683098e+00 -1.609639970538401599e+01 -1.331355714371293963e+00
-9.599999999999681677e+00 -1.633399742007989985e+01 -1.392559097753122810e+00
-9.499999999999680256e+00 -1.658280883169952347e+01 -1.460661602876030640e+00
-9.399999999999678835e+00 -1.684395867504385080e+01 -1.536066534096712788e+00
-9.299999999999677414e+00 -1.711864289398724992e+01 -1.619272404877556859e+00
-9.199999999999675993e+00 -1.740814124426648846e+01 -1.710880458067805421e+00
-9.099999999999674571e+00 -1.771383106311789390e+01 -1.811605016705970073e+00
-8.999999999999673150e+00 -1.803720245071552952e+01 -1.922286976107058232e+00
-8.899999999999671729e+00 -1.837987513960672459e+01 -2.043910894504310960e+00
-8.799999999999670308e+00 -1.874361736208923190e+01 -2.177626309745976485e+00
-8.699999999999668887e+00 -1.913036706261483388e+01 -2.324774115549317344e+00
-8.599999999999667466e+00 -1.954225584088604251e+01 -2.486919087106512549e+00
-8.499999999999666045e+00 -1.998163604941314730e+01 -2.665889971476288700e+00
-8.399999999999664624e+00 -2.045111150221264751e+01 -2.863828978284359117e+00
-8.299999999999663203e+00 -2.095357226989024468e+01 -3.083253054328496834e+00
-8.199999999999661782e+00 -2.149223402721357346e+01 -3.327130047967969073e+00
-8.099999999999660361e+00 -2.207068235706660175e+01 -3.598973828484004045e+00
-7.999999999999658939e+00 -2.269292225975384270e+01 -3.902963709377715862e+00
-7.899999999999657518e+00 -2.336343280242968490e+01 -4.244095254224574454e+00
-7.799999999999656097e+00 -2.408722625893251035e+01 -4.628371888123425038e+00
-7.699999999999654676e+00 -2.486991005468458837e+01 -5.063049933758017040e+00
-7.599999999999653255e+00 -2.571774804056425268e+01 -5.556954067537854591e+00
-7.499999999999651834e+00 -2.663771456966957629e+01 -6.120886204788655860e+00
-7.399999999999650413e+00 -2.763752969421821248e+01 -6.768159097148569003e+00
-7.299999999999648992e+00 -2.872565510296785618e+01 -7.515297288866451098e+00
-7.199999999999647571e+00 -2.991121574787381476e+01 -8.382963578552070416e+00
-7.099999999999646150e+00 -3.120378728949550506e+01 -9.397189944604278367e+00
-6.999999999999644729e+00 -3.261294735125319022e+01 -1.059101896396447628e+01
-6.899999999999643308e+00 -3.414741675165749513e+01 -1.200669474792017688e+01
-6.799999999999641886e+00 -3.581349415501213684e+01 -1.369857695844568113e+01
-6.699999999999640465e+00 -3.761227800243027986e+01 -1.573697236930787291e+01
-6.599999999999639044e+00 -3.953481427138144966e+01 -1.821304363999992049e+01
-6.499999999999637623e+00 -4.155371818077513524e+01 -2.124475868715363092e+01
-6.399999999999636202e+00 -4.360888101354230173e+01 -2.498323566072371804e+01
-6.299999999999634781e+00 -4.558353706923193016e+01 -2.961725748675193515e+01
-6.199999999999633360e+00 -4.726556326032370947e+01 -3.537002292411769844e+01
-6.099999999999631939e+00 -4.828916228249721598e+01 -4.247436387589443996e+01
-5.999999999999630518e+00 -4.805979403563258501e+01 -5.109863806230256245e+01
-5.899999999999629097e+00 -4.569437289595024509e+01 -6.117902426782491432e+01
-5.799999999999627676e+00 -4.007911430614451831e+01 -7.212399581406081950e+01
-5.699999999999626255e+00 -3.023856091974505489e+01 -8.247604821320062740e+01
-5.599999999999624833e+00 -1.613132937631623776e+01 -8.991260752451944427e+01
-5.499999999999623412e+00 5.772212234548419474e-01 -9.212365215824068798e+01
-5.399999999999621991e+00 1.683994435585825755e+01 -8.831186166834760343e+01
-5.299999999999620570e+00 2.986391131205075666e+01 -7.981969309820242131e+01
-5.199999999999619149e+00 3.848495845502344537e+01 -6.910350470071716700e+01
-5.099999999999617728e+00 4.309535005370968008e+01 -5.829214416974591018e+01
-4.999999999999616307e+00 4.477087514411651625e+01 -4.858095285033756738e+01
-4.899999999999614886e+00 4.458156471933727971e+01 -4.038106638748679700e+01
-4.799999999999613465e+00 4.332934120537333200e+01 -3.366875336759102311e+01
-4.699999999999612044e+00 4.153836297699155011e+01 -2.824617198502700077e+01
-4.599999999999610623e+00 3.952533066376678050e+01 -2.387852373579719512e+01
-4.499999999999609201e+00 3.747132226247950371e+01 -2.035084818245004001e+01
-4.399999999999607780e+00 3.547445748089999285e+01 -1.748485188553093295e+01
-4.299999999999606359e+00 3.358399155911141065e+01 -1.513909081686637315e+01
-4.199999999999604938e+00 3.182114799402354066e+01 -1.320357579173974472e+01
-4.099999999999603517e+00 3.019148307053644587e+01 -1.159340748315286795e+01
-3.999999999999602096e+00 2.869210710735550407e+01 -1.024308519676708151e+01
-3.899999999999600675e+00 2.731585414882687957e+01 -9.101902583862077734e+00
-3.799999999999599254e+00 2.605366046306713912e+01 -8.130386566785649194e+00
-3.699999999999597833e+00 2.489589688938103151e+01 -7.297600409520258680e+00
-3.599999999999596412e+00 2.383309223138471822e+01 -6.579119176291982285e+00
-3.499999999999594991e+00 2.285630383933907694e+01 -5.955513070232228756e+00
-3.399999999999593570e+00 2.195728557167726080e+01 -5.411209126947861492e+00
-3.299999999999592148e+00 2.112854129150391103e+01 -4.933633295710742495e+00
-3.199999999999590727e+00 2.036331562001892692e+01 -4.512560244673053056e+00
-3.099999999999589306e+00 1.965555218813452854e+01 -4.139617466969566451e+00
-2.999999999999587885e+00 1.899983691772954941e+01 -3.807904515056471872e+00
-2.899999999999586464e+00 1.839133632781528860e+01 -3.511698611365205558e+00
-2.799999999999585043e+00 1.782573639440655455e+01 -3.246225463784620846e+00
-2.699999999999583622e+00 1.729918485483693047e+01 -3.007479623741492247e+00
-2.599999999999582201e+00 1.680823830433688215e+01 -2.792082736844409219e+00
-2.499999999999580780e+00 1.634981454527942901e+01 -2.597170968398861746e+00
-2.399999999999579359e+00 1.592115015453266125e+01 -2.420305039450117768e+00
-2.299999999999577938e+00 1.551976297391991899e+01 -2.259397899098115836e+00
-2.199999999999576517e+00 1.514341910567455862e+01 -2.112656239539136838e+00
-2.099999999999575095e+00 1.479010395218136864e+01 -1.978532942617798440e+00
-1.999999999999573674e+00 1.445799684133901053e+01 -1.855688209901487529e+00
-1.899999999999572253e+00 1.414544880457291853e+01 -1.742957629905299122e+00
-1.799999999999570832e+00 1.385096311196345198e+01 -1.639325817915082695e+00
-1.699999999999569411e+00 1.357317820982202861e+01 -1.543904556036350684e+00
-1.599999999999567990e+00 1.331085274723383272e+01 -1.455914586181089820e+00
-1.499999999999566569e+00 1.306285241674695996e+01 -1.374670382982033257e+00
-1.399999999999565148e+00 1.282813836953404163e+01 -1.299567369327733868e+00
-1.299999999999563727e+00 1.260575699711410991e+01 -1.230071143538048695e+00
-1.199999999999562306e+00 1.239483089926968162e+01 -1.165708370821666229e+00
-1.099999999999560885e+00 1.219455088217381089e+01 -1.106059057890181219e+00
-9.999999999995594635e-01 1.200416885173135739e+01 -1.050749982254973736e+00
-8.999999999995580424e-01 1.182299148511865994e+01 -9.994490898065567785e-01
-7.999999999995566213e-01 1.165037457926566233e+01 -9.518607081236263312e-01
-6.999999999995552002e-01 1.148571798815656564e+01 -9.077214502383447181e-01
-5.999999999995537792e-01 1.132846107235360478e+01 -8.667967057735821435e-01
-4.999999999995523581e-01 1.117807859386955371e+01 -8.288776344642718730e-01
-3.999999999995509370e-01 1.103407699768391659e+01 -7.937785919286275416e-01
-2.999999999995495159e-01 1.089599102841097888e+01 -7.613349298712600577e-01
-1.999999999995480948e-01 1.076338063639988363e+01 -7.314011231308770178e-01
-9.999999999954667373e-02 1.063582813267193927e+01 -7.038491846282046716e-01
4.547473508864641190e-13 1.051293555627992404e+01 -6.785673366191542488e-01
1.000000000004561684e-01 1.039432222105661552e+01 -6.554589130079979675e-01
2.000000000004575895e-01 1.027962241161836410e+01 -6.344414730823694226e-01
3.000000000004590106e-01 1.016848320072443279e+01 -6.154461120776587579e-01
4.000000000004604317e-01 1.006056236169355245e+01 -5.984169586494281212e-01
5.000000000004618528e-01 9.955526350940482772e+00 -5.833108538211699834e-01
6.000000000004632739e-01 9.853048336268203755e+00 -5.700972104085025860e-01
7.000000000004646949e-01 9.752806246919842437e+00 -5.587580565079853789e-01
8.000000000004661160e-01 9.654480821202755081e+00 -5.492882715381087744e-01
9.000000000004675371e-01 9.557753626746094966e+00 -5.416960287464885893e-01
1.000000000000468958e+00 9.462305027467113661e+00 -5.360034643087938644e-01
1.100000000000470379e+00 9.367812069531289865e+00 -5.322476004213984035e-01
1.200000000000471800e+00 9.273946256516854447e+00 -5.304815585271603906e-01
1.300000000000473221e+00 9.180371181266359315e+00 -5.307761094759838594e-01
1.400000000000474643e+00 9.086739978511062077e+00 -5.332216206329263297e-01
1.500000000000476064e+00 8.992692558618820442e+00 -5.379304765151783352e-01
1.600000000000477485e+00 8.897852578246862265e+00 -5.450400705290696646e-01
1.700000000000478906e+00 8.801824098917505168e+00 -5.547164922129773634e-01
1.800000000000480327e+00 8.704187879474130085e+00 -5.671590689726606627e-01
1.900000000000481748e+00 8.604497243451143973e+00 -5.826059662023707064e-01
2.000000000000483169e+00 8.502273458720978283e+00 -6.013411084011089924e-01
2.100000000000484590e+00 8.397000565172307418e+00 -6.237027612174599334e-01
2.200000000000486011e+00 8.288119589441279800e+00 -6.500942168437852109e-01
2.300000000000487432e+00 8.175022097329669890e+00 -6.809971619254263642e-01
2.400000000000488853e+00 8.057043060797012046e+00 -7.169884907773685923e-01
2.500000000000490274e+00 7.933453068088544669e+00 -7.587615747520343179e-01
2.600000000000491696e+00 7.803449999341129484e+00 -8.071533356607093479e-01
2.700000000000493117e+00 7.666150455052288315e+00 -8.631789314155311477e-01
2.800000000000494538e+00 7.520581508360137057e+00 -9.280764931724572175e-01
2.900000000000495959e+00 7.365673833825010064e+00 -1.003365220832293403e+00
3.000000000000497380e+00 7.200258079912192244e+00 -1.090921336372803419e+00
3.100000000000498801e+00 7.023067726573120950e+00 -1.193078027672329178e+00
3.200000000000500222e+00 6.832753992150937705e+00 -1.312757728534820867e+00
3.300000000000501643e+00 6.627922291409444000e+00 -1.453648014049628401e+00
3.400000000000503064e+00 6.407206446754640794e+00 -1.620436109622041876e+00
3.500000000000504485e+00 6.169408294638494716e+00 -1.819121298437375689e+00
3.600000000000505906e+00 5.913749884672935053e+00 -2.057428337084446834e+00
3.700000000000507328e+00 5.640318786558156106e+00 -2.345345242035121736e+00
3.800000000000508749e+00 5.350843081305849402e+00 -2.695797331492618465e+00
3.900000000000510170e+00 5.050024124857070085e+00 -3.125426301739483215e+00
4.000000000000511591e+00 4.747794633557346877e+00 -3.655322489353284521e+00
4.100000000000513012e+00 4.463048913748119517e+00 -4.311261200769447299e+00
4.200000000000514433e+00 4.229510429007365957e+00 -5.122328959545217053e+00
4.300000000000515854e+00 4.104061342234496479e+00 -6.115511514374177615e+00
4.400000000000517275e+00 4.175923047342582350e+00 -7.301782312024988286e+00
4.500000000000518696e+00 4.569278808660222069e+00 -8.648002555377654943e+00
4.600000000000520117e+00 5.420910435665119209e+00 -1.003502565634341792e+01
4.700000000000521538e+00 6.808524560748788979e+00 -1.122799889803326323e+01
4.800000000000522959e+00 8.641011154867786814e+00 -1.192306968454806793e+01
4.900000000000524381e+00 1.061315891932281730e+01 -1.190771125321465540e+01
5.000000000000525802e+00 1.233627801877065977e+01 -1.121851866049988544e+01
5.100000000000527223e+00 1.355355812068977883e+01 -1.011421637302010978e+01
5.200000000000528644e+00 1.422522203501406146e+01 -8.898086683130502550e+00
5.300000000000530065e+00 1.445365863101387838e+01 -7.782726271910552995e+00
5.400000000000531486e+00 1.437777766139713798e+01 -6.869559544847960275e+00
5.500000000000532907e+00 1.411561445445576979e+01 -6.186794140138790254e+00
5.600000000000534328e+00 1.375145954422903394e+01 -5.729461752056725032e+00
5.700000000000535749e+00 1.334287143382457685e+01 -5.484109228332616937e+00
5.800000000000537170e+00 1.293255880434756655e+01 -5.440294413667858819e+00
5.900000000000538591e+00 1.256013848830400903e+01 -5.593841946184283209e+00
6.000000000000540012e+00 1.227316819356306254e+01 -5.944162851272098536e+00
6.100000000000541434e+00 1.213699801726497896e+01 -6.484641037862801660e+00
6.200000000000542855e+00 1.223934240060725820e+01 -7.182948065056893761e+00
6.300000000000544276e+00 1.267776804762030807e+01 -7.951176683485257968e+00
6.400000000000545697e+00 1.351297282670617328e+01 -8.622155791039219253e+00
6.500000000000547118e+00 1.469219252897254968e+01 -8.975678912808755072e+00
6.600000000000548539e+00 1.601001499433165520e+01 -8.845966496827017522e+00
6.700000000000549960e+00 1.719054192914318335e+01 -8.238211274570460319e+00
6.800000000000551381e+00 1.804050212264816011e+01 -7.321554445114193399e+00
6.900000000000552802e+00 1.851990133812709871e+01 -6.307061520695547152e+00
7.000000000000554223e+00 1.869518705142147041e+01 -5.345961179906141503e+00
7.100000000000555644e+00 1.866323210103555397e+01 -4.509278097216749437e+00
7.200000000000557066e+00 1.850737513786622657e+01 -3.812742566593077420e+00
7.300000000000558487e+00 1.828587724426435557e+01 -3.245237405697103394e+00
7.400000000000559908e+00 1.803520894467193614e+01 -2.786690919230557562e+00
7.500000000000561329e+00 1.777662476266532821e+01 -2.416580145058191409e+00
7.600000000000562750e+00 1.752175901819206061e+01 -2.117079785354265109e+00
7.700000000000564171e+00 1.727647475109109365e+01 -1.873744045159973837e+00
7.800000000000565592e+00 1.704328259496205789e+01 -1.675237429047172988e+00
7.900000000000567013e+00 1.682279530215114249e+01 -1.512794538666471400e+00
8.000000000000568434e+00 1.661458180621135483e+01 -1.379676534899370921e+00
8.100000000000569855e+00 1.641766089052819666e+01 -1.270710689629403811e+00
8.200000000000571276e+00 1.623078219664861166e+01 -1.181927222848353498e+00
8.300000000000572697e+00 1.605258267293193342e+01 -1.110282637398800176e+00
8.400000000000574119e+00 1.588167028501243649e+01 -1.053452802448472614e+00
8.500000000000575540e+00 1.571666531237027797e+01 -1.009679979170700515e+00
8.600000000000576961e+00 1.555621694887019046e+01 -9.776609120018953103e-01
8.700000000000578382e+00 1.539900555052059161e+01 -9.564661878849414212e-01
8.800000000000579803e+00 1.524373655386632542e+01 -9.454837150513827337e-01
8.900000000000581224e+00 1.508912955387460109e+01 -9.443812990518356543e-01
9.000000000000582645e+00 1.493390454757637187e+01 -9.530849715986057236e-01
9.100000000000584066e+00 1.477676649767887618e+01 -9.717710761045721402e-01
9.200000000000585487e+00 1.461638891302792231e+01 -1.000871252838474668e+00
9.300000000000586908e+00 1.445139695564831328e+01 -1.041090508051398800e+00
9.400000000000588329e+00 1.428035061793976723e+01 -1.093439601522444127e+00
9.500000000000589750e+00 1.410172877962838101e+01 -1.159284154451429405e+00
9.600000000000591172e+00 1.391391552484961203e+01 -1.240414285905051539e+00
9.700000000000592593e+00 1.371519113231600073e+01 -1.339140375574470854e+00
9.800000000000594014e+00 1.350373193036397979e+01 -1.458422899990578614e+00
9.900000000000595435e+00 1.327762623142434251e+01 -1.602047408253166827e+00
1.000000000000059686e+01 1.303491868814538179e+01 -1.774859811805163501e+00
1.010000000000059828e+01 1.277370413122964266e+01 -1.983082405866029685e+00
1.020000000000059970e+01 1.249230682035634388e+01 -2.234737242891307929e+00
1.030000000000060112e+01 1.218960645558592049e+01 -2.540209519668705340e+00
1.040000000000060254e+01 1.186561565170555532e+01 -2.912985924968254814e+00
1.050000000000060396e+01 1.152248682239650357e+01 -3.370591763974678301e+00
1.060000000000060538e+01 1.116624711914375823e+01 -3.935702232956850288e+00
1.070000000000060680e+01 1.080974803555066188e+01 -4.637261619487849984e+00
1.080000000000060822e+01 1.047757209904722586e+01 -5.511086657892245277e+00
1.090000000000060965e+01 1.021386364007232395e+01 -6.598611730956070787e+00
1.100000000000061107e+01 1.009380471870057150e+01 -7.940758571631954865e+00
1.110000000000061249e+01 1.023739849765395782e+01 -9.561108532284608330e+00
1.120000000000061391e+01 1.081737504435477248e+01 -1.142997769342800751e+01
1.130000000000061533e+01 1.203830535681103164e+01 -1.340595831382935899e+01
1.140000000000061675e+01 1.405019419900555633e+01 -1.518108197796800951e+01
1.150000000000061817e+01 1.679179713230203674e+01 -1.631334516068554308e+01
1.160000000000061959e+01 1.988187648918272998e+01 -1.642855425063314456e+01
1.170000000000062101e+01 2.274810619350092011e+01 -1.548143702827188228e+01
1.180000000000062244e+01 2.494506784921635401e+01 -1.379165923489891554e+01
1.190000000000062386e+01 2.634356560733287012e+01 -1.180937138594420155e+01
1.200000000000062528e+01 2.706131686003426040e+01 -9.880575709300824627e+00
1.210000000000062670e+01 2.730121833723967484e+01 -8.180412507325916849e+00
1.220000000000062812e+01 2.724670261981883357e+01 -6.757741065519471846e+00
1.230000000000062954e+01 2.702947263896041719e+01 -5.596830077864558106e+00
1.240000000000063096e+01 2.673362678557163363e+01 -4.658531061905067716e+00
1.250000000000063238e+01 2.640922853170424389e+01 -3.900611948293304376e+00
1.260000000000063380e+01 2.608455466170220660e+01 -3.285653177620401433e+00
1.270000000000063523e+01 2.577470927518634625e+01 -2.783045716834760430e+00
1.280000000000063665e+01 2.548709776727342913e+01 -2.368640520257625059e+00
1.290000000000063807e+01 2.522474148623223300e+01 -2.023675649421197598e+00
1.300000000000063949e+01 2.498823595061472602e+01 -1.733635702705899728e+00
1.310000000000064091e+01 2.477689149948145797e+01 -1.487264350876150942e+00
1.320000000000064233e+01 2.458939054908301713e+01 -1.275774826109321802e+00
1.330000000000064375e+01 2.442416143942816831e+01 -1.092240335301627674e+00
1.340000000000064517e+01 2.427958662800129730e+01 -9.311295591049467690e-01
1.350000000000064659e+01 2.415411402402412833e+01 -7.879526161562625530e-01
1.360000000000064801e+01 2.404631133766409334e+01 -6.589882012507483067e-01
1.370000000000064944e+01 2.395488609498181631e+01 -5.410684933199919611e-01
1.380000000000065086e+01 2.387868336204399000e+01 -4.314033593854401105e-01
1.390000000000065228e+01 2.381666610425330788e+01 -3.274290435057436444e-01
1.400000000000065370e+01 2.376787740160815332e+01 -2.266691021514062321e-01
1.410000000000065512e+01 2.373137779703025529e+01 -1.265973143161456260e-01
1.420000000000065654e+01 2.370614319846534102e+01 -2.449463588092259947e-02
1.430000000000065796e+01 2.369089696723897731e+01 8.270289168963984583e-02
1.440000000000065938e+01 2.368383178137679934e+01 1.985562561305607154e-01
1.450000000000066080e+01 2.368215133196441258e+01 3.272367008520421505e-01
1.460000000000066223e+01 2.368133468109770945e+01 4.734919100217438448e-01
1.470000000000066365e+01 2.367402887888788854e+01 6.422106322637867182e-01
1.480000000000066507e+01 2.364861392703573983e+01 8.370674835630448340e-01
1.490000000000066649e+01 2.358801901700996950e+01 1.057411049706408201e+00
1.500000000000066791e+01 2.347068104270470457e+01 1.292710143328287264e+00
1.510000000000066933e+01 2.327729990505909186e+01 1.516037015893898499e+00
1.520000000000067075e+01 2.300579485015454395e+01 1.683645241184039909e+00
1.530000000000067217e+01 2.268643065040938822e+01 1.751043100450862866e+00
1.540000000000067359e+01 2.237668541731779115e+01 1.701652781182842578e+00
1.550000000000067502e+01 2.213051889954370921e+01 1.559937518998684602e+00
1.560000000000067644e+01 2.197128541626381093e+01 1.372725673824551240e+00
1.570000000000067786e+01 2.189213521409876506e+01 1.181380792234231869e+00
1.580000000000067928e+01 2.187253256259792167e+01 1.009517946773416996e+00
1.590000000000068070e+01 2.189172986193913317e+01 8.655207073038351240e-01
1.600000000000068212e+01 2.193404218993172350e+01 7.492176536146020194e-01
1.610000000000068354e+01 2.198914034949967800e+01 6.569611731937963217e-01
1.620000000000068496e+01 2.205072631033085884e+01 5.843256093319636468e-01
1.630000000000068638e+01 2.211514895939793490e+01 5.272351779260565641e-01
1.640000000000068781e+01 2.218038195547023861e+01 4.823050348180082381e-01
1.650000000000068923e+01 2.224535975997820714e+01 4.468524191526368483e-01
1.660000000000069065e+01 2.230957109528331017e+01 4.187959859244698158e-01
1.670000000000069207e+01 2.237281725788632514e+01 3.965345363708112636e-01
1.680000000000069349e+01 2.243507070570569795e+01 3.788379475960203524e-01
1.690000000000069491e+01 2.249639319233450863e+01 3.647587440685751692e-01
1.700000000000069633e+01 2.255688888015442473e+01 3.535636639564899708e-01
1.710000000000069775e+01 2.261667790081855856e+01 3.446818437760599818e-01
1.720000000000069917e+01 2.267588183303127636e+01 3.376659509127095116e-01
1.730000000000070060e+01 2.273461609866519950e+01 3.321630998766149090e-01
1.740000000000070202e+01 2.279298634487675201e+01 3.278930559600022887e-01
1.750000000000070344e+01 2.285108709001478999e+01 3.246318365793147698e-01
1.760000000000070486e+01 2.290900162183545063e+01 3.221993083587978424e-01
1.770000000000070628e+01 2.296680255558313632e+01 3.204497493687623599e-01
1.780000000000070770e+01 2.302455270760381012e+01 3.192646211318102556e-01
1.790000000000070912e+01 2.308230608722912436e+01 3.185469962745949291e-01
1.800000000000071054e+01 2.314010889701557616e+01 3.182172340869505733e-01
1.810000000000071196e+01 2.319800048304881201e+01 3.182096026098997776e-01
1.820000000000071338e+01 2.325601420725583068e+01 3.184696232927505810e-01
1.830000000000071481e+01 2.331417823121894983e+01 3.189519708125086450e-01
1.840000000000071623e+01 2.337251621072278240e+01 3.196188021518068245e-01
1.850000000000071765e+01 2.343104790554547634e+01 3.204384196531737672e-01
1.860000000000071907e+01 2.348978971153211148e+01 3.213841954900016895e-01
1.870000000000072049e+01 2.354875512289924444e+01 3.224337019570823193e-01
1.880000000000072191e+01 2.360795513285584946e+01 3.235680047217486255e-01
1.890000000000072333e+01 2.366739858014687314e+01 3.247710858018629798e-01
1.900000000000072475e+01 2.372709244852939037e+01 3.260293703520115161e-01
1.910000000000072617e+01 2.378704212546376340e+01 3.273313369322619626e-01
1.920000000000072760e+01 2.384725162552279443e+01 3.286671952348669268e-01
1.930000000000072902e+01 2.390772378339624993e+01 3.300286185691953533e-01
1.940000000000073044e+01 2.396846042065990900e+01 3.314085209910196950e-01
1.950000000000073186e+01 2.402946248995323231e+01 3.328008709824745726e-01
1.960000000000073328e+01 2.409073019970694673e+01 3.342005351760115039e-01
1.970000000000073470e+01 2.415226312207901316e+01 3.356031468689198993e-01
1.980000000000073612e+01 2.421406028644795327e+01 3.370049950678586925e-01
1.990000000000073754e+01 2.427612026041535387e+01 3.384029305951277156e-01
2.000000000000073896e+01 2.433844122003337418e+01 3.397942864214406611e-01
2.010000000000074039e+01 2.440102101073120622e+01 3.411768098989946818e-01
2.020000000000074181e+01 2.446385720016554188e+01 3.425486049798883159e-01
2.030000000000074323e+01 2.452694712411194899e+01 3.439080828369833198e-01
2.040000000000074465e+01 2.459028792629472804e+01 3.452539195755816581e-01
2.050000000000074607e+01 2.465387659296835210e+01 3.465850199447506053e-01
2.060000000000074749e+01 2.471770998295166066e+01 3.479004861379426106e-01
2.070000000000074891e+01 2.478178485368029982e+01 3.491995909216886740e-01
2.080000000000075033e+01 2.484609788382789475e+01 3.504817544530184903e-01
2.090000000000075175e+01 2.491064569291078357e+01 3.517465242482816223e-01
2.100000000000075318e+01 2.497542485827373326e+01 3.529935578497584436e-01
2.110000000000075460e+01 2.504043192980349630e+01 3.542226078064169559e-01
2.120000000000075602e+01 2.510566344262930016e+01 3.554335086439601166e-01
2.130000000000075744e+01 2.517111592809950338e+01 3.566261655475499448e-01
2.140000000000075886e+01 2.523678592322319503e+01 3.578005445222174896e-01
2.150000000000076028e+01 2.530266997877988189e+01 3.589566638300017432e-01
2.160000000000076170e+01 2.536876466627673210e+01 3.600945865320042127e-01
2.170000000000076312e+01 2.543506658386752761e+01 3.612144139884140293e-01
2.180000000000076454e+01 2.550157236139779826e+01 3.623162801898319185e-01
2.190000000000076597e+01 2.556827866465638266e+01 3.634003468114436197e-01
2.200000000000076739e+01 2.563518219894283590e+01 3.644667988962521088e-01
2.210000000000076881e+01 2.570227971204867501e+01 3.655158410864340901e-01
2.220000000000077023e+01 2.576956799669616416e+01 3.665476943331159032e-01
2.230000000000077165e+01 2.583704389253709621e+01 3.675625930237536587e-01
2.240000000000077307e+01 2.590470428773845413e+01 3.685607824748391437e-01
2.250000000000077449e+01 2.597254612021830766e+01 3.695425167442087933e-01
2.260000000000077591e+01 2.604056637858765200e+01 3.705080567232061362e-01
2.270000000000077733e+01 2.610876210280815002e+01 3.714576684743713941e-01
2.280000000000077875e+01 2.617713038463535469e+01 3.723916217842351828e-01
2.290000000000078018e+01 2.624566836784845592e+01 3.733101889051489430e-01
2.300000000000078160e+01 2.631437324830492130e+01 3.742136434630495279e-01
2.310000000000078302e+01 2.638324227385545129e+01 3.751022595109487212e-01
2.320000000000078444e+01 2.645227274411047347e+01 3.759763107107194635e-01
2.330000000000078586e+01 2.652146201011173687e+01 3.768360696274712374e-01
2.340000000000078728e+01 2.659080747389577226e+01 3.776818071231345386e-01
2.350000000000078870e+01 2.666030658797500763e+01 3.785137918372523114e-01
2.360000000000079012e+01 2.672995685476116279e+01 3.793322897444103003e-01
2.370000000000079154e+01 2.679975582591185912e+01 3.801375637792606677e-01
2.380000000000079297e+01 2.686970110164637759e+01 3.809298735207938824e-01
2.390000000000079439e+01 2.693979033000874423e+01 3.817094749288708622e-01
2.400000000000079581e+01 2.701002120609796719e+01 3.824766201266201482e-01
2.410000000000079723e+01 2.708039147128379653e+01 3.832315572230636791e-01
2.420000000000079865e+01 2.715089891238393704e+01 3.839745301712077508e-01
2.430000000000080007e+01 2.722154136084375864e+01 3.847057786570549087e-01
2.440000000000080149e+01 2.729231669189277198e+01 3.854255380158543853e-01
2.450000000000080291e+01 2.736322282369436820e+01 3.861340391721334586e-01
2.460000000000080433e+01 2.743425771650299794e+01 3.868315086004235903e-01
2.470000000000080576e+01 2.750541937180353358e+01 3.875181683042130398e-01
2.480000000000080718e+01 2.757670583146936139e+01 3.881942358105459068e-01
2.490000000000080860e+01 2.764811517691312304e+01 3.888599241783786686e-01
2.500000000000081002e+01 2.771964552824324102e+01 3.895154420187641464e-01
2.510000000000081144e+01 2.779129504343947588e+01 3.901609935251861838e-01
2.520000000000081286e+01 2.786306191752030514e+01 3.907967785127576255e-01
2.530000000000081428e+01 2.793494438173741656e+01 3.914229924648096604e-01
2.540000000000081570e+01 2.800694070277027237e+01 3.920398265859204034e-01
2.550000000000081712e+01 2.807904918193213462e+01 3.926474678602928647e-01
2.560000000000081855e+01 2.815126815439968766e+01 3.932460991145859674e-01
2.570000000000081997e+01 2.822359598844519724e+01 3.938358990844988416e-01
2.580000000000082139e+01 2.829603108468241857e+01 3.944170424843779776e-01
2.590000000000082281e+01 2.836857187533838243e+01 3.949897000791989798e-01
2.600000000000082423e+01 2.844121682352195535e+01 3.955540387585087525e-01
2.610000000000082565e+01 2.851396442252419661e+01 3.961102216117122210e-01
2.620000000000082707e+01 2.858681319512224661e+01 3.966584080044270877e-01
2.630000000000082849e+01 2.865976169289739062e+01 3.971987536554759668e-01
2.640000000000082991e+01 2.873280849557985306e+01 3.977314107141779465e-01
2.650000000000083134e+01 2.880595221039063247e+01 3.982565278377626083e-01
2.660000000000083276e+01 2.887919147141555243e+01 3.987742502685430179e-01
2.670000000000083418e+01 2.895252493898208712e+01 3.992847199107436573e-01
2.680000000000083560e+01 2.902595129905058613e+01 3.997880754067655307e-01
2.690000000000083702e+01 2.909946926263144462e+01 4.002844522126883242e-01
2.700000000000083844e+01 2.917307756519882389e+01 4.007739826729859733e-01
2.710000000000083986e+01 2.924677496613539773e+01 4.012567960942137191e-01
2.720000000000084128e+01 2.932056024817946849e+01 4.017330188176784778e-01
2.730000000000084270e+01 2.939443221688532049e+01 4.022027742909785597e-01
2.740000000000084412e+01 2.946838970010811565e+01 4.026661831382873369e-01
2.750000000000084555e+01 2.954243154748474609e+01 4.031233632294522473e-01
2.760000000000084697e+01 2.961655662994417071e+01 4.035744297477260600e-01
2.770000000000084839e+01 2.969076383921900231e+01 4.040194952562092268e-01
2.780000000000084981e+01 2.976505208736899633e+01 4.044586697629387051e-01
2.790000000000085123e+01 2.983942030632799458e+01 4.048920607845509223e-01
2.800000000000085265e+01 2.991386744744519888e+01 4.053197734086305126e-01
2.810000000000085407e+01 2.998839248105503330e+01 4.057419103545997774e-01
2.820000000000085549e+01 3.006299439604644874e+01 4.061585720332581695e-01
2.830000000000085691e+01 3.013767219944329412e+01 4.065698566049357199e-01
2.840000000000085834e+01 3.021242491600636271e+01 4.069758600362227696e-01
2.850000000000085976e+01 3.028725158782895122e+01 4.073766761553918037e-01
2.860000000000086118e+01 3.036215127395915303e+01 4.077723967064032506e-01
2.870000000000086260e+01 3.043712305002076590e+01 4.081631114016077144e-01
2.880000000000086402e+01 3.051216600784388078e+01 4.085489079731358109e-01
2.890000000000086544e+01 3.058727925511571044e+01 4.089298722229305905e-01
2.900000000000086686e+01 3.066246191502359153e+01 4.093060880715706507e-01
2.910000000000086828e+01 3.073771312592423754e+01 4.096776376057737479e-01
2.920000000000086970e+01 3.081303204100949245e+01 4.100446011247005917e-01
2.930000000000087113e+01 3.088841782798095181e+01 4.104070571850466087e-01
2.940000000000087255e+01 3.096386966874393920e+01 4.107650826449161796e-01
2.950000000000087397e+01 3.103938675909225253e+01 4.111187527065819913e-01
2.960000000000087539e+01 3.111496830841785410e+01 4.114681409580644988e-01
2.970000000000087681e+01 3.119061353941637904e+01 4.118133194136290864e-01
2.980000000000087823e+01 3.126632168780037802e+01 4.121543585532013165e-01
2.990000000000087965e+01 3.134209200203067525e+01 4.124913273606929942e-01
3.000000000000088107e+01 3.141792374303757285e+01 4.128242933613390231e-01
3.010000000000088249e+01 3.149381618396603244e+01 4.131533226579832130e-01
3.020000000000088392e+01 3.156976860991603928e+01 4.134784799664174559e-01
3.030000000000088534e+01 3.164578031768908062e+01 4.137998286497547862e-01
3.040000000000088676e+01 3.172185061555216734e+01 4.141174307518427078e-01
3.050000000000088818e+01 3.179797882299125078e+01 4.144313470298217617e-01
3.060000000000088960e+01 3.187416427048714240e+01 4.147416369857500063e-01
3.070000000000089102e+01 3.195040629928576337e+01 4.150483588973947757e-01
3.080000000000089244e+01 3.202670426117416014e+01 4.153515698481926033e-01
3.090000000000089386e+01 3.210305751827310417e+01 4.156513257563644870e-01
3.100000000000089528e+01 3.217946544281790011e+01 4.159476814032796455e-01
3.110000000000089670e+01 3.225592741696156907e+01 4.162406904610175262e-01
3.120000000000089813e+01 3.233244283257099028e+01 4.165304055191920152e-01
3.130000000000089955e+01 3.240901109102888000e+01 4.168168781110681009e-01
3.140000000000090097e+01 3.248563160305077702e+01 4.171001587389271403e-01
3.150000000000090239e+01 3.256230378849021889e+01 4.173802968987932460e-01
3.160000000000090381e+01 3.263902707616524879e+01 4.176573411044554596e-01
3.170000000000090523e+01 3.271580090367778126e+01 4.179313389108600396e-01
3.180000000000090665e+01 3.279262471723718875e+01 4.182023369368746968e-01
3.190000000000090807e+01 3.286949797149954122e+01 4.184703808874179476e-01
