-3.200000000000000000e+01 1.137926192189025586e-03
-3.189999999999999858e+01 1.147055620198661214e-03
-3.179999999999999716e+01 1.156304378205124262e-03
-3.169999999999999574e+01 1.165674685424906076e-03
-3.159999999999999432e+01 1.175168815125798979e-03
-3.149999999999999289e+01 1.184789096256742271e-03
-3.139999999999999147e+01 1.194537915138035302e-03
-3.129999999999999005e+01 1.204417717211809635e-03
-3.119999999999998863e+01 1.214431008856158402e-03
-3.109999999999998721e+01 1.224580359266543451e-03
-3.099999999999998579e+01 1.234868402404551164e-03
-3.089999999999998437e+01 1.245297839020592179e-03
-3.079999999999998295e+01 1.255871438750918176e-03
-3.069999999999998153e+01 1.266592042293082643e-03
-3.059999999999998010e+01 1.277462563664257238e-03
-3.049999999999997868e+01 1.288485992543031509e-03
-3.039999999999997726e+01 1.299665396702353887e-03
-3.029999999999997584e+01 1.311003924534632050e-03
-3.019999999999997442e+01 1.322504807674074493e-03
-3.009999999999997300e+01 1.334171363721691102e-03
-2.999999999999997158e+01 1.346006999074364540e-03
-2.989999999999997016e+01 1.358015211866978782e-03
-2.979999999999996874e+01 1.370199595029509719e-03
-2.969999999999996732e+01 1.382563839465409793e-03
-2.959999999999996589e+01 1.395111737358009380e-03
-2.949999999999996447e+01 1.407847185607425961e-03
-2.939999999999996305e+01 1.420774189408657243e-03
-2.929999999999996163e+01 1.433896865973995679e-03
-2.919999999999996021e+01 1.447219448407721133e-03
-2.909999999999995879e+01 1.460746289741520886e-03
-2.899999999999995737e+01 1.474481867134609268e-03
-2.889999999999995595e+01 1.488430786251401664e-03
-2.879999999999995453e+01 1.502597785821589054e-03
-2.869999999999995310e+01 1.516987742392700289e-03
-2.859999999999995168e+01 1.531605675285922568e-03
-2.849999999999995026e+01 1.546456751761163175e-03
-2.839999999999994884e+01 1.561546292407091190e-03
-2.829999999999994742e+01 1.576879776763322064e-03
-2.819999999999994600e+01 1.592462849187732503e-03
-2.809999999999994458e+01 1.608301324982731395e-03
-2.799999999999994316e+01 1.624401196789317407e-03
-2.789999999999994174e+01 1.640768641268425428e-03
-2.779999999999994031e+01 1.657410026079982578e-03
-2.769999999999993889e+01 1.674331917176544605e-03
-2.759999999999993747e+01 1.691541086429519756e-03
-2.749999999999993605e+01 1.709044519600730339e-03
-2.739999999999993463e+01 1.726849424683903414e-03
-2.729999999999993321e+01 1.744963240631019433e-03
-2.719999999999993179e+01 1.763393646485727183e-03
-2.709999999999993037e+01 1.782148570947538271e-03
-2.699999999999992895e+01 1.801236202385064333e-03
-2.689999999999992752e+01 1.820664999329781519e-03
-2.679999999999992610e+01 1.840443701471611683e-03
-2.669999999999992468e+01 1.860581341185895765e-03
-2.659999999999992326e+01 1.881087255623364743e-03
-2.649999999999992184e+01 1.901971099389192319e-03
-2.639999999999992042e+01 1.923242857852078790e-03
-2.629999999999991900e+01 1.944912861113678006e-03
-2.619999999999991758e+01 1.966991798678263247e-03
-2.609999999999991616e+01 1.989490734865279314e-03
-2.599999999999991473e+01 2.012421125002035113e-03
-2.589999999999991331e+01 2.035794832450695674e-03
-2.579999999999991189e+01 2.059624146512802241e-03
-2.569999999999991047e+01 2.083921801265812678e-03
-2.559999999999990905e+01 2.108700995390034531e-03
-2.549999999999990763e+01 2.133975413039251000e-03
-2.539999999999990621e+01 2.159759245827925968e-03
-2.529999999999990479e+01 2.186067215996922043e-03
-2.519999999999990337e+01 2.212914600833155217e-03
-2.509999999999990195e+01 2.240317258424186046e-03
-2.499999999999990052e+01 2.268291654824447674e-03
-2.489999999999989910e+01 2.296854892732933667e-03
-2.479999999999989768e+01 2.326024741771628816e-03
-2.469999999999989626e+01 2.355819670470632021e-03
-2.459999999999989484e+01 2.386258880073966870e-03
-2.449999999999989342e+01 2.417362340277336413e-03
-2.439999999999989200e+01 2.449150827036996811e-03
-2.429999999999989058e+01 2.481645962579614312e-03
-2.419999999999988916e+01 2.514870257764171765e-03
-2.409999999999988773e+01 2.548847156958826930e-03
-2.399999999999988631e+01 2.583601085595739304e-03
-2.389999999999988489e+01 2.619157500601440938e-03
-2.379999999999988347e+01 2.655542943893793306e-03
-2.369999999999988205e+01 2.692785099164315705e-03
-2.359999999999988063e+01 2.730912852182504087e-03
-2.349999999999987921e+01 2.769956354863861454e-03
-2.339999999999987779e+01 2.809947093387540895e-03
-2.329999999999987637e+01 2.850917960648198263e-03
-2.319999999999987494e+01 2.892903333364416421e-03
-2.309999999999987352e+01 2.935939154193393553e-03
-2.299999999999987210e+01 2.980063019215293662e-03
-2.289999999999987068e+01 3.025314271209306183e-03
-2.279999999999986926e+01 3.071734099151737611e-03
-2.269999999999986784e+01 3.119365644419825039e-03
-2.259999999999986642e+01 3.168254114227771027e-03
-2.249999999999986500e+01 3.218446902850152520e-03
-2.239999999999986358e+01 3.269993721268885014e-03
-2.229999999999986215e+01 3.322946735905461368e-03
-2.219999999999986073e+01 3.377360717178696896e-03
-2.209999999999985931e+01 3.433293198696829845e-03
-2.199999999999985789e+01 3.490804647947474016e-03
-2.189999999999985647e+01 3.549958649466000270e-03
-2.179999999999985505e+01 3.610822101519460883e-03
-2.169999999999985363e+01 3.673465427463415683e-03
-2.159999999999985221e+01 3.737962803041809320e-03
-2.149999999999985079e+01 3.804392401000612680e-03
-2.139999999999984936e+01 3.872836654563166850e-03
-2.129999999999984794e+01 3.943382541427786769e-03
-2.119999999999984652e+01 4.016121890140209906e-03
-2.109999999999984510e+01 4.091151710883631810e-03
-2.099999999999984368e+01 4.168574552912628420e-03
-2.089999999999984226e+01 4.248498891138374756e-03
-2.079999999999984084e+01 4.331039544588619929e-03
-2.069999999999983942e+01 4.416318129785160723e-03
-2.059999999999983800e+01 4.504463552411913305e-03
-2.049999999999983658e+01 4.595612540983400225e-03
-2.039999999999983515e+01 4.689910226691449725e-03
-2.029999999999983373e+01 4.787510774018542865e-03
-2.019999999999983231e+01 4.888578067260034542e-03
-2.009999999999983089e+01 4.993286458689625770e-03
-1.999999999999982947e+01 5.101821584730935853e-03
-1.989999999999982805e+01 5.214381257315239132e-03
-1.979999999999982663e+01 5.331176438393376259e-03
-1.969999999999982521e+01 5.452432306572033496e-03
-1.959999999999982379e+01 5.578389425944564779e-03
-1.949999999999982236e+01 5.709305028389372906e-03
-1.939999999999982094e+01 5.845454422107427064e-03
-1.929999999999981952e+01 5.987132540715225243e-03
-1.919999999999981810e+01 6.134655649107555175e-03
-1.909999999999981668e+01 6.288363224418056126e-03
-1.899999999999981526e+01 6.448620032826584726e-03
-1.889999999999981384e+01 6.615818425768393504e-03
-1.879999999999981242e+01 6.790380882330192790e-03
-1.869999999999981100e+01 6.972762828301526730e-03
-1.859999999999980957e+01 7.163455766658805013e-03
-1.849999999999980815e+01 7.362990759240210445e-03
-1.839999999999980673e+01 7.571942305058487060e-03
-1.829999999999980531e+01 7.790932667517864313e-03
-1.819999999999980389e+01 8.020636710483235871e-03
-1.809999999999980247e+01 8.261787312328249672e-03
-1.799999999999980105e+01 8.515181437758386970e-03
-1.789999999999979963e+01 8.781686959621363628e-03
-1.779999999999979821e+01 9.062250337774909598e-03
-1.769999999999979678e+01 9.357905279258600315e-03
-1.759999999999979536e+01 9.669782524576623489e-03
-1.749999999999979394e+01 9.999120929161817162e-03
-1.739999999999979252e+01 1.034728003777863128e-02
-1.729999999999979110e+01 1.071575438412079168e-02
-1.719999999999978968e+01 1.110618978861687908e-02
-1.709999999999978826e+01 1.152040197660683662e-02
-1.699999999999978684e+01 1.196039789795605782e-02
-1.689999999999978542e+01 1.242840019994257729e-02
-1.679999999999978400e+01 1.292687539118963364e-02
-1.669999999999978257e+01 1.345856633795762189e-02
-1.659999999999978115e+01 1.402652986041766359e-02
-1.649999999999977973e+01 1.463418035037221052e-02
-1.639999999999977831e+01 1.528534051981520793e-02
-1.629999999999977689e+01 1.598430062094301912e-02
-1.619999999999977547e+01 1.673588776205410869e-02
-1.609999999999977405e+01 1.754554729494083726e-02
-1.599999999999977263e+01 1.841943868424083391e-02
-1.589999999999977121e+01 1.936454880933618020e-02
-1.579999999999976978e+01 2.038882632361788474e-02
-1.569999999999976836e+01 2.150134153772653017e-02
-1.559999999999976694e+01 2.271247734956670372e-02
-1.549999999999976552e+01 2.403415807074617619e-02
-1.539999999999976410e+01 2.548012466900191966e-02
-1.529999999999976268e+01 2.706626705257467874e-02
-1.519999999999976126e+01 2.881102667716183355e-02
-1.509999999999975984e+01 3.073588610266132781e-02
-1.499999999999975842e+01 3.286596633301214904e-02
-1.489999999999975699e+01 3.523075803199957751e-02
-1.479999999999975557e+01 3.786501923066827591e-02
-1.469999999999975415e+01 4.080988010913087077e-02
-1.459999999999975273e+01 4.411420494036578932e-02
-1.449999999999975131e+01 4.783627216139468841e-02
-1.439999999999974989e+01 5.204584506818317469e-02
-1.429999999999974847e+01 5.682671595833863054e-02
-1.419999999999974705e+01 6.227981155510185773e-02
-1.409999999999974563e+01 6.852693884302200888e-02
-1.399999999999974420e+01 7.571521159203330187e-02
-1.389999999999974278e+01 8.402209768403212653e-02
-1.379999999999974136e+01 9.366080839472711028e-02
-1.369999999999973994e+01 1.048853099456591165e-01
-1.359999999999973852e+01 1.179933972812218512e-01
-1.349999999999973710e+01 1.333247421917355402e-01
-1.339999999999973568e+01 1.512481959681340471e-01
-1.329999999999973426e+01 1.721284298677737135e-01
-1.319999999999973284e+01 1.962561520557034034e-01
-1.309999999999973141e+01 2.237202159068267804e-01
-1.299999999999972999e+01 2.542000125314621273e-01
-1.289999999999972857e+01 2.866774556148991571e-01
-1.279999999999972715e+01 3.191333318052527734e-01
-1.269999999999972573e+01 3.484135721422799148e-01
-1.259999999999972431e+01 3.705611015403333375e-01
-1.249999999999972289e+01 3.818122786262642676e-01
-1.239999999999972147e+01 3.799888985554838450e-01
-1.229999999999972005e+01 3.654685744544163839e-01
-1.219999999999971863e+01 3.410085736671024104e-01
-1.209999999999971720e+01 3.105619680486776391e-01
-1.199999999999971578e+01 2.779321588769270712e-01
-1.189999999999971436e+01 2.459624700124855845e-01
-1.179999999999971294e+01 2.163655815421303141e-01
-1.169999999999971152e+01 1.899317415357547612e-01
-1.159999999999971010e+01 1.668407212571672016e-01
-1.149999999999970868e+01 1.469299100166644723e-01
-1.139999999999970726e+01 1.298779780673940953e-01
-1.129999999999970584e+01 1.153140602061289155e-01
-1.119999999999970441e+01 1.028753506401744872e-01
-1.109999999999970299e+01 9.223335105936122935e-02
-1.099999999999970157e+01 8.310276575076502859e-02
-1.089999999999970015e+01 7.524160495658126224e-02
-1.079999999999969873e+01 6.844733826458511416e-02
-1.069999999999969731e+01 6.255166593487776483e-02
-1.059999999999969589e+01 5.741517780585064096e-02
-1.049999999999969447e+01 5.292246482896083293e-02
-1.039999999999969305e+01 4.897788378612316640e-02
-1.029999999999969162e+01 4.550199810144425761e-02
-1.019999999999969020e+01 4.242863909304060016e-02
-1.009999999999968878e+01 3.970250396115673069e-02
-9.999999999999687361e+00 3.727720317377587744e-02
-9.899999999999685940e+00 3.511367702657888085e-02
-9.799999999999684519e+00 3.317891210695096682e-02
-9.699999999999683098e+00 3.144489986619170008e-02
-9.599999999999681677e+00 2.988779003647729429e-02
-9.499999999999680256e+00 2.848720070456337017e-02
-9.399999999999678835e+00 2.722565440257447567e-02
-9.299999999999677414e+00 2.608811572295949635e-02
-9.199999999999675993e+00 2.506161091015277065e-02
-9.099999999999674571e+00 2.413491382780950587e-02
-8.999999999999673150e+00 2.329828583804535030e-02
-8.899999999999671729e+00 2.254325961865692382e-02
-8.799999999999670308e+00 2.186245891796157262e-02
-8.699999999999668887e+00 2.124944781451901243e-02
-8.599999999999667466e+00 2.069860429445653446e-02
-8.499999999999666045e+00 2.020501395181470775e-02
-8.399999999999664624e+00 1.976438041057578324e-02
-8.299999999999663203e+00 1.937294970225506008e-02
-8.199999999999661782e+00 1.902744634439063401e-02
-8.099999999999660361e+00 1.872501927762568186e-02
-7.999999999999658939e+00 1.846319615352847929e-02
-7.899999999999657518e+00 1.823984473771182377e-02
-7.799999999999656097e+00 1.805314041552056117e-02
-7.699999999999654676e+00 1.790153897128317351e-02
-7.599999999999653255e+00 1.778375396418336446e-02
-7.499999999999651834e+00 1.769873815106737941e-02
-7.399999999999650413e+00 1.764566851400129269e-02
-7.299999999999648992e+00 1.762393454222146300e-02
-7.199999999999647571e+00 1.763312949800898907e-02
-7.099999999999646150e+00 1.767304446659482067e-02
-6.999999999999644729e+00 1.774366505414314010e-02
-6.899999999999643308e+00 1.784517065722717247e-02
-6.799999999999641886e+00 1.797793628406660696e-02
-6.699999999999640465e+00 1.814253696389652240e-02
-6.599999999999639044e+00 1.833975483809225163e-02
-6.499999999999637623e+00 1.857058908693537055e-02
-6.399999999999636202e+00 1.883626891106031029e-02
-6.299999999999634781e+00 1.913826985919817036e-02
-6.199999999999633360e+00 1.947833387592620008e-02
-6.099999999999631939e+00 1.985849353817243160e-02
-5.999999999999630518e+00 2.028110106057365303e-02
-5.899999999999629097e+00 2.074886278166968370e-02
-5.799999999999627676e+00 2.126488000126285777e-02
-5.699999999999626255e+00 2.183269722986131214e-02
-5.599999999999624833e+00 2.245635914312555173e-02
-5.499999999999623412e+00 2.314047781762653549e-02
-5.399999999999621991e+00 2.389031217199426294e-02
-5.299999999999620570e+00 2.471186196726960632e-02
-5.199999999999619149e+00 2.561197925170726267e-02
-5.099999999999617728e+00 2.659850079674507331e-02
-4.999999999999616307e+00 2.768040589588867048e-02
-4.899999999999614886e+00 2.886800493031346782e-02
-4.799999999999613465e+00 3.017316540115799750e-02
-4.699999999999612044e+00 3.160958375723218333e-02
-4.599999999999610623e+00 3.319311339982105452e-02
-4.499999999999609201e+00 3.494216183437337531e-02
-4.399999999999607780e+00 3.687817320056844400e-02
-4.299999999999606359e+00 3.902621651826716775e-02
-4.199999999999604938e+00 4.141570513083132898e-02
-4.099999999999603517e+00 4.408127923014935889e-02
-3.999999999999602096e+00 4.706389121903897799e-02
-3.899999999999600675e+00 5.041214315120589456e-02
-3.799999999999599254e+00 5.418393654325826675e-02
-3.699999999999597833e+00 5.844850697814471530e-02
-3.599999999999596412e+00 6.328892769138119712e-02
-3.499999999999594991e+00 6.880517445214229255e-02
-3.399999999999593570e+00 7.511784162377495300e-02
-3.299999999999592148e+00 8.237257263875227831e-02
-3.199999999999590727e+00 9.074519102743709709e-02
-3.099999999999589306e+00 1.004473417561610182e-01
-2.999999999999587885e+00 1.117320883816458471e-01
-2.899999999999586464e+00 1.248982042535151937e-01
-2.799999999999585043e+00 1.402905874765352223e-01
-2.699999999999583622e+00 1.582919263108475416e-01
-2.599999999999582201e+00 1.792969475285099701e-01
-2.499999999999580780e+00 2.036549665213831239e-01
-2.399999999999579359e+00 2.315597977192460633e-01
-2.299999999999577938e+00 2.628625871355959043e-01
-2.199999999999576517e+00 2.967946299994416171e-01
-2.099999999999575095e+00 3.316362995360623289e-01
-1.999999999999573674e+00 3.644766518792355581e-01
-1.899999999999572253e+00 3.913461900201192223e-01
-1.799999999999570832e+00 4.080135228951889959e-01
-1.699999999999569411e+00 4.113844077645806840e-01
-1.599999999999567990e+00 4.008123666063325152e-01
-1.499999999999566569e+00 3.783998587251216073e-01
-1.399999999999565148e+00 3.480531633909553224e-01
-1.299999999999563727e+00 3.140047224504677881e-01
-1.199999999999562306e+00 2.796985608846431215e-01
-1.099999999999560885e+00 2.473810282380090875e-01
-9.999999999995594635e-01 2.182130138514545015e-01
-8.999999999995580424e-01 1.925863877197789009e-01
-7.999999999995566213e-01 1.704351846814389504e-01
-6.999999999995552002e-01 1.514638274443850796e-01
-5.999999999995537792e-01 1.352893482270646208e-01
-4.999999999995523581e-01 1.215197946214147673e-01
-3.999999999995509370e-01 1.097922192407388420e-01
-2.999999999995495159e-01 9.978756444633408995e-02
-1.999999999995480948e-01 9.123343782553922088e-02
-9.999999999954667373e-02 8.390116119082409452e-02
4.547473508864641190e-13 7.760055785394086303e-02
1.000000000004561684e-01 7.217423973426595474e-02
2.000000000004575895e-01 6.749221507708974555e-02
3.000000000004590106e-01 6.344714199084128259e-02
4.000000000004604317e-01 5.995030552602856333e-02
5.000000000004618528e-01 5.692828178984330606e-02
6.000000000004632739e-01 5.432020736678412620e-02
7.000000000004646949e-01 5.207556119809683692e-02
8.000000000004661160e-01 5.015237061903714266e-02
9.000000000004675371e-01 4.851576399454459593e-02
1.000000000000468958e+00 4.713680469013706992e-02
1.100000000000470379e+00 4.599155284235807023e-02
1.200000000000471800e+00 4.506031171579365224e-02
1.300000000000473221e+00 4.432702415147968256e-02
1.400000000000474643e+00 4.377879180493462336e-02
1.500000000000476064e+00 4.340549574162765739e-02
1.600000000000477485e+00 4.319950172970606767e-02
1.700000000000478906e+00 4.315543746157893962e-02
1.800000000000480327e+00 4.327003214272505394e-02
1.900000000000481748e+00 4.354201157394584076e-02
2.000000000000483169e+00 4.397204416636905921e-02
2.100000000000484590e+00 4.456273539007250817e-02
2.200000000000486011e+00 4.531867007784357027e-02
2.300000000000487432e+00 4.624650388665494521e-02
2.400000000000488853e+00 4.735510716114966351e-02
2.500000000000490274e+00 4.865576654867521250e-02
2.600000000000491696e+00 5.016245209594535903e-02
2.700000000000493117e+00 5.189216034272792905e-02
2.800000000000494538e+00 5.386534726498305725e-02
2.900000000000495959e+00 5.610646898830226603e-02
3.000000000000497380e+00 5.864465320078642019e-02
3.100000000000498801e+00 6.151453038510904664e-02
3.200000000000500222e+00 6.475726163511330569e-02
3.300000000000501643e+00 6.842180918755350061e-02
3.400000000000503064e+00 7.256650709772421992e-02
3.500000000000504485e+00 7.726100272966490712e-02
3.600000000000505906e+00 8.258865446660601517e-02
3.700000000000507328e+00 8.864948584640620910e-02
3.800000000000508749e+00 9.556380776484026118e-02
3.900000000000510170e+00 1.034766212180668749e-01
4.000000000000511591e+00 1.125628887388368943e-01
4.100000000000513012e+00 1.230336851998425352e-01
4.200000000000514433e+00 1.351430555315333015e-01
4.300000000000515854e+00 1.491950224012373871e-01
4.400000000000517275e+00 1.655494321096298016e-01
4.500000000000518696e+00 1.846239173819254342e-01
4.600000000000520117e+00 2.068867487131848537e-01
4.700000000000521538e+00 2.328311540566996019e-01
4.800000000000522959e+00 2.629153230934767604e-01
4.900000000000524381e+00 2.974443081348895901e-01
5.000000000000525802e+00 3.363643595193049340e-01
5.100000000000527223e+00 3.789489880004405231e-01
5.200000000000528644e+00 4.234041710267987813e-01
5.300000000000530065e+00 4.665369959063999095e-01
5.400000000000531486e+00 5.038008423606784580e-01
5.500000000000532907e+00 5.300924838122897942e-01
5.600000000000534328e+00 5.413464073996618886e-01
5.700000000000535749e+00 5.362313561941335349e-01
5.800000000000537170e+00 5.168082953716256478e-01
5.900000000000538591e+00 4.876395156581246892e-01
6.000000000000540012e+00 4.540377927715106288e-01
6.100000000000541434e+00 4.205860454739757670e-01
6.200000000000542855e+00 3.904915525943335464e-01
6.300000000000544276e+00 3.656377474261930938e-01
6.400000000000545697e+00 3.469474551640830962e-01
6.500000000000547118e+00 3.347686961412315032e-01
6.600000000000548539e+00 3.291576085189598100e-01
6.700000000000549960e+00 3.300329397191819614e-01
6.800000000000551381e+00 3.372098474639669830e-01
6.900000000000552802e+00 3.503197555183303336e-01
7.000000000000554223e+00 3.686169351020640583e-01
7.100000000000555644e+00 3.906872314982763883e-01
7.200000000000557066e+00 4.141374175995925500e-01
7.300000000000558487e+00 4.354647657414176254e-01
7.400000000000559908e+00 4.504130157313382954e-01
7.500000000000561329e+00 4.550081127534926217e-01
7.600000000000562750e+00 4.469755497654348542e-01
7.700000000000564171e+00 4.266918882082654241e-01
7.800000000000565592e+00 3.969523261520238600e-01
7.900000000000567013e+00 3.617339691174089045e-01
8.000000000000568434e+00 3.248297899526258470e-01
8.100000000000569855e+00 2.890449620422632093e-01
8.200000000000571276e+00 2.560413261408664432e-01
8.300000000000572697e+00 2.265570664455313077e-01
8.400000000000574119e+00 2.007243583989641034e-01
8.500000000000575540e+00 1.783392400691597990e-01
8.600000000000576961e+00 1.590451830307623160e-01
8.700000000000578382e+00 1.424415295582968088e-01
8.800000000000579803e+00 1.281402298363382708e-01
8.900000000000581224e+00 1.157913132624766167e-01
9.000000000000582645e+00 1.050911326593707007e-01
9.100000000000584066e+00 9.578193643264983070e-02
9.200000000000585487e+00 8.764759114916718941e-02
9.300000000000586908e+00 8.050800281421066629e-02
9.400000000000588329e+00 7.421348998765575633e-02
9.500000000000589750e+00 6.863966068372849560e-02
9.600000000000591172e+00 6.368298337150374300e-02
9.700000000000592593e+00 5.925706700025015067e-02
9.800000000000594014e+00 5.528958811946473040e-02
9.900000000000595435e+00 5.171977643426617366e-02
1.000000000000059686e+01 4.849636751159536879e-02
1.010000000000059828e+01 4.557593925346425934e-02
1.020000000000059970e+01 4.292156032381997527e-02
1.030000000000060112e+01 4.050169067053593919e-02
1.040000000000060254e+01 3.828928520340041386e-02
1.050000000000060396e+01 3.626106106893197539e-02
1.060000000000060538e+01 3.439689675580363815e-02
1.070000000000060680e+01 3.267933761004206128e-02
1.080000000000060822e+01 3.109318744136824533e-02
1.090000000000060965e+01 2.962516997909436789e-02
1.100000000000061107e+01 2.826364717741175828e-02
1.110000000000061249e+01 2.699838394458731194e-02
1.120000000000061391e+01 2.582035091504122221e-02
1.130000000000061533e+01 2.472155850652513545e-02
1.140000000000061675e+01 2.369491679805596149e-02
1.150000000000061817e+01 2.273411679468351904e-02
1.160000000000061959e+01 2.183352946959227214e-02
1.170000000000062101e+01 2.098811963542900755e-02
1.180000000000062244e+01 2.019337222784789790e-02
1.190000000000062386e+01 1.944522901389795014e-02
1.200000000000062528e+01 1.874003408480508573e-02
1.210000000000062670e+01 1.807448677478629487e-02
1.220000000000062812e+01 1.744560087760093844e-02
1.230000000000062954e+01 1.685066921997790956e-02
1.240000000000063096e+01 1.628723280560382888e-02
1.250000000000063238e+01 1.575305386989034676e-02
1.260000000000063380e+01 1.524609229042826926e-02
1.270000000000063523e+01 1.476448488489253384e-02
1.280000000000063665e+01 1.430652719980947396e-02
1.290000000000063807e+01 1.387065745391124691e-02
1.300000000000063949e+01 1.345544234971407689e-02
1.310000000000064091e+01 1.305956450896648968e-02
1.320000000000064233e+01 1.268181132304854047e-02
1.330000000000064375e+01 1.232106503887579751e-02
1.340000000000064517e+01 1.197629392625190747e-02
1.350000000000064659e+01 1.164654439374409461e-02
1.360000000000064801e+01 1.133093393824587819e-02
1.370000000000064944e+01 1.102864482890044372e-02
1.380000000000065086e+01 1.073891843898641674e-02
1.390000000000065228e+01 1.046105015081777966e-02
1.400000000000065370e+01 1.019438476822568523e-02
1.410000000000065512e+01 9.938312379482739864e-03
1.420000000000065654e+01 9.692264620760207908e-03
1.430000000000065796e+01 9.455711296198493140e-03
1.440000000000065938e+01 9.228157316168801930e-03
1.450000000000066080e+01 9.009139919822821418e-03
1.460000000000066223e+01 8.798226152044587994e-03
1.470000000000066365e+01 8.595010568486240871e-03
1.480000000000066507e+01 8.399113145272885453e-03
1.490000000000066649e+01 8.210177372758529699e-03
1.500000000000066791e+01 8.027868514959169560e-03
1.510000000000066933e+01 7.851872018332334974e-03
1.520000000000067075e+01 7.681892055426735311e-03
1.530000000000067217e+01 7.517650190383673957e-03
1.540000000000067359e+01 7.358884154774511348e-03
1.550000000000067502e+01 7.205346723414249137e-03
1.560000000000067644e+01 7.056804680876440153e-03
1.570000000000067786e+01 6.913037870446113974e-03
1.580000000000067928e+01 6.773838317997931714e-03
1.590000000000068070e+01 6.639009424137367124e-03
1.600000000000068212e+01 6.508365218555108370e-03
1.610000000000068354e+01 6.381729671143736987e-03
1.620000000000068496e+01 6.258936055003346162e-03
1.630000000000068638e+01 6.139826356853561595e-03
1.640000000000068781e+01 6.024250730876206002e-03
1.650000000000068923e+01 5.912066992343544686e-03
1.660000000000069065e+01 5.803140147729141454e-03
1.670000000000069207e+01 5.697341958343082706e-03
1.680000000000069349e+01 5.594550534735477469e-03
1.690000000000069491e+01 5.494649959429621575e-03
1.700000000000069633e+01 5.397529935726180436e-03
1.710000000000069775e+01 5.303085460521327586e-03
1.720000000000069917e+01 5.211216519296624217e-03
1.730000000000070060e+01 5.121827801539110929e-03
1.740000000000070202e+01 5.034828435059054627e-03
1.750000000000070344e+01 4.950131737769884223e-03
1.760000000000070486e+01 4.867654985617117340e-03
1.770000000000070628e+01 4.787319195482700289e-03
1.780000000000070770e+01 4.709048921936477214e-03
1.790000000000070912e+01 4.632772066850615600e-03
1.800000000000071054e+01 4.558419700943521294e-03
1.810000000000071196e+01 4.485925896395831676e-03
1.820000000000071338e+01 4.415227569775690038e-03
1.830000000000071481e+01 4.346264334525192993e-03
1.840000000000071623e+01 4.278978362363860394e-03
1.850000000000071765e+01 4.213314252989200023e-03
1.860000000000071907e+01 4.149218911502944827e-03
1.870000000000072049e+01 4.086641433058271766e-03
1.880000000000072191e+01 4.025532994221151656e-03
1.890000000000072333e+01 3.965846750617065333e-03
1.900000000000072475e+01 3.907537740443403629e-03
1.910000000000072617e+01 3.850562793459438860e-03
1.920000000000072760e+01 3.794880445114707287e-03
1.930000000000072902e+01 3.740450855465350232e-03
1.940000000000073044e+01 3.687235732588811741e-03
1.950000000000073186e+01 3.635198260207660615e-03
1.960000000000073328e+01 3.584303029254276574e-03
1.970000000000073470e+01 3.534515973145368334e-03
1.980000000000073612e+01 3.485804306519315037e-03
1.990000000000073754e+01 3.438136467238204347e-03
2.000000000000073896e+01 3.391482061451921159e-03
2.010000000000074039e+01 3.345811811535841750e-03
2.020000000000074181e+01 3.301097506742910886e-03
2.030000000000074323e+01 3.257311956392752901e-03
2.040000000000074465e+01 3.214428945460850746e-03
2.050000000000074607e+01 3.172423192423569436e-03
2.060000000000074749e+01 3.131270309224624872e-03
2.070000000000074891e+01 3.090946763252208195e-03
2.080000000000075033e+01 3.051429841197153200e-03
2.090000000000075175e+01 3.012697614696639454e-03
2.100000000000075318e+01 2.974728907659274398e-03
2.110000000000075460e+01 2.937503265174338813e-03
2.120000000000075602e+01 2.901000923927486968e-03
2.130000000000075744e+01 2.865202784026573118e-03
2.140000000000075886e+01 2.830090382170547762e-03
2.150000000000076028e+01 2.795645866085169975e-03
2.160000000000076170e+01 2.761851970154247798e-03
2.170000000000076312e+01 2.728691992191618464e-03
2.180000000000076454e+01 2.696149771281063437e-03
2.190000000000076597e+01 2.664209666636873156e-03
2.200000000000076739e+01 2.632856537428516445e-03
2.210000000000076881e+01 2.602075723516457818e-03
2.220000000000077023e+01 2.571853027060353770e-03
2.230000000000077165e+01 2.542174694943732677e-03
2.240000000000077307e+01 2.513027401981760955e-03
2.250000000000077449e+01 2.484398234869625126e-03
2.260000000000077591e+01 2.456274676831691432e-03
2.270000000000077733e+01 2.428644592944042158e-03
2.280000000000077875e+01 2.401496216086756053e-03
2.290000000000078018e+01 2.374818133502400001e-03
2.300000000000078160e+01 2.348599273928443556e-03
2.310000000000078302e+01 2.322828895273278561e-03
2.320000000000078444e+01 2.297496572816526850e-03
2.330000000000078586e+01 2.272592187899069062e-03
2.340000000000078728e+01 2.248105917086305576e-03
2.350000000000078870e+01 2.224028221779817457e-03
2.360000000000079012e+01 2.200349838254087118e-03
2.370000000000079154e+01 2.177061768104763487e-03
2.380000000000079297e+01 2.154155269080698740e-03
2.390000000000079439e+01 2.131621846288318280e-03
2.400000000000079581e+01 2.109453243749020383e-03
2.410000000000079723e+01 2.087641436291430390e-03
2.420000000000079865e+01 2.066178621769197872e-03
2.430000000000080007e+01 2.045057213581689959e-03
2.440000000000080149e+01 2.024269833489825317e-03
2.450000000000080291e+01 2.003809304711840454e-03
2.460000000000080433e+01 1.983668645284725890e-03
2.470000000000080576e+01 1.963841061685032974e-03
2.480000000000080718e+01 1.944319942690366215e-03
2.490000000000080860e+01 1.925098853476456696e-03
2.500000000000081002e+01 1.906171529937731625e-03
2.510000000000081144e+01 1.887531873220037529e-03
2.520000000000081286e+01 1.869173944461455022e-03
2.530000000000081428e+01 1.851091959725557510e-03
2.540000000000081570e+01 1.833280285123964869e-03
2.550000000000081712e+01 1.815733432118477432e-03
2.560000000000081855e+01 1.798446052993681911e-03
2.570000000000081997e+01 1.781412936497597799e-03
2.580000000000082139e+01 1.764629003637107523e-03
2.590000000000082281e+01 1.748089303626441894e-03
2.600000000000082423e+01 1.731789009980838276e-03
2.610000000000082565e+01 1.715723416747973532e-03
2.620000000000082707e+01 1.699887934875944423e-03
2.630000000000082849e+01 1.684278088706431080e-03
2.640000000000082991e+01 1.668889512592348565e-03
2.650000000000083134e+01 1.653717947633529884e-03
2.660000000000083276e+01 1.638759238524378466e-03
2.670000000000083418e+01 1.624009330513124724e-03
2.680000000000083560e+01 1.609464266462860577e-03
2.690000000000083702e+01 1.595120184014397471e-03
2.700000000000083844e+01 1.580973312845612320e-03
2.710000000000083986e+01 1.567019972022261082e-03
2.720000000000084128e+01 1.553256567440529498e-03
2.730000000000084270e+01 1.539679589352736929e-03
2.740000000000084412e+01 1.526285609976772272e-03
2.750000000000084555e+01 1.513071281184813445e-03
2.760000000000084697e+01 1.500033332267138942e-03
2.770000000000084839e+01 1.487168567771748754e-03
2.780000000000084981e+01 1.474473865412235163e-03
2.790000000000085123e+01 1.461946174044864884e-03
2.800000000000085265e+01 1.449582511711126637e-03
2.810000000000085407e+01 1.437379963742210299e-03
2.820000000000085549e+01 1.425335680926465400e-03
2.830000000000085691e+01 1.413446877733110212e-03
2.840000000000085834e+01 1.401710830593436282e-03
2.850000000000085976e+01 1.390124876236320224e-03
2.860000000000086118e+01 1.378686410075036705e-03
2.870000000000086260e+01 1.367392884646651333e-03
2.880000000000086402e+01 1.356241808097965063e-03
2.890000000000086544e+01 1.345230742719447136e-03
2.900000000000086686e+01 1.334357303524410241e-03
2.910000000000086828e+01 1.323619156870869864e-03
2.920000000000086970e+01 1.313014019127504203e-03
2.930000000000087113e+01 1.302539655378288225e-03
2.940000000000087255e+01 1.292193878167355531e-03
2.950000000000087397e+01 1.281974546281722943e-03
2.960000000000087539e+01 1.271879563569657369e-03
2.970000000000087681e+01 1.261906877796207388e-03
2.980000000000087823e+01 1.252054479530976833e-03
2.990000000000087965e+01 1.242320401069772979e-03
3.000000000000088107e+01 1.232702715388058704e-03
3.010000000000088249e+01 1.223199535124286147e-03
3.020000000000088392e+01 1.213809011594688472e-03
3.030000000000088534e+01 1.204529333835038362e-03
3.040000000000088676e+01 1.195358727671048081e-03
3.050000000000088818e+01 1.186295454815595530e-03
3.060000000000088960e+01 1.177337811991080582e-03
3.070000000000089102e+01 1.168484130078532163e-03
3.080000000000089244e+01 1.159732773289333732e-03
3.090000000000089386e+01 1.151082138361268076e-03
3.100000000000089528e+01 1.142530653777265072e-03
3.110000000000089670e+01 1.134076779005367078e-03
3.120000000000089813e+01 1.125719003761522195e-03
3.130000000000089955e+01 1.117455847291415685e-03
3.140000000000090097e+01 1.109285857673021148e-03
3.150000000000090239e+01 1.101207611138442901e-03
3.160000000000090381e+01 1.093219711413717958e-03
3.170000000000090523e+01 1.085320789078186767e-03
3.180000000000090665e+01 1.077509500939926841e-03
3.190000000000090807e+01 1.069784529428906153e-03
