-3.200000000000000000e+01 1.763247560664327369e-03 3.790016582228097116e-04
-3.189999999999999858e+01 1.787028828950784284e-03 3.884976235680720870e-04
-3.179999999999999716e+01 1.811364369767159803e-03 3.983453452251823528e-04
-3.169999999999999574e+01 1.836272501265692053e-03 4.085621495689477855e-04
-3.159999999999999432e+01 1.861772298027995765e-03 4.191664273498769532e-04
-3.149999999999999289e+01 1.887883625964335843e-03 4.301777118701384777e-04
-3.139999999999999147e+01 1.914627178693387687e-03 4.416167638180485593e-04
-3.129999999999999005e+01 1.942024515418653598e-03 4.535056634061892383e-04
-3.119999999999998863e+01 1.970098100296195816e-03 4.658679105239166979e-04
-3.109999999999998721e+01 1.998871343271496452e-03 4.787285336916208322e-04
-3.099999999999998579e+01 2.028368642351416860e-03 4.921142086940172387e-04
-3.089999999999998437e+01 2.058615427237540235e-03 5.060533878597299169e-04
-3.079999999999998295e+01 2.089638204229692618e-03 5.205764410682225517e-04
-3.069999999999998153e+01 2.121464602260823666e-03 5.357158096817303842e-04
-3.059999999999998010e+01 2.154123419876433077e-03 5.515061747344309189e-04
-3.049999999999997868e+01 2.187644672924236172e-03 5.679846408673024788e-04
-3.039999999999997726e+01 2.222059642633585422e-03 5.851909376593555142e-04
-3.029999999999997584e+01 2.257400923694937930e-03 6.031676402040735043e-04
-3.019999999999997442e+01 2.293702471836193274e-03 6.219604109890398535e-04
-3.009999999999997300e+01 2.330999650266929110e-03 6.416182653763871473e-04
-2.999999999999997158e+01 2.369329274221778844e-03 6.621938632574890862e-04
-2.989999999999997016e+01 2.408729652632925211e-03 6.837438297489621414e-04
-2.979999999999996874e+01 2.449240625758690622e-03 7.063291081467915501e-04
-2.969999999999996732e+01 2.490903597316248587e-03 7.300153487315194471e-04
-2.959999999999996589e+01 2.533761559342613719e-03 7.548733374454546976e-04
-2.949999999999996447e+01 2.577859107630932865e-03 7.809794689511413788e-04
-2.939999999999996305e+01 2.623242445096311826e-03 8.084162691069986814e-04
-2.929999999999996163e+01 2.669959369875965320e-03 8.372729725102268789e-04
-2.919999999999996021e+01 2.718059244265042321e-03 8.676461614219612133e-04
-2.909999999999995879e+01 2.767592939753858207e-03 8.996404731373957436e-04
-2.899999999999995737e+01 2.818612752436700473e-03 9.333693837044094738e-04
-2.889999999999995595e+01 2.871172281814275869e-03 9.689560767979395195e-04
-2.879999999999995453e+01 2.925326264552382399e-03 1.006534407583097816e-03
-2.869999999999995310e+01 2.981130352944985108e-03 1.046249972494240916e-03
-2.859999999999995168e+01 3.038640825646219366e-03 1.088261297050872054e-03
-2.849999999999995026e+01 3.097914215603823213e-03 1.132741155122793343e-03
-2.839999999999994884e+01 3.159006836881098935e-03 1.179878034384245541e-03
-2.829999999999994742e+01 3.221974188173114956e-03 1.229877764104799712e-03
-2.819999999999994600e+01 3.286870206054753885e-03 1.282965322797350542e-03
-2.809999999999994458e+01 3.353746335223742325e-03 1.339386844556046761e-03
-2.799999999999994316e+01 3.422650376007239405e-03 1.399411844077471040e-03
-2.789999999999994174e+01 3.493625060847337788e-03 1.463335681158347027e-03
-2.779999999999994031e+01 3.566706301171085683e-03 1.531482285789735436e-03
-2.769999999999993889e+01 3.641921033491854476e-03 1.604207164428667152e-03
-2.759999999999993747e+01 3.719284578413233761e-03 1.681900706265989547e-03
-2.749999999999993605e+01 3.798797407910532199e-03 1.764991804760686518e-03
-2.739999999999993463e+01 3.880441194182808820e-03 1.853951803496698162e-03
-2.729999999999993321e+01 3.964173986997908405e-03 1.949298765582825350e-03
-2.719999999999993179e+01 4.049924334983306604e-03 2.051602050746482997e-03
-2.709999999999993037e+01 4.137584129170152579e-03 2.161487162041739966e-03
-2.699999999999992895e+01 4.226999903726069187e-03 2.279640792027790887e-03
-2.689999999999992752e+01 4.317962278811559619e-03 2.406815952666094532e-03
-2.679999999999992610e+01 4.410193174219882196e-03 2.543837009479200592e-03
-2.669999999999992468e+01 4.503330360845709916e-03 2.691604352338716581e-03
-2.659999999999992326e+01 4.596908852757451702e-03 2.851098314755142783e-03
-2.649999999999992184e+01 4.690338580719477339e-03 3.023381790723421100e-03
-2.639999999999992042e+01 4.782877737058483306e-03 3.209600780548568875e-03
-2.629999999999991900e+01 4.873601156380077265e-03 3.410981810384595362e-03
-2.619999999999991758e+01 4.961363119435161298e-03 3.628824798108083206e-03
-2.609999999999991616e+01 5.044754073279294343e-03 3.864489464807774766e-03
-2.599999999999991473e+01 5.122051001073699150e-03 4.119372804360723478e-03
-2.589999999999991331e+01 5.191161622521782079e-03 4.394874421009844177e-03
-2.579999999999991189e+01 5.249563361423403851e-03 4.692345746535797266e-03
-2.569999999999991047e+01 5.294239210390754360e-03 5.013018313522083456e-03
-2.559999999999990905e+01 5.321614411965523012e-03 5.357905516136019820e-03
-2.549999999999990763e+01 5.327500428238480037e-03 5.727671866400615465e-03
-2.539999999999990621e+01 5.307056124861837115e-03 6.122464034938593890e-03
-2.529999999999990479e+01 5.254780474260728473e-03 6.541699530913536870e-03
-2.519999999999990337e+01 5.164556156294028769e-03 6.983812524116064617e-03
-2.509999999999990195e+01 5.029768506017880808e-03 7.445963005589738629e-03
-2.499999999999990052e+01 4.843527901363917781e-03 7.923726150165026974e-03
-2.489999999999989910e+01 4.599023509687404088e-03 8.410793828635699729e-03
-2.479999999999989768e+01 4.290028959951043552e-03 8.898738916100120896e-03
-2.469999999999989626e+01 3.911562180460133320e-03 9.376912284153460578e-03
-2.459999999999989484e+01 3.460669574236640428e-03 9.832555895536615118e-03
-2.449999999999989342e+01 2.937259705966871123e-03 1.025121382267001752e-02
-2.439999999999989200e+01 2.344861194741103619e-03 1.061749579303157554e-02
-2.429999999999989058e+01 1.691139409714822323e-03 1.091618844050726116e-02
-2.419999999999988916e+01 9.879988322553656666e-04 1.113362213985333998e-02
-2.409999999999988773e+01 2.511422207674314511e-04 1.125910668777462334e-02
-2.399999999999988631e+01 -5.009416651343360366e-04 1.128618190643120196e-02
-2.389999999999988489e+01 -1.248454275343686623e-03 1.121342530902145508e-02
-2.379999999999988347e+01 -1.971993694090625263e-03 1.104463506339283842e-02
-2.369999999999988205e+01 -2.654190560622078990e-03 1.078834556531278049e-02
-2.359999999999988063e+01 -3.280993568954562560e-03 1.045678745077678433e-02
-2.349999999999987921e+01 -3.842424215624713063e-03 1.006451844667997572e-02
-2.339999999999987779e+01 -4.332757514884900789e-03 9.626990718566546743e-03
-2.329999999999987637e+01 -4.750209405354962298e-03 9.159283690996085706e-03
-2.319999999999987494e+01 -5.096287283327257181e-03 8.675146725433010436e-03
-2.309999999999987352e+01 -5.374978717736803024e-03 8.186401151795565101e-03
-2.299999999999987210e+01 -5.591927961465532199e-03 7.702675136487434175e-03
-2.289999999999987068e+01 -5.753702528729708748e-03 7.231400519348975958e-03
-2.279999999999986926e+01 -5.867202691050752393e-03 6.777986498037793031e-03
-2.269999999999986784e+01 -5.939227225612592892e-03 6.346091704438198630e-03
-2.259999999999986642e+01 -5.976183175372211040e-03 5.937933367298399434e-03
-2.249999999999986500e+01 -5.983914544129412434e-03 5.554591816018232368e-03
-2.239999999999986358e+01 -5.967621259354324685e-03 5.196285839618342874e-03
-2.229999999999986215e+01 -5.931841676842291612e-03 4.862607474288216033e-03
-2.219999999999986073e+01 -5.880476434437962967e-03 4.552713537451653393e-03
-2.209999999999985931e+01 -5.816836661040936107e-03 4.265476397702570345e-03
-2.199999999999985789e+01 -5.743704354349704611e-03 3.999599049915838339e-03
-2.189999999999985647e+01 -5.663396704208563219e-03 3.753700455033107553e-03
-2.179999999999985505e+01 -5.577829166314885768e-03 3.526377002454629626e-03
-2.169999999999985363e+01 -5.488574273062683112e-03 3.316245344501697785e-03
-2.159999999999985221e+01 -5.396914663297775264e-03 3.121971044772621235e-03
-2.149999999999985079e+01 -5.303889787089792647e-03 2.942286652965509473e-03
-2.139999999999984936e+01 -5.210336341485316894e-03 2.776002059998345338e-03
-2.129999999999984794e+01 -5.116922834941882436e-03 2.622009337052076585e-03
-2.119999999999984652e+01 -5.024178848989959735e-03 2.479283728423356883e-03
-2.109999999999984510e+01 -4.932519628196941307e-03 2.346882043169688098e-03
-2.099999999999984368e+01 -4.842266626635179094e-03 2.223939359582411020e-03
-2.089999999999984226e+01 -4.753664599708235655e-03 2.109664703506707126e-03
-2.079999999999984084e+01 -4.666895772815467767e-03 2.003336170743994556e-03
-2.069999999999983942e+01 -4.582091554465752767e-03 1.904295821711619614e-03
-2.059999999999983800e+01 -4.499342198008484534e-03 1.811944572065164565e-03
-2.049999999999983658e+01 -4.418704756723396479e-03 1.725737226855858725e-03
-2.039999999999983515e+01 -4.340209623570150631e-03 1.645177751102869842e-03
-2.029999999999983373e+01 -4.263865899962793887e-03 1.569814830789290549e-03
-2.019999999999983231e+01 -4.189665797438677994e-03 1.499237751085649890e-03
-2.009999999999983089e+01 -4.117588241680672154e-03 1.433072600003075080e-03
-1.999999999999982947e+01 -4.047601819263320008e-03 1.370978793180320596e-03
-1.989999999999982805e+01 -3.979667183195788500e-03 1.312645907515670339e-03
-1.979999999999982663e+01 -3.913739013073915494e-03 1.257790806485027148e-03
-1.969999999999982521e+01 -3.849767608823953524e-03 1.206155037313364842e-03
-1.959999999999982379e+01 -3.787700183149545624e-03 1.157502479065185014e-03
-1.949999999999982236e+01 -3.727481906279779891e-03 1.111617220589118877e-03
-1.939999999999982094e+01 -3.669056747174662819e-03 1.068301647842929492e-03
-1.929999999999981952e+01 -3.612368147548744406e-03 1.027374721116604316e-03
-1.919999999999981810e+01 -3.557359558640192654e-03 9.886704238946954736e-04
-1.909999999999981668e+01 -3.503974865402881278e-03 9.520363664779605715e-04
-1.899999999999981526e+01 -3.452158718426101038e-03 9.173325288559996613e-04
-1.889999999999981384e+01 -3.401856790330190158e-03 8.844301287099471743e-04
-1.879999999999981242e+01 -3.353015970442002787e-03 8.532106017411460316e-04
-1.869999999999981100e+01 -3.305584509114445346e-03 8.235646827531095194e-04
-1.859999999999980957e+01 -3.259512121082176403e-03 7.953915770843820185e-04
-1.849999999999980815e+01 -3.214750055574044224e-03 7.685982130344047895e-04
-1.839999999999980673e+01 -3.171251139560344115e-03 7.430985669031052758e-04
-1.829999999999980531e+01 -3.128969799391314102e-03 7.188130531417596600e-04
-1.819999999999980389e+01 -3.087862065143331947e-03 6.956679728972917738e-04
-1.809999999999980247e+01 -3.047885561246507780e-03 6.735950149578774160e-04
-1.799999999999980105e+01 -3.008999486313052377e-03 6.525308037344174691e-04
-1.789999999999979963e+01 -2.971164584577112508e-03 6.324164894928128305e-04
-1.779999999999979821e+01 -2.934343110922957298e-03 6.131973765624118989e-04
-1.769999999999979678e+01 -2.898498791108754247e-03 5.948225856958507104e-04
-1.759999999999979536e+01 -2.863596778515819022e-03 5.772447471722911378e-04
-1.749999999999979394e+01 -2.829603608489153141e-03 5.604197215883515056e-04
-1.739999999999979252e+01 -2.796487151144335173e-03 5.443063456101204269e-04
-1.729999999999979110e+01 -2.764216563347342628e-03 5.288662002463258294e-04
-1.719999999999978968e+01 -2.732762240424563630e-03 5.140633994534489840e-04
-1.709999999999978826e+01 -2.702095768062314982e-03 4.998643971194363309e-04
-1.699999999999978684e+01 -2.672189874743938903e-03 4.862378106674693917e-04
-1.689999999999978542e+01 -2.643018385005203516e-03 4.731542597071446143e-04
-1.679999999999978400e+01 -2.614556173723817101e-03 4.605862183210082152e-04
-1.669999999999978257e+01 -2.586779121596997216e-03 4.485078797139352771e-04
-1.659999999999978115e+01 -2.559664071932333043e-03 4.368950320875141478e-04
-1.649999999999977973e+01 -2.533188788827368462e-03 4.257249447095188839e-04
-1.639999999999977831e+01 -2.507331916793897539e-03 4.149762632548741233e-04
-1.629999999999977689e+01 -2.482072941859148063e-03 4.046289135855355400e-04
-1.619999999999977547e+01 -2.457392154149121502e-03 3.946640132150272453e-04
-1.609999999999977405e+01 -2.433270611957211865e-03 3.850637897818824130e-04
-1.599999999999977263e+01 -2.409690107276592913e-03 3.758115059164441382e-04
-1.589999999999977121e+01 -2.386633132773582910e-03 3.668913899475989993e-04
-1.579999999999976978e+01 -2.364082850171683042e-03 3.582885719484998552e-04
-1.569999999999976836e+01 -2.342023060003157325e-03 3.499890246648083760e-04
-1.559999999999976694e+01 -2.320438172692645962e-03 3.419795089159964347e-04
-1.549999999999976552e+01 -2.299313180922709851e-03 3.342475230940715036e-04
-1.539999999999976410e+01 -2.278633633236977138e-03 3.267812564213506792e-04
-1.529999999999976268e+01 -2.258385608834838354e-03 3.195695456597138270e-04
-1.519999999999976126e+01 -2.238555693504685681e-03 3.126018349893847342e-04
-1.509999999999975984e+01 -2.219130956653100201e-03 3.058681388042761712e-04
-1.499999999999975842e+01 -2.200098929377421533e-03 2.993590071899985064e-04
-1.489999999999975699e+01 -2.181447583536548496e-03 2.930654938736380714e-04
-1.479999999999975557e+01 -2.163165311775355412e-03 2.869791264528741368e-04
-1.469999999999975415e+01 -2.145240908453534268e-03 2.810918787269007287e-04
-1.459999999999975273e+01 -2.127663551440122855e-03 2.753961449700758918e-04
-1.449999999999975131e+01 -2.110422784727263024e-03 2.698847159999825766e-04
-1.439999999999974989e+01 -2.093508501823913154e-03 2.645507569061702341e-04
-1.429999999999974847e+01 -2.076910929891671864e-03 2.593877863171988821e-04
-1.419999999999974705e+01 -2.060620614580935608e-03 2.543896570922881805e-04
-1.409999999999974563e+01 -2.044628405535519819e-03 2.495505383361027677e-04
-1.399999999999974420e+01 -2.028925442527041920e-03 2.448648986411406867e-04
-1.389999999999974278e+01 -2.013503142187164641e-03 2.403274904718107671e-04
-1.379999999999974136e+01 -1.998353185306970745e-03 2.359333356113659744e-04
-1.369999999999973994e+01 -1.983467504669256948e-03 2.316777115980272594e-04
-1.359999999999973852e+01 -1.968838273388694160e-03 2.275561390849066383e-04
-1.349999999999973710e+01 -1.954457893728119011e-03 2.235643700616548116e-04
-1.339999999999973568e+01 -1.940318986365740725e-03 2.196983768822315282e-04
-1.329999999999973426e+01 -1.926414380088654552e-03 2.159543420477921891e-04
-1.319999999999973284e+01 -1.912737101884975574e-03 2.123286486967403304e-04
-1.309999999999973141e+01 -1.899280367414919388e-03 2.088178717598843624e-04
-1.299999999999972999e+01 -1.886037571835046459e-03 2.054187697403842428e-04
-1.289999999999972857e+01 -1.873002280955497062e-03 2.021282770827529957e-04
-1.279999999999972715e+01 -1.860168222710631772e-03 1.989434970982599440e-04
-1.269999999999972573e+01 -1.847529278920194765e-03 1.958616954159571062e-04
-1.259999999999972431e+01 -1.835079477325684064e-03 1.928802939327920428e-04
-1.249999999999972289e+01 -1.822812983880279375e-03 1.899968652374478800e-04
-1.239999999999972147e+01 -1.810724095276151219e-03 1.872091274855982798e-04
-1.229999999999972005e+01 -1.798807231692905670e-03 1.845149397067093536e-04
-1.219999999999971863e+01 -1.787056929748679496e-03 1.819122975237679948e-04
-1.209999999999971720e+01 -1.775467835638994823e-03 1.793993292700931871e-04
-1.199999999999971578e+01 -1.764034698448829416e-03 1.769742924892267304e-04
-1.189999999999971436e+01 -1.752752363620277767e-03 1.746355708049035851e-04
-1.179999999999971294e+01 -1.741615766564185569e-03 1.723816711511521119e-04
-1.169999999999971152e+01 -1.730619926398916861e-03 1.702112213529190406e-04
-1.159999999999971010e+01 -1.719759939803111592e-03 1.681229680501449691e-04
-1.149999999999970868e+01 -1.709030974969761446e-03 1.661157749596698860e-04
-1.139999999999970726e+01 -1.698428265645469254e-03 1.641886214703092498e-04
-1.129999999999970584e+01 -1.687947105244350099e-03 1.623406015689998760e-04
-1.119999999999970441e+01 -1.677582841021058729e-03 1.605709230964725946e-04
-1.109999999999970299e+01 -1.667330868290430729e-03 1.588789073330709734e-04
-1.099999999999970157e+01 -1.657186624681752235e-03 1.572639889168953552e-04
-1.089999999999970015e+01 -1.647145584412000596e-03 1.557257160974762425e-04
-1.079999999999969873e+01 -1.637203252567651091e-03 1.542637513306877386e-04
-1.069999999999969731e+01 -1.627355159379516997e-03 1.528778722214253413e-04
-1.059999999999969589e+01 -1.617596854478074025e-03 1.515679728228661212e-04
-1.049999999999969447e+01 -1.607923901116539711e-03 1.503340653029156503e-04
-1.039999999999969305e+01 -1.598331870345762185e-03 1.491762819898420633e-04
-1.029999999999969162e+01 -1.588816335129385887e-03 1.480948778118831681e-04
-1.019999999999969020e+01 -1.579372864382828229e-03 1.470902331469590985e-04
-1.009999999999968878e+01 -1.569997016922130423e-03 1.461628571013564963e-04
-9.999999999999687361e+00 -1.560684335308402254e-03 1.453133912385699660e-04
-9.899999999999685940e+00 -1.551430339570194356e-03 1.445426137817291089e-04
-9.799999999999684519e+00 -1.542230520790107556e-03 1.438514443163232785e-04
-9.699999999999683098e+00 -1.533080334536973677e-03 1.432409490223171024e-04
-9.599999999999681677e+00 -1.523975194126982180e-03 1.427123464683905697e-04
-9.499999999999680256e+00 -1.514910463696717696e-03 1.422670140042913908e-04
-9.399999999999678835e+00 -1.505881451067121735e-03 1.419064947909454318e-04
-9.299999999999677414e+00 -1.496883400381364415e-03 1.416325055122874543e-04
-9.199999999999675993e+00 -1.487911484493977671e-03 1.414469448169351252e-04
-9.099999999999674571e+00 -1.478960797090485280e-03 1.413519025428053126e-04
-8.999999999999673150e+00 -1.470026344515984462e-03 1.413496697829827974e-04
-8.899999999999671729e+00 -1.461103037286488188e-03 1.414427498569181818e-04
-8.799999999999670308e+00 -1.452185681260754341e-03 1.416338702572663734e-04
-8.699999999999668887e+00 -1.443268968443808808e-03 1.419259956496640544e-04
-8.599999999999667466e+00 -1.434347467394968961e-03 1.423223420102506971e-04
-8.499999999999666045e+00 -1.425415613211526017e-03 1.428263919940192528e-04
-8.399999999999664624e+00 -1.416467697054248770e-03 1.434419116363508384e-04
-8.299999999999663203e+00 -1.407497855183466318e-03 1.441729684999049771e-04
-8.199999999999661782e+00 -1.398500057467649133e-03 1.450239513904405877e-04
-8.099999999999660361e+00 -1.389468095326553548e-03 1.459995917770925619e-04
-7.999999999999658939e+00 -1.380395569068153250e-03 1.471049870662172881e-04
-7.899999999999657518e+00 -1.371275874572450842e-03 1.483456258930503091e-04
-7.799999999999656097e+00 -1.362102189275703201e-03 1.497274156115778118e-04
-7.699999999999654676e+00 -1.352867457400180884e-03 1.512567121817768798e-04
-7.599999999999653255e+00 -1.343564374372038794e-03 1.529403526735690147e-04
-7.499999999999651834e+00 -1.334185370364063955e-03 1.547856906293013091e-04
-7.399999999999650413e+00 -1.324722592890591188e-03 1.568006345524543266e-04
-7.299999999999648992e+00 -1.315167888377887645e-03 1.589936898176722360e-04
-7.199999999999647571e+00 -1.305512782619450141e-03 1.613740043296023677e-04
-7.099999999999646150e+00 -1.295748460016524217e-03 1.639514182931699204e-04
-6.999999999999644729e+00 -1.285865741490924835e-03 1.667365184975155498e-04
-6.899999999999643308e+00 -1.275855060936532948e-03 1.697406975619888958e-04
-6.799999999999641886e+00 -1.265706440060698074e-03 1.729762186423950202e-04
-6.699999999999640465e+00 -1.255409461436610141e-03 1.764562861552940870e-04
-6.599999999999639044e+00 -1.244953239559955238e-03 1.801951231440871229e-04
-6.499999999999637623e+00 -1.234326389665418855e-03 1.842080559870881706e-04
-6.399999999999636202e+00 -1.223516994008709557e-03 1.885116072377146859e-04
-6.299999999999634781e+00 -1.212512565266797571e-03 1.931235974883694501e-04
-6.199999999999633360e+00 -1.201300006632832068e-03 1.980632572725227886e-04
-6.099999999999631939e+00 -1.189865568095846426e-03 2.033513501612706914e-04
-5.999999999999630518e+00 -1.178194798286142514e-03 2.090103083805484527e-04
-5.899999999999629097e+00 -1.166272491125677768e-03 2.150643824810824500e-04
-5.799999999999627676e+00 -1.154082626358857860e-03 2.215398068375236396e-04
-5.699999999999626255e+00 -1.141608302821617293e-03 2.284649830576104129e-04
-5.599999999999624833e+00 -1.128831663047821787e-03 2.358706837518754346e-04
-5.499999999999623412e+00 -1.115733807487487295e-03 2.437902795755370056e-04
-5.399999999999621991e+00 -1.102294696204396407e-03 2.522599930343538688e-04
-5.299999999999620570e+00 -1.088493035432347433e-03 2.613191832720324070e-04
-5.199999999999619149e+00 -1.074306145752539077e-03 2.710106669886417491e-04
-5.099999999999617728e+00 -1.059709807915074076e-03 2.813810818259876445e-04
-4.999999999999616307e+00 -1.044678081422313609e-03 2.924813000884755876e-04
-4.899999999999614886e+00 -1.029183089897522940e-03 3.043669026590693771e-04
-4.799999999999613465e+00 -1.013194765969949174e-03 3.170987255558879725e-04
-4.699999999999612044e+00 -9.966805468740735918e-04 3.307434949721705514e-04
-4.599999999999610623e+00 -9.796050102084050137e-04 3.453745710955136161e-04
-4.499999999999609201e+00 -9.619294373343426074e-04 3.610728268743611247e-04
-4.399999999999607780e+00 -9.436112897875728600e-04 3.779276956579792623e-04
-4.299999999999606359e+00 -9.246035819915898735e-04 3.960384318805465487e-04
-4.199999999999604938e+00 -9.048541317554364971e-04 4.155156425240721235e-04
-4.099999999999603517e+00 -8.843046690252959197e-04 4.364831650064543433e-04
-3.999999999999602096e+00 -8.628897839392524194e-04 4.590803907709856135e-04
-3.899999999999600675e+00 -8.405356987239015476e-04 4.834651649247359573e-04
-3.799999999999599254e+00 -8.171588564830564727e-04 5.098174328911145303e-04
-3.699999999999597833e+00 -7.926643366617108777e-04 5.383438577971424999e-04
-3.599999999999596412e+00 -7.669441368981788631e-04 5.692837000802232483e-04
-3.499999999999594991e+00 -7.398754114900235601e-04 6.029163366252122958e-04
-3.399999999999593570e+00 -7.113188387127405976e-04 6.395709032599589117e-04
-3.299999999999592148e+00 -6.811174185830104477e-04 6.796386727705820696e-04
-3.199999999999590727e+00 -6.490962016580878458e-04 7.235889285692950756e-04
-3.099999999999589306e+00 -6.150637488854526769e-04 7.719892527555706485e-04
-2.999999999999587885e+00 -5.788165629747668572e-04 8.255312954703573902e-04
-2.899999999999586464e+00 -5.401483641022386539e-04 8.850631883766460484e-04
-2.799999999999585043e+00 -4.988669652693719647e-04 9.516297337493206943e-04
-2.699999999999583622e+00 -4.548226916679179443e-04 1.026521216755456323e-03
-2.599999999999582201e+00 -4.079538176480421163e-04 1.111330955298230061e-03
-2.499999999999580780e+00 -3.583563349460472391e-04 1.208020230733838907e-03
-2.399999999999579359e+00 -3.063873560486332637e-04 1.318986643616876231e-03
-2.299999999999577938e+00 -2.528132021182433187e-04 1.447127741783599264e-03
-2.199999999999576517e+00 -1.990139635839952015e-04 1.595885514912333270e-03
-2.099999999999575095e+00 -1.472547927335934870e-04 1.769248797222768010e-03
-1.999999999999573674e+00 -1.010285829081691844e-04 1.971680105386570958e-03
-1.899999999999572253e+00 -6.546282971840733378e-05 2.207922397686606919e-03
-1.799999999999570832e+00 -4.776340106216192538e-05 2.482632753578198348e-03
-1.699999999999569411e+00 -5.763907231838560907e-05 2.799789015389506086e-03
-1.599999999999567990e+00 -1.076153291132697642e-04 3.161828311568568028e-03
-1.499999999999566569e+00 -2.131106434005158867e-04 3.568508893756344724e-03
-1.399999999999565148e+00 -3.921238905289781140e-04 4.015541178641071629e-03
-1.299999999999563727e+00 -6.643802038929780274e-04 4.493106244235947622e-03
-1.199999999999562306e+00 -1.049813984712197334e-03 4.984459344824082594e-03
-1.099999999999560885e+00 -1.566334921237852451e-03 5.464887726467054785e-03
-9.999999999995594635e-01 -2.226922306036105415e-03 5.901343507340964245e-03
-8.999999999995580424e-01 -3.036220590896580862e-03 6.253095350943635444e-03
-7.999999999995566213e-01 -3.986966079218792758e-03 6.473727352432401272e-03
-6.999999999995552002e-01 -5.056763362949211194e-03 6.514736378673766093e-03
-5.999999999995537792e-01 -6.205934620527396584e-03 6.330795782935952354e-03
-4.999999999995523581e-01 -7.377322574714198500e-03 5.886414815445800697e-03
-3.999999999995509370e-01 -8.498916462590402204e-03 5.163221704257703326e-03
-2.999999999995495159e-01 -9.489840834195240049e-03 4.166529845852084968e-03
-1.999999999995480948e-01 -1.026951657582374222e-02 2.929439806105077482e-03
-9.999999999954667373e-02 -1.076877552709774172e-02 1.512789127736419159e-03
4.547473508864641190e-13 -1.094073192926356408e-02 -1.762479051592436008e-14
1.000000000004561684e-01 -1.076877552709464177e-02 -1.512789127749852858e-03
2.000000000004575895e-01 -1.026951657581784243e-02 -2.929439806117234424e-03
3.000000000004590106e-01 -9.489840834187066032e-03 -4.166529845862326775e-03
4.000000000004604317e-01 -8.498916462580670406e-03 -5.163221704265558154e-03
5.000000000004618528e-01 -7.377322574703630564e-03 -5.886414815451129767e-03
6.000000000004632739e-01 -6.205934620516759259e-03 -6.330795782938769545e-03
7.000000000004646949e-01 -5.056763362939052653e-03 -6.514736378674348960e-03
8.000000000004661160e-01 -3.986966079209550151e-03 -6.473727352431152271e-03
9.000000000004675371e-01 -3.036220590888573378e-03 -6.253095350940943153e-03
1.000000000000468958e+00 -2.226922306029437137e-03 -5.901343507337300509e-03
1.100000000000470379e+00 -1.566334921232509503e-03 -5.464887726462849815e-03
1.200000000000471800e+00 -1.049813984708117265e-03 -4.984459344819627824e-03
1.300000000000473221e+00 -6.643802038900498141e-04 -4.493106244231506730e-03
1.400000000000474643e+00 -3.921238905269519570e-04 -4.015541178636825026e-03
1.500000000000476064e+00 -2.131106433992391302e-04 -3.568508893752445066e-03
1.600000000000477485e+00 -1.076153291125897526e-04 -3.161828311565077765e-03
1.700000000000478906e+00 -5.763907231814968668e-05 -2.799789015386411339e-03
1.800000000000480327e+00 -4.776340106220355874e-05 -2.482632753575499118e-03
1.900000000000481748e+00 -6.546282971869876732e-05 -2.207922397684303206e-03
2.000000000000483169e+00 -1.010285829085716403e-04 -1.971680105384579496e-03
2.100000000000484590e+00 -1.472547927340722707e-04 -1.769248797221047165e-03
2.200000000000486011e+00 -1.990139635844809241e-04 -1.595885514910876102e-03
2.300000000000487432e+00 -2.528132021187221024e-04 -1.447127741782350263e-03
2.400000000000488853e+00 -3.063873560491051085e-04 -1.318986643615814580e-03
2.500000000000490274e+00 -3.583563349464982672e-04 -1.208020230732902156e-03
2.600000000000491696e+00 -4.079538176484862055e-04 -1.111330955297397394e-03
2.700000000000493117e+00 -4.548226916683412169e-04 -1.026521216754731208e-03
2.800000000000494538e+00 -4.988669652697536039e-04 -9.516297337486823160e-04
2.900000000000495959e+00 -5.401483641026202931e-04 -8.850631883760701202e-04
3.000000000000497380e+00 -5.788165629750929853e-04 -8.255312954698508510e-04
3.100000000000498801e+00 -6.150637488857926827e-04 -7.719892527551092121e-04
3.200000000000500222e+00 -6.490962016583654015e-04 -7.235889285688787420e-04
3.300000000000501643e+00 -6.811174185833018813e-04 -6.796386727701900221e-04
3.400000000000503064e+00 -7.113188387130112145e-04 -6.395709032596084975e-04
3.500000000000504485e+00 -7.398754114902941770e-04 -6.029163366248896372e-04
3.600000000000505906e+00 -7.669441368984147855e-04 -5.692837000799283453e-04
3.700000000000507328e+00 -7.926643366619468001e-04 -5.383438577968649441e-04
3.800000000000508749e+00 -8.171588564832785173e-04 -5.098174328908681996e-04
3.900000000000510170e+00 -8.405356987241027755e-04 -4.834651649245069738e-04
4.000000000000511591e+00 -8.628897839394467084e-04 -4.590803907707705078e-04
4.100000000000513012e+00 -8.843046690254902087e-04 -4.364831650062531154e-04
4.200000000000514433e+00 -9.048541317556099695e-04 -4.155156425238830387e-04
4.300000000000515854e+00 -9.246035819917633458e-04 -3.960384318803748110e-04
4.400000000000517275e+00 -9.436112897877393935e-04 -3.779276956578231372e-04
4.500000000000518696e+00 -9.619294373345160798e-04 -3.610728268742102037e-04
4.600000000000520117e+00 -9.796050102085715472e-04 -3.453745710953765730e-04
4.700000000000521538e+00 -9.966805468742262475e-04 -3.307434949720369777e-04
4.800000000000522959e+00 -1.013194765970081013e-03 -3.170987255557682766e-04
4.900000000000524381e+00 -1.029183089897654779e-03 -3.043669026589531507e-04
5.000000000000525802e+00 -1.044678081422452387e-03 -2.924813000883697695e-04
5.100000000000527223e+00 -1.059709807915198976e-03 -2.813810818258870305e-04
5.200000000000528644e+00 -1.074306145752663977e-03 -2.710106669885463393e-04
5.300000000000530065e+00 -1.088493035432458456e-03 -2.613191832719456709e-04
5.400000000000531486e+00 -1.102294696204521307e-03 -2.522599930342740715e-04
5.500000000000532907e+00 -1.115733807487605256e-03 -2.437902795754624125e-04
5.600000000000534328e+00 -1.128831663047946687e-03 -2.358706837518043109e-04
5.700000000000535749e+00 -1.141608302821735255e-03 -2.284649830575444934e-04
5.800000000000537170e+00 -1.154082626358982760e-03 -2.215398068374611895e-04
5.900000000000538591e+00 -1.166272491125785321e-03 -2.150643824810234694e-04
6.000000000000540012e+00 -1.178194798286253536e-03 -2.090103083804972783e-04
6.100000000000541434e+00 -1.189865568095953979e-03 -2.033513501612203844e-04
6.200000000000542855e+00 -1.201300006632922274e-03 -1.980632572724776858e-04
6.300000000000544276e+00 -1.212512565266905123e-03 -1.931235974883243472e-04
6.400000000000545697e+00 -1.223516994008799763e-03 -1.885116072376739199e-04
6.500000000000547118e+00 -1.234326389665515999e-03 -1.842080559870526088e-04
6.600000000000548539e+00 -1.244953239560048913e-03 -1.801951231440515611e-04
6.700000000000549960e+00 -1.255409461436703816e-03 -1.764562861552593925e-04
6.800000000000551381e+00 -1.265706440060788279e-03 -1.729762186423637951e-04
6.900000000000552802e+00 -1.275855060936623153e-03 -1.697406975619602729e-04
7.000000000000554223e+00 -1.285865741491018510e-03 -1.667365184974895290e-04
7.100000000000555644e+00 -1.295748460016610953e-03 -1.639514182931438996e-04
7.200000000000557066e+00 -1.305512782619533407e-03 -1.613740043295789489e-04
7.300000000000558487e+00 -1.315167888377977851e-03 -1.589936898176514193e-04
7.400000000000559908e+00 -1.324722592890674455e-03 -1.568006345524369793e-04
7.500000000000561329e+00 -1.334185370364150691e-03 -1.547856906292830945e-04
7.600000000000562750e+00 -1.343564374372129000e-03 -1.529403526735516675e-04
7.700000000000564171e+00 -1.352867457400264151e-03 -1.512567121817621346e-04
7.800000000000565592e+00 -1.362102189275786468e-03 -1.497274156115648014e-04
7.900000000000567013e+00 -1.371275874572541048e-03 -1.483456258930381660e-04
8.000000000000568434e+00 -1.380395569068243455e-03 -1.471049870662051451e-04
8.100000000000569855e+00 -1.389468095326640285e-03 -1.459995917770830209e-04
8.200000000000571276e+00 -1.398500057467725460e-03 -1.450239513904327815e-04
8.300000000000572697e+00 -1.407497855183546115e-03 -1.441729684998963035e-04
8.400000000000574119e+00 -1.416467697054325098e-03 -1.434419116363430322e-04
8.500000000000575540e+00 -1.425415613211609284e-03 -1.428263919940140486e-04
8.600000000000576961e+00 -1.434347467395045289e-03 -1.423223420102446256e-04
8.700000000000578382e+00 -1.443268968443892075e-03 -1.419259956496601513e-04
8.800000000000579803e+00 -1.452185681260837607e-03 -1.416338702572650723e-04
8.900000000000581224e+00 -1.461103037286567985e-03 -1.414427498569173144e-04
9.000000000000582645e+00 -1.470026344516060790e-03 -1.413496697829836647e-04
9.100000000000584066e+00 -1.478960797090572016e-03 -1.413519025428048789e-04
9.200000000000585487e+00 -1.487911484494057468e-03 -1.414469448169368600e-04
9.300000000000586908e+00 -1.496883400381454621e-03 -1.416325055122891891e-04
9.400000000000588329e+00 -1.505881451067194593e-03 -1.419064947909489012e-04
9.500000000000589750e+00 -1.514910463696790555e-03 -1.422670140042952940e-04
9.600000000000591172e+00 -1.523975194127061977e-03 -1.427123464683966413e-04
9.700000000000592593e+00 -1.533080334537056943e-03 -1.432409490223227402e-04
9.800000000000594014e+00 -1.542230520790183884e-03 -1.438514443163289164e-04
9.900000000000595435e+00 -1.551430339570274153e-03 -1.445426137817373488e-04
1.000000000000059686e+01 -1.560684335308495929e-03 -1.453133912385756038e-04
1.010000000000059828e+01 -1.569997016922217159e-03 -1.461628571013651699e-04
1.020000000000059970e+01 -1.579372864382921904e-03 -1.470902331469677721e-04
1.030000000000060112e+01 -1.588816335129476093e-03 -1.480948778118927091e-04
1.040000000000060254e+01 -1.598331870345848921e-03 -1.491762819898533390e-04
1.050000000000060396e+01 -1.607923901116626447e-03 -1.503340653029269260e-04
1.060000000000060538e+01 -1.617596854478157292e-03 -1.515679728228778306e-04
1.070000000000060680e+01 -1.627355159379603733e-03 -1.528778722214370507e-04
1.080000000000060822e+01 -1.637203252567737827e-03 -1.542637513307007491e-04
1.090000000000060965e+01 -1.647145584412090802e-03 -1.557257160974905540e-04
1.100000000000061107e+01 -1.657186624681838971e-03 -1.572639889169109677e-04
1.110000000000061249e+01 -1.667330868290517465e-03 -1.588789073330857185e-04
1.120000000000061391e+01 -1.677582841021148935e-03 -1.605709230964877735e-04
1.130000000000061533e+01 -1.687947105244443774e-03 -1.623406015690163559e-04
1.140000000000061675e+01 -1.698428265645566398e-03 -1.641886214703252959e-04
1.150000000000061817e+01 -1.709030974969860325e-03 -1.661157749596881006e-04
1.160000000000061959e+01 -1.719759939803200063e-03 -1.681229680501631837e-04
1.170000000000062101e+01 -1.730619926399007066e-03 -1.702112213529389899e-04
1.180000000000062244e+01 -1.741615766564284448e-03 -1.723816711511724949e-04
1.190000000000062386e+01 -1.752752363620376647e-03 -1.746355708049244018e-04
1.200000000000062528e+01 -1.764034698448935234e-03 -1.769742924892479807e-04
1.210000000000062670e+01 -1.775467835639102376e-03 -1.793993292701153049e-04
1.220000000000062812e+01 -1.787056929748787049e-03 -1.819122975237905462e-04
1.230000000000062954e+01 -1.798807231693011488e-03 -1.845149397067329892e-04
1.240000000000063096e+01 -1.810724095276260506e-03 -1.872091274856229996e-04
1.250000000000063238e+01 -1.822812983880392132e-03 -1.899968652374736840e-04
1.260000000000063380e+01 -1.835079477325798555e-03 -1.928802939328187142e-04
1.270000000000063523e+01 -1.847529278920307522e-03 -1.958616954159842112e-04
1.280000000000063665e+01 -1.860168222710602282e-03 -1.989434970982710028e-04
1.290000000000063807e+01 -1.873002280955621962e-03 -2.021282770827818355e-04
1.300000000000063949e+01 -1.886037571835167889e-03 -2.054187697404150342e-04
1.310000000000064091e+01 -1.899280367415044288e-03 -2.088178717599153706e-04
1.320000000000064233e+01 -1.912737101885097005e-03 -2.123286486967724228e-04
1.330000000000064375e+01 -1.926414380088779452e-03 -2.159543420478253657e-04
1.340000000000064517e+01 -1.940318986365869094e-03 -2.196983768822655721e-04
1.350000000000064659e+01 -1.954457893728254320e-03 -2.235643700616899397e-04
1.360000000000064801e+01 -1.968838273388824264e-03 -2.275561390849437180e-04
1.370000000000064944e+01 -1.983467504669390521e-03 -2.316777115980652064e-04
1.380000000000065086e+01 -1.998353185307106053e-03 -2.359333356114056562e-04
1.390000000000065228e+01 -2.013503142187305153e-03 -2.403274904718508825e-04
1.400000000000065370e+01 -2.028925442527185902e-03 -2.448648986411829705e-04
1.410000000000065512e+01 -2.044628405535660332e-03 -2.495505383361463526e-04
1.420000000000065654e+01 -2.060620614581079590e-03 -2.543896570923332833e-04
1.430000000000065796e+01 -2.076910929891822785e-03 -2.593877863172452860e-04
1.440000000000065938e+01 -2.093508501824065809e-03 -2.645507569062181558e-04
1.450000000000066080e+01 -2.110422784727420883e-03 -2.698847160000309321e-04
1.460000000000066223e+01 -2.127663551440285919e-03 -2.753961449701268493e-04
1.470000000000066365e+01 -2.145240908453697332e-03 -2.810918787269534209e-04
1.480000000000066507e+01 -2.163165311775520211e-03 -2.869791264529289974e-04
1.490000000000066649e+01 -2.181447583536715029e-03 -2.930654938736944499e-04
1.500000000000066791e+01 -2.200098929377595006e-03 -2.993590071900568365e-04
1.510000000000066933e+01 -2.219130956653277142e-03 -3.058681388043362360e-04
1.520000000000067075e+01 -2.238555693504864358e-03 -3.126018349894467505e-04
1.530000000000067217e+01 -2.258385608835017030e-03 -3.195695456597784454e-04
1.540000000000067359e+01 -2.278633633237164488e-03 -3.267812564214176829e-04
1.550000000000067502e+01 -2.299313180922898936e-03 -3.342475230941406757e-04
1.560000000000067644e+01 -2.320438172692840251e-03 -3.419795089160684257e-04
1.570000000000067786e+01 -2.342023060003355084e-03 -3.499890246648827523e-04
1.580000000000067928e+01 -2.364082850171882536e-03 -3.582885719485766167e-04
1.590000000000068070e+01 -2.386633132773789343e-03 -3.668913899476781461e-04
1.600000000000068212e+01 -2.409690107276804549e-03 -3.758115059165265375e-04
1.610000000000068354e+01 -2.433270611957426971e-03 -3.850637897819682819e-04
1.620000000000068496e+01 -2.457392154149340077e-03 -3.946640132151159330e-04
1.630000000000068638e+01 -2.482072941859375312e-03 -4.046289135856281308e-04
1.640000000000068781e+01 -2.507331916794128257e-03 -4.149762632549699667e-04
1.650000000000068923e+01 -2.533188788827602650e-03 -4.257249447096188473e-04
1.660000000000069065e+01 -2.559664071932574170e-03 -4.368950320876175807e-04
1.670000000000069207e+01 -2.586779121597248751e-03 -4.485078797140430468e-04
1.680000000000069349e+01 -2.614556173724073840e-03 -4.605862183211209722e-04
1.690000000000069491e+01 -2.643018385005465459e-03 -4.731542597072610577e-04
1.700000000000069633e+01 -2.672189874744207785e-03 -4.862378106675912560e-04
1.710000000000069775e+01 -2.702095768062592537e-03 -4.998643971195623151e-04
1.720000000000069917e+01 -2.732762240424848124e-03 -5.140633994535806061e-04
1.730000000000070060e+01 -2.764216563347632327e-03 -5.288662002464628725e-04
1.740000000000070202e+01 -2.796487151144633546e-03 -5.443063456102637584e-04
1.750000000000070344e+01 -2.829603608489456718e-03 -5.604197215885012339e-04
1.760000000000070486e+01 -2.863596778516136476e-03 -5.772447471724476966e-04
1.770000000000070628e+01 -2.898498791109073436e-03 -5.948225856960145334e-04
1.780000000000070770e+01 -2.934343110923288631e-03 -6.131973765625829860e-04
1.790000000000070912e+01 -2.971164584577454248e-03 -6.324164894929913986e-04
1.800000000000071054e+01 -3.008999486313401056e-03 -6.525308037346049276e-04
1.810000000000071196e+01 -3.047885561246863398e-03 -6.735950149580733314e-04
1.820000000000071338e+01 -3.087862065143703177e-03 -6.956679728974969048e-04
1.830000000000071481e+01 -3.128969799391694007e-03 -7.188130531419750910e-04
1.840000000000071623e+01 -3.171251139560734428e-03 -7.430985669033321993e-04
1.850000000000071765e+01 -3.214750055574444945e-03 -7.685982130346426635e-04
1.860000000000071907e+01 -3.259512121082594471e-03 -7.953915770846317103e-04
1.870000000000072049e+01 -3.305584509114865149e-03 -8.235646827533727636e-04
1.880000000000072191e+01 -3.353015970442439937e-03 -8.532106017414225032e-04
1.890000000000072333e+01 -3.401856790330640319e-03 -8.844301287102387162e-04
1.900000000000072475e+01 -3.452158718426566811e-03 -9.173325288563069242e-04
1.910000000000072617e+01 -3.503974865403360062e-03 -9.520363664782846395e-04
1.920000000000072760e+01 -3.557359558640685315e-03 -9.886704238950374309e-04
1.930000000000072902e+01 -3.612368147549255282e-03 -1.027374721116966223e-03
1.940000000000073044e+01 -3.669056747175183236e-03 -1.068301647843312215e-03
1.950000000000073186e+01 -3.727481906280315921e-03 -1.111617220589524151e-03
1.960000000000073328e+01 -3.787700183150099868e-03 -1.157502479065614358e-03
1.970000000000073470e+01 -3.849767608824533789e-03 -1.206155037313820424e-03
1.980000000000073612e+01 -3.913739013074506168e-03 -1.257790806485511786e-03
1.990000000000073754e+01 -3.979667183196396521e-03 -1.312645907516184901e-03
2.000000000000073896e+01 -4.047601819263947978e-03 -1.370978793180867902e-03
2.010000000000074039e+01 -4.117588241681319206e-03 -1.433072600003657514e-03
2.020000000000074181e+01 -4.189665797439344128e-03 -1.499237751086270921e-03
2.030000000000074323e+01 -4.263865899963478236e-03 -1.569814830789953864e-03
2.040000000000074465e+01 -4.340209623570854928e-03 -1.645177751103578043e-03
2.050000000000074607e+01 -4.418704756724122461e-03 -1.725737226856616366e-03
2.060000000000074749e+01 -4.499342198009231332e-03 -1.811944572065975765e-03
2.070000000000074891e+01 -4.582091554466511708e-03 -1.904295821712489144e-03
2.080000000000075033e+01 -4.666895772816247526e-03 -2.003336170744926970e-03
2.090000000000075175e+01 -4.753664599709034495e-03 -2.109664703507709363e-03
2.100000000000075318e+01 -4.842266626635991812e-03 -2.223939359583489150e-03
2.110000000000075460e+01 -4.932519628197768770e-03 -2.346882043170848628e-03
2.120000000000075602e+01 -5.024178848990799341e-03 -2.479283728424606318e-03
2.130000000000075744e+01 -5.116922834942733318e-03 -2.622009337053424465e-03
2.140000000000075886e+01 -5.210336341486164306e-03 -2.776002059999800771e-03
2.150000000000076028e+01 -5.303889787090645264e-03 -2.942286652967080699e-03
2.160000000000076170e+01 -5.396914663298615737e-03 -3.121971044774319963e-03
2.170000000000076312e+01 -5.488574273063509708e-03 -3.316245344503534857e-03
2.180000000000076454e+01 -5.577829166315684609e-03 -3.526377002456616751e-03
2.190000000000076597e+01 -5.663396704209316956e-03 -3.753700455035256876e-03
2.200000000000076739e+01 -5.743704354350405439e-03 -3.999599049918164603e-03
2.210000000000076881e+01 -5.816836661041563210e-03 -4.265476397705083959e-03
2.220000000000077023e+01 -5.880476434438490323e-03 -4.552713537454366501e-03
2.230000000000077165e+01 -5.931841676842690599e-03 -4.862607474291140777e-03
2.240000000000077307e+01 -5.967621259354568414e-03 -5.196285839621487060e-03
2.250000000000077449e+01 -5.983914544129458404e-03 -5.554591816021602936e-03
2.260000000000077591e+01 -5.976183175372014149e-03 -5.937933367302000720e-03
2.270000000000077733e+01 -5.939227225612108037e-03 -6.346091704442021961e-03
2.280000000000077875e+01 -5.867202691049924063e-03 -6.777986498041824528e-03
2.290000000000078018e+01 -5.753702528728465819e-03 -7.231400519353187867e-03
2.300000000000078160e+01 -5.591927961463817424e-03 -7.702675136491785729e-03
2.310000000000078302e+01 -5.374978717734561762e-03 -8.186401151800000789e-03
2.320000000000078444e+01 -5.096287283324423510e-03 -8.675146725437449594e-03
2.330000000000078586e+01 -4.750209405351493719e-03 -9.159283691000431188e-03
2.340000000000078728e+01 -4.332757514880772147e-03 -9.626990718570687527e-03
2.350000000000078870e+01 -3.842424215619920889e-03 -1.006451844668377130e-02
2.360000000000079012e+01 -3.280993568949146753e-03 -1.045678745078009939e-02
2.370000000000079154e+01 -2.654190560616105470e-03 -1.078834556531547625e-02
2.380000000000079297e+01 -1.971993694084208520e-03 -1.104463506339478825e-02
2.390000000000079439e+01 -1.248454275336970641e-03 -1.121342530902256183e-02
2.400000000000079581e+01 -5.009416651274873483e-04 -1.128618190643140839e-02
2.410000000000079723e+01 2.511422207742333018e-04 -1.125910668777392251e-02
2.420000000000079865e+01 9.879988322619402685e-04 -1.113362213985177006e-02
2.430000000000080007e+01 1.691139409721013551e-03 -1.091618844050489499e-02
2.440000000000080149e+01 2.344861194746788308e-03 -1.061749579302852936e-02
2.450000000000080291e+01 2.937259705971953863e-03 -1.025121382266642144e-02
2.460000000000080433e+01 3.460669574241070912e-03 -9.832555895532616580e-03
2.470000000000080576e+01 3.911562180463902874e-03 -9.376912284149193158e-03
2.480000000000080718e+01 4.290028959954162585e-03 -8.898738916095709495e-03
2.490000000000080860e+01 4.599023509689912498e-03 -8.410793828631248428e-03
2.500000000000081002e+01 4.843527901365867611e-03 -7.923726150160627715e-03
2.510000000000081144e+01 5.029768506019329302e-03 -7.445963005585455596e-03
2.520000000000081286e+01 5.164556156295040112e-03 -6.983812524111947251e-03
2.530000000000081428e+01 5.254780474261370321e-03 -6.541699530909616395e-03
2.540000000000081570e+01 5.307056124862154570e-03 -6.122464034934890255e-03
2.550000000000081712e+01 5.327500428238537283e-03 -5.727671866397137344e-03
2.560000000000081855e+01 5.321614411965198618e-03 -5.357905516129521546e-03
2.570000000000081997e+01 5.294239210390417824e-03 -5.013018313519059833e-03
2.580000000000082139e+01 5.249563361422930272e-03 -4.692345746532988748e-03
2.590000000000082281e+01 5.191161622521200947e-03 -4.394874421007241225e-03
2.600000000000082423e+01 5.122051001073029547e-03 -4.119372804358313947e-03
2.610000000000082565e+01 5.044754073278562290e-03 -3.864489464805546514e-03
2.620000000000082707e+01 4.961363119434382407e-03 -3.628824798106023222e-03
2.630000000000082849e+01 4.873601156379263680e-03 -3.410981810382692370e-03
2.640000000000082991e+01 4.782877737057646302e-03 -3.209600780546808130e-03
2.650000000000083134e+01 4.690338580718633396e-03 -3.023381790721793062e-03
2.660000000000083276e+01 4.596908852756599086e-03 -2.851098314753636176e-03
2.670000000000083418e+01 4.503330360844860769e-03 -2.691604352337321863e-03
2.680000000000083560e+01 4.410193174219039121e-03 -2.543837009477907356e-03
2.690000000000083702e+01 4.317962278810726084e-03 -2.406815952664894103e-03
2.700000000000083844e+01 4.226999903725250397e-03 -2.279640792026676761e-03
2.710000000000083986e+01 4.137584129169348535e-03 -2.161487162040704769e-03
2.720000000000084128e+01 4.049924334982519906e-03 -2.051602050745519792e-03
2.730000000000084270e+01 3.964173986997139056e-03 -1.949298765581927197e-03
2.740000000000084412e+01 3.880441194182055083e-03 -1.853951803495860508e-03
2.750000000000084555e+01 3.798797407909799279e-03 -1.764991804759905025e-03
2.760000000000084697e+01 3.719284578412520789e-03 -1.681900706265258578e-03
2.770000000000084839e+01 3.641921033491161454e-03 -1.604207164427983454e-03
2.780000000000084981e+01 3.566706301170411743e-03 -1.531482285789095539e-03
2.790000000000085123e+01 3.493625060846685532e-03 -1.463335681157747464e-03
2.800000000000085265e+01 3.422650376006602761e-03 -1.399411844076907906e-03
2.810000000000085407e+01 3.353746335223125631e-03 -1.339386844555517236e-03
2.820000000000085549e+01 3.286870206054155405e-03 -1.282965322796852893e-03
2.830000000000085691e+01 3.221974188172533823e-03 -1.229877764104331120e-03
2.840000000000085834e+01 3.159006836880537752e-03 -1.179878034383804487e-03
2.850000000000085976e+01 3.097914215603275907e-03 -1.132741155122376792e-03
2.860000000000086118e+01 3.038640825645686806e-03 -1.088261297050478922e-03
2.870000000000086260e+01 2.981130352944469028e-03 -1.046249972493869685e-03
2.880000000000086402e+01 2.925326264551880197e-03 -1.006534407582746751e-03
2.890000000000086544e+01 2.871172281813791881e-03 -9.689560767976071031e-04
2.900000000000086686e+01 2.818612752436230363e-03 -9.333693837040944047e-04
2.910000000000086828e+01 2.767592939753402842e-03 -8.996404731370970459e-04
2.920000000000086970e+01 2.718059244264597364e-03 -8.676461614216778029e-04
2.930000000000087113e+01 2.669959369875532507e-03 -8.372729725099575630e-04
2.940000000000087255e+01 2.623242445095893757e-03 -8.084162691067429182e-04
2.950000000000087397e+01 2.577859107630524338e-03 -7.809794689508983007e-04
2.960000000000087539e+01 2.533761559342219069e-03 -7.548733374452232204e-04
2.970000000000087681e+01 2.490903597315863478e-03 -7.300153487312989204e-04
2.980000000000087823e+01 2.449240625758317656e-03 -7.063291081465813233e-04
2.990000000000087965e+01 2.408729652632564389e-03 -6.837438297487619977e-04
3.000000000000088107e+01 2.369329274221426695e-03 -6.621938632572975077e-04
3.010000000000088249e+01 2.330999650266586502e-03 -6.416182653762042424e-04
3.020000000000088392e+01 2.293702471835857605e-03 -6.219604109888650801e-04
3.030000000000088534e+01 2.257400923694611802e-03 -6.031676402039063203e-04
3.040000000000088676e+01 2.222059642633267100e-03 -5.851909376591957028e-04
3.050000000000088818e+01 2.187644672923925657e-03 -5.679846408671494979e-04
3.060000000000088960e+01 2.154123419876132969e-03 -5.515061747342841179e-04
3.070000000000089102e+01 2.121464602260532233e-03 -5.357158096815897632e-04
3.080000000000089244e+01 2.089638204229407256e-03 -5.205764410680876770e-04
3.090000000000089386e+01 2.058615427237258343e-03 -5.060533878596003548e-04
3.100000000000089528e+01 2.028368642351145376e-03 -4.921142086938928807e-04
3.110000000000089670e+01 1.998871343271231039e-03 -4.787285336915016241e-04
3.120000000000089813e+01 1.970098100295938209e-03 -4.658679105238020977e-04
3.130000000000089955e+01 1.942024515418403798e-03 -4.535056634060791918e-04
3.140000000000090097e+01 1.914627178693140488e-03 -4.416167638179423617e-04
3.150000000000090239e+01 1.887883625964094716e-03 -4.301777118700363459e-04
3.160000000000090381e+01 1.861772298027764179e-03 -4.191664273497787245e-04
3.170000000000090523e+01 1.836272501265459600e-03 -4.085621495688530262e-04
3.180000000000090665e+01 1.811364369766935156e-03 -3.983453452250912256e-04
3.190000000000090807e+01 1.787028828950563107e-03 -3.884976235679842667e-04
