-3.200000000000000000e+01 7.477372684626533775e-03 1.558331283361869381e-03
-3.189999999999999858e+01 7.575292200571065795e-03 1.596780323327758131e-03
-3.179999999999999716e+01 7.675458732916124946e-03 1.636644843645783040e-03
-3.169999999999999574e+01 7.777946056254486304e-03 1.677994414783760650e-03
-3.159999999999999432e+01 7.882830984005958705e-03 1.720902877952966035e-03
-3.149999999999999289e+01 7.990193508491885352e-03 1.765448658714732690e-03
-3.139999999999999147e+01 8.100116946950147723e-03 1.811715107296214648e-03
-3.129999999999999005e+01 8.212688093555325919e-03 1.859790868202996095e-03
-3.119999999999998863e+01 8.327997377423054792e-03 1.909770281979519466e-03
-3.109999999999998721e+01 8.446139026509057179e-03 1.961753822275555479e-03
-3.099999999999998579e+01 8.567211237267053150e-03 2.015848571737728547e-03
-3.089999999999998437e+01 8.691316349769254504e-03 2.072168740605857991e-03
-3.079999999999998295e+01 8.818561027924283480e-03 2.130836232350520002e-03
-3.069999999999998153e+01 8.949056444235374552e-03 2.191981261155786197e-03
-3.059999999999998010e+01 9.082918468349535090e-03 2.255743026590974372e-03
-3.049999999999997868e+01 9.220267858458277427e-03 2.322270451441907271e-03
-3.039999999999997726e+01 9.361230454263952741e-03 2.391722989322781021e-03
-3.029999999999997584e+01 9.505937369948954177e-03 2.464271509484738335e-03
-3.019999999999997442e+01 9.654525185129519960e-03 2.540099267076018075e-03
-3.009999999999997300e+01 9.807136131270885807e-03 2.619402968069843313e-03
-2.999999999999997158e+01 9.963918270480948830e-03 2.702393939182610137e-03
-2.989999999999997016e+01 1.012502566279078337e-02 2.789299414282520907e-03
-2.979999999999996874e+01 1.029061851721761907e-02 2.880363950191981454e-03
-2.969999999999996732e+01 1.046086332078597497e-02 2.975850986295595479e-03
-2.959999999999996589e+01 1.063593293838351397e-02 3.076044564082463031e-03
-2.949999999999996447e+01 1.081600667481647307e-02 3.181251224710194420e-03
-2.939999999999996305e+01 1.100127028845146807e-02 3.291802104790412381e-03
-2.929999999999996163e+01 1.119191594362765191e-02 3.408055253059306261e-03
-2.919999999999996021e+01 1.138814208620132773e-02 3.530398193263662582e-03
-2.909999999999995879e+01 1.159015322323255458e-02 3.659250761592051752e-03
-2.899999999999995737e+01 1.179815958383146485e-02 3.795068250353671353e-03
-2.889999999999995595e+01 1.201237663317403399e-02 3.938344893232032483e-03
-2.879999999999995453e+01 1.223302440584391436e-02 4.089617731555339995e-03
-2.869999999999995310e+01 1.246032661737903405e-02 4.249470905414404025e-03
-2.859999999999995168e+01 1.269450950414146261e-02 4.418540418246797753e-03
-2.849999999999995026e+01 1.293580033107383405e-02 4.597519428686865084e-03
-2.839999999999994884e+01 1.318442549388513726e-02 4.787164128804850469e-03
-2.829999999999994742e+01 1.344060812664215655e-02 4.988300273506657626e-03
-2.819999999999994600e+01 1.370456510661592978e-02 5.201830431371116947e-03
-2.809999999999994458e+01 1.397650332507000860e-02 5.428742032466312914e-03
-2.799999999999994316e+01 1.425661506462272583e-02 5.670116293341515359e-03
-2.789999999999994174e+01 1.454507228950491747e-02 5.927138102599781300e-03
-2.779999999999994031e+01 1.484201961368273107e-02 6.201106951766972158e-03
-2.769999999999993889e+01 1.514756566143865210e-02 6.493448994010669537e-03
-2.759999999999993747e+01 1.546177247413179842e-02 6.805730306194123294e-03
-2.749999999999993605e+01 1.578464254347125562e-02 7.139671415516885868e-03
-2.739999999999993463e+01 1.611610296305939632e-02 7.497163127067247614e-03
-2.729999999999993321e+01 1.645598608418772507e-02 7.880283649160295043e-03
-2.719999999999993179e+01 1.680400593563688427e-02 8.291316952887871003e-03
-2.709999999999993037e+01 1.715972951823623027e-02 8.732772213137193415e-03
-2.699999999999992895e+01 1.752254191096831032e-02 9.207404049720294484e-03
-2.689999999999992752e+01 1.789160392484079320e-02 9.718233104315302656e-03
-2.679999999999992610e+01 1.826580081502240938e-02 1.026856623338935452e-02
-2.669999999999992468e+01 1.864368031459251798e-02 1.086201524358631175e-02
-2.659999999999992326e+01 1.902337799545474745e-02 1.150251261273895279e-02
-2.649999999999992184e+01 1.940252771356120592e-02 1.219432198657309507e-02
-2.639999999999992042e+01 1.977815469121454311e-02 1.294204036822407290e-02
-2.629999999999991900e+01 2.014654868738191898e-02 1.375058776772252953e-02
-2.619999999999991758e+01 2.050311479838130488e-02 1.462517858600636406e-02
-2.609999999999991616e+01 2.084219985585664472e-02 1.557126710937319254e-02
-2.599999999999991473e+01 2.115689335246220826e-02 1.659445713649648421e-02
-2.589999999999991331e+01 2.143880362124997788e-02 1.770036294206498925e-02
-2.579999999999991189e+01 2.167781302514153879e-02 1.889440557890913891e-02
-2.569999999999991047e+01 2.186182070042940601e-02 2.018152517078229333e-02
-2.559999999999990905e+01 2.197648857500321407e-02 2.156578685934542466e-02
-2.549999999999990763e+01 2.200501662193158486e-02 2.304985637038787019e-02
-2.539999999999990621e+01 2.192798716272767803e-02 2.463432229147724875e-02
-2.529999999999990479e+01 2.172333559915916312e-02 2.631684843367987706e-02
-2.519999999999990337e+01 2.136652530285371859e-02 2.809115428359655955e-02
-2.509999999999990195e+01 2.083102473415866795e-02 2.994584840044101776e-02
-2.499999999999990052e+01 2.008919947500367384e-02 3.186318239982065259e-02
-2.489999999999989910e+01 1.911373116314820514e-02 3.381785367167641776e-02
-2.479999999999989768e+01 1.787964582439019456e-02 3.577605998365952777e-02
-2.469999999999989626e+01 1.636696058739651322e-02 3.769508630059743154e-02
-2.459999999999989484e+01 1.456382913664109810e-02 3.952375842537879380e-02
-2.449999999999989342e+01 1.246988576417359072e-02 4.120409166005252477e-02
-2.439999999999989200e+01 1.009928539874726736e-02 4.267435350831754598e-02
-2.429999999999989058e+01 7.482776155019727968e-03 4.387352108211898388e-02
-2.419999999999988916e+01 4.668109924975072378e-03 4.474676369286669647e-02
-2.409999999999988773e+01 1.718274118290733649e-03 4.525120159741644055e-02
-2.399999999999988631e+01 -1.292568736856444800e-03 4.536092236840905817e-02
-2.389999999999988489e+01 -4.285002309791447264e-03 4.507022056997850301e-02
-2.379999999999988347e+01 -7.181201208827932281e-03 4.439433165424763739e-02
-2.369999999999988205e+01 -9.911492919360742962e-03 4.336748884876289595e-02
-2.359999999999988063e+01 -1.241951414772361761e-02 4.203875160033093000e-02
-2.349999999999987921e+01 -1.466523823411753150e-02 4.046651369905541334e-02
-2.339999999999987779e+01 -1.662570002941125835e-02 3.871275668203818382e-02
-2.329999999999987637e+01 -1.829374203269376609e-02 3.683796697414257193e-02
-2.319999999999987494e+01 -1.967540927609683771e-02 3.489729591670138326e-02
-2.309999999999987352e+01 -2.078669513045386386e-02 3.293816122106485444e-02
-2.299999999999987210e+01 -2.165023816008678284e-02 3.099918348236482477e-02
-2.289999999999987068e+01 -2.229238024699174009e-02 2.911017349239985313e-02
-2.279999999999986926e+01 -2.274079798422916007e-02 2.729282891577154355e-02
-2.269999999999986784e+01 -2.302276082252638009e-02 2.556182563215163295e-02
-2.259999999999986642e+01 -2.316396687096191828e-02 2.392605783733618013e-02
-2.249999999999986500e+01 -2.318785576470960494e-02 2.238985945692676879e-02
-2.239999999999986358e+01 -2.311528361112612229e-02 2.095410865551287916e-02
-2.229999999999986215e+01 -2.296445281221361212e-02 1.961716960743069629e-02
-2.219999999999986073e+01 -2.275100774476292165e-02 1.837566077092367758e-02
-2.209999999999985931e+01 -2.248822813338646753e-02 1.722505965089619895e-02
-2.199999999999985789e+01 -2.218727123426997294e-02 1.616016438405108030e-02
-2.189999999999985647e+01 -2.185742984533566372e-02 1.517543605091606351e-02
-2.179999999999985505e+01 -2.150638530386972738e-02 1.426524521185518202e-02
-2.169999999999985363e+01 -2.114044338508938581e-02 1.342404372350597917e-02
-2.159999999999985221e+01 -2.076474701180888033e-02 1.264647965250284729e-02
-2.149999999999985079e+01 -2.038346359355276000e-02 1.192746977709524363e-02
-2.139999999999984936e+01 -1.999994721959763577e-02 1.126224112383072962e-02
-2.129999999999984794e+01 -1.961687730117897543e-02 1.064635037839774256e-02
-2.119999999999984652e+01 -1.923637594339236770e-02 1.007568786881113398e-02
-2.109999999999984510e+01 -1.886010657812926816e-02 9.546471114765408064e-03
-2.099999999999984368e+01 -1.848935637786167097e-02 9.055231609499083539e-03
-2.089999999999984226e+01 -1.812510481226341230e-02 8.598797485624488576e-03
-2.079999999999984084e+01 -1.776808047951831601e-02 8.174273951113189204e-03
-2.069999999999983942e+01 -1.741880808797335867e-02 7.779022811800562556e-03
-2.059999999999983800e+01 -1.707764720932002794e-02 7.410641977728171792e-03
-2.049999999999983658e+01 -1.674482418611331069e-02 7.066945545262487763e-03
-2.039999999999983515e+01 -1.642045836208207849e-02 6.745944827546968697e-03
-2.029999999999983373e+01 -1.610458361541663302e-02 6.445830549926808567e-03
-2.019999999999983231e+01 -1.579716601278276927e-02 6.164956317862896676e-03
-2.009999999999983089e+01 -1.549811826378933756e-02 5.901823390236247448e-03
-1.999999999999982947e+01 -1.520731153895362245e-02 5.655066740814064866e-03
-1.989999999999982805e+01 -1.492458511674987776e-02 5.423442358586110998e-03
-1.979999999999982663e+01 -1.464975424405782697e-02 5.205815718146897773e-03
-1.969999999999982521e+01 -1.438261652681806745e-02 5.001151340573778935e-03
-1.959999999999982379e+01 -1.412295711206703989e-02 4.808503360831420728e-03
-1.949999999999982236e+01 -1.387055287633634851e-02 4.627007017211042308e-03
-1.939999999999982094e+01 -1.362517579753179560e-02 4.455870980683221058e-03
-1.929999999999981952e+01 -1.338659565613944426e-02 4.294370446019940210e-03
-1.919999999999981810e+01 -1.315458218579576045e-02 4.141840911450046445e-03
-1.909999999999981668e+01 -1.292890677220726904e-02 3.997672579142149893e-03
-1.899999999999981526e+01 -1.270934378185869899e-02 3.861305314312200171e-03
-1.889999999999981384e+01 -1.249567158768686952e-02 3.732224106317458007e-03
-1.879999999999981242e+01 -1.228767334708756945e-02 3.609954980380626795e-03
-1.869999999999981100e+01 -1.208513757783220149e-02 3.494061313528474579e-03
-1.859999999999980957e+01 -1.188785856956666928e-02 3.384140513022165005e-03
-1.849999999999980815e+01 -1.169563666185347017e-02 3.279821019747924688e-03
-1.839999999999980673e+01 -1.150827841433765472e-02 3.180759602961177965e-03
-1.829999999999980531e+01 -1.132559669011645731e-02 3.086638916294765812e-03
-1.819999999999980389e+01 -1.114741066961959584e-02 2.997165288090166291e-03
-1.809999999999980247e+01 -1.097354580933239399e-02 2.912066722020312942e-03
-1.799999999999980105e+01 -1.080383375706412373e-02 2.831091086488194200e-03
-1.789999999999979963e+01 -1.063811223342576127e-02 2.754004473612709381e-03
-1.779999999999979821e+01 -1.047622488744283376e-02 2.680589710660878384e-03
-1.769999999999979678e+01 -1.031802113274030500e-02 2.610645008591411416e-03
-1.759999999999979536e+01 -1.016335596963116421e-02 2.543982734045033278e-03
-1.749999999999979394e+01 -1.001208979737376083e-02 2.480428292532131998e-03
-1.739999999999979252e+01 -9.864088220102014762e-03 2.419819111887661599e-03
-1.729999999999979110e+01 -9.719221849256217544e-03 2.362003716213475352e-03
-1.719999999999978968e+01 -9.577366104738579272e-03 2.306840881535677894e-03
-1.709999999999978826e+01 -9.438401016631422710e-03 2.254198865349081680e-03
-1.699999999999978684e+01 -9.302211028862160391e-03 2.203954703004829853e-03
-1.689999999999978542e+01 -9.168684805933042387e-03 2.155993564642068490e-03
-1.679999999999978400e+01 -9.037715043573410489e-03 2.110208167009298020e-03
-1.669999999999978257e+01 -8.909198283917812988e-03 2.066498235082672892e-03
-1.659999999999978115e+01 -8.783034735706430132e-03 2.024770008927253857e-03
-1.649999999999977973e+01 -8.659128099795351113e-03 1.984935791682887821e-03
-1.639999999999977831e+01 -8.537385400190909690e-03 1.946913534982286321e-03
-1.629999999999977689e+01 -8.417716820726648536e-03 1.910626458474598685e-03
-1.619999999999977547e+01 -8.300035547386877890e-03 1.876002700444317443e-03
-1.609999999999977405e+01 -8.184257616280979711e-03 1.842974996828745026e-03
-1.599999999999977263e+01 -8.070301767163293172e-03 1.811480386182038032e-03
-1.589999999999977121e+01 -7.958089302394092193e-03 1.781459938382637647e-03
-1.579999999999976978e+01 -7.847543951206074203e-03 1.752858505092177652e-03
-1.569999999999976836e+01 -7.738591739082251522e-03 1.725624490155451421e-03
-1.559999999999976694e+01 -7.631160862090501096e-03 1.699709638317971165e-03
-1.549999999999976552e+01 -7.525181565951515397e-03 1.675068840777413880e-03
-1.539999999999976410e+01 -7.420586029644038809e-03 1.651659956234377905e-03
-1.529999999999976268e+01 -7.317308253344713062e-03 1.629443646232840628e-03
-1.519999999999976126e+01 -7.215283950463667259e-03 1.608383223687127970e-03
-1.509999999999975984e+01 -7.114450443587976708e-03 1.588444513606943054e-03
-1.499999999999975842e+01 -7.014746564093916198e-03 1.569595725113694367e-03
-1.489999999999975699e+01 -6.916112555223206254e-03 1.551807333933471035e-03
-1.479999999999975557e+01 -6.818489978420751163e-03 1.535051974628138345e-03
-1.469999999999975415e+01 -6.721821622702853910e-03 1.519304341890438019e-03
-1.459999999999975273e+01 -6.626051416878164790e-03 1.504541100301820533e-03
-1.449999999999975131e+01 -6.531124344398325093e-03 1.490740802001178740e-03
-1.439999999999974989e+01 -6.436986360650674699e-03 1.477883811771841084e-03
-1.429999999999974847e+01 -6.343584312509151571e-03 1.465952239102417953e-03
-1.419999999999974705e+01 -6.250865859933637733e-03 1.454929876818218497e-03
-1.409999999999974563e+01 -6.158779399459045345e-03 1.444802145928023593e-03
-1.399999999999974420e+01 -6.067273989372621787e-03 1.435556046363200547e-03
-1.389999999999974278e+01 -5.976299276411122310e-03 1.427180113326022076e-03
-1.379999999999974136e+01 -5.885805423812662945e-03 1.419664378996810233e-03
-1.369999999999973994e+01 -5.795743040532121831e-03 1.413000339378146439e-03
-1.359999999999973852e+01 -5.706063111477178984e-03 1.407180926088040301e-03
-1.349999999999973710e+01 -5.616716928578947138e-03 1.402200482937607587e-03
-1.339999999999973568e+01 -5.527656022542133674e-03 1.398054747157973215e-03
-1.329999999999973426e+01 -5.438832095120950394e-03 1.394740835165739299e-03
-1.319999999999973284e+01 -5.350196951739678158e-03 1.392257232779463500e-03
-1.309999999999973141e+01 -5.261702434322477334e-03 1.390603789825254916e-03
-1.299999999999972999e+01 -5.173300354152357214e-03 1.389781719090614834e-03
-1.289999999999972857e+01 -5.084942424607833550e-03 1.389793599609571257e-03
-1.279999999999972715e+01 -4.996580193624483232e-03 1.390643384284140534e-03
-1.269999999999972573e+01 -4.908164975702698773e-03 1.392336411868335755e-03
-1.259999999999972431e+01 -4.819647783314900610e-03 1.394879423367439107e-03
-1.249999999999972289e+01 -4.730979257540665617e-03 1.398280582920099352e-03
-1.239999999999972147e+01 -4.642109597757290013e-03 1.402549503263942569e-03
-1.229999999999972005e+01 -4.552988490230946983e-03 1.407697275900704047e-03
-1.219999999999971863e+01 -4.463565035417836266e-03 1.413736506106471041e-03
-1.209999999999971720e+01 -4.373787673805317605e-03 1.420681352956419327e-03
-1.199999999999971578e+01 -4.283604110119791641e-03 1.428547574559730152e-03
-1.189999999999971436e+01 -4.192961235694021849e-03 1.437352578730810050e-03
-1.179999999999971294e+01 -4.101805048826394351e-03 1.447115479349350697e-03
-1.169999999999971152e+01 -4.010080572913913427e-03 1.457857158696923994e-03
-1.159999999999971010e+01 -3.917731772162365983e-03 1.469600336089512717e-03
-1.149999999999970868e+01 -3.824701464671079187e-03 1.482369643160753262e-03
-1.139999999999970726e+01 -3.730931232652476975e-03 1.496191706193388937e-03
-1.129999999999970584e+01 -3.636361329584992391e-03 1.511095235932456357e-03
-1.119999999999970441e+01 -3.540930584043311402e-03 1.527111125364927473e-03
-1.109999999999970299e+01 -3.444576299970358857e-03 1.544272555995876688e-03
-1.099999999999970157e+01 -3.347234153146534663e-03 1.562615113203717071e-03
-1.089999999999970015e+01 -3.248838083571684715e-03 1.582176911320462911e-03
-1.079999999999969873e+01 -3.149320183513104610e-03 1.602998729137583220e-03
-1.069999999999969731e+01 -3.048610580914240531e-03 1.625124156615703405e-03
-1.059999999999969589e+01 -2.946637317879204077e-03 1.648599753646336468e-03
-1.049999999999969447e+01 -2.843326223937903130e-03 1.673475221795605542e-03
-1.039999999999969305e+01 -2.738600783753843831e-03 1.699803590058027343e-03
-1.029999999999969162e+01 -2.632381998977115917e-03 1.727641415736228241e-03
-1.019999999999969020e+01 -2.524588243883577748e-03 1.757049001683792973e-03
-1.009999999999968878e+01 -2.415135114464811439e-03 1.788090631261455427e-03
-9.999999999999687361e+00 -2.303935270625154241e-03 1.820834822488489116e-03
-9.899999999999685940e+00 -2.190898271100576167e-03 1.855354603027554571e-03
-9.799999999999684519e+00 -2.075930400762718286e-03 1.891727807787509357e-03
-9.699999999999683098e+00 -1.958934489913050081e-03 1.930037401123042232e-03
-9.599999999999681677e+00 -1.839809725206382335e-03 1.970371825798046973e-03
-9.499999999999680256e+00 -1.718451451846639277e-03 2.012825381097229933e-03
-9.399999999999678835e+00 -1.594750966667467240e-03 2.057498632726183566e-03
-9.299999999999677414e+00 -1.468595301781956686e-03 2.104498857389360249e-03
-9.199999999999675993e+00 -1.339866998445515822e-03 2.153940525254737729e-03
-9.099999999999674571e+00 -1.208443870841364315e-03 2.205945823833695228e-03
-8.999999999999673150e+00 -1.074198759537545872e-03 2.260645227172474337e-03
-8.899999999999671729e+00 -9.369992743723729034e-04 2.318178114679884244e-03
-8.799999999999670308e+00 -7.967075266560839919e-04 2.378693444348399088e-03
-8.699999999999668887e+00 -6.531798505931517285e-04 2.442350485663299323e-03
-8.599999999999667466e+00 -5.062665139765193389e-04 2.509319618048632110e-03
-8.499999999999666045e+00 -3.558114183385523155e-04 2.579783201333671946e-03
-8.399999999999664624e+00 -2.016517888595199814e-04 2.653936525457091435e-03
-8.299999999999663203e+00 -4.361785460919170854e-05 2.731988847389162610e-03
-8.199999999999661782e+00 1.184674801293847390e-04 2.814164524177456723e-03
-8.099999999999660361e+00 2.847889723553327646e-04 2.900704251998932615e-03
-7.999999999999658939e+00 4.555393831941548233e-04 2.991866422217446045e-03
-7.899999999999657518e+00 6.309198252241222937e-04 3.087928606728490566e-03
-7.799999999999656097e+00 8.111401117896523127e-04 3.189189186238148427e-03
-7.699999999999654676e+00 9.964191052295665041e-04 3.295969136747985487e-03
-7.599999999999653255e+00 1.186985060095520350e-03 3.408613991266558861e-03
-7.499999999999651834e+00 1.383075956466237044e-03 3.527495995760180324e-03
-7.399999999999650413e+00 1.584939817356672415e-03 3.653016480635149117e-03
-7.299999999999648992e+00 1.792835002717402260e-03 3.785608471510108070e-03
-7.199999999999647571e+00 2.007030470916305875e-03 3.925739565930545620e-03
-7.099999999999646150e+00 2.227805996483828849e-03 4.073915105831750483e-03
-6.999999999999644729e+00 2.455452330427529417e-03 4.230681679137585603e-03
-6.899999999999643308e+00 2.690271286510052817e-03 4.396630987960467238e-03
-6.799999999999641886e+00 2.932575733178434396e-03 4.572404125321738629e-03
-6.699999999999640465e+00 3.182689466603820516e-03 4.758696307467989196e-03
-6.599999999999639044e+00 3.440946934982546529e-03 4.956262114509345056e-03
-6.499999999999637623e+00 3.707692777918263072e-03 5.165921298475659520e-03
-6.399999999999636202e+00 3.983281137144148443e-03 5.388565225074088381e-03
-6.299999999999634781e+00 4.268074685474999852e-03 5.625164023271984372e-03
-6.199999999999633360e+00 4.562443309831472338e-03 5.876774525745597638e-03
-6.099999999999631939e+00 4.866762370566553308e-03 6.144549092924868339e-03
-5.999999999999630518e+00 5.181410442929607063e-03 6.429745424080920285e-03
-5.899999999999629097e+00 5.506766426737030873e-03 6.733737470706547580e-03
-5.799999999999627676e+00 5.843205886077541822e-03 7.058027579991681989e-03
-5.699999999999626255e+00 6.191096451798730471e-03 7.404260009898689689e-03
-5.599999999999624833e+00 6.550792083932513443e-03 7.774235971537112912e-03
-5.499999999999623412e+00 6.922625948096422510e-03 8.169930369210919377e-03
-5.399999999999621991e+00 7.306901607638194296e-03 8.593510423245721841e-03
-5.299999999999620570e+00 7.703882169455493478e-03 9.047356374324386913e-03
-5.199999999999619149e+00 8.113776944249070922e-03 9.534084480140573095e-03
-5.099999999999617728e+00 8.536725087890384422e-03 1.005657252345231421e-02
-4.999999999999616307e+00 8.972775576506351880e-03 1.061798805319102111e-02
-4.899999999999614886e+00 9.421862729695980321e-03 1.122181957402060282e-02
-4.799999999999613465e+00 9.883776328615541396e-03 1.187191087950812546e-02
-4.699999999999612044e+00 1.035812517359506468e-02 1.257249868452842319e-02
-4.599999999999610623e+00 1.084429268223646714e-02 1.332825364406753886e-02
-4.499999999999609201e+00 1.134138283688616855e-02 1.414432473689258146e-02
-4.399999999999607780e+00 1.184815444236806542e-02 1.502638682759383816e-02
-4.299999999999606359e+00 1.236294124274127382e-02 1.598069097648616849e-02
-4.199999999999604938e+00 1.288355496386513199e-02 1.701411671571394224e-02
-4.099999999999603517e+00 1.340716779175323004e-02 1.813422501096386558e-02
-3.999999999999602096e+00 1.393017016673309821e-02 1.934930993027779433e-02
-3.899999999999600675e+00 1.444799908074499706e-02 2.066844607681515150e-02
-3.799999999999599254e+00 1.495493133529607332e-02 2.210152752203345741e-02
-3.699999999999597833e+00 1.544383550326278165e-02 2.365929219067589018e-02
-3.599999999999596412e+00 1.590587572954472312e-02 2.535332326018586990e-02
-3.499999999999594991e+00 1.633016015645090413e-02 2.719601598300898371e-02
-3.399999999999593570e+00 1.670332691187984692e-02 2.920049423805095093e-02
-3.299999999999592148e+00 1.700906162302687208e-02 3.138045587895071931e-02
-3.199999999999590727e+00 1.722754286816179786e-02 3.374991942119603960e-02
-3.099999999999589306e+00 1.733481664502148356e-02 3.632283674159134806e-02
-2.999999999999587885e+00 1.730210891035954823e-02 3.911252742069329380e-02
-2.899999999999586464e+00 1.709509796789235314e-02 4.213088072130996564e-02
-2.799999999999585043e+00 1.667318771403443478e-02 4.538726224616371208e-02
-2.699999999999583622e+00 1.598885042816129004e-02 4.888705646417419726e-02
-2.599999999999582201e+00 1.498714561336573353e-02 5.262977757595720812e-02
-2.499999999999580780e+00 1.360556996738343516e-02 5.660669582825515744e-02
-2.399999999999579359e+00 1.177445092987406544e-02 6.079796309948028166e-02
-2.299999999999577938e+00 9.418155596758695514e-03 6.516929117391181969e-02
-2.199999999999576517e+00 6.457433487418715035e-03 6.966834959382973980e-02
-2.099999999999575095e+00 2.813220414976669304e-03 7.422121392895156267e-02
-1.999999999999573674e+00 -1.587835184971353453e-03 7.872940385600624147e-02
-1.899999999999572253e+00 -6.806046096942158785e-03 8.306827387981648159e-02
-1.799999999999570832e+00 -1.287982051208240442e-02 8.708769311912503697e-02
-1.699999999999569411e+00 -1.981600817975197326e-02 9.061597201707449756e-02
-1.599999999999567990e+00 -2.758078563594877630e-02 9.346774210519860626e-02
-1.499999999999566569e+00 -3.609290205676923824e-02 9.545588164877000237e-02
-1.399999999999565148e+00 -4.522127623039485372e-02 9.640662764927920847e-02
-1.299999999999563727e+00 -5.478853922321803155e-02 9.617592562901623732e-02
-1.199999999999562306e+00 -6.458106620590917113e-02 9.466422063800856990e-02
-1.099999999999560885e+00 -7.436452479011072814e-02 9.182671086227106594e-02
-9.999999999995594635e-01 -8.390246408527754496e-02 8.767681569842963873e-02
-8.999999999995580424e-01 -9.297456288099885391e-02 8.228212810897490848e-02
-7.999999999995566213e-01 -1.013912395416009804e-01 7.575392448266354828e-02
-6.999999999995552002e-01 -1.090023768330659615e-01 6.823274274590812594e-02
-5.999999999995537792e-01 -1.156995036617016609e-01 5.987313668694850544e-02
-4.999999999995523581e-01 -1.214123071587879382e-01 5.083038404652732989e-02
-3.999999999995509370e-01 -1.261013525034445082e-01 4.125094473373319692e-02
-2.999999999995495159e-01 -1.297491869676108411e-01 3.126727832598703849e-02
-1.999999999995480948e-01 -1.323517031674466826e-01 2.099663349214095365e-02
-9.999999999954667373e-02 -1.339109998422235437e-01 1.054284021099370638e-02
4.547473508864641190e-13 -1.344303006564455394e-01 -2.831068712794149178e-15
1.000000000004561684e-01 -1.339109998422141068e-01 -1.054284021108933822e-02
2.000000000004575895e-01 -1.323517031674277533e-01 -2.099663349223533648e-02
3.000000000004590106e-01 -1.297491869675824194e-01 -3.126727832607933966e-02
4.000000000004604317e-01 -1.261013525034066218e-01 -4.125094473382236171e-02
5.000000000004618528e-01 -1.214123071587406011e-01 -5.083038404661222032e-02
6.000000000004632739e-01 -1.156995036616451367e-01 -5.987313668702787250e-02
7.000000000004646949e-01 -1.090023768330007359e-01 -6.823274274598051248e-02
8.000000000004661160e-01 -1.013912395415278861e-01 -7.575392448272764978e-02
9.000000000004675371e-01 -9.297456288091904275e-02 -8.228212810902932328e-02
1.000000000000468958e+00 -8.390246408519259902e-02 -8.767681569847322887e-02
1.100000000000470379e+00 -7.436452479002250704e-02 -9.182671086230290158e-02
1.200000000000471800e+00 -6.458106620581979818e-02 -9.466422063802826248e-02
1.300000000000473221e+00 -5.478853922312965086e-02 -9.617592562902402276e-02
1.400000000000474643e+00 -4.522127623030954696e-02 -9.640662764927573902e-02
1.500000000000476064e+00 -3.609290205668878870e-02 -9.545588164875640214e-02
1.600000000000477485e+00 -2.758078563587460647e-02 -9.346774210517630466e-02
1.700000000000478906e+00 -1.981600817968505457e-02 -9.061597201704521543e-02
1.800000000000480327e+00 -1.287982051202322259e-02 -8.708769311909043964e-02
1.900000000000481748e+00 -6.806046096890838726e-03 -8.306827387977822053e-02
2.000000000000483169e+00 -1.587835184927693932e-03 -7.872940385596582935e-02
2.100000000000484590e+00 2.813220415013133191e-03 -7.422121392891017910e-02
2.200000000000486011e+00 6.457433487448649423e-03 -6.966834959378845338e-02
2.300000000000487432e+00 9.418155596782766537e-03 -6.516929117387139370e-02
2.400000000000488853e+00 1.177445092989298780e-02 -6.079796309944126426e-02
2.500000000000490274e+00 1.360556996739792357e-02 -5.660669582821799273e-02
2.600000000000491696e+00 1.498714561337644718e-02 -5.262977757592207650e-02
2.700000000000493117e+00 1.598885042816886037e-02 -4.888705646414123751e-02
2.800000000000494538e+00 1.667318771403940303e-02 -4.538726224613298665e-02
2.900000000000495959e+00 1.709509796789514258e-02 -4.213088072128143985e-02
3.000000000000497380e+00 1.730210891036058907e-02 -3.911252742066691213e-02
3.100000000000498801e+00 1.733481664502110192e-02 -3.632283674156699255e-02
3.200000000000500222e+00 1.722754286816025049e-02 -3.374991942117358534e-02
3.300000000000501643e+00 1.700906162302444347e-02 -3.138045587893005528e-02
3.400000000000503064e+00 1.670332691187673829e-02 -2.920049423803194530e-02
3.500000000000504485e+00 1.633016015644724733e-02 -2.719601598299150116e-02
3.600000000000505906e+00 1.590587572954068468e-02 -2.535332326016982024e-02
3.700000000000507328e+00 1.544383550325845178e-02 -2.365929219066111727e-02
3.800000000000508749e+00 1.495493133529153529e-02 -2.210152752201987106e-02
3.900000000000510170e+00 1.444799908074032024e-02 -2.066844607680265108e-02
4.000000000000511591e+00 1.393017016672835201e-02 -1.934930993026628965e-02
4.100000000000513012e+00 1.340716779174847689e-02 -1.813422501095326295e-02
4.200000000000514433e+00 1.288355496386037191e-02 -1.701411671570415493e-02
4.300000000000515854e+00 1.236294124273655537e-02 -1.598069097647714099e-02
4.400000000000517275e+00 1.184815444236339554e-02 -1.502638682758549241e-02
4.500000000000518696e+00 1.134138283688159582e-02 -1.414432473688487062e-02
4.600000000000520117e+00 1.084429268223201237e-02 -1.332825364406039700e-02
4.700000000000521538e+00 1.035812517359070706e-02 -1.257249868452181042e-02
4.800000000000522959e+00 9.883776328611287854e-03 -1.187191087950198974e-02
4.900000000000524381e+00 9.421862729691837801e-03 -1.122181957401490425e-02
5.000000000000525802e+00 8.972775576502334260e-03 -1.061798805318572674e-02
5.100000000000527223e+00 8.536725087886484764e-03 -1.005657252344739280e-02
5.200000000000528644e+00 8.113776944245282285e-03 -9.534084480135979547e-03
5.300000000000530065e+00 7.703882169451822803e-03 -9.047356374320114289e-03
5.400000000000531486e+00 7.306901607634648521e-03 -8.593510423241733712e-03
5.500000000000532907e+00 6.922625948092987758e-03 -8.169930369207201865e-03
5.600000000000534328e+00 6.550792083929182774e-03 -7.774235971533636526e-03
5.700000000000535749e+00 6.191096451795503885e-03 -7.404260009895431011e-03
5.800000000000537170e+00 5.843205886074440136e-03 -7.058027579988634080e-03
5.900000000000538591e+00 5.506766426734019393e-03 -6.733737470703690491e-03
6.000000000000540012e+00 5.181410442926692728e-03 -6.429745424078241872e-03
6.100000000000541434e+00 4.866762370563749995e-03 -6.144549092922358194e-03
6.200000000000542855e+00 4.562443309828752291e-03 -5.876774525743241884e-03
6.300000000000544276e+00 4.268074685472356133e-03 -5.625164023269765660e-03
6.400000000000545697e+00 3.983281137141594930e-03 -5.388565225072003244e-03
6.500000000000547118e+00 3.707692777915810173e-03 -5.165921298473694946e-03
6.600000000000548539e+00 3.440946934980163019e-03 -4.956262114507495840e-03
6.700000000000549960e+00 3.182689466601509864e-03 -4.758696307466243197e-03
6.800000000000551381e+00 2.932575733176186195e-03 -4.572404125320093243e-03
6.900000000000552802e+00 2.690271286507867066e-03 -4.396630987958913793e-03
7.000000000000554223e+00 2.455452330425419993e-03 -4.230681679136118027e-03
7.100000000000555644e+00 2.227805996481802692e-03 -4.073915105830367041e-03
7.200000000000557066e+00 2.007030470914328291e-03 -3.925739565929235904e-03
7.300000000000558487e+00 1.792835002715490594e-03 -3.785608471508869477e-03
7.400000000000559908e+00 1.584939817354805852e-03 -3.653016480633975577e-03
7.500000000000561329e+00 1.383075956464432932e-03 -3.527495995759070101e-03
7.600000000000562750e+00 1.186985060093761341e-03 -3.408613991265507619e-03
7.700000000000564171e+00 9.964191052278595362e-04 -3.295969136746988021e-03
7.800000000000565592e+00 8.111401117879869782e-04 -3.189189186237203003e-03
7.900000000000567013e+00 6.309198252225055314e-04 -3.087928606727594581e-03
8.000000000000568434e+00 4.555393831925796944e-04 -2.991866422216594296e-03
8.100000000000569855e+00 2.847889723537957996e-04 -2.900704251998126836e-03
8.200000000000571276e+00 1.184674801278928769e-04 -2.814164524176691710e-03
8.300000000000572697e+00 -4.361785461064540681e-05 -2.731988847388434893e-03
8.400000000000574119e+00 -2.016517888609389852e-04 -2.653936525456400148e-03
8.500000000000575540e+00 -3.558114183399331554e-04 -2.579783201333014486e-03
8.600000000000576961e+00 -5.062665139778758927e-04 -2.509319618048007610e-03
8.700000000000578382e+00 -6.531798505944735878e-04 -2.442350485662704747e-03
8.800000000000579803e+00 -7.967075266573850345e-04 -2.378693444347835736e-03
8.900000000000581224e+00 -9.369992743736323126e-04 -2.318178114679348215e-03
9.000000000000582645e+00 -1.074198759538777526e-03 -2.260645227171964762e-03
9.100000000000584066e+00 -1.208443870842578621e-03 -2.205945823833209505e-03
9.200000000000585487e+00 -1.339866998446702373e-03 -2.153940525254277160e-03
9.300000000000586908e+00 -1.468595301783115481e-03 -2.104498857388921364e-03
9.400000000000588329e+00 -1.594750966668605219e-03 -2.057498632725767666e-03
9.500000000000589750e+00 -1.718451451847752970e-03 -2.012825381096833548e-03
9.600000000000591172e+00 -1.839809725207485619e-03 -1.970371825797671405e-03
9.700000000000592593e+00 -1.958934489914132548e-03 -1.930037401122684012e-03
9.800000000000594014e+00 -2.075930400763769529e-03 -1.891727807787169351e-03
9.900000000000595435e+00 -2.190898271101610062e-03 -1.855354603027233647e-03
1.000000000000059686e+01 -2.303935270626163850e-03 -1.820834822488183805e-03
1.010000000000059828e+01 -2.415135114465810640e-03 -1.788090631261165728e-03
1.020000000000059970e+01 -2.524588243884570010e-03 -1.757049001683518453e-03
1.030000000000060112e+01 -2.632381998978080423e-03 -1.727641415735967165e-03
1.040000000000060254e+01 -2.738600783754804868e-03 -1.699803590057780579e-03
1.050000000000060396e+01 -2.843326223938839881e-03 -1.673475221795374390e-03
1.060000000000060538e+01 -2.946637317880140827e-03 -1.648599753646116158e-03
1.070000000000060680e+01 -3.048610580915170343e-03 -1.625124156615496106e-03
1.080000000000060822e+01 -3.149320183514017074e-03 -1.602998729137387630e-03
1.090000000000060965e+01 -3.248838083572586771e-03 -1.582176911320277730e-03
1.100000000000061107e+01 -3.347234153147415903e-03 -1.562615113203545767e-03
1.110000000000061249e+01 -3.444576299971240096e-03 -1.544272555995715359e-03
1.120000000000061391e+01 -3.540930584044192642e-03 -1.527111125364776553e-03
1.130000000000061533e+01 -3.636361329585859753e-03 -1.511095235932315844e-03
1.140000000000061675e+01 -3.730931232653333929e-03 -1.496191706193257965e-03
1.150000000000061817e+01 -3.824701464671932671e-03 -1.482369643160631831e-03
1.160000000000061959e+01 -3.917731772163202120e-03 -1.469600336089402562e-03
1.170000000000062101e+01 -4.010080572914746094e-03 -1.457857158696821212e-03
1.180000000000062244e+01 -4.101805048827228753e-03 -1.447115479349257022e-03
1.190000000000062386e+01 -4.192961235694840638e-03 -1.437352578730725916e-03
1.200000000000062528e+01 -4.283604110120613900e-03 -1.428547574559653824e-03
1.210000000000062670e+01 -4.373787673806125986e-03 -1.420681352956352107e-03
1.220000000000062812e+01 -4.463565035418646382e-03 -1.413736506106412494e-03
1.230000000000062954e+01 -4.552988490231765772e-03 -1.407697275900652873e-03
1.240000000000063096e+01 -4.642109597758096659e-03 -1.402549503263899634e-03
1.250000000000063238e+01 -4.730979257541473998e-03 -1.398280582920064657e-03
1.260000000000063380e+01 -4.819647783315707257e-03 -1.394879423367411568e-03
1.270000000000063523e+01 -4.908164975703505420e-03 -1.392336411868316240e-03
1.280000000000063665e+01 -4.996580193625239572e-03 -1.390643384283859509e-03
1.290000000000063807e+01 -5.084942424608638462e-03 -1.389793599609567788e-03
1.300000000000063949e+01 -5.173300354153162126e-03 -1.389781719090618737e-03
1.310000000000064091e+01 -5.261702434323282246e-03 -1.390603789825266843e-03
1.320000000000064233e+01 -5.350196951740490009e-03 -1.392257232779481931e-03
1.330000000000064375e+01 -5.438832095121757040e-03 -1.394740835165765754e-03
1.340000000000064517e+01 -5.527656022542945524e-03 -1.398054747158006825e-03
1.350000000000064659e+01 -5.616716928579755519e-03 -1.402200482937648787e-03
1.360000000000064801e+01 -5.706063111477990835e-03 -1.407180926088088873e-03
1.370000000000064944e+01 -5.795743040532944090e-03 -1.413000339378203468e-03
1.380000000000065086e+01 -5.885805423813480000e-03 -1.419664378996875068e-03
1.390000000000065228e+01 -5.976299276411946304e-03 -1.427180113326094284e-03
1.400000000000065370e+01 -6.067273989373452719e-03 -1.435556046363280778e-03
1.410000000000065512e+01 -6.158779399459879747e-03 -1.444802145928110980e-03
1.420000000000065654e+01 -6.250865859934479074e-03 -1.454929876818314340e-03
1.430000000000065796e+01 -6.343584312510003320e-03 -1.465952239102522687e-03
1.440000000000065938e+01 -6.436986360651522979e-03 -1.477883811771953841e-03
1.450000000000066080e+01 -6.531124344399185516e-03 -1.490740802001299520e-03
1.460000000000066223e+01 -6.626051416879035622e-03 -1.504541100301950421e-03
1.470000000000066365e+01 -6.721821622703728211e-03 -1.519304341890577448e-03
1.480000000000066507e+01 -6.818489978421635872e-03 -1.535051974628286447e-03
1.490000000000066649e+01 -6.916112555224099637e-03 -1.551807333933628678e-03
1.500000000000066791e+01 -7.014746564094818254e-03 -1.569595725113860901e-03
1.510000000000066933e+01 -7.114450443588892642e-03 -1.588444513607119128e-03
1.520000000000067075e+01 -7.215283950464588397e-03 -1.608383223687314453e-03
1.530000000000067217e+01 -7.317308253345651547e-03 -1.629443646233037519e-03
1.540000000000067359e+01 -7.420586029644980763e-03 -1.651659956234584337e-03
1.550000000000067502e+01 -7.525181565952472097e-03 -1.675068840777632021e-03
1.560000000000067644e+01 -7.631160862091470806e-03 -1.699709638318201016e-03
1.570000000000067786e+01 -7.738591739083235110e-03 -1.725624490155692331e-03
1.580000000000067928e+01 -7.847543951207073404e-03 -1.752858505092431355e-03
1.590000000000068070e+01 -7.958089302395105272e-03 -1.781459938382904361e-03
1.600000000000068212e+01 -8.070301767164321863e-03 -1.811480386182317539e-03
1.610000000000068354e+01 -8.184257616282025749e-03 -1.842974996829037978e-03
1.620000000000068496e+01 -8.300035547387937807e-03 -1.876002700444625356e-03
1.630000000000068638e+01 -8.417716820727725799e-03 -1.910626458474920910e-03
1.640000000000068781e+01 -8.537385400192007770e-03 -1.946913534982624159e-03
1.650000000000068923e+01 -8.659128099796468275e-03 -1.984935791683242138e-03
1.660000000000069065e+01 -8.783034735707569846e-03 -2.024770008927624654e-03
1.670000000000069207e+01 -8.909198283918968314e-03 -2.066498235083060603e-03
1.680000000000069349e+01 -9.037715043574593571e-03 -2.110208167009704813e-03
1.690000000000069491e+01 -9.168684805934246285e-03 -2.155993564642494364e-03
1.700000000000069633e+01 -9.302211028863386841e-03 -2.203954703005275677e-03
1.710000000000069775e+01 -9.438401016632675181e-03 -2.254198865349548754e-03
1.720000000000069917e+01 -9.577366104739857763e-03 -2.306840881536167953e-03
1.730000000000070060e+01 -9.719221849257520321e-03 -2.362003716213988830e-03
1.740000000000070202e+01 -9.864088220103343560e-03 -2.419819111888199363e-03
1.750000000000070344e+01 -1.001208979737512259e-02 -2.480428292532696217e-03
1.760000000000070486e+01 -1.016335596963255372e-02 -2.543982734045624819e-03
1.770000000000070628e+01 -1.031802113274172920e-02 -2.610645008592033314e-03
1.780000000000070770e+01 -1.047622488744429092e-02 -2.680589710661529339e-03
1.790000000000070912e+01 -1.063811223342724793e-02 -2.754004473613394163e-03
1.800000000000071054e+01 -1.080383375706565202e-02 -2.831091086488912376e-03
1.810000000000071196e+01 -1.097354580933395871e-02 -2.912066722021067547e-03
1.820000000000071338e+01 -1.114741066962119699e-02 -2.997165288090960361e-03
1.830000000000071481e+01 -1.132559669011809662e-02 -3.086638916295599347e-03
1.840000000000071623e+01 -1.150827841433933914e-02 -3.180759602962056603e-03
1.850000000000071765e+01 -1.169563666185520316e-02 -3.279821019748849729e-03
1.860000000000071907e+01 -1.188785856956844043e-02 -3.384140513023139486e-03
1.870000000000072049e+01 -1.208513757783401775e-02 -3.494061313529500667e-03
1.880000000000072191e+01 -1.228767334708943948e-02 -3.609954980381709262e-03
1.890000000000072333e+01 -1.249567158768878812e-02 -3.732224106318600756e-03
1.900000000000072475e+01 -1.270934378186067311e-02 -3.861305314313406237e-03
1.910000000000072617e+01 -1.292890677220929173e-02 -3.997672579143424047e-03
1.920000000000072760e+01 -1.315458218579784039e-02 -4.141840911451395192e-03
1.930000000000072902e+01 -1.338659565614159011e-02 -4.294370446021367020e-03
1.940000000000073044e+01 -1.362517579753399523e-02 -4.455870980684733737e-03
1.950000000000073186e+01 -1.387055287633861059e-02 -4.627007017212646060e-03
1.960000000000073328e+01 -1.412295711206936616e-02 -4.808503360833120757e-03
1.970000000000073470e+01 -1.438261652682046310e-02 -5.001151340575585649e-03
1.980000000000073612e+01 -1.464975424406029375e-02 -5.205815718148818112e-03
1.990000000000073754e+01 -1.492458511675241045e-02 -5.423442358588151900e-03
2.000000000000073896e+01 -1.520731153895622800e-02 -5.655066740816238474e-03
2.010000000000074039e+01 -1.549811826379201597e-02 -5.901823390238563304e-03
2.020000000000074181e+01 -1.579716601278553095e-02 -6.164956317865368657e-03
2.030000000000074323e+01 -1.610458361541946756e-02 -6.445830549929447949e-03
2.040000000000074465e+01 -1.642045836208499282e-02 -6.745944827549791092e-03
2.050000000000074607e+01 -1.674482418611630136e-02 -7.066945545265507049e-03
2.060000000000074749e+01 -1.707764720932310187e-02 -7.410641977731407051e-03
2.070000000000074891e+01 -1.741880808797650199e-02 -7.779022811804032871e-03
2.080000000000075033e+01 -1.776808047952152525e-02 -8.174273951116911921e-03
2.090000000000075175e+01 -1.812510481226669440e-02 -8.598797485628490583e-03
2.100000000000075318e+01 -1.848935637786501551e-02 -9.055231609503387388e-03
2.110000000000075460e+01 -1.886010657813267169e-02 -9.546471114770044980e-03
2.120000000000075602e+01 -1.923637594339581286e-02 -1.007568786881612825e-02
2.130000000000075744e+01 -1.961687730118245182e-02 -1.064635037840313235e-02
2.140000000000075886e+01 -1.999994721960112604e-02 -1.126224112383655135e-02
2.150000000000076028e+01 -2.038346359355624332e-02 -1.192746977710153200e-02
2.160000000000076170e+01 -2.076474701181232896e-02 -1.264647965250964567e-02
2.170000000000076312e+01 -2.114044338509276505e-02 -1.342404372351333613e-02
2.180000000000076454e+01 -2.150638530387299907e-02 -1.426524521186314093e-02
2.190000000000076597e+01 -2.185742984533876887e-02 -1.517543605092466774e-02
2.200000000000076739e+01 -2.218727123427285258e-02 -1.616016438406039923e-02
2.210000000000076881e+01 -2.248822813338904880e-02 -1.722505965090627075e-02
2.220000000000077023e+01 -2.275100774476510740e-02 -1.837566077093454389e-02
2.230000000000077165e+01 -2.296445281221529133e-02 -1.961716960744241608e-02
2.240000000000077307e+01 -2.311528361112715965e-02 -2.095410865552548366e-02
2.250000000000077449e+01 -2.318785576470985127e-02 -2.238985945694028229e-02
2.260000000000077591e+01 -2.316396687096119664e-02 -2.392605783735060609e-02
2.270000000000077733e+01 -2.302276082252448924e-02 -2.556182563216695403e-02
2.280000000000077875e+01 -2.274079798422588145e-02 -2.729282891578770076e-02
2.290000000000078018e+01 -2.229238024698682388e-02 -2.911017349241673893e-02
2.300000000000078160e+01 -2.165023816007997232e-02 -3.099918348238226914e-02
2.310000000000078302e+01 -2.078669513044491962e-02 -3.293816122108263883e-02
2.320000000000078444e+01 -1.967540927608553425e-02 -3.489729591671917458e-02
2.330000000000078586e+01 -1.829374203267991605e-02 -3.683796697415999549e-02
2.340000000000078728e+01 -1.662570002939475766e-02 -3.871275668205476778e-02
2.350000000000078870e+01 -1.466523823409838015e-02 -4.046651369907063034e-02
2.360000000000079012e+01 -1.241951414770195786e-02 -4.203875160034421798e-02
2.370000000000079154e+01 -9.911492919336848881e-03 -4.336748884877369287e-02
2.380000000000079297e+01 -7.181201208802247098e-03 -4.439433165425544364e-02
2.390000000000079439e+01 -4.285002309764554713e-03 -4.507022056998293696e-02
2.400000000000079581e+01 -1.292568736829024026e-03 -4.536092236840988390e-02
2.410000000000079723e+01 1.718274118317956664e-03 -4.525120159741362336e-02
2.420000000000079865e+01 4.668109925001393337e-03 -4.474676369286038902e-02
2.430000000000080007e+01 7.482776155044510227e-03 -4.387352108210947760e-02
2.440000000000080149e+01 1.009928539877000438e-02 -4.267435350830531271e-02
2.450000000000080291e+01 1.246988576419392168e-02 -4.120409166003809187e-02
2.460000000000080433e+01 1.456382913665882350e-02 -3.952375842536273720e-02
2.470000000000080576e+01 1.636696058741158449e-02 -3.769508630058030635e-02
2.480000000000080718e+01 1.787964582440266376e-02 -3.577605998364182666e-02
2.490000000000080860e+01 1.911373116315821102e-02 -3.381785367165856399e-02
2.500000000000081002e+01 2.008919947501144193e-02 -3.186318239980300004e-02
2.510000000000081144e+01 2.083102473416443418e-02 -2.994584840042383012e-02
2.520000000000081286e+01 2.136652530285773621e-02 -2.809115428358003458e-02
2.530000000000081428e+01 2.172333559916167500e-02 -2.631684843366413964e-02
2.540000000000081570e+01 2.192798716272892356e-02 -2.463432229146238564e-02
2.550000000000081712e+01 2.200501662193177915e-02 -2.304985637037391261e-02
2.560000000000081855e+01 2.197648857500195813e-02 -2.156578685931935871e-02
2.570000000000081997e+01 2.186182070042803210e-02 -2.018152517077015373e-02
2.580000000000082139e+01 2.167781302513959243e-02 -1.889440557889786321e-02
2.590000000000082281e+01 2.143880362124758743e-02 -1.770036294205454275e-02
2.600000000000082423e+01 2.115689335245947433e-02 -1.659445713648681139e-02
2.610000000000082565e+01 2.084219985585366447e-02 -1.557126710936425004e-02
2.620000000000082707e+01 2.050311479837813033e-02 -1.462517858599809289e-02
2.630000000000082849e+01 2.014654868737861954e-02 -1.375058776771488633e-02
2.640000000000082991e+01 1.977815469121115693e-02 -1.294204036821699870e-02
2.650000000000083134e+01 1.940252771355777117e-02 -1.219432198656655864e-02
2.660000000000083276e+01 1.902337799545129188e-02 -1.150251261273290380e-02
2.670000000000083418e+01 1.864368031458907629e-02 -1.086201524358070859e-02
2.680000000000083560e+01 1.826580081501898850e-02 -1.026856623338415903e-02
2.690000000000083702e+01 1.789160392483741396e-02 -9.718233104310483594e-03
2.700000000000083844e+01 1.752254191096497965e-02 -9.207404049715817163e-03
2.710000000000083986e+01 1.715972951823295858e-02 -8.732772213133033548e-03
2.720000000000084128e+01 1.680400593563368544e-02 -8.291316952883997365e-03
2.730000000000084270e+01 1.645598608418460257e-02 -7.880283649156688552e-03
2.740000000000084412e+01 1.611610296305633974e-02 -7.497163127063882250e-03
2.750000000000084555e+01 1.578464254346827883e-02 -7.139671415513745151e-03
2.760000000000084697e+01 1.546177247412890490e-02 -6.805730306191186407e-03
2.770000000000084839e+01 1.514756566143583838e-02 -6.493448994007922602e-03
2.780000000000084981e+01 1.484201961367998673e-02 -6.201106951764397829e-03
2.790000000000085123e+01 1.454507228950225814e-02 -5.927138102597370034e-03
2.800000000000085265e+01 1.425661506462014456e-02 -5.670116293339251545e-03
2.810000000000085407e+01 1.397650332506749499e-02 -5.428742032464184408e-03
2.820000000000085549e+01 1.370456510661348902e-02 -5.201830431369115944e-03
2.830000000000085691e+01 1.344060812663979212e-02 -4.988300273504773716e-03
2.840000000000085834e+01 1.318442549388283876e-02 -4.787164128803074979e-03
2.850000000000085976e+01 1.293580033107160319e-02 -4.597519428685190208e-03
2.860000000000086118e+01 1.269450950413930287e-02 -4.418540418245216553e-03
2.870000000000086260e+01 1.246032661737693330e-02 -4.249470905412908693e-03
2.880000000000086402e+01 1.223302440584188126e-02 -4.089617731553927063e-03
2.890000000000086544e+01 1.201237663317205814e-02 -3.938344893230694144e-03
2.900000000000086686e+01 1.179815958382954798e-02 -3.795068250352403704e-03
2.910000000000086828e+01 1.159015322323068628e-02 -3.659250761590849155e-03
2.920000000000086970e+01 1.138814208619952015e-02 -3.530398193262521567e-03
2.930000000000087113e+01 1.119191594362589116e-02 -3.408055253058221625e-03
2.940000000000087255e+01 1.100127028844975936e-02 -3.291802104789381522e-03
2.950000000000087397e+01 1.081600667481481121e-02 -3.181251224709214301e-03
2.960000000000087539e+01 1.063593293838190068e-02 -3.076044564081529750e-03
2.970000000000087681e+01 1.046086332078440852e-02 -2.975850986294705999e-03
2.980000000000087823e+01 1.029061851721609425e-02 -2.880363950191132741e-03
2.990000000000087965e+01 1.012502566278929671e-02 -2.789299414281712960e-03
3.000000000000088107e+01 9.963918270479500336e-03 -2.702393939181837318e-03
3.010000000000088249e+01 9.807136131269478946e-03 -2.619402968069106056e-03
3.020000000000088392e+01 9.654525185128147793e-03 -2.540099267075312476e-03
3.030000000000088534e+01 9.505937369947621909e-03 -2.464271509484063961e-03
3.040000000000088676e+01 9.361230454262649964e-03 -2.391722989322135270e-03
3.050000000000088818e+01 9.220267858457014548e-03 -2.322270451441289275e-03
3.060000000000088960e+01 9.082918468348298233e-03 -2.255743026590381964e-03
3.070000000000089102e+01 8.949056444234168919e-03 -2.191981261155218075e-03
3.080000000000089244e+01 8.818561027923107337e-03 -2.130836232349974865e-03
3.090000000000089386e+01 8.691316349768107852e-03 -2.072168740605335405e-03
3.100000000000089528e+01 8.567211237265937723e-03 -2.015848571737225911e-03
3.110000000000089670e+01 8.446139026507971242e-03 -1.961753822275073226e-03
3.120000000000089813e+01 8.327997377421996611e-03 -1.909770281979056294e-03
3.130000000000089955e+01 8.212688093554290289e-03 -1.859790868202550488e-03
3.140000000000090097e+01 8.100116946949134644e-03 -1.811715107295785521e-03
3.150000000000090239e+01 7.990193508490898294e-03 -1.765448658714319826e-03
3.160000000000090381e+01 7.882830984004999403e-03 -1.720902877952567916e-03
3.170000000000090523e+01 7.777946056253544349e-03 -1.677994414783377710e-03
3.180000000000090665e+01 7.675458732915198604e-03 -1.636644843645413761e-03
3.190000000000090807e+01 7.575292200570168943e-03 -1.596780323327402513e-03
