-3.200000000000000000e+01 4.904954699979658002e-03 1.020891480188280314e-03
-3.189999999999999858e+01 4.969107473667499705e-03 1.046063424791050713e-03
-3.179999999999999716e+01 5.034731410694794768e-03 1.072161810188975665e-03
-3.169999999999999574e+01 5.101874798769564547e-03 1.099232166336459480e-03
-3.159999999999999432e+01 5.170587914385463106e-03 1.127322818061536093e-03
-3.149999999999999289e+01 5.240923114491050083e-03 1.156485090295294527e-03
-3.139999999999999147e+01 5.312934932046662999e-03 1.186773530780171025e-03
-3.129999999999999005e+01 5.386680175511167692e-03 1.218246151950537742e-03
-3.119999999999998863e+01 5.462218032244945017e-03 1.250964693851293070e-03
-3.109999999999998721e+01 5.539610175770483605e-03 1.284994910161242404e-03
-3.099999999999998579e+01 5.618920876801715772e-03 1.320406879624171125e-03
-3.089999999999998437e+01 5.700217117848242927e-03 1.357275345426563889e-03
-3.079999999999998295e+01 5.783568711155403878e-03 1.395680085359785050e-03
-3.069999999999998153e+01 5.869048419615662503e-03 1.435706315910502320e-03
-3.059999999999998010e+01 5.956732080160919741e-03 1.477445133776420037e-03
-3.049999999999997868e+01 6.046698729021004678e-03 1.520993998714509961e-03
-3.039999999999997726e+01 6.139030728006774837e-03 1.566457262054680739e-03
-3.029999999999997584e+01 6.233813890795187988e-03 1.613946745732080254e-03
-3.019999999999997442e+01 6.331137607895521817e-03 1.663582377240135869e-03
-3.009999999999997300e+01 6.431094968645542295e-03 1.715492886535522612e-03
-2.999999999999997158e+01 6.533782878220118287e-03 1.769816571650282893e-03
-2.989999999999997016e+01 6.639302167105561731e-03 1.826702140536961118e-03
-2.979999999999996874e+01 6.747757689961086588e-03 1.886309637590860393e-03
-2.969999999999996732e+01 6.859258410055815713e-03 1.948811464280731862e-03
-2.959999999999996589e+01 6.973917464619773694e-03 2.014393504442751198e-03
-2.949999999999996447e+01 7.091852205457781048e-03 2.083256366074425891e-03
-2.939999999999996305e+01 7.213184207880941716e-03 2.155616752847468350e-03
-2.929999999999996163e+01 7.338039239568646364e-03 2.231708980170975850e-03
-2.919999999999996021e+01 7.466547179127517100e-03 2.311786652381499219e-03
-2.909999999999995879e+01 7.598841871919581083e-03 2.396124519599355639e-03
-2.899999999999995737e+01 7.735060908119871168e-03 2.485020534997731557e-03
-2.889999999999995595e+01 7.875345304686087733e-03 2.578798135603190336e-03
-2.879999999999995453e+01 8.019839069092891959e-03 2.677808772438887864e-03
-2.869999999999995310e+01 8.168688617920367989e-03 2.782434718693992635e-03
-2.859999999999995168e+01 8.322042017653543539e-03 2.893092187736110397e-03
-2.849999999999995026e+01 8.480048008142369170e-03 3.010234796173897730e-03
-2.839999999999994884e+01 8.642854760650707513e-03 3.134357410660978688e-03
-2.829999999999994742e+01 8.810608312235984618e-03 3.266000420828543693e-03
-2.819999999999994600e+01 8.983450605684234133e-03 3.405754484336811962e-03
-2.809999999999994458e+01 9.161517049067334495e-03 3.554265793480782844e-03
-2.799999999999994316e+01 9.344933490629845491e-03 3.712241915832057131e-03
-2.789999999999994174e+01 9.533812482259654969e-03 3.880458263498134594e-03
-2.779999999999994031e+01 9.728248677735126804e-03 4.059765246438392164e-03
-2.769999999999993889e+01 9.928313178974579323e-03 4.251096163860862594e-03
-2.759999999999993747e+01 1.013404660367829904e-02 4.455475883098381287e-03
-2.749999999999993605e+01 1.034545059972764164e-02 4.674030346048019258e-03
-2.739999999999993463e+01 1.056247747373986051e-02 4.907996926945464369e-03
-2.729999999999993321e+01 1.078501753195702621e-02 5.158735639428565015e-03
-2.719999999999993179e+01 1.101288364904022196e-02 5.427741151286468411e-03
-2.709999999999993037e+01 1.124579248283483560e-02 5.716655506937095774e-03
-2.699999999999992895e+01 1.148334163932445556e-02 6.027281373508361177e-03
-2.689999999999992752e+01 1.172498196073973320e-02 6.361595506679516322e-03
-2.679999999999992610e+01 1.196998396207029323e-02 6.721761965215538280e-03
-2.669999999999992468e+01 1.221739727949142096e-02 7.110144371670214236e-03
-2.659999999999992326e+01 1.246600182550979680e-02 7.529316200439813492e-03
-2.649999999999992184e+01 1.271424918307370241e-02 7.982067646956546303e-03
-2.639999999999992042e+01 1.296019263714415747e-02 8.471407060542363032e-03
-2.629999999999991900e+01 1.320140417558280169e-02 9.000554170891301997e-03
-2.619999999999991758e+01 1.343487685104268262e-02 9.572921361370372723e-03
-2.609999999999991616e+01 1.365691117338369703e-02 1.019207799983058715e-02
-2.599999999999991473e+01 1.386298483266485380e-02 1.086169129726606911e-02
-2.589999999999991331e+01 1.404760622781384138e-02 1.158543532047872325e-02
-2.579999999999991189e+01 1.420415425920247901e-02 1.236685768934432314e-02
-2.569999999999991047e+01 1.432470997640523935e-02 1.320919129718799850e-02
-2.559999999999990905e+01 1.439989036898373445e-02 1.411509643698279776e-02
-2.549999999999990763e+01 1.441870128929732126e-02 1.508631760455252449e-02
-2.539999999999990621e+01 1.436843556239289499e-02 1.612323998758943139e-02
-2.529999999999990479e+01 1.423465383250326760e-02 1.722433475931075403e-02
-2.519999999999990337e+01 1.400129901326329848e-02 1.838549187201275401e-02
-2.509999999999990195e+01 1.365100852097841065e-02 1.959925661580359801e-02
-2.499999999999990052e+01 1.316569803342164391e-02 2.085401420816341070e-02
-2.489999999999989910e+01 1.252749006026845045e-02 2.213320627582001168e-02
-2.479999999999989768e+01 1.172004131208306127e-02 2.341471217397853022e-02
-2.469999999999989626e+01 1.073027474754393272e-02 2.467057859520567151e-02
-2.459999999999989484e+01 9.550438001864568899e-03 2.586731643837740860e-02
-2.449999999999989342e+01 8.180291781067662929e-03 2.696697971557308893e-02
-2.439999999999989200e+01 6.629099299590431732e-03 2.792916982743805926e-02
-2.429999999999989058e+01 4.916982585491019679e-03 2.871395255242542924e-02
-2.419999999999988916e+01 3.075191177234624235e-03 2.928544593119705372e-02
-2.409999999999988773e+01 1.144944949867656055e-03 2.961558887056478517e-02
-2.399999999999988631e+01 -8.252230670028337656e-04 2.968742392642615205e-02
-2.389999999999988489e+01 -2.783341681221866183e-03 2.949721739287799668e-02
-2.379999999999988347e+01 -4.678480832655118084e-03 2.905493957435854521e-02
-2.369999999999988205e+01 -6.465045817259384292e-03 2.838299318560915524e-02
-2.359999999999988063e+01 -8.106151670621255384e-03 2.751348342697030810e-02
-2.349999999999987921e+01 -9.575604349311719887e-03 2.648462402392989801e-02
-2.339999999999987779e+01 -1.085837510038610738e-02 2.533697657412057463e-02
-2.329999999999987637e+01 -1.194977991623727420e-02 2.411012425313651883e-02
-2.319999999999987494e+01 -1.285377471075802025e-02 2.284015888360933083e-02
-2.309999999999987352e+01 -1.358082572901760272e-02 2.155811129286478237e-02
-2.299999999999987210e+01 -1.414574792280228616e-02 2.028925535266270716e-02
-2.289999999999987068e+01 -1.456577974590384655e-02 1.905309967658249531e-02
-2.279999999999986926e+01 -1.485903310479470829e-02 1.786384353464444408e-02
-2.269999999999986784e+01 -1.504335346537289363e-02 1.673109104296877092e-02
-2.259999999999986642e+01 -1.513555798461852127e-02 1.566066270326647164e-02
-2.249999999999986500e+01 -1.515098584160766426e-02 1.465539471305222705e-02
-2.239999999999986358e+01 -1.510328551765873287e-02 1.371586177191833240e-02
-2.229999999999986215e+01 -1.500436887114366992e-02 1.284099338950799377e-02
-2.219999999999986073e+01 -1.486447375188475195e-02 1.202857665488803011e-02
-2.209999999999985931e+01 -1.469229054714434393e-02 1.127565200176992681e-02
-2.199999999999985789e+01 -1.449512067003092680e-02 1.057881527629637129e-02
-2.189999999999985647e+01 -1.427904540492940313e-02 9.934441750835871360e-03
-2.179999999999985505e+01 -1.404909147265688898e-02 9.338847460613813531e-03
-2.169999999999985363e+01 -1.380938540575319361e-02 8.788401642809379882e-03
-2.159999999999985221e+01 -1.356329274862909731e-02 8.279601937721179500e-03
-2.149999999999985079e+01 -1.331354065486885403e-02 7.809121834858527393e-03
-2.139999999999984936e+01 -1.306232402859068900e-02 7.373837855146658619e-03
-2.129999999999984794e+01 -1.281139625381032265e-02 6.970842253673214042e-03
-2.119999999999984652e+01 -1.256214600421772486e-02 6.597445626360777006e-03
-2.109999999999984510e+01 -1.231566178991160693e-02 6.251172688594314533e-03
-2.099999999999984368e+01 -1.207278589009321002e-02 5.929753625110043870e-03
-2.089999999999984226e+01 -1.183415921743726125e-02 5.631112746294529396e-03
-2.079999999999984084e+01 -1.160025850925262315e-02 5.353355685243284603e-03
-2.069999999999983942e+01 -1.137142707288954849e-02 5.094755997025664576e-03
-2.059999999999983800e+01 -1.114790014631839368e-02 4.853741747373905777e-03
-2.049999999999983658e+01 -1.092982577880965631e-02 4.628882478169268899e-03
-2.039999999999983515e+01 -1.071728199636767971e-02 4.418876793531839597e-03
-2.029999999999983373e+01 -1.051029089336532989e-02 4.222540708285802726e-03
-2.019999999999983231e+01 -1.030883018552613759e-02 4.038796829160606373e-03
-2.009999999999983089e+01 -1.011284266907669718e-02 3.866664390259073446e-03
-1.999999999999982947e+01 -9.922243954533402702e-03 3.705250131517763904e-03
-1.989999999999982805e+01 -9.736928779808884729e-03 3.553739987902656584e-03
-1.979999999999982663e+01 -9.556776154140508850e-03 3.411391544300560082e-03
-1.969999999999982521e+01 -9.381653540163639726e-03 3.277527204047688599e-03
-1.959999999999982379e+01 -9.211420245044715099e-03 3.151528016144659623e-03
-1.949999999999982236e+01 -9.045930161363052030e-03 3.032828105865489985e-03
-1.939999999999982094e+01 -8.885033973648075872e-03 2.920909655019389602e-03
-1.929999999999981952e+01 -8.728580926016454161e-03 2.815298380726694461e-03
-1.919999999999981810e+01 -8.576420229462866640e-03 2.715559464782465321e-03
-1.909999999999981668e+01 -8.428402173581881276e-03 2.621293889300100807e-03
-1.899999999999981526e+01 -8.284378996015565391e-03 2.532135137928695403e-03
-1.889999999999981384e+01 -8.144205553588456173e-03 2.447746225579355318e-03
-1.879999999999981242e+01 -8.007739831362952268e-03 2.367817023052306950e-03
-1.869999999999981100e+01 -7.874843319440983508e-03 2.292061846189887876e-03
-1.859999999999980957e+01 -7.745381282165340539e-03 2.220217282251493902e-03
-1.849999999999980815e+01 -7.619222939981724549e-03 2.152040228949586749e-03
-1.839999999999980673e+01 -7.496241580701806795e-03 2.087306124154071716e-03
-1.829999999999980531e+01 -7.376314613962033258e-03 2.025807346574226911e-03
-1.819999999999980389e+01 -7.259323580203970623e-03 1.967351769787746129e-03
-1.809999999999980247e+01 -7.145154123555223259e-03 1.911761453890502543e-03
-1.799999999999980105e+01 -7.033695936268954257e-03 1.858871460686964926e-03
-1.789999999999979963e+01 -6.924842681046231192e-03 1.808528779864172157e-03
-1.779999999999979821e+01 -6.818491896427702342e-03 1.760591354932175383e-03
-1.769999999999979678e+01 -6.714544889466850242e-03 1.714927198895719327e-03
-1.759999999999979536e+01 -6.612906619173706223e-03 1.671413590714998249e-03
-1.749999999999979394e+01 -6.513485573520013880e-03 1.629936344539523446e-03
-1.739999999999979252e+01 -6.416193642298642814e-03 1.590389144562498903e-03
-1.729999999999979110e+01 -6.320945987687728168e-03 1.552672939095868943e-03
-1.719999999999978968e+01 -6.227660913974568217e-03 1.516695388125496131e-03
-1.709999999999978826e+01 -6.136259737642036673e-03 1.482370359224006225e-03
-1.699999999999978684e+01 -6.046666658722867072e-03 1.449617467211910919e-03
-1.689999999999978542e+01 -5.958808634153242405e-03 1.418361653445070984e-03
-1.679999999999978400e+01 -5.872615253686762869e-03 1.388532801028458889e-03
-1.669999999999978257e+01 -5.788018618763199341e-03 1.360065382623814288e-03
-1.659999999999978115e+01 -5.704953224656813572e-03 1.332898137871300643e-03
-1.649999999999977973e+01 -5.623355846091870197e-03 1.306973777730419898e-03
-1.639999999999977831e+01 -5.543165426465330135e-03 1.282238713324205474e-03
-1.629999999999977689e+01 -5.464322970753947468e-03 1.258642807109995728e-03
-1.619999999999977547e+01 -5.386771442107850597e-03 1.236139144407373243e-03
-1.609999999999977405e+01 -5.310455662133137765e-03 1.214683823518849072e-03
-1.599999999999977263e+01 -5.235322214794075474e-03 1.194235762839193811e-03
-1.589999999999977121e+01 -5.161319353866135329e-03 1.174756523512099447e-03
-1.579999999999976978e+01 -5.088396913850763530e-03 1.156210146331157007e-03
-1.569999999999976836e+01 -5.016506224224193469e-03 1.138563001700987429e-03
-1.559999999999976694e+01 -4.945600026918742058e-03 1.121783651596666275e-03
-1.549999999999976552e+01 -4.875632396889748033e-03 1.105842722551159639e-03
-1.539999999999976410e+01 -4.806558665639362911e-03 1.090712788798073925e-03
-1.529999999999976268e+01 -4.738335347563983439e-03 1.076368264778850177e-03
-1.519999999999976126e+01 -4.670920068968228110e-03 1.062785306293258670e-03
-1.509999999999975984e+01 -4.604271499622118041e-03 1.049941719647139605e-03
-1.499999999999975842e+01 -4.538349286703996163e-03 1.037816878204885114e-03
-1.489999999999975699e+01 -4.473113990994664717e-03 1.026391645814491490e-03
-1.479999999999975557e+01 -4.408527025189390262e-03 1.015648306622845675e-03
-1.469999999999975415e+01 -4.344550594175700803e-03 1.005570500841224081e-03
-1.459999999999975273e+01 -4.281147637159953175e-03 9.961431660685986580e-04
-1.449999999999975131e+01 -4.218281771495618199e-03 9.873524838129087242e-04
-1.439999999999974989e+01 -4.155917238089731382e-03 9.791858308891817145e-04
-1.429999999999974847e+01 -4.094018848266067247e-03 9.716317354050598007e-04
-1.419999999999974705e+01 -4.032551931946706109e-03 9.646798370713669446e-04
-1.409999999999974563e+01 -3.971482287047111912e-03 9.583208516068066930e-04
-1.399999999999974420e+01 -3.910776129951580235e-03 9.525465390271469976e-04
-1.389999999999974278e+01 -3.850400046957619567e-03 9.473496756354608805e-04
-1.379999999999974136e+01 -3.790320946580020764e-03 9.427240295514819571e-04
-1.369999999999973994e+01 -3.730506012587867133e-03 9.386643396371523564e-04
-1.359999999999973852e+01 -3.670922657679809992e-03 9.351662976974432729e-04
-1.349999999999973710e+01 -3.611538477674086124e-03 9.322265338513406044e-04
-1.339999999999973568e+01 -3.552321206110235427e-03 9.298426049870437034e-04
-1.329999999999973426e+01 -3.493238669160255924e-03 9.280129862317615993e-04
-1.319999999999973284e+01 -3.434258740728700528e-03 9.267370653818856295e-04
-1.309999999999973141e+01 -3.375349297651325173e-03 9.260151402562180742e-04
-1.299999999999972999e+01 -3.316478174872348680e-03 9.258484189490728648e-04
-1.289999999999972857e+01 -3.257613120498976597e-03 9.262390229759111379e-04
-1.279999999999972715e+01 -3.198721750631175996e-03 9.271899933188257684e-04
-1.269999999999972573e+01 -3.139771503847092055e-03 9.287052993934821667e-04
-1.259999999999972431e+01 -3.080729595245629629e-03 9.307898509767187877e-04
-1.249999999999972289e+01 -3.021562969931519856e-03 9.334495131440579936e-04
-1.239999999999972147e+01 -2.962238255826730310e-03 9.366911242886514404e-04
-1.229999999999972005e+01 -2.902721715704364297e-03 9.405225173033953832e-04
-1.219999999999971863e+01 -2.842979198316836729e-03 9.449525440280225974e-04
-1.209999999999971720e+01 -2.782976088503955406e-03 9.499911030789506133e-04
-1.199999999999971578e+01 -2.722677256164006410e-03 9.556491711974228129e-04
-1.189999999999971436e+01 -2.662047003948354515e-03 9.619388382721937025e-04
-1.179999999999971294e+01 -2.601049013566334930e-03 9.688733462107238046e-04
-1.169999999999971152e+01 -2.539646290553180044e-03 9.764671318568669649e-04
-1.159999999999971010e+01 -2.477801107368289568e-03 9.847358741744013065e-04
-1.149999999999970868e+01 -2.415474944686709854e-03 9.936965459398398523e-04
-1.139999999999970726e+01 -2.352628430721833905e-03 1.003367470217029827e-03
-1.129999999999970584e+01 -2.289221278442886073e-03 1.013768381910416230e-03
-1.119999999999970441e+01 -2.225212220513949832e-03 1.024920494728819454e-03
-1.109999999999970299e+01 -2.160558941794959650e-03 1.036846573922352906e-03
-1.099999999999970157e+01 -2.095218009239015189e-03 1.049571015190821051e-03
-1.089999999999970015e+01 -2.029144798993262264e-03 1.063119930205225954e-03
-1.079999999999969873e+01 -1.962293420536010899e-03 1.077521239221092926e-03
-1.069999999999969731e+01 -1.894616637643278464e-03 1.092804771315362879e-03
-1.059999999999969589e+01 -1.826065785991343171e-03 1.109002372826252717e-03
-1.049999999999969447e+01 -1.756590687195290837e-03 1.126148024631176432e-03
-1.039999999999969305e+01 -1.686139559054302545e-03 1.144277968964839756e-03
-1.029999999999969162e+01 -1.614658921801816888e-03 1.163430846539401532e-03
-1.019999999999969020e+01 -1.542093500117316940e-03 1.183647844811435562e-03
-1.009999999999968878e+01 -1.468386120672023065e-03 1.204972858317501392e-03
-9.999999999999687361e+00 -1.393477604975592796e-03 1.227452662089951194e-03
-9.899999999999685940e+00 -1.317306657262621791e-03 1.251137099271406455e-03
-9.799999999999684519e+00 -1.239809747190736069e-03 1.276079284146027512e-03
-9.699999999999683098e+00 -1.160920987082736042e-03 1.302335821938525222e-03
-9.599999999999681677e+00 -1.080572003468397574e-03 1.329967046860101995e-03
-9.499999999999680256e+00 -9.986918026844912588e-04 1.359037280029137037e-03
-9.399999999999678835e+00 -9.152066302709344070e-04 1.389615109069026241e-03
-9.299999999999677414e+00 -8.300398239501280417e-04 1.421773691355713437e-03
-9.199999999999675993e+00 -7.431116599494660274e-04 1.455591083105610504e-03
-9.099999999999674571e+00 -6.543391924718425928e-04 1.491150596712867817e-03
-8.999999999999673150e+00 -5.636360861462023225e-04 1.528541188996267652e-03
-8.899999999999671729e+00 -4.709124412963523049e-04 1.567857883308505090e-03
-8.799999999999670308e+00 -3.760746119555440775e-04 1.609202228756059566e-03
-8.699999999999668887e+00 -2.790250165669132254e-04 1.652682800145039354e-03
-8.599999999999667466e+00 -1.796619414102529344e-04 1.698415742646929407e-03
-8.499999999999666045e+00 -7.787933688760406703e-05 1.746525365611945957e-03
-8.399999999999664624e+00 2.643339311938878999e-05 1.797144790458891353e-03
-8.299999999999663203e+00 1.333916084193323415e-04 1.850416658091820748e-03
-8.199999999999661782e+00 2.431156556869130958e-04 1.906493901925985493e-03
-8.099999999999660361e+00 3.557310968836588372e-04 1.965540593273466807e-03
-7.999999999999658939e+00 4.713689419069584663e-04 2.027732866601693155e-03
-7.899999999999657518e+00 5.901658841778508607e-04 2.093259933054667475e-03
-7.799999999999656097e+00 7.122645374469972757e-04 2.162325191559810213e-03
-7.699999999999654676e+00 8.378136717007572676e-04 2.235147447953807556e-03
-7.599999999999653255e+00 9.669684454643480420e-04 2.311962253756235947e-03
-7.499999999999651834e+00 1.099890631132366056e-03 2.393023377581386061e-03
-7.399999999999650413e+00 1.236748829196731431e-03 2.478604423736822677e-03
-7.299999999999648992e+00 1.377718666209431370e-03 2.569000614243286112e-03
-7.199999999999647571e+00 1.522982970215219778e-03 2.664530752488281778e-03
-7.099999999999646150e+00 1.672731915940320335e-03 2.765539388881990863e-03
-6.999999999999644729e+00 1.827163130321808604e-03 2.872399211332036378e-03
-6.899999999999643308e+00 1.986481746962347888e-03 2.985513686141154713e-03
-6.799999999999641886e+00 2.150900395549066452e-03 3.105319977976337981e-03
-6.699999999999640465e+00 2.320639109369651565e-03 3.232292181082278403e-03
-6.599999999999639044e+00 2.495925130412281201e-03 3.366944897773888837e-03
-6.499999999999637623e+00 2.676992587186234965e-03 3.509837204595897542e-03
-6.399999999999636202e+00 2.864082015204633125e-03 3.661577051448721212e-03
-6.299999999999634781e+00 3.057439683634234628e-03 3.822826144336492933e-03
-6.199999999999633360e+00 3.257316684024860742e-03 3.994305368483538031e-03
-6.099999999999631939e+00 3.463967727678238934e-03 4.176800815182351787e-03
-5.999999999999630518e+00 3.677649586949240795e-03 4.371170483051401573e-03
-5.899999999999629097e+00 3.898619102188142366e-03 4.578351732434618633e-03
-5.799999999999627676e+00 4.127130659373201560e-03 4.799369580233365205e-03
-5.699999999999626255e+00 4.363433023494560359e-03 5.035345931797763179e-03
-5.599999999999624833e+00 4.607765388289313674e-03 5.287509856164676614e-03
-5.499999999999623412e+00 4.860352473288521297e-03 5.557209020899627969e-03
-5.399999999999621991e+00 5.121398463206208729e-03 5.845922412787755290e-03
-5.299999999999620570e+00 5.391079540820742366e-03 6.155274479813465510e-03
-5.199999999999619149e+00 5.669534711446117675e-03 6.487050837965223533e-03
-5.099999999999617728e+00 5.956854552418990034e-03 6.843215691835043829e-03
-4.999999999999616307e+00 6.253067442605574761e-03 7.225931119436396211e-03
-4.899999999999614886e+00 6.558122731936455452e-03 7.637578366967002694e-03
-4.799999999999613465e+00 6.871870195716674179e-03 8.080781284842099982e-03
-4.699999999999612044e+00 7.194034979558099757e-03 8.558432008518121470e-03
-4.599999999999610623e+00 7.524187073280456245e-03 9.073718939773593728e-03
-4.499999999999609201e+00 7.861704151425945308e-03 9.630157008375900968e-03
-4.399999999999607780e+00 8.205726378930584819e-03 1.023162007935338180e-02
-4.299999999999606359e+00 8.555101497426779306e-03 1.088237520166028191e-02
-4.199999999999604938e+00 8.908318176725604776e-03 1.158711815044688280e-02
-4.099999999999603517e+00 9.263425233950503546e-03 1.235100936932752649e-02
-3.999999999999602096e+00 9.617933890859516749e-03 1.317970893559832629e-02
-3.899999999999600675e+00 9.968699765536371410e-03 1.407940850347494041e-02
-3.799999999999599254e+00 1.031178079582219589e-02 1.505685726662678650e-02
-3.699999999999597833e+00 1.064226680534494790e-02 1.611937774632486720e-02
-3.599999999999596412e+00 1.095407601195333425e-02 1.727486555948826163e-02
-3.499999999999594991e+00 1.123971354916000406e-02 1.853176514029162766e-02
-3.399999999999593570e+00 1.148998719219285550e-02 1.989901055398726054e-02
-3.299999999999592148e+00 1.169367620922444340e-02 2.138591692277171108e-02
-3.199999999999590727e+00 1.183715097884517620e-02 2.300200347804082224e-02
-3.099999999999589306e+00 1.190394427563250951e-02 2.475672382473889654e-02
-2.999999999999587885e+00 1.187428068514682911e-02 2.665907277156118194e-02
-2.899999999999586464e+00 1.172457946349762803e-02 2.871703245159385257e-02
-2.799999999999585043e+00 1.142695952554485112e-02 3.093681432612585894e-02
-2.699999999999583622e+00 1.094879446884025262e-02 3.332184970728627182e-02
-2.599999999999582201e+00 1.025239178805049944e-02 3.587148246241921024e-02
-2.499999999999580780e+00 9.294904121017310422e-03 3.857932790126482325e-02
-2.399999999999579359e+00 8.028620114855191531e-03 4.143128755245131800e-02
-2.299999999999577938e+00 6.401823554719986153e-03 4.440325811724792071e-02
-2.199999999999576517e+00 4.360441572653542264e-03 4.745865197863724516e-02
-2.099999999999575095e+00 1.850708454977777195e-03 5.054596081963273757e-02
-1.999999999999573674e+00 -1.176974762158555787e-03 5.359673906880364075e-02
-1.899999999999572253e+00 -4.762933306269676731e-03 5.652453937038469378e-02
-1.799999999999570832e+00 -8.932048253939704058e-03 5.922545305157333323e-02
-1.699999999999569411e+00 -1.368704955433038342e-02 6.158092345565190084e-02
-1.599999999999567990e+00 -1.900220121326866296e-02 6.346332475395492778e-02
-1.499999999999566569e+00 -2.481865361539666720e-02 6.474437163764630576e-02
-1.399999999999565148e+00 -3.104285880365355646e-02 6.530576109766425552e-02
-1.299999999999563727e+00 -3.754917327963655516e-02 6.505068592799878591e-02
-1.199999999999562306e+00 -4.418704563384679568e-02 6.391426193553172153e-02
-1.099999999999560885e+00 -5.079213290515941642e-02 6.187077143990553363e-02
-9.999999999995594635e-01 -5.719963851092155910e-02 5.893611620379793359e-02
-8.999999999995580424e-01 -6.325751748560187737e-02 5.516490933950168873e-02
-7.999999999995566213e-01 -6.883722068687164741e-02 5.064287567896624820e-02
-6.999999999995552002e-01 -7.384033193902936332e-02 4.547623163744298619e-02
-5.999999999995537792e-01 -7.820050025663438653e-02 3.978016234752198427e-02
-4.999999999995523581e-01 -8.188108765388318888e-02 3.366835586457961327e-02
-3.999999999995509370e-01 -8.486964391304047117e-02 2.724498292395223509e-02
-2.999999999995495159e-01 -8.717059160414997177e-02 2.059981174267875442e-02
-1.999999999995480948e-01 -8.879744591503596629e-02 1.380654635197903213e-02
-9.999999999954667373e-02 -8.976566557137242997e-02 6.924065933453633914e-03
4.547473508864641190e-13 -9.008696450402002565e-02 1.637578961322105897e-15
1.000000000004561684e-01 -8.976566557136658742e-02 -6.924065933516493354e-03
2.000000000004575895e-01 -8.879744591502419793e-02 -1.380654635204130870e-02
3.000000000004590106e-01 -8.717059160413212493e-02 -2.059981174273998322e-02
4.000000000004604317e-01 -8.486964391301643484e-02 -2.724498292401177774e-02
5.000000000004618528e-01 -8.188108765385285204e-02 -3.366835586463674812e-02
6.000000000004632739e-01 -7.820050025659779080e-02 -3.978016234757584396e-02
7.000000000004646949e-01 -7.384033193898670300e-02 -4.547623163749255071e-02
8.000000000004661160e-01 -6.883722068682338047e-02 -5.064287567901047671e-02
9.000000000004675371e-01 -6.325751748554878096e-02 -5.516490933953954040e-02
1.000000000000468958e+00 -5.719963851086466017e-02 -5.893611620382854799e-02
1.100000000000470379e+00 -5.079213290509999867e-02 -6.187077143992821687e-02
1.200000000000471800e+00 -4.418704563378632322e-02 -6.391426193554619606e-02
1.300000000000473221e+00 -3.754917327957652678e-02 -6.505068592800503091e-02
1.400000000000474643e+00 -3.104285880359545363e-02 -6.530576109766275672e-02
1.500000000000476064e+00 -2.481865361534175279e-02 -6.474437163763777092e-02
1.600000000000477485e+00 -1.900220121321793271e-02 -6.346332475394034223e-02
1.700000000000478906e+00 -1.368704955428452427e-02 -6.158092345563241643e-02
1.800000000000480327e+00 -8.932048253899108059e-03 -5.922545305155017814e-02
1.900000000000481748e+00 -4.762933306234437558e-03 -5.652453937035892273e-02
2.000000000000483169e+00 -1.176974762128531193e-03 -5.359673906877631538e-02
2.100000000000484590e+00 1.850708455002895991e-03 -5.054596081960471832e-02
2.200000000000486011e+00 4.360441572674161187e-03 -4.745865197860922591e-02
2.300000000000487432e+00 6.401823554736583988e-03 -4.440325811722045657e-02
2.400000000000488853e+00 8.028620114868264407e-03 -4.143128755242479061e-02
2.500000000000490274e+00 9.294904121027344063e-03 -3.857932790123950323e-02
2.600000000000491696e+00 1.025239178805794488e-02 -3.587148246239529881e-02
2.700000000000493117e+00 1.094879446884552618e-02 -3.332184970726381756e-02
2.800000000000494538e+00 1.142695952554832750e-02 -3.093681432610492776e-02
2.900000000000495959e+00 1.172457946349962296e-02 -2.871703245157440978e-02
3.000000000000497380e+00 1.187428068514760626e-02 -2.665907277154318938e-02
3.100000000000498801e+00 1.190394427563231522e-02 -2.475672382472228483e-02
3.200000000000500222e+00 1.183715097884418047e-02 -2.300200347802550810e-02
3.300000000000501643e+00 1.169367620922284398e-02 -2.138591692275761819e-02
3.400000000000503064e+00 1.148998719219076689e-02 -1.989901055397429175e-02
3.500000000000504485e+00 1.123971354915754423e-02 -1.853176514027971011e-02
3.600000000000505906e+00 1.095407601195061767e-02 -1.727486555947730859e-02
3.700000000000507328e+00 1.064226680534201969e-02 -1.611937774631479192e-02
3.800000000000508749e+00 1.031178079581912543e-02 -1.505685726661753002e-02
3.900000000000510170e+00 9.968699765533210744e-03 -1.407940850346641251e-02
4.000000000000511591e+00 9.617933890856307511e-03 -1.317970893559047840e-02
4.100000000000513012e+00 9.263425233947280429e-03 -1.235100936932029270e-02
4.200000000000514433e+00 8.908318176722381659e-03 -1.158711815044020932e-02
4.300000000000515854e+00 8.555101497423583945e-03 -1.088237520165412711e-02
4.400000000000517275e+00 8.205726378927417214e-03 -1.023162007934769191e-02
4.500000000000518696e+00 7.861704151422836684e-03 -9.630157008370644756e-03
4.600000000000520117e+00 7.524187073277427418e-03 -9.073718939768726094e-03
4.700000000000521538e+00 7.194034979555136849e-03 -8.558432008513611189e-03
4.800000000000522959e+00 6.871870195713780660e-03 -8.080781284837919298e-03
4.900000000000524381e+00 6.558122731933641730e-03 -7.637578366963122117e-03
5.000000000000525802e+00 6.253067442602837367e-03 -7.225931119432788853e-03
5.100000000000527223e+00 5.956854552416346316e-03 -6.843215691831692343e-03
5.200000000000528644e+00 5.669534711443539876e-03 -6.487050837962098429e-03
5.300000000000530065e+00 5.391079540818251303e-03 -6.155274479810552909e-03
5.400000000000531486e+00 5.121398463203793994e-03 -5.845922412785036978e-03
5.500000000000532907e+00 4.860352473286186359e-03 -5.557209020897089201e-03
5.600000000000534328e+00 4.607765388287051594e-03 -5.287509856162306114e-03
5.700000000000535749e+00 4.363433023492367668e-03 -5.035345931795544468e-03
5.800000000000537170e+00 4.127130659371099075e-03 -4.799369580231287874e-03
5.900000000000538591e+00 3.898619102186091923e-03 -4.578351732432671406e-03
6.000000000000540012e+00 3.677649586947259741e-03 -4.371170483049576644e-03
6.100000000000541434e+00 3.463967727676330738e-03 -4.176800815180640482e-03
6.200000000000542855e+00 3.257316684023018466e-03 -3.994305368481931677e-03
6.300000000000544276e+00 3.057439683632447863e-03 -3.822826144334980688e-03
6.400000000000545697e+00 2.864082015202901871e-03 -3.661577051447300040e-03
6.500000000000547118e+00 2.676992587184559222e-03 -3.509837204594559203e-03
6.600000000000548539e+00 2.495925130410655765e-03 -3.366944897772628127e-03
6.700000000000549960e+00 2.320639109368081640e-03 -3.232292181081089250e-03
6.800000000000551381e+00 2.150900395547545099e-03 -3.105319977975214748e-03
6.900000000000552802e+00 1.986481746960869904e-03 -2.985513686140094363e-03
7.000000000000554223e+00 1.827163130320382661e-03 -2.872399211331036744e-03
7.100000000000555644e+00 1.672731915938936026e-03 -2.765539388881048475e-03
7.200000000000557066e+00 1.522982970213882306e-03 -2.664530752487390131e-03
7.300000000000558487e+00 1.377718666208126858e-03 -2.569000614242442169e-03
7.400000000000559908e+00 1.236748829195472021e-03 -2.478604423736022969e-03
7.500000000000561329e+00 1.099890631131137872e-03 -2.393023377580629288e-03
7.600000000000562750e+00 9.669684454631510828e-04 -2.311962253755518205e-03
7.700000000000564171e+00 8.378136716996002070e-04 -2.235147447953127978e-03
7.800000000000565592e+00 7.122645374458697054e-04 -2.162325191559165329e-03
7.900000000000567013e+00 5.901658841767579849e-04 -2.093259933054054684e-03
8.000000000000568434e+00 4.713689419058916114e-04 -2.027732866601112457e-03
8.100000000000569855e+00 3.557310968826180031e-04 -1.965540593272915165e-03
8.200000000000571276e+00 2.431156556859034867e-04 -1.906493901925462907e-03
8.300000000000572697e+00 1.333916084183470185e-04 -1.850416658091324400e-03
8.400000000000574119e+00 2.643339311842948791e-05 -1.797144790458419074e-03
8.500000000000575540e+00 -7.787933688853734826e-05 -1.746525365611497531e-03
8.600000000000576961e+00 -1.796619414111688684e-04 -1.698415742646502665e-03
8.700000000000578382e+00 -2.790250165678118122e-04 -1.652682800144634296e-03
8.800000000000579803e+00 -3.760746119564201129e-04 -1.609202228755673590e-03
8.900000000000581224e+00 -4.709124412972005846e-04 -1.567857883308138630e-03
9.000000000000582645e+00 -5.636360861470349898e-04 -1.528541188995919189e-03
9.100000000000584066e+00 -6.543391924726596476e-04 -1.491150596712536051e-03
9.200000000000585487e+00 -7.431116599502622655e-04 -1.455591083105295652e-03
9.300000000000586908e+00 -8.300398239509104020e-04 -1.421773691355413764e-03
9.400000000000588329e+00 -9.152066302717028895e-04 -1.389615109068740879e-03
9.500000000000589750e+00 -9.986918026852406594e-04 -1.359037280028865986e-03
9.600000000000591172e+00 -1.080572003469140036e-03 -1.329967046859843521e-03
9.700000000000592593e+00 -1.160920987083461156e-03 -1.302335821938279759e-03
9.800000000000594014e+00 -1.239809747191450776e-03 -1.276079284145794843e-03
9.900000000000595435e+00 -1.317306657263320885e-03 -1.251137099271185278e-03
1.000000000000059686e+01 -1.393477604976274542e-03 -1.227452662089742377e-03
1.010000000000059828e+01 -1.468386120672696138e-03 -1.204972858317301465e-03
1.020000000000059970e+01 -1.542093500117979604e-03 -1.183647844811247995e-03
1.030000000000060112e+01 -1.614658921802469144e-03 -1.163430846539222855e-03
1.040000000000060254e+01 -1.686139559054951331e-03 -1.144277968964670187e-03
1.050000000000060396e+01 -1.756590687195924011e-03 -1.126148024631016403e-03
1.060000000000060538e+01 -1.826065785991972876e-03 -1.109002372826101363e-03
1.070000000000060680e+01 -1.894616637643899495e-03 -1.092804771315219982e-03
1.080000000000060822e+01 -1.962293420536623256e-03 -1.077521239220957184e-03
1.090000000000060965e+01 -2.029144798993867682e-03 -1.063119930205098235e-03
1.100000000000061107e+01 -2.095218009239608464e-03 -1.049571015190701138e-03
1.110000000000061249e+01 -2.160558941795551191e-03 -1.036846573922240583e-03
1.120000000000061391e+01 -2.225212220514537903e-03 -1.024920494728714720e-03
1.130000000000061533e+01 -2.289221278443467206e-03 -1.013768381910318218e-03
1.140000000000061675e+01 -2.352628430722406364e-03 -1.003367470216938754e-03
1.150000000000061817e+01 -2.415474944687281446e-03 -9.936965459397546340e-04
1.160000000000061959e+01 -2.477801107368850751e-03 -9.847358741743230271e-04
1.170000000000062101e+01 -2.539646290553738625e-03 -9.764671318567943233e-04
1.180000000000062244e+01 -2.601049013566892644e-03 -9.688733462106574514e-04
1.190000000000062386e+01 -2.662047003948908759e-03 -9.619388382721332040e-04
1.200000000000062528e+01 -2.722677256164558052e-03 -9.556491711973686028e-04
1.210000000000062670e+01 -2.782976088504500976e-03 -9.499911030789022579e-04
1.220000000000062812e+01 -2.842979198317381433e-03 -9.449525440279800967e-04
1.230000000000062954e+01 -2.902721715704909000e-03 -9.405225173033578698e-04
1.240000000000063096e+01 -2.962238255827267207e-03 -9.366911242886189143e-04
1.250000000000063238e+01 -3.021562969932060222e-03 -9.334495131440311054e-04
1.260000000000063380e+01 -3.080729595246168261e-03 -9.307898509766966699e-04
1.270000000000063523e+01 -3.139771503847628951e-03 -9.287052993934654700e-04
1.280000000000063665e+01 -3.198721750631703352e-03 -9.271899933186312625e-04
1.290000000000063807e+01 -3.257613120499510025e-03 -9.262390229759049579e-04
1.300000000000063949e+01 -3.316478174872882108e-03 -9.258484189490715638e-04
1.310000000000064091e+01 -3.375349297651859468e-03 -9.260151402562223025e-04
1.320000000000064233e+01 -3.434258740729236557e-03 -9.267370653818948452e-04
1.330000000000064375e+01 -3.493238669160794556e-03 -9.280129862317759108e-04
1.340000000000064517e+01 -3.552321206110772324e-03 -9.298426049870631106e-04
1.350000000000064659e+01 -3.611538477674623021e-03 -9.322265338513643484e-04
1.360000000000064801e+01 -3.670922657680351225e-03 -9.351662976974727632e-04
1.370000000000064944e+01 -3.730506012588410969e-03 -9.386643396371865088e-04
1.380000000000065086e+01 -3.790320946580563732e-03 -9.427240295515218558e-04
1.390000000000065228e+01 -3.850400046958168607e-03 -9.473496756355055497e-04
1.400000000000065370e+01 -3.910776129952128408e-03 -9.525465390271967625e-04
1.410000000000065512e+01 -3.971482287047663554e-03 -9.583208516068616621e-04
1.420000000000065654e+01 -4.032551931947262955e-03 -9.646798370714279851e-04
1.430000000000065796e+01 -4.094018848266631032e-03 -9.716317354051255033e-04
1.440000000000065938e+01 -4.155917238090290830e-03 -9.791858308892532718e-04
1.450000000000066080e+01 -4.218281771496188055e-03 -9.873524838129859194e-04
1.460000000000066223e+01 -4.281147637160528235e-03 -9.961431660686814911e-04
1.470000000000066365e+01 -4.344550594176281068e-03 -1.005570500841312769e-03
1.480000000000066507e+01 -4.408527025189975732e-03 -1.015648306622940651e-03
1.490000000000066649e+01 -4.473113990995253655e-03 -1.026391645814592538e-03
1.500000000000066791e+01 -4.538349286704595510e-03 -1.037816878204992233e-03
1.510000000000066933e+01 -4.604271499622725194e-03 -1.049941719647252795e-03
1.520000000000067075e+01 -4.670920068968839600e-03 -1.062785306293378583e-03
1.530000000000067217e+01 -4.738335347564600133e-03 -1.076368264778977245e-03
1.540000000000067359e+01 -4.806558665639983942e-03 -1.090712788798207933e-03
1.550000000000067502e+01 -4.875632396890382074e-03 -1.105842722551300585e-03
1.560000000000067644e+01 -4.945600026919383038e-03 -1.121783651596815028e-03
1.570000000000067786e+01 -5.016506224224841388e-03 -1.138563001701143555e-03
1.580000000000067928e+01 -5.088396913851420990e-03 -1.156210146331321156e-03
1.590000000000068070e+01 -5.161319353866803197e-03 -1.174756523512272485e-03
1.600000000000068212e+01 -5.235322214794754618e-03 -1.194235762839374656e-03
1.610000000000068354e+01 -5.310455662133829052e-03 -1.214683823519039458e-03
1.620000000000068496e+01 -5.386771442108551425e-03 -1.236139144407573387e-03
1.630000000000068638e+01 -5.464322970754656970e-03 -1.258642807110204979e-03
1.640000000000068781e+01 -5.543165426466055250e-03 -1.282238713324425133e-03
1.650000000000068923e+01 -5.623355846092603985e-03 -1.306973777730651050e-03
1.660000000000069065e+01 -5.704953224657561238e-03 -1.332898137871541770e-03
1.670000000000069207e+01 -5.788018618763960885e-03 -1.360065382624066907e-03
1.680000000000069349e+01 -5.872615253687540893e-03 -1.388532801028723651e-03
1.690000000000069491e+01 -5.958808634154036908e-03 -1.418361653445348973e-03
1.700000000000069633e+01 -6.046666658723672851e-03 -1.449617467212201919e-03
1.710000000000069775e+01 -6.136259737642860666e-03 -1.482370359224311103e-03
1.720000000000069917e+01 -6.227660913975407823e-03 -1.516695388125816404e-03
1.730000000000070060e+01 -6.320945987688585989e-03 -1.552672939096203528e-03
1.740000000000070202e+01 -6.416193642299517115e-03 -1.590389144562850184e-03
1.750000000000070344e+01 -6.513485573520905528e-03 -1.629936344539891641e-03
1.760000000000070486e+01 -6.612906619174620422e-03 -1.671413590715384659e-03
1.770000000000070628e+01 -6.714544889467786992e-03 -1.714927198896125252e-03
1.780000000000070770e+01 -6.818491896428661644e-03 -1.760591354932600824e-03
1.790000000000070912e+01 -6.924842681047206974e-03 -1.808528779864618848e-03
1.800000000000071054e+01 -7.033695936269957795e-03 -1.858871460687433952e-03
1.810000000000071196e+01 -7.145154123556249348e-03 -1.911761453890995421e-03
1.820000000000071338e+01 -7.259323580205021866e-03 -1.967351769788265245e-03
1.830000000000071481e+01 -7.376314613963108786e-03 -2.025807346574771614e-03
1.840000000000071623e+01 -7.496241580702910946e-03 -2.087306124154645910e-03
1.850000000000071765e+01 -7.619222939982861660e-03 -2.152040228950191734e-03
1.860000000000071907e+01 -7.745381282166501936e-03 -2.220217282252130112e-03
1.870000000000072049e+01 -7.874843319442176998e-03 -2.292061846190558781e-03
1.880000000000072191e+01 -8.007739831364178718e-03 -2.367817023053014284e-03
1.890000000000072333e+01 -8.144205553589713847e-03 -2.447746225580102117e-03
1.900000000000072475e+01 -8.284378996016857760e-03 -2.532135137929484268e-03
1.910000000000072617e+01 -8.428402173583208340e-03 -2.621293889300933475e-03
1.920000000000072760e+01 -8.576420229464230133e-03 -2.715559464783346994e-03
1.930000000000072902e+01 -8.728580926017859287e-03 -2.815298380727626875e-03
1.940000000000073044e+01 -8.885033973649519162e-03 -2.920909655020378828e-03
1.950000000000073186e+01 -9.045930161364533484e-03 -3.032828105866538625e-03
1.960000000000073328e+01 -9.211420245046241656e-03 -3.151528016145772014e-03
1.970000000000073470e+01 -9.381653540165209651e-03 -3.277527204048869946e-03
1.980000000000073612e+01 -9.556776154142125612e-03 -3.411391544301816021e-03
1.990000000000073754e+01 -9.736928779810544859e-03 -3.553739987903991020e-03
2.000000000000073896e+01 -9.922243954535111404e-03 -3.705250131519184642e-03
2.010000000000074039e+01 -1.011284266907845446e-02 -3.866664390260588294e-03
2.020000000000074181e+01 -1.030883018552794864e-02 -4.038796829162223136e-03
2.030000000000074323e+01 -1.051029089336718778e-02 -4.222540708287530510e-03
2.040000000000074465e+01 -1.071728199636958617e-02 -4.418876793533686211e-03
2.050000000000074607e+01 -1.092982577881161307e-02 -4.628882478171243882e-03
2.060000000000074749e+01 -1.114790014632040423e-02 -4.853741747376022139e-03
2.070000000000074891e+01 -1.137142707289160760e-02 -5.094755997027934462e-03
2.080000000000075033e+01 -1.160025850925472390e-02 -5.353355685245720155e-03
2.090000000000075175e+01 -1.183415921743940884e-02 -5.631112746297146227e-03
2.100000000000075318e+01 -1.207278589009540097e-02 -5.929753625112861061e-03
2.110000000000075460e+01 -1.231566178991383431e-02 -6.251172688597348565e-03
2.120000000000075602e+01 -1.256214600421998000e-02 -6.597445626364046092e-03
2.130000000000075744e+01 -1.281139625381259861e-02 -6.970842253676741603e-03
2.140000000000075886e+01 -1.306232402859298057e-02 -7.373837855150468072e-03
2.150000000000076028e+01 -1.331354065487113519e-02 -7.809121834862643025e-03
2.160000000000076170e+01 -1.356329274863135592e-02 -8.279601937725629066e-03
2.170000000000076312e+01 -1.380938540575540885e-02 -8.788401642814192005e-03
2.180000000000076454e+01 -1.404909147265902790e-02 -9.338847460619021171e-03
2.190000000000076597e+01 -1.427904540493143797e-02 -9.934441750841507476e-03
2.200000000000076739e+01 -1.449512067003281418e-02 -1.057881527630246538e-02
2.210000000000076881e+01 -1.469229054714603355e-02 -1.127565200177651356e-02
2.220000000000077023e+01 -1.486447375188618483e-02 -1.202857665489514422e-02
2.230000000000077165e+01 -1.500436887114476800e-02 -1.284099338951566298e-02
2.240000000000077307e+01 -1.510328551765941635e-02 -1.371586177192657928e-02
2.250000000000077449e+01 -1.515098584160782733e-02 -1.465539471306107067e-02
2.260000000000077591e+01 -1.513555798461805463e-02 -1.566066270327591201e-02
2.270000000000077733e+01 -1.504335346537166024e-02 -1.673109104297880109e-02
2.280000000000077875e+01 -1.485903310479256417e-02 -1.786384353465501548e-02
2.290000000000078018e+01 -1.456577974590062864e-02 -1.905309967659354203e-02
2.300000000000078160e+01 -1.414574792279783139e-02 -2.028925535267411817e-02
2.310000000000078302e+01 -1.358082572901175150e-02 -2.155811129287641889e-02
2.320000000000078444e+01 -1.285377471075062339e-02 -2.284015888362097429e-02
2.330000000000078586e+01 -1.194977991622821548e-02 -2.411012425314792637e-02
2.340000000000078728e+01 -1.085837510037531220e-02 -2.533697657413142706e-02
2.350000000000078870e+01 -9.575604349299186510e-03 -2.648462402393985879e-02
2.360000000000079012e+01 -8.106151670607079224e-03 -2.751348342697900254e-02
2.370000000000079154e+01 -6.465045817243748362e-03 -2.838299318561621903e-02
2.380000000000079297e+01 -4.678480832638312083e-03 -2.905493957436365571e-02
2.390000000000079439e+01 -2.783341681204269582e-03 -2.949721739288090061e-02
2.400000000000079581e+01 -8.252230669848915207e-04 -2.968742392642669328e-02
2.410000000000079723e+01 1.144944949885469063e-03 -2.961558887056293943e-02
2.420000000000079865e+01 3.075191177251847437e-03 -2.928544593119292855e-02
2.430000000000080007e+01 4.916982585507235007e-03 -2.871395255241920852e-02
2.440000000000080149e+01 6.629099299605306986e-03 -2.792916982743005525e-02
2.450000000000080291e+01 8.180291781080968258e-03 -2.696697971556364509e-02
2.460000000000080433e+01 9.550438001876167260e-03 -2.586731643836690658e-02
2.470000000000080576e+01 1.073027474755379115e-02 -2.467057859519446866e-02
2.480000000000080718e+01 1.172004131209121447e-02 -2.341471217396694227e-02
2.490000000000080860e+01 1.252749006027499730e-02 -2.213320627580832659e-02
2.500000000000081002e+01 1.316569803342672318e-02 -2.085401420815185744e-02
2.510000000000081144e+01 1.365100852098218021e-02 -1.959925661579235007e-02
2.520000000000081286e+01 1.400129901326592659e-02 -1.838549187200193974e-02
2.530000000000081428e+01 1.423465383250491559e-02 -1.722433475930045671e-02
2.540000000000081570e+01 1.436843556239371378e-02 -1.612323998757970653e-02
2.550000000000081712e+01 1.441870128929743922e-02 -1.508631760454338944e-02
2.560000000000081855e+01 1.439989036898291393e-02 -1.411509643696574022e-02
2.570000000000081997e+01 1.432470997640433730e-02 -1.320919129718005174e-02
2.580000000000082139e+01 1.420415425920121093e-02 -1.236685768933694536e-02
2.590000000000082281e+01 1.404760622781227840e-02 -1.158543532047188497e-02
2.600000000000082423e+01 1.386298483266306877e-02 -1.086169129725973737e-02
2.610000000000082565e+01 1.365691117338174200e-02 -1.019207799982473073e-02
2.620000000000082707e+01 1.343487685104060095e-02 -9.572921361364958651e-03
2.630000000000082849e+01 1.320140417558064196e-02 -9.000554170886302524e-03
2.640000000000082991e+01 1.296019263714193875e-02 -8.471407060537734790e-03
2.650000000000083134e+01 1.271424918307145421e-02 -7.982067646952268475e-03
2.660000000000083276e+01 1.246600182550753645e-02 -7.529316200435852251e-03
2.670000000000083418e+01 1.221739727948916061e-02 -7.110144371666548765e-03
2.680000000000083560e+01 1.196998396206805544e-02 -6.721761965212138222e-03
2.690000000000083702e+01 1.172498196073752316e-02 -6.361595506676362595e-03
2.700000000000083844e+01 1.148334163932226981e-02 -6.027281373505431229e-03
2.710000000000083986e+01 1.124579248283269148e-02 -5.716655506934371390e-03
2.720000000000084128e+01 1.101288364903812642e-02 -5.427741151283934848e-03
2.730000000000084270e+01 1.078501753195498097e-02 -5.158735639426203189e-03
2.740000000000084412e+01 1.056247747373786038e-02 -4.907996926943261271e-03
2.750000000000084555e+01 1.034545059972569528e-02 -4.674030346045964478e-03
2.760000000000084697e+01 1.013404660367640472e-02 -4.455475883096459214e-03
2.770000000000084839e+01 9.928313178972737046e-03 -4.251096163859063685e-03
2.780000000000084981e+01 9.728248677733329630e-03 -4.059765246436706880e-03
2.790000000000085123e+01 9.533812482257913307e-03 -3.880458263496555996e-03
2.800000000000085265e+01 9.344933490628154135e-03 -3.712241915830574810e-03
2.810000000000085407e+01 9.161517049065689977e-03 -3.554265793479390294e-03
2.820000000000085549e+01 8.983450605682639922e-03 -3.405754484335502246e-03
2.830000000000085691e+01 8.810608312234433775e-03 -3.266000420827310739e-03
2.840000000000085834e+01 8.642854760649205242e-03 -3.134357410659816424e-03
2.850000000000085976e+01 8.480048008140910268e-03 -3.010234796172801819e-03
2.860000000000086118e+01 8.322042017652129739e-03 -2.893092187735075201e-03
2.870000000000086260e+01 8.168688617918995823e-03 -2.782434718693013818e-03
2.880000000000086402e+01 8.019839069091559691e-03 -2.677808772437962389e-03
2.890000000000086544e+01 7.875345304684790160e-03 -2.578798135602314735e-03
2.900000000000086686e+01 7.735060908118613493e-03 -2.485020534996901058e-03
2.910000000000086828e+01 7.598841871918358103e-03 -2.396124519598568075e-03
2.920000000000086970e+01 7.466547179126330550e-03 -2.311786652380752420e-03
2.930000000000087113e+01 7.338039239567494508e-03 -2.231708980170265481e-03
2.940000000000087255e+01 7.213184207879823687e-03 -2.155616752846793542e-03
2.950000000000087397e+01 7.091852205456691642e-03 -2.083256366073783609e-03
2.960000000000087539e+01 6.973917464618715513e-03 -2.014393504442139708e-03
2.970000000000087681e+01 6.859258410054788757e-03 -1.948811464280149862e-03
2.980000000000087823e+01 6.747757689960085653e-03 -1.886309637590304631e-03
2.990000000000087965e+01 6.639302167104588551e-03 -1.826702140536432244e-03
3.000000000000088107e+01 6.533782878219167659e-03 -1.769816571649776788e-03
3.010000000000088249e+01 6.431094968644620290e-03 -1.715492886535039709e-03
3.020000000000088392e+01 6.331137607894624098e-03 -1.663582377239674216e-03
3.030000000000088534e+01 6.233813890794313688e-03 -1.613946745731638767e-03
3.040000000000088676e+01 6.139030728005923088e-03 -1.566457262054258117e-03
3.050000000000088818e+01 6.046698729020178950e-03 -1.520993998714105554e-03
3.060000000000088960e+01 5.956732080160110493e-03 -1.477445133776032326e-03
3.070000000000089102e+01 5.869048419614874938e-03 -1.435706315910130655e-03
3.080000000000089244e+01 5.783568711154632794e-03 -1.395680085359428130e-03
3.090000000000089386e+01 5.700217117847496129e-03 -1.357275345426221498e-03
3.100000000000089528e+01 5.618920876800985453e-03 -1.320406879623842395e-03
3.110000000000089670e+01 5.539610175769769766e-03 -1.284994910160926901e-03
3.120000000000089813e+01 5.462218032244251995e-03 -1.250964693850989493e-03
3.130000000000089955e+01 5.386680175510490283e-03 -1.218246151950246091e-03
3.140000000000090097e+01 5.312934932045997732e-03 -1.186773530779890000e-03
3.150000000000090239e+01 5.240923114490402164e-03 -1.156485090295024127e-03
3.160000000000090381e+01 5.170587914384829065e-03 -1.127322818061275884e-03
3.170000000000090523e+01 5.101874798768946985e-03 -1.099232166336208596e-03
3.180000000000090665e+01 5.034731410694191084e-03 -1.072161810188733671e-03
3.190000000000090807e+01 4.969107473666911634e-03 -1.046063424790818043e-03
