-3.200000000000000000e+01 1.876135154238485481e-02 4.043922415293538415e-03
-3.189999999999999858e+01 1.901506438327714432e-02 4.145380116948241614e-03
-3.179999999999999716e+01 1.927469860593388970e-02 4.250598084577829512e-03
-3.169999999999999574e+01 1.954045001705127446e-02 4.359761570885281080e-03
-3.159999999999999432e+01 1.981252251068605502e-02 4.473067209502190611e-03
-3.149999999999999289e+01 2.009112844140895776e-02 4.590723850907319110e-03
-3.139999999999999147e+01 2.037648901328950254e-02 4.712953469543755200e-03
-3.129999999999999005e+01 2.066883468488276560e-02 4.839992149032656434e-03
-3.119999999999998863e+01 2.096840559016289324e-02 4.972091153083618362e-03
-3.109999999999998721e+01 2.127545197516519243e-02 5.109518090520827338e-03
-3.099999999999998579e+01 2.159023464997292252e-02 5.252558183805630491e-03
-3.089999999999998437e+01 2.191302545526079698e-02 5.401515651398288570e-03
-3.079999999999998295e+01 2.224410774241993710e-02 5.556715215518504350e-03
-3.069999999999998153e+01 2.258377686577957982e-02 5.718503748111070269e-03
-3.059999999999998010e+01 2.293234068492848096e-02 5.887252069262072576e-03
-3.049999999999997868e+01 2.329012007462999065e-02 6.063356913981415505e-03
-3.039999999999997726e+01 2.365744943890444457e-02 6.247243085002229628e-03
-3.029999999999997584e+01 2.403467722511127419e-02 6.439365811366532834e-03
-3.019999999999997442e+01 2.442216643265075066e-02 6.640213334802780830e-03
-3.009999999999997300e+01 2.482029510955986035e-02 6.850309748463636293e-03
-2.999999999999997158e+01 2.522945682878169685e-02 7.070218115541190840e-03
-2.989999999999997016e+01 2.565006113373651322e-02 7.300543898416798037e-03
-2.979999999999996874e+01 2.608253394065103078e-02 7.541938732742465429e-03
-2.969999999999996732e+01 2.652731788212051717e-02 7.795104584872632712e-03
-2.959999999999996589e+01 2.698487257291474345e-02 8.060798335641902387e-03
-2.949999999999996447e+01 2.745567477500578807e-02 8.339836838705344535e-03
-2.939999999999996305e+01 2.794021843352798712e-02 8.633102507289797112e-03
-2.929999999999996163e+01 2.843901454950250457e-02 8.941549489771792592e-03
-2.919999999999996021e+01 2.895259084764035054e-02 9.266210501607386255e-03
-2.909999999999995879e+01 2.948149118859960671e-02 9.608204389134615553e-03
-2.899999999999995737e+01 3.002627466442930187e-02 9.968744509760029196e-03
-2.889999999999995595e+01 3.058751430258572351e-02 1.034914802270393841e-02
-2.879999999999995453e+01 3.116579528830030338e-02 1.075084619544732639e-02
-2.869999999999995310e+01 3.176171259567893423e-02 1.117539584272356397e-02
-2.859999999999995168e+01 3.237586789456033121e-02 1.162449202766196316e-02
-2.849999999999995026e+01 3.300886557202006161e-02 1.209998216850022811e-02
-2.839999999999994884e+01 3.366130767270171520e-02 1.260388170847592804e-02
-2.829999999999994742e+01 3.433378752065517625e-02 1.313839152156288416e-02
-2.819999999999994600e+01 3.502688173437672192e-02 1.370591724139517791e-02
-2.809999999999994458e+01 3.574114028499959100e-02 1.430909071475577367e-02
-2.799999999999994316e+01 3.647707417279252157e-02 1.495079379341563916e-02
-2.789999999999994174e+01 3.723514020566487392e-02 1.563418468666301353e-02
-2.779999999999994031e+01 3.801572225313599313e-02 1.636272710035580405e-02
-2.769999999999993889e+01 3.881910821493785024e-02 1.714022238256645431e-02
-2.759999999999993747e+01 3.964546178114788932e-02 1.797084487704585232e-02
-2.749999999999993605e+01 4.049478786511176431e-02 1.885918064778923514e-02
-2.739999999999993463e+01 4.136689035429454153e-02 1.981026967153886112e-02
-2.729999999999993321e+01 4.226132054222182799e-02 2.082965148988932813e-02
-2.719999999999993179e+01 4.317731426817288803e-02 2.192341415152171055e-02
-2.709999999999993037e+01 4.411371539409589260e-02 2.309824603738673890e-02
-2.699999999999992895e+01 4.506888278444630413e-02 2.436148981879829659e-02
-2.689999999999992752e+01 4.604057741999889597e-02 2.572119731071869503e-02
-2.679999999999992610e+01 4.702582567494239391e-02 2.718618330132637970e-02
-2.669999999999992468e+01 4.802075412773004759e-02 2.876607549610661965e-02
-2.659999999999992326e+01 4.902039058892376788e-02 3.047135642627195329e-02
-2.649999999999992184e+01 5.001842536707545167e-02 3.231339143031843053e-02
-2.639999999999992042e+01 5.100692624886506155e-02 3.430443449044059956e-02
-2.629999999999991900e+01 5.197600039824414736e-02 3.645760063997768863e-02
-2.619999999999991758e+01 5.291339662305991759e-02 3.878678967912133069e-02
-2.609999999999991616e+01 5.380404258940789386e-02 4.130654087475285619e-02
-2.599999999999991473e+01 5.462951413244562793e-02 4.403179204558881066e-02
-2.589999999999991331e+01 5.536743859901048503e-02 4.697750892147829760e-02
-2.579999999999991189e+01 5.599084223572192709e-02 5.015814212934589789e-02
-2.569999999999991047e+01 5.646746439884367530e-02 5.358686022872410221e-02
-2.559999999999990905e+01 5.675908049381413190e-02 5.727449925281875159e-02
-2.549999999999990763e+01 5.682090284976173966e-02 6.122816468318117988e-02
-2.539999999999990621e+01 5.660116566523013676e-02 6.544942479082320463e-02
-2.529999999999990479e+01 5.604104698450543265e-02 6.993205101890047348e-02
-2.519999999999990337e+01 5.507513491359616875e-02 7.465930009205233586e-02
-2.509999999999990195e+01 5.363269951275862618e-02 7.960080410962236397e-02
-2.499999999999990052e+01 5.164007075826796550e-02 8.470924894051379272e-02
-2.489999999999989910e+01 4.902442110711059675e-02 8.991718253255442939e-02
-2.479999999999989768e+01 4.571917258228801184e-02 9.513449469289869675e-02
-2.469999999999989626e+01 4.167105232985189589e-02 1.002473156391969766e-01
-2.459999999999989484e+01 3.684847770177100690e-02 1.051192253055888842e-01
-2.449999999999989342e+01 3.125047075946606884e-02 1.095956483091674177e-01
-2.439999999999989200e+01 2.491476231995666535e-02 1.135120184390951137e-01
-2.429999999999989058e+01 1.792331691372902464e-02 1.167056611194339094e-01
-2.419999999999988916e+01 1.040342732944157106e-02 1.190304087881899620e-01
-2.409999999999988773e+01 2.523000821925651740e-03 1.203719524440642896e-01
-2.399999999999988631e+01 -5.520265018708616148e-03 1.206612141833476870e-01
-2.389999999999988489e+01 -1.351466719204831406e-02 1.198829834605125294e-01
-2.379999999999988347e+01 -2.125274386120820994e-02 1.180778734937085184e-01
-2.369999999999988205e+01 -2.854876703519728526e-02 1.153371413541248447e-01
-2.359999999999988063e+01 -3.525248824691661759e-02 1.117915675158728944e-01
-2.349999999999987921e+01 -4.125720897060015935e-02 1.075968157242709056e-01
-2.339999999999987779e+01 -4.650171298550484500e-02 1.029181138358268160e-01
-2.329999999999987637e+01 -5.096692385696152683e-02 9.791670403490136676e-02
-2.319999999999987494e+01 -5.466896027554401377e-02 9.273960631564777402e-02
-2.309999999999987352e+01 -5.765046109431087862e-02 8.751322448483127292e-02
-2.299999999999987210e+01 -5.997177987387570380e-02 8.234051114088290768e-02
-2.289999999999987068e+01 -6.170314249212942997e-02 7.730093385176232956e-02
-2.279999999999986926e+01 -6.291833296336896142e-02 7.245233233885664537e-02
-2.269999999999986784e+01 -6.369005004341637965e-02 6.783382775375394746e-02
-2.259999999999986642e+01 -6.408680373326422486e-02 6.346912851311389825e-02
-2.249999999999986500e+01 -6.417108353842494728e-02 5.936978631707789944e-02
-2.239999999999986358e+01 -6.399849194941227559e-02 5.553814052600826445e-02
-2.229999999999986215e+01 -6.361755736653623705e-02 5.196982871241406787e-02
-2.219999999999986073e+01 -6.306998916480127670e-02 4.865583470913851377e-02
-2.209999999999985931e+01 -6.239119318659587521e-02 4.558410077212613626e-02
-2.199999999999985789e+01 -6.161091735308865669e-02 4.274075806317124276e-02
-2.189999999999985647e+01 -6.075393946543893031e-02 4.011103917678741915e-02
-2.179999999999985505e+01 -5.984074164378241911e-02 3.767993534927518290e-02
-2.169999999999985363e+01 -5.888813918399018327e-02 3.543265448181447813e-02
-2.159999999999985221e+01 -5.790984759802497717e-02 3.335492747340356584e-02
-2.149999999999985079e+01 -5.691698202210110358e-02 3.143320149240953765e-02
-2.139999999999984936e+01 -5.591848959106732880e-02 2.965475070236011854e-02
-2.129999999999984794e+01 -5.492151903156292092e-02 2.800772800505326940e-02
-2.119999999999984652e+01 -5.393173355334573982e-02 2.648117565686005162e-02
-2.109999999999984510e+01 -5.295357378678393345e-02 2.506500807065561304e-02
-2.099999999999984368e+01 -5.199047748379141687e-02 2.374997657703737178e-02
-2.089999999999984226e+01 -5.104506227874795049e-02 2.252762321302028206e-02
-2.079999999999984084e+01 -5.011927719244876900e-02 2.139022856637340028e-02
-2.069999999999983942e+01 -4.921452787918618316e-02 2.033075718472785245e-02
-2.059999999999983800e+01 -4.833177993867775191e-02 1.934280294150751700e-02
-2.049999999999983658e+01 -4.747164397911793343e-02 1.842053593665478328e-02
-2.039999999999983515e+01 -4.663444554619609883e-02 1.755865192530251667e-02
-2.029999999999983373e+01 -4.582028253104385856e-02 1.675232485190088216e-02
-2.019999999999983231e+01 -4.502907223706321266e-02 1.599716277640837389e-02
-2.009999999999983089e+01 -4.426058991763651140e-02 1.528916728025130935e-02
-1.999999999999982947e+01 -4.351450028568366185e-02 1.462469630611688484e-02
-1.989999999999982805e+01 -4.279038323621801865e-02 1.400043030017504055e-02
-1.979999999999982663e+01 -4.208775480641005484e-02 1.341334147325323051e-02
-1.969999999999982521e+01 -4.140608421770984593e-02 1.286066596889383871e-02
-1.959999999999982379e+01 -4.074480769625715010e-02 1.233987871444571123e-02
-1.949999999999982236e+01 -4.010333964469574297e-02 1.184867072994548291e-02
-1.939999999999982094e+01 -3.948108163754858457e-02 1.138492867586531586e-02
-1.929999999999981952e+01 -3.887742962895615606e-02 1.094671643140485498e-02
-1.919999999999981810e+01 -3.829177969278711735e-02 1.053225850808744458e-02
-1.909999999999981668e+01 -3.772353255899517366e-02 1.013992511816524077e-02
-1.899999999999981526e+01 -3.717209716333812197e-02 9.768218732004202431e-03
-1.889999999999981384e+01 -3.663689338954622537e-02 9.415761973455326686e-03
-1.879999999999981242e+01 -3.611735415154487816e-02 9.081286716299116421e-03
-1.869999999999981100e+01 -3.561292693724815023e-02 8.763624258017414098e-03
-1.859999999999980957e+01 -3.512307491435256307e-02 8.461696459660628458e-03
-1.849999999999980815e+01 -3.464727768068638636e-02 8.174507751746997244e-03
-1.839999999999980673e+01 -3.418503172731698209e-02 7.901137916594453900e-03
-1.829999999999980531e+01 -3.373585067062075810e-02 7.640735566861891689e-03
-1.819999999999980389e+01 -3.329926529947464797e-02 7.392512248465895816e-03
-1.809999999999980247e+01 -3.287482347578082886e-02 7.155737103799166866e-03
-1.799999999999980105e+01 -3.246208991954457196e-02 6.929732037877782587e-03
-1.789999999999979963e+01 -3.206064590428103073e-02 6.713867336250360120e-03
-1.779999999999979821e+01 -3.167008888389263865e-02 6.507557688960122211e-03
-1.769999999999979678e+01 -3.129003206820357708e-02 6.310258579660842776e-03
-1.759999999999979536e+01 -3.092010396137222228e-02 6.121463003444576820e-03
-1.749999999999979394e+01 -3.055994787458047451e-02 5.940698480705624944e-03
-1.739999999999979252e+01 -3.020922142235790350e-02 5.767524337884309509e-03
-1.729999999999979110e+01 -2.986759601009679466e-02 5.601529228999571099e-03
-1.719999999999978968e+01 -2.953475631871958079e-02 5.442328874559967597e-03
-1.709999999999978826e+01 -2.921039979141018539e-02 5.289563996964985124e-03
-1.699999999999978684e+01 -2.889423612613397502e-02 5.142898433591206256e-03
-1.689999999999978542e+01 -2.858598677694907525e-02 5.002017410745678884e-03
-1.679999999999978400e+01 -2.828538446641847004e-02 4.866625963386149792e-03
-1.669999999999978257e+01 -2.799217271077128130e-02 4.736447486999227803e-03
-1.659999999999978115e+01 -2.770610535915364256e-02 4.611222409468422601e-03
-1.649999999999977973e+01 -2.742694614777843598e-02 4.490706971916845307e-03
-1.639999999999977831e+01 -2.715446826957433960e-02 4.374672108646997237e-03
-1.629999999999977689e+01 -2.688845395968022384e-02 4.262902417272840250e-03
-1.619999999999977547e+01 -2.662869409684421457e-02 4.155195210976406033e-03
-1.609999999999977405e+01 -2.637498782076286297e-02 4.051359645661276217e-03
-1.599999999999977263e+01 -2.612714216513289597e-02 3.951215915417965498e-03
-1.589999999999977121e+01 -2.588497170617492377e-02 3.854594510381183746e-03
-1.579999999999976978e+01 -2.564829822630733391e-02 3.761335531619515969e-03
-1.569999999999976836e+01 -2.541695039251314070e-02 3.671288058173315105e-03
-1.559999999999976694e+01 -2.519076344902148115e-02 3.584309561859797336e-03
-1.549999999999976552e+01 -2.496957892377364707e-02 3.500265365824895784e-03
-1.539999999999976410e+01 -2.475324434820106931e-02 3.419028143220300808e-03
-1.529999999999976268e+01 -2.454161298982704756e-02 3.340477452713274970e-03
-1.519999999999976126e+01 -2.433454359713011633e-02 3.264499307810026299e-03
-1.509999999999975984e+01 -2.413190015621602055e-02 3.190985777283840072e-03
-1.499999999999975842e+01 -2.393355165874187784e-02 3.119834614202184053e-03
-1.489999999999975699e+01 -2.373937188061317483e-02 3.050948911293017117e-03
-1.479999999999975557e+01 -2.354923917098142305e-02 2.984236780587779664e-03
-1.469999999999975415e+01 -2.336303625102171752e-02 2.919611055436993445e-03
-1.459999999999975273e+01 -2.318065002208056710e-02 2.856989013192283954e-03
-1.449999999999975131e+01 -2.300197138270270586e-02 2.796292116962374816e-03
-1.439999999999974989e+01 -2.282689505412351105e-02 2.737445775006989816e-03
-1.429999999999974847e+01 -2.265531941382671263e-02 2.680379116453210885e-03
-1.419999999999974705e+01 -2.248714633672849877e-02 2.625024782111223982e-03
-1.409999999999974563e+01 -2.232228104365274052e-02 2.571318729296915347e-03
-1.399999999999974420e+01 -2.216063195669153163e-02 2.519200049631414081e-03
-1.389999999999974278e+01 -2.200211056111640862e-02 2.468610798890343190e-03
-1.379999999999974136e+01 -2.184663127351954559e-02 2.419495838050754032e-03
-1.369999999999973994e+01 -2.169411131582839672e-02 2.371802684737643867e-03
-1.359999999999973852e+01 -2.154447059493211011e-02 2.325481374361168703e-03
-1.349999999999973710e+01 -2.139763158759253048e-02 2.280484330268859293e-03
-1.339999999999973568e+01 -2.125351923037727131e-02 2.236766242306833727e-03
-1.329999999999973426e+01 -2.111206081436289156e-02 2.194283953232056654e-03
-1.319999999999973284e+01 -2.097318588432336636e-02 2.152996352448888120e-03
-1.309999999999973141e+01 -2.083682614220286333e-02 2.112864276606524899e-03
-1.299999999999972999e+01 -2.070291535461152993e-02 2.073850416610218891e-03
-1.289999999999972857e+01 -2.057138926413956681e-02 2.035919230648225962e-03
-1.279999999999972715e+01 -2.044218550429319908e-02 1.999036862867988040e-03
-1.269999999999972573e+01 -2.031524351782447446e-02 1.963171067352920216e-03
-1.259999999999972431e+01 -2.019050447830107037e-02 1.928291137098204697e-03
-1.249999999999972289e+01 -2.006791121470655886e-02 1.894367837690282691e-03
-1.239999999999972147e+01 -1.994740813891019565e-02 1.861373345431384385e-03
-1.229999999999972005e+01 -1.982894117585130150e-02 1.829281189671257742e-03
-1.219999999999971863e+01 -1.971245769626046168e-02 1.798066199121121575e-03
-1.209999999999971720e+01 -1.959790645177685031e-02 1.767704451952888459e-03
-1.199999999999971578e+01 -1.948523751232711376e-02 1.738173229504631854e-03
-1.189999999999971436e+01 -1.937440220560081305e-02 1.709450973421072426e-03
-1.179999999999971294e+01 -1.926535305851997254e-02 1.681517246089366327e-03
-1.169999999999971152e+01 -1.915804374054884407e-02 1.654352694231044606e-03
-1.159999999999971010e+01 -1.905242900873037326e-02 1.627939015535446315e-03
-1.149999999999970868e+01 -1.894846465433974725e-02 1.602258928233796318e-03
-1.139999999999970726e+01 -1.884610745101533008e-02 1.577296143518502371e-03
-1.129999999999970584e+01 -1.874531510428419090e-02 1.553035340738943490e-03
-1.119999999999970441e+01 -1.864604620235007018e-02 1.529462145305029389e-03
-1.109999999999970299e+01 -1.854826016804825978e-02 1.506563109251126634e-03
-1.099999999999970157e+01 -1.845191721187371126e-02 1.484325694425343931e-03
-1.089999999999970015e+01 -1.835697828596007802e-02 1.462738258274684511e-03
-1.079999999999969873e+01 -1.826340503893874104e-02 1.441790042221003688e-03
-1.069999999999969731e+01 -1.817115977156000955e-02 1.421471162624388020e-03
-1.059999999999969589e+01 -1.808020539299186324e-02 1.401772604351215253e-03
-1.049999999999969447e+01 -1.799050537771197666e-02 1.382686216977537658e-03
-1.039999999999969305e+01 -1.790202372288163257e-02 1.364204713666310013e-03
-1.029999999999969162e+01 -1.781472490613665929e-02 1.346321672781947490e-03
-1.019999999999969020e+01 -1.772857384368655559e-02 1.329031542311325236e-03
-1.009999999999968878e+01 -1.764353584864276556e-02 1.312329647183286228e-03
-9.999999999999687361e+00 -1.755957658949723263e-02 1.296212199595761071e-03
-9.899999999999685940e+00 -1.747666204864623679e-02 1.280676312473125189e-03
-9.799999999999684519e+00 -1.739475848089817867e-02 1.265720016204917742e-03
-9.699999999999683098e+00 -1.731383237186211871e-02 1.251342278830454291e-03
-9.599999999999681677e+00 -1.723385039614248188e-02 1.237543029862711932e-03
-9.499999999999680256e+00 -1.715477937526543872e-02 1.224323187970037790e-03
-9.399999999999678835e+00 -1.707658623523890945e-02 1.211684692757627069e-03
-9.299999999999677414e+00 -1.699923796368984358e-02 1.199630540928251551e-03
-9.199999999999675993e+00 -1.692270156648496837e-02 1.188164827128111462e-03
-9.099999999999674571e+00 -1.684694402376952366e-02 1.177292789824961865e-03
-8.999999999999673150e+00 -1.677193224536186605e-02 1.167020862605552042e-03
-8.899999999999671729e+00 -1.669763302542219899e-02 1.157356731320753097e-03
-8.799999999999670308e+00 -1.662401299635785090e-02 1.148309397561522900e-03
-8.699999999999668887e+00 -1.655103858189713173e-02 1.139889248998185618e-03
-8.599999999999667466e+00 -1.647867594929688928e-02 1.132108137179701352e-03
-8.499999999999666045e+00 -1.640689096066068331e-02 1.124979463456564702e-03
-8.399999999999664624e+00 -1.633564912333498875e-02 1.118518273763582753e-03
-8.299999999999663203e+00 -1.626491553940533075e-02 1.112741363086246389e-03
-8.199999999999661782e+00 -1.619465485429935625e-02 1.107667390523827365e-03
-8.099999999999660361e+00 -1.612483120455350180e-02 1.103317005968842968e-03
-7.999999999999658939e+00 -1.605540816483188443e-02 1.099712989538400090e-03
-7.899999999999657518e+00 -1.598634869430282796e-02 1.096880405021562893e-03
-7.799999999999656097e+00 -1.591761508256153354e-02 1.094846768754849722e-03
-7.699999999999654676e+00 -1.584916889531015616e-02 1.093642235498878783e-03
-7.599999999999653255e+00 -1.578097092009888430e-02 1.093299803073666428e-03
-7.499999999999651834e+00 -1.571298111251598351e-02 1.093855537714710779e-03
-7.399999999999650413e+00 -1.564515854329578265e-02 1.095348822342336048e-03
-7.299999999999648992e+00 -1.557746134697089030e-02 1.097822630195868614e-03
-7.199999999999647571e+00 -1.550984667281016249e-02 1.101323826574833291e-03
-7.099999999999646150e+00 -1.544227063898514357e-02 1.105903501756495821e-03
-6.999999999999644729e+00 -1.537468829112445187e-02 1.111617338525747005e-03
-6.899999999999643308e+00 -1.530705356665506764e-02 1.118526018167995649e-03
-6.799999999999641886e+00 -1.523931926667800724e-02 1.126695669237912957e-03
-6.699999999999640465e+00 -1.517143703747164327e-02 1.136198363941087926e-03
-6.599999999999639044e+00 -1.510335736419452304e-02 1.147112667550569121e-03
-6.499999999999637623e+00 -1.503502957991142280e-02 1.159524246937283440e-03
-6.399999999999636202e+00 -1.496640189371040500e-02 1.173526545034517775e-03
-6.299999999999634781e+00 -1.489742144251582356e-02 1.189221528877148527e-03
-6.199999999999633360e+00 -1.482803437213876807e-02 1.206720519784701927e-03
-6.099999999999631939e+00 -1.475818595430020488e-02 1.226145115282554002e-03
-5.999999999999630518e+00 -1.468782074778060553e-02 1.247628213497295989e-03
-5.899999999999629097e+00 -1.461688281354218966e-02 1.271315152033066984e-03
-5.799999999999627676e+00 -1.454531599578209877e-02 1.297364974718316979e-03
-5.699999999999626255e+00 -1.447306428335509709e-02 1.325951841144271115e-03
-5.599999999999624833e+00 -1.440007226907589338e-02 1.357266595560100569e-03
-5.499999999999623412e+00 -1.432628572810984088e-02 1.391518513455314299e-03
-5.399999999999621991e+00 -1.425165234112427473e-02 1.428937246033852929e-03
-5.299999999999620570e+00 -1.417612259335603031e-02 1.469774984692048467e-03
-5.199999999999619149e+00 -1.409965088732553773e-02 1.514308869551245912e-03
-5.099999999999617728e+00 -1.402219691497953724e-02 1.562843667915954707e-03
-4.999999999999616307e+00 -1.394372734478926262e-02 1.615714750125021859e-03
-4.899999999999614886e+00 -1.386421789112917205e-02 1.673291391447144158e-03
-4.799999999999613465e+00 -1.378365584763233467e-02 1.735980429098539501e-03
-4.699999999999612044e+00 -1.370204318352908138e-02 1.804230302812440470e-03
-4.599999999999610623e+00 -1.361940032296415914e-02 1.878535505011717094e-03
-4.499999999999609201e+00 -1.353577075254820683e-02 1.959441461792199232e-03
-4.399999999999607780e+00 -1.345122663269935487e-02 2.047549857547851376e-03
-4.299999999999606359e+00 -1.336587562459957967e-02 2.143524402594460324e-03
-4.199999999999604938e+00 -1.327986918754055917e-02 2.248097022703936937e-03
-4.099999999999603517e+00 -1.319341265202325642e-02 2.362074419213317303e-03
-3.999999999999602096e+00 -1.310677743273565982e-02 2.486344904794803023e-03
-3.899999999999600675e+00 -1.302031581266427374e-02 2.621885358328971544e-03
-3.799999999999599254e+00 -1.293447880462859217e-02 2.769768056258413436e-03
-3.699999999999597833e+00 -1.284983767739901472e-02 2.931167019522076811e-03
-3.599999999999596412e+00 -1.276710981633204234e-02 3.107363354390702687e-03
-3.499999999999594991e+00 -1.268718966551953681e-02 3.299748849988026062e-03
-3.399999999999593570e+00 -1.261118555708519440e-02 3.509826810435642819e-03
-3.299999999999592148e+00 -1.254046325321323679e-02 3.739208728989182329e-03
-3.199999999999590727e+00 -1.247669697641164144e-02 3.989604939371008824e-03
-3.099999999999589306e+00 -1.242192853757131260e-02 4.262806792617795243e-03
-2.999999999999587885e+00 -1.237863482444036267e-02 4.560657203027142920e-03
-2.899999999999586464e+00 -1.234980329743300131e-02 4.885005600770649797e-03
-2.799999999999585043e+00 -1.233901414395220664e-02 5.237642473448905767e-03
-2.699999999999583622e+00 -1.235052623757898482e-02 5.620207885939282333e-03
-2.599999999999582201e+00 -1.238936190759570150e-02 6.034067836288643100e-03
-2.499999999999580780e+00 -1.246138266464462407e-02 6.480152354684555471e-03
-2.399999999999579359e+00 -1.257334448881724381e-02 6.958750342528637056e-03
-2.299999999999577938e+00 -1.273291734716684720e-02 7.469258862434366431e-03
-2.199999999999576517e+00 -1.294864994518962059e-02 8.009889537383567404e-03
-2.099999999999575095e+00 -1.322985855109291842e-02 8.577342293296055797e-03
-1.999999999999573674e+00 -1.358641985510674471e-02 9.166466639652065540e-03
-1.899999999999572253e+00 -1.402845432283218036e-02 9.769941552695927955e-03
-1.799999999999570832e+00 -1.456589991764201814e-02 1.037801355138821824e-02
-1.699999999999569411e+00 -1.520799590947538582e-02 1.097833368943321175e-02
-1.599999999999567990e+00 -1.596271835183354221e-02 1.155592232928039087e-02
-1.499999999999566569e+00 -1.683622322994163950e-02 1.209326268476827032e-02
-1.399999999999565148e+00 -1.783234714828525053e-02 1.257048434864957431e-02
-1.299999999999563727e+00 -1.895217760429204756e-02 1.296556148181297885e-02
-1.199999999999562306e+00 -2.019363556858323056e-02 1.325444225715102786e-02
-1.099999999999560885e+00 -2.155093243748505000e-02 1.341107290190417245e-02
-9.999999999995594635e-01 -2.301371260293524207e-02 1.340739286536388186e-02
-8.999999999995580424e-01 -2.456572230950730684e-02 1.321353834509494951e-02
-7.999999999995566213e-01 -2.618299241052313153e-02 1.279864457327126170e-02
-6.999999999995552002e-01 -2.783178708029119403e-02 1.213270174888236852e-02
-5.999999999995537792e-01 -2.946689874876339682e-02 1.118981219026561613e-02
-4.999999999995523581e-01 -3.103115091968777772e-02 9.952865535346452908e-03
-3.999999999995509370e-01 -3.245705320911787539e-02 8.419113609843237311e-03
-2.999999999995495159e-01 -3.367128843242427755e-02 6.605512761507240094e-03
-1.999999999995480948e-01 -3.460203611050555184e-02 4.552248712651071894e-03
-9.999999999954667373e-02 -3.518816646577289237e-02 2.322857764699842731e-03
4.547473508864641190e-13 -3.538840910906546067e-02 -1.595945597898662527e-14
1.000000000004561684e-01 -3.518816646576927720e-02 -2.322857764720659413e-03
2.000000000004575895e-01 -3.460203611049857131e-02 -4.552248712670625697e-03
3.000000000004590106e-01 -3.367128843241443126e-02 -6.605512761524892640e-03
4.000000000004604317e-01 -3.245705320910574621e-02 -8.419113609858489000e-03
5.000000000004618528e-01 -3.103115091967405259e-02 -9.952865535359095572e-03
6.000000000004632739e-01 -2.946689874874873841e-02 -1.118981219027552487e-02
7.000000000004646949e-01 -2.783178708027618520e-02 -1.213270174888964048e-02
8.000000000004661160e-01 -2.618299241050821291e-02 -1.279864457327613281e-02
9.000000000004675371e-01 -2.456572230949285313e-02 -1.321353834509766956e-02
1.000000000000468958e+00 -2.301371260292150306e-02 -1.340739286536472841e-02
1.100000000000470379e+00 -2.155093243747217141e-02 -1.341107290190343693e-02
1.200000000000471800e+00 -2.019363556857142056e-02 -1.325444225714894619e-02
1.300000000000473221e+00 -1.895217760428133391e-02 -1.296556148180981471e-02
1.400000000000474643e+00 -1.783234714827564016e-02 -1.257048434864554975e-02
1.500000000000476064e+00 -1.683622322993311854e-02 -1.209326268476363514e-02
1.600000000000477485e+00 -1.596271835182615229e-02 -1.155592232927528384e-02
1.700000000000478906e+00 -1.520799590946905061e-02 -1.097833368942781329e-02
1.800000000000480327e+00 -1.456589991763665437e-02 -1.037801355138270876e-02
1.900000000000481748e+00 -1.402845432282775334e-02 -9.769941552690404596e-03
2.000000000000483169e+00 -1.358641985510313649e-02 -9.166466639646618508e-03
2.100000000000484590e+00 -1.322985855109003184e-02 -8.577342293290768360e-03
2.200000000000486011e+00 -1.294864994518737933e-02 -8.009889537378515889e-03
2.300000000000487432e+00 -1.273291734716516105e-02 -7.469258862429585533e-03
2.400000000000488853e+00 -1.257334448881601563e-02 -6.958750342524147592e-03
2.500000000000490274e+00 -1.246138266464379835e-02 -6.480152354680357440e-03
2.600000000000491696e+00 -1.238936190759520189e-02 -6.034067836284736502e-03
2.700000000000493117e+00 -1.235052623757876972e-02 -5.620207885935663700e-03
2.800000000000494538e+00 -1.233901414395219276e-02 -5.237642473445582036e-03
2.900000000000495959e+00 -1.234980329743319560e-02 -4.885005600767572398e-03
3.000000000000497380e+00 -1.237863482444068186e-02 -4.560657203024325729e-03
3.100000000000498801e+00 -1.242192853757177751e-02 -4.262806792615193158e-03
3.200000000000500222e+00 -1.247669697641216879e-02 -3.989604939368635722e-03
3.300000000000501643e+00 -1.254046325321384742e-02 -3.739208728986996577e-03
3.400000000000503064e+00 -1.261118555708586053e-02 -3.509826810433644417e-03
3.500000000000504485e+00 -1.268718966552025845e-02 -3.299748849986194194e-03
3.600000000000505906e+00 -1.276710981633278480e-02 -3.107363354389030413e-03
3.700000000000507328e+00 -1.284983767739977800e-02 -2.931167019520539846e-03
3.800000000000508749e+00 -1.293447880462939015e-02 -2.769768056257011779e-03
3.900000000000510170e+00 -1.302031581266505089e-02 -2.621885358327687848e-03
4.000000000000511591e+00 -1.310677743273644391e-02 -2.486344904793623412e-03
4.100000000000513012e+00 -1.319341265202402663e-02 -2.362074419212234835e-03
4.200000000000514433e+00 -1.327986918754134327e-02 -2.248097022702941206e-03
4.300000000000515854e+00 -1.336587562460037071e-02 -2.143524402593547859e-03
4.400000000000517275e+00 -1.345122663270011121e-02 -2.047549857547013505e-03
4.500000000000518696e+00 -1.353577075254897705e-02 -1.959441461791430750e-03
4.600000000000520117e+00 -1.361940032296491201e-02 -1.878535505011012796e-03
4.700000000000521538e+00 -1.370204318352982037e-02 -1.804230302811791684e-03
4.800000000000522959e+00 -1.378365584763306673e-02 -1.735980429097947961e-03
4.900000000000524381e+00 -1.386421789112989716e-02 -1.673291391446594251e-03
5.000000000000525802e+00 -1.394372734478997039e-02 -1.615714750124518789e-03
5.100000000000527223e+00 -1.402219691498024848e-02 -1.562843667915495005e-03
5.200000000000528644e+00 -1.409965088732623856e-02 -1.514308869550820905e-03
5.300000000000530065e+00 -1.417612259335672073e-02 -1.469774984691661623e-03
5.400000000000531486e+00 -1.425165234112496168e-02 -1.428937246033500780e-03
5.500000000000532907e+00 -1.432628572811051049e-02 -1.391518513454988171e-03
5.600000000000534328e+00 -1.440007226907656993e-02 -1.357266595559802197e-03
5.700000000000535749e+00 -1.447306428335576323e-02 -1.325951841143997029e-03
5.800000000000537170e+00 -1.454531599578275797e-02 -1.297364974718068914e-03
5.900000000000538591e+00 -1.461688281354284191e-02 -1.271315152032838000e-03
6.000000000000540012e+00 -1.468782074778125432e-02 -1.247628213497091292e-03
6.100000000000541434e+00 -1.475818595430083979e-02 -1.226145115282370988e-03
6.200000000000542855e+00 -1.482803437213938910e-02 -1.206720519784535393e-03
6.300000000000544276e+00 -1.489742144251645847e-02 -1.189221528876997606e-03
6.400000000000545697e+00 -1.496640189371102603e-02 -1.173526545034383334e-03
6.500000000000547118e+00 -1.503502957991204037e-02 -1.159524246937162877e-03
6.600000000000548539e+00 -1.510335736419514407e-02 -1.147112667550462435e-03
6.700000000000549960e+00 -1.517143703747226430e-02 -1.136198363940995985e-03
6.800000000000551381e+00 -1.523931926667862480e-02 -1.126695669237831425e-03
6.900000000000552802e+00 -1.530705356665568867e-02 -1.118526018167924525e-03
7.000000000000554223e+00 -1.537468829112507290e-02 -1.111617338525687157e-03
7.100000000000555644e+00 -1.544227063898575072e-02 -1.105903501756449851e-03
7.200000000000557066e+00 -1.550984667281078005e-02 -1.101323826574795994e-03
7.300000000000558487e+00 -1.557746134697150439e-02 -1.097822630195840858e-03
7.400000000000559908e+00 -1.564515854329639674e-02 -1.095348822342316966e-03
7.500000000000561329e+00 -1.571298111251660801e-02 -1.093855537714700371e-03
7.600000000000562750e+00 -1.578097092009950880e-02 -1.093299803073664693e-03
7.700000000000564171e+00 -1.584916889531078066e-02 -1.093642235498885722e-03
7.800000000000565592e+00 -1.591761508256215457e-02 -1.094846768754863600e-03
7.900000000000567013e+00 -1.598634869430345939e-02 -1.096880405021584577e-03
8.000000000000568434e+00 -1.605540816483252281e-02 -1.099712989538429581e-03
8.100000000000569855e+00 -1.612483120455414018e-02 -1.103317005968879397e-03
8.200000000000571276e+00 -1.619465485429998769e-02 -1.107667390523869866e-03
8.300000000000572697e+00 -1.626491553940597606e-02 -1.112741363086294961e-03
8.400000000000574119e+00 -1.633564912333563407e-02 -1.118518273763638264e-03
8.500000000000575540e+00 -1.640689096066133557e-02 -1.124979463456627152e-03
8.600000000000576961e+00 -1.647867594929754154e-02 -1.132108137179769873e-03
8.700000000000578382e+00 -1.655103858189779092e-02 -1.139889248998260211e-03
8.800000000000579803e+00 -1.662401299635852051e-02 -1.148309397561602697e-03
8.900000000000581224e+00 -1.669763302542286165e-02 -1.157356731320838099e-03
9.000000000000582645e+00 -1.677193224536254607e-02 -1.167020862605643115e-03
9.100000000000584066e+00 -1.684694402377021061e-02 -1.177292789825058143e-03
9.200000000000585487e+00 -1.692270156648566573e-02 -1.188164827128213811e-03
9.300000000000586908e+00 -1.699923796369054441e-02 -1.199630540928358236e-03
9.400000000000588329e+00 -1.707658623523961028e-02 -1.211684692757739393e-03
9.500000000000589750e+00 -1.715477937526614649e-02 -1.224323187970154450e-03
9.600000000000591172e+00 -1.723385039614319658e-02 -1.237543029862835531e-03
9.700000000000592593e+00 -1.731383237186284729e-02 -1.251342278830582227e-03
9.800000000000594014e+00 -1.739475848089891419e-02 -1.265720016205052183e-03
9.900000000000595435e+00 -1.747666204864699313e-02 -1.280676312473264401e-03
1.000000000000059686e+01 -1.755957658949798897e-02 -1.296212199595903752e-03
1.010000000000059828e+01 -1.764353584864353924e-02 -1.312329647183435415e-03
1.020000000000059970e+01 -1.772857384368733275e-02 -1.329031542311479193e-03
1.030000000000060112e+01 -1.781472490613744686e-02 -1.346321672782107084e-03
1.040000000000060254e+01 -1.790202372288243748e-02 -1.364204713666475680e-03
1.050000000000060396e+01 -1.799050537771279545e-02 -1.382686216977708094e-03
1.060000000000060538e+01 -1.808020539299268203e-02 -1.401772604351392629e-03
1.070000000000060680e+01 -1.817115977156084916e-02 -1.421471162624568865e-03
1.080000000000060822e+01 -1.826340503893958758e-02 -1.441790042221191906e-03
1.090000000000060965e+01 -1.835697828596094192e-02 -1.462738258274876631e-03
1.100000000000061107e+01 -1.845191721187457862e-02 -1.484325694425544292e-03
1.110000000000061249e+01 -1.854826016804914102e-02 -1.506563109251332633e-03
1.120000000000061391e+01 -1.864604620235096183e-02 -1.529462145305241026e-03
1.130000000000061533e+01 -1.874531510428510683e-02 -1.553035340739161631e-03
1.140000000000061675e+01 -1.884610745101625295e-02 -1.577296143518725283e-03
1.150000000000061817e+01 -1.894846465434068400e-02 -1.602258928234027036e-03
1.160000000000061959e+01 -1.905242900873132389e-02 -1.627939015535682238e-03
1.170000000000062101e+01 -1.915804374054980858e-02 -1.654352694231288334e-03
1.180000000000062244e+01 -1.926535305852096480e-02 -1.681517246089616127e-03
1.190000000000062386e+01 -1.937440220560180532e-02 -1.709450973421329165e-03
1.200000000000062528e+01 -1.948523751232813031e-02 -1.738173229504897267e-03
1.210000000000062670e+01 -1.959790645177788421e-02 -1.767704451953159943e-03
1.220000000000062812e+01 -1.971245769626150945e-02 -1.798066199121402167e-03
1.230000000000062954e+01 -1.982894117585237009e-02 -1.829281189671544839e-03
1.240000000000063096e+01 -1.994740813891128506e-02 -1.861373345431681023e-03
1.250000000000063238e+01 -2.006791121470767603e-02 -1.894367837690587135e-03
1.260000000000063380e+01 -2.019050447830219447e-02 -1.928291137098517814e-03
1.270000000000063523e+01 -2.031524351782561938e-02 -1.963171067353240273e-03
1.280000000000063665e+01 -2.044218550429324072e-02 -1.999036862867971127e-03
1.290000000000063807e+01 -2.057138926414075336e-02 -2.035919230648566836e-03
1.300000000000063949e+01 -2.070291535461273383e-02 -2.073850416610570173e-03
1.310000000000064091e+01 -2.083682614220408458e-02 -2.112864276606884854e-03
1.320000000000064233e+01 -2.097318588432461189e-02 -2.152996352449259351e-03
1.330000000000064375e+01 -2.111206081436416485e-02 -2.194283953232436992e-03
1.340000000000064517e+01 -2.125351923037856194e-02 -2.236766242307225774e-03
1.350000000000064659e+01 -2.139763158759385234e-02 -2.280484330269262616e-03
1.360000000000064801e+01 -2.154447059493345279e-02 -2.325481374361584603e-03
1.370000000000064944e+01 -2.169411131582977409e-02 -2.371802684738071043e-03
1.380000000000065086e+01 -2.184663127352094031e-02 -2.419495838051193785e-03
1.390000000000065228e+01 -2.200211056111783803e-02 -2.468610798890796387e-03
1.400000000000065370e+01 -2.216063195669298186e-02 -2.519200049631880722e-03
1.410000000000065512e+01 -2.232228104365422544e-02 -2.571318729297395432e-03
1.420000000000065654e+01 -2.248714633673000451e-02 -2.625024782111720547e-03
1.430000000000065796e+01 -2.265531941382826001e-02 -2.680379116453721761e-03
1.440000000000065938e+01 -2.282689505412508618e-02 -2.737445775007515437e-03
1.450000000000066080e+01 -2.300197138270431568e-02 -2.796292116962917351e-03
1.460000000000066223e+01 -2.318065002208220815e-02 -2.856989013192845137e-03
1.470000000000066365e+01 -2.336303625102339326e-02 -2.919611055437571975e-03
1.480000000000066507e+01 -2.354923917098313349e-02 -2.984236780588377710e-03
1.490000000000066649e+01 -2.373937188061491996e-02 -3.050948911293633811e-03
1.500000000000066791e+01 -2.393355165874366808e-02 -3.119834614202820697e-03
1.510000000000066933e+01 -2.413190015621784201e-02 -3.190985777284497532e-03
1.520000000000067075e+01 -2.433454359713197596e-02 -3.264499307810706311e-03
1.530000000000067217e+01 -2.454161298982895228e-02 -3.340477452713977967e-03
1.540000000000067359e+01 -2.475324434820301567e-02 -3.419028143221027223e-03
1.550000000000067502e+01 -2.496957892377563507e-02 -3.500265365825647786e-03
1.560000000000067644e+01 -2.519076344902352119e-02 -3.584309561860575359e-03
1.570000000000067786e+01 -2.541695039251521543e-02 -3.671288058174120017e-03
1.580000000000067928e+01 -2.564829822630945028e-02 -3.761335531620349504e-03
1.590000000000068070e+01 -2.588497170617710258e-02 -3.854594510382046771e-03
1.600000000000068212e+01 -2.612714216513512683e-02 -3.951215915418859748e-03
1.610000000000068354e+01 -2.637498782076514586e-02 -4.051359645662203426e-03
1.620000000000068496e+01 -2.662869409684654604e-02 -4.155195210977369671e-03
1.630000000000068638e+01 -2.688845395968261776e-02 -4.262902417273837716e-03
1.640000000000068781e+01 -2.715446826957678902e-02 -4.374672108648032867e-03
1.650000000000068923e+01 -2.742694614778094786e-02 -4.490706971917922570e-03
1.660000000000069065e+01 -2.770610535915621342e-02 -4.611222409469538895e-03
1.670000000000069207e+01 -2.799217271077392155e-02 -4.736447487000389200e-03
1.680000000000069349e+01 -2.828538446642117621e-02 -4.866625963387357159e-03
1.690000000000069491e+01 -2.858598677695184387e-02 -5.002017410746935691e-03
1.700000000000069633e+01 -2.889423612613681996e-02 -5.142898433592513370e-03
1.710000000000069775e+01 -2.921039979141309278e-02 -5.289563996966345147e-03
1.720000000000069917e+01 -2.953475631872257146e-02 -5.442328874561385733e-03
1.730000000000070060e+01 -2.986759601009986165e-02 -5.601529229001049083e-03
1.740000000000070202e+01 -3.020922142236105029e-02 -5.767524337885852545e-03
1.750000000000070344e+01 -3.055994787458370804e-02 -5.940698480707233900e-03
1.760000000000070486e+01 -3.092010396137553907e-02 -6.121463003446255165e-03
1.770000000000070628e+01 -3.129003206820699101e-02 -6.310258579662598316e-03
1.780000000000070770e+01 -3.167008888389614973e-02 -6.507557688961957548e-03
1.790000000000070912e+01 -3.206064590428463201e-02 -6.713867336252278724e-03
1.800000000000071054e+01 -3.246208991954827733e-02 -6.929732037879791397e-03
1.810000000000071196e+01 -3.287482347578463832e-02 -7.155737103801269351e-03
1.820000000000071338e+01 -3.329926529947856151e-02 -7.392512248468101517e-03
1.830000000000071481e+01 -3.373585067062478959e-02 -7.640735566864203208e-03
1.840000000000071623e+01 -3.418503172732112461e-02 -7.901137916596877309e-03
1.850000000000071765e+01 -3.464727768069065378e-02 -8.174507751749547288e-03
1.860000000000071907e+01 -3.512307491435695539e-02 -8.461696459663305137e-03
1.870000000000072049e+01 -3.561292693725266745e-02 -8.763624258020229554e-03
1.880000000000072191e+01 -3.611735415154954110e-02 -9.081286716302081063e-03
1.890000000000072333e+01 -3.663689338955102015e-02 -9.415761973458450923e-03
1.900000000000072475e+01 -3.717209716334306246e-02 -9.768218732007491467e-03
1.910000000000072617e+01 -3.772353255900026681e-02 -1.013992511816871021e-02
1.920000000000072760e+01 -3.829177969279234928e-02 -1.053225850809111006e-02
1.930000000000072902e+01 -3.887742962896156840e-02 -1.094671643140872862e-02
1.940000000000073044e+01 -3.948108163755414957e-02 -1.138492867586941328e-02
1.950000000000073186e+01 -4.010333964470148838e-02 -1.184867072994982493e-02
1.960000000000073328e+01 -4.074480769626306897e-02 -1.233987871445030998e-02
1.970000000000073470e+01 -4.140608421771595216e-02 -1.286066596889871849e-02
1.980000000000073612e+01 -4.208775480641634842e-02 -1.341334147325841386e-02
1.990000000000073754e+01 -4.279038323622449957e-02 -1.400043030018054829e-02
2.000000000000073896e+01 -4.351450028569034401e-02 -1.462469630612273953e-02
2.010000000000074039e+01 -4.426058991764339479e-02 -1.528916728025754394e-02
2.020000000000074181e+01 -4.502907223707030421e-02 -1.599716277641502482e-02
2.030000000000074323e+01 -4.582028253105116522e-02 -1.675232485190798065e-02
2.040000000000074465e+01 -4.663444554620361365e-02 -1.755865192531009741e-02
2.050000000000074607e+01 -4.747164397912564948e-02 -1.842053593666288444e-02
2.060000000000074749e+01 -4.833177993868569000e-02 -1.934280294151619409e-02
2.070000000000074891e+01 -4.921452787919430166e-02 -2.033075718473715404e-02
2.080000000000075033e+01 -5.011927719245708873e-02 -2.139022856638337147e-02
2.090000000000075175e+01 -5.104506227875646451e-02 -2.252762321303100265e-02
2.100000000000075318e+01 -5.199047748380009742e-02 -2.374997657704889728e-02
2.110000000000075460e+01 -5.295357378679275973e-02 -2.506500807066801978e-02
2.120000000000075602e+01 -5.393173355335469099e-02 -2.648117565687341246e-02
2.130000000000075744e+01 -5.492151903157197618e-02 -2.800772800506768148e-02
2.140000000000075886e+01 -5.591848959107641182e-02 -2.965475070237568248e-02
2.150000000000076028e+01 -5.691698202211017965e-02 -3.143320149242633671e-02
2.160000000000076170e+01 -5.790984759803394222e-02 -3.335492747342173186e-02
2.170000000000076312e+01 -5.888813918399899566e-02 -3.543265448183412908e-02
2.180000000000076454e+01 -5.984074164379092620e-02 -3.767993534929643673e-02
2.190000000000076597e+01 -6.075393946544700718e-02 -4.011103917681040770e-02
2.200000000000076739e+01 -6.161091735309613682e-02 -4.274075806319611870e-02
2.210000000000076881e+01 -6.239119318660255736e-02 -4.558410077215302447e-02
2.220000000000077023e+01 -6.306998916480689721e-02 -4.865583470916753223e-02
2.230000000000077165e+01 -6.361755736654052529e-02 -5.196982871244535535e-02
2.240000000000077307e+01 -6.399849194941485686e-02 -5.553814052604189727e-02
2.250000000000077449e+01 -6.417108353842543300e-02 -5.936978631711396781e-02
2.260000000000077591e+01 -6.408680373326212931e-02 -6.346912851315238135e-02
2.270000000000077733e+01 -6.369005004341117548e-02 -6.783382775379483143e-02
2.280000000000077875e+01 -6.291833296336005188e-02 -7.245233233889976365e-02
2.290000000000078018e+01 -6.170314249211614199e-02 -7.730093385180737686e-02
2.300000000000078160e+01 -5.997177987385737818e-02 -8.234051114092943990e-02
2.310000000000078302e+01 -5.765046109428685617e-02 -8.751322448487870720e-02
2.320000000000078444e+01 -5.466896027551369774e-02 -9.273960631569524993e-02
2.330000000000078586e+01 -5.096692385692442456e-02 -9.791670403494785735e-02
2.340000000000078728e+01 -4.650171298546068588e-02 -1.029181138358710723e-01
2.350000000000078870e+01 -4.125720897054893643e-02 -1.075968157243115120e-01
2.360000000000079012e+01 -3.525248824685869864e-02 -1.117915675159083383e-01
2.370000000000079154e+01 -2.854876703513343009e-02 -1.153371413541536411e-01
2.380000000000079297e+01 -2.125274386113958081e-02 -1.180778734937293628e-01
2.390000000000079439e+01 -1.351466719197646701e-02 -1.198829834605243672e-01
2.400000000000079581e+01 -5.520265018635359643e-03 -1.206612141833499213e-01
2.410000000000079723e+01 2.523000821998378287e-03 -1.203719524440568095e-01
2.420000000000079865e+01 1.040342732951188634e-02 -1.190304087881731837e-01
2.430000000000080007e+01 1.792331691379524250e-02 -1.167056611194086102e-01
2.440000000000080149e+01 2.491476232001742577e-02 -1.135120184390625286e-01
2.450000000000080291e+01 3.125047075952042119e-02 -1.095956483091289763e-01
2.460000000000080433e+01 3.684847770181840648e-02 -1.051192253055461268e-01
2.470000000000080576e+01 4.167105232989221780e-02 -1.002473156391513603e-01
2.480000000000080718e+01 4.571917258232137404e-02 -9.513449469285152615e-02
2.490000000000080860e+01 4.902442110713741558e-02 -8.991718253250685633e-02
2.500000000000081002e+01 5.164007075828880994e-02 -8.470924894046674702e-02
2.510000000000081144e+01 5.363269951277411379e-02 -7.960080410957655339e-02
2.520000000000081286e+01 5.507513491360702118e-02 -7.465930009200832940e-02
2.530000000000081428e+01 5.604104698451228828e-02 -6.993205101885853481e-02
2.540000000000081570e+01 5.660116566523358539e-02 -6.544942479078359743e-02
2.550000000000081712e+01 5.682090284976235028e-02 -6.122816468314398047e-02
2.560000000000081855e+01 5.675908049381077347e-02 -5.727449925274925857e-02
2.570000000000081997e+01 5.646746439884011565e-02 -5.358686022869176696e-02
2.580000000000082139e+01 5.599084223571688945e-02 -5.015814212931585941e-02
2.590000000000082281e+01 5.536743859900425391e-02 -4.697750892145045876e-02
2.600000000000082423e+01 5.462951413243848781e-02 -4.403179204556303961e-02
2.610000000000082565e+01 5.380404258940007373e-02 -4.130654087472903496e-02
2.620000000000082707e+01 5.291339662305157704e-02 -3.878678967909930664e-02
2.630000000000082849e+01 5.197600039823545293e-02 -3.645760063995734379e-02
2.640000000000082991e+01 5.100692624885613813e-02 -3.430443449042176740e-02
2.650000000000083134e+01 5.001842536706641029e-02 -3.231339143030102085e-02
2.660000000000083276e+01 4.902039058891466405e-02 -3.047135642625584118e-02
2.670000000000083418e+01 4.802075412772097152e-02 -2.876607549609170797e-02
2.680000000000083560e+01 4.702582567493339416e-02 -2.718618330131255048e-02
2.690000000000083702e+01 4.604057741999000725e-02 -2.572119731070586848e-02
2.700000000000083844e+01 4.506888278443753337e-02 -2.436148981878638251e-02
2.710000000000083986e+01 4.411371539408728837e-02 -2.309824603737566442e-02
2.720000000000084128e+01 4.317731426816447116e-02 -2.192341415151140283e-02
2.730000000000084270e+01 4.226132054221359846e-02 -2.082965148987972817e-02
2.740000000000084412e+01 4.136689035428649935e-02 -1.981026967152990995e-02
2.750000000000084555e+01 4.049478786510394418e-02 -1.885918064778087724e-02
2.760000000000084697e+01 3.964546178114026348e-02 -1.797084487703804259e-02
2.770000000000084839e+01 3.881910821493044644e-02 -1.714022238255914765e-02
2.780000000000084981e+01 3.801572225312878361e-02 -1.636272710034896230e-02
2.790000000000085123e+01 3.723514020565789340e-02 -1.563418468665660199e-02
2.800000000000085265e+01 3.647707417278572839e-02 -1.495079379340961967e-02
2.810000000000085407e+01 3.574114028499299905e-02 -1.430909071475011674e-02
2.820000000000085549e+01 3.502688173437031732e-02 -1.370591724138985751e-02
2.830000000000085691e+01 3.433378752064895900e-02 -1.313839152155787601e-02
2.840000000000085834e+01 3.366130767269569224e-02 -1.260388170847120959e-02
2.850000000000085976e+01 3.300886557201421906e-02 -1.209998216849577680e-02
2.860000000000086118e+01 3.237586789455465519e-02 -1.162449202765776339e-02
2.870000000000086260e+01 3.176171259567342475e-02 -1.117539584271959492e-02
2.880000000000086402e+01 3.116579528829496737e-02 -1.075084619544356898e-02
2.890000000000086544e+01 3.058751430258053669e-02 -1.034914802270038743e-02
2.900000000000086686e+01 3.002627466442428505e-02 -9.968744509756662098e-03
2.910000000000086828e+01 2.948149118859472520e-02 -9.608204389131423662e-03
2.920000000000086970e+01 2.895259084763560087e-02 -9.266210501604357427e-03
2.930000000000087113e+01 2.843901454949790408e-02 -8.941549489768916420e-03
2.940000000000087255e+01 2.794021843352351847e-02 -8.633102507287063188e-03
2.950000000000087397e+01 2.745567477500145126e-02 -8.339836838702742450e-03
2.960000000000087539e+01 2.698487257291052460e-02 -8.060798335639426937e-03
2.970000000000087681e+01 2.652731788211641975e-02 -7.795104584870274356e-03
2.980000000000087823e+01 2.608253394064703745e-02 -7.541938732740217227e-03
2.990000000000087965e+01 2.565006113373263785e-02 -7.300543898414654786e-03
3.000000000000088107e+01 2.522945682877792556e-02 -7.070218115539142999e-03
3.010000000000088249e+01 2.482029510955618967e-02 -6.850309748461682127e-03
3.020000000000088392e+01 2.442216643264717366e-02 -6.640213334800913400e-03
3.030000000000088534e+01 2.403467722510779780e-02 -6.439365811364746936e-03
3.040000000000088676e+01 2.365744943890105839e-02 -6.247243085000520058e-03
3.050000000000088818e+01 2.329012007462669467e-02 -6.063356913979779661e-03
3.060000000000088960e+01 2.293234068492526825e-02 -5.887252069260505254e-03
3.070000000000089102e+01 2.258377686577643997e-02 -5.718503748109567131e-03
3.080000000000089244e+01 2.224410774241688399e-02 -5.556715215517063662e-03
3.090000000000089386e+01 2.191302545525782020e-02 -5.401515651396905128e-03
3.100000000000089528e+01 2.159023464997002900e-02 -5.252558183804302561e-03
3.110000000000089670e+01 2.127545197516236830e-02 -5.109518090519553184e-03
3.120000000000089813e+01 2.096840559016013503e-02 -4.972091153082392780e-03
3.130000000000089955e+01 2.066883468488008024e-02 -4.839992149031479424e-03
3.140000000000090097e+01 2.037648901328686923e-02 -4.712953469542621558e-03
3.150000000000090239e+01 2.009112844140639384e-02 -4.590723850906229704e-03
3.160000000000090381e+01 1.981252251068355008e-02 -4.473067209501141971e-03
3.170000000000090523e+01 1.954045001704882850e-02 -4.359761570884269737e-03
3.180000000000090665e+01 1.927469860593150272e-02 -4.250598084576855465e-03
3.190000000000090807e+01 1.901506438327481285e-02 -4.145380116947303129e-03
