-3.200000000000000000e+01 9.003949394735095979e-03 6.788498026821241423e-04
-3.189999999999999858e+01 9.129081811053100376e-03 6.961233383404351934e-04
-3.179999999999999716e+01 9.257387517711107225e-03 7.140603365865870293e-04
-3.169999999999999574e+01 9.388987549503064259e-03 7.326952373302676388e-04
-3.159999999999999432e+01 9.524009155727675494e-03 7.520647434555599066e-04
-3.149999999999999289e+01 9.662586202346092057e-03 7.722080013844947631e-04
-3.139999999999999147e+01 9.804859605568191916e-03 7.931667986426680457e-04
-3.129999999999999005e+01 9.950977799783858671e-03 8.149857802827638071e-04
-3.119999999999998863e+01 1.010109724301844203e-02 8.377126862454179184e-04
-3.109999999999998721e+01 1.025538296342936966e-02 8.613986119976847159e-04
-3.099999999999998579e+01 1.041400915079059887e-02 8.860982950950138399e-04
-3.089999999999998437e+01 1.057715979726486268e-02 9.118704306423974565e-04
-3.079999999999998295e+01 1.074502939232008063e-02 9.387780190324324526e-04
-3.069999999999998153e+01 1.091782367714016870e-02 9.668887497790646301e-04
-3.059999999999998010e+01 1.109576046448682712e-02 9.962754257801895597e-04
-3.049999999999997868e+01 1.127907053071205978e-02 1.027016432944617393e-03
-3.039999999999997726e+01 1.146799858731219375e-02 1.059196260789610272e-03
-3.029999999999997584e+01 1.166280434038025407e-02 1.092906080421069586e-03
-3.019999999999997442e+01 1.186376364725540838e-02 1.128244387217017817e-03
-3.009999999999997300e+01 1.207116978079466989e-02 1.165317716599226054e-03
-2.999999999999997158e+01 1.228533481304142777e-02 1.204241442528910643e-03
-2.989999999999997016e+01 1.250659113142791115e-02 1.245140669790861928e-03
-2.979999999999996874e+01 1.273529310241723264e-02 1.288151232838797905e-03
-2.969999999999996732e+01 1.297181889933123403e-02 1.333420815944944948e-03
-2.959999999999996589e+01 1.321657251328275592e-02 1.381110211723124773e-03
-2.949999999999996447e+01 1.346998596870082818e-02 1.431394737850817233e-03
-2.939999999999996305e+01 1.373252176768068045e-02 1.484465835030893740e-03
-2.929999999999996163e+01 1.400467559079757521e-02 1.540532873090474757e-03
-2.919999999999996021e+01 1.428697928573273782e-02 1.599825196652779596e-03
-2.909999999999995879e+01 1.458000417941480477e-02 1.662594447237359220e-03
-2.899999999999995737e+01 1.488436475450548475e-02 1.729117205138600184e-03
-2.889999999999995595e+01 1.520072273673881563e-02 1.799698002161224941e-03
-2.879999999999995453e+01 1.552979164650459057e-02 1.874672765645892360e-03
-2.869999999999995310e+01 1.587234187579092404e-02 1.954412765443281231e-03
-2.859999999999995168e+01 1.622920636066021993e-02 2.039329149095975898e-03
-2.849999999999995026e+01 1.660128693008055406e-02 2.129878167030284548e-03
-2.839999999999994884e+01 1.698956142401852887e-02 2.226567209647555001e-03
-2.829999999999994742e+01 1.739509168813535220e-02 2.329961802862539656e-03
-2.819999999999994600e+01 1.781903256892474960e-02 2.440693738838709253e-03
-2.809999999999994458e+01 1.826264205245094890e-02 2.559470555929465110e-03
-2.799999999999994316e+01 1.872729271247314947e-02 2.687086627998670416e-03
-2.789999999999994174e+01 1.921448465967104391e-02 2.824436180587813414e-03
-2.779999999999994031e+01 1.972586021421110503e-02 2.972528623068462598e-03
-2.769999999999993889e+01 2.026322055879387421e-02 3.132506675727171445e-03
-2.759999999999993747e+01 2.082854466959236511e-02 3.305667883969772361e-03
-2.749999999999993605e+01 2.142401086865136292e-02 3.493490255335312492e-03
-2.739999999999993463e+01 2.205202139297713151e-02 3.697662937570425374e-03
-2.729999999999993321e+01 2.271523043351737423e-02 3.920123089854281317e-03
-2.719999999999993179e+01 2.341657615962169578e-02 4.163100400025002146e-03
-2.709999999999993037e+01 2.415931730976066116e-02 4.429171089909233680e-03
-2.699999999999992895e+01 2.494707499297794950e-02 4.721323757558129434e-03
-2.689999999999992752e+01 2.578388039889914496e-02 5.043040068329817868e-03
-2.679999999999992610e+01 2.667422914436433021e-02 5.398394180424902385e-03
-2.669999999999992468e+01 2.762314296673989283e-02 5.792175947934311009e-03
-2.659999999999992326e+01 2.863623936846002721e-02 6.230044487699560977e-03
-2.649999999999992184e+01 2.971980955810672731e-02 6.718720766544093032e-03
-2.639999999999992042e+01 3.088090450943123400e-02 7.266230658749622817e-03
-2.629999999999991900e+01 3.212742799142473404e-02 7.882213715053591752e-03
-2.619999999999991758e+01 3.346823370778263113e-02 8.578318056411954676e-03
-2.609999999999991616e+01 3.491322072492664824e-02 9.368708892793302725e-03
-2.599999999999991473e+01 3.647341633134586897e-02 1.027072790882309697e-02
-2.589999999999991331e+01 3.816102695654274846e-02 1.130575416170971799e-02
-2.579999999999991189e+01 3.998942342185241028e-02 1.250033554032836842e-02
-2.569999999999991047e+01 4.197300256813951691e-02 1.388768491035476810e-02
-2.559999999999990905e+01 4.412682631085722978e-02 1.550966867076144021e-02
-2.549999999999990763e+01 4.646586954398928410e-02 1.741945897063413781e-02
-2.539999999999990621e+01 4.900358960114502282e-02 1.968507340556611973e-02
-2.529999999999990479e+01 5.174932710302270616e-02 2.239407976406871531e-02
-2.519999999999990337e+01 5.470370168238900682e-02 2.565977191506056687e-02
-2.509999999999990195e+01 5.785057960136157085e-02 2.962905393826994679e-02
-2.499999999999990052e+01 6.114321851297570276e-02 3.449192245412257413e-02
-2.489999999999989910e+01 6.448066247968234355e-02 4.049138600736836707e-02
-2.479999999999989768e+01 6.766830970725699890e-02 4.792995864603433187e-02
-2.469999999999989626e+01 7.035444179467593984e-02 5.716258540579419872e-02
-2.459999999999989484e+01 7.193549693082010310e-02 6.855273360978188235e-02
-2.449999999999989342e+01 7.143695062204739876e-02 8.234543127999457979e-02
-2.439999999999989200e+01 6.742729635966700219e-02 9.838604685985020970e-02
-2.429999999999989058e+01 5.813991449390371047e-02 1.156384051954497255e-01
-2.419999999999988916e+01 4.211488976327967815e-02 1.316681112021710620e-01
-2.409999999999988773e+01 1.949746951233226333e-02 1.427405007306051243e-01
-2.399999999999988631e+01 -6.831538425243729833e-03 1.453430277540301574e-01
-2.389999999999988489e+01 -3.199014119561717495e-02 1.385326050107575091e-01
-2.379999999999988347e+01 -5.176151677995467770e-02 1.246818452250628012e-01
-2.369999999999988205e+01 -6.457872343858415964e-02 1.076901963419788083e-01
-2.359999999999988063e+01 -7.121966766979007102e-02 9.078646715480494234e-02
-2.349999999999987921e+01 -7.341046703543532836e-02 7.571657357135108679e-02
-2.339999999999987779e+01 -7.280410087525410190e-02 6.304147501271817333e-02
-2.329999999999987637e+01 -7.061891772614205254e-02 5.268457504428619015e-02
-2.319999999999987494e+01 -6.764413356980619740e-02 4.432271687553254735e-02
-2.309999999999987352e+01 -6.435389028144056223e-02 3.758701081962330381e-02
-2.299999999999987210e+01 -6.101801587060624865e-02 3.214411406772310631e-02
-2.289999999999987068e+01 -5.778190488346541392e-02 2.771911653968650233e-02
-2.279999999999986926e+01 -5.471785710501597677e-02 2.409449716698302060e-02
-2.269999999999986784e+01 -5.185633597447147219e-02 2.110129302625662895e-02
-2.259999999999986642e+01 -4.920448617645312855e-02 1.860911917885967048e-02
-2.249999999999986500e+01 -4.675693598575662857e-02 1.651736336426850443e-02
-2.239999999999986358e+01 -4.450202843211090165e-02 1.474810312434055026e-02
-2.229999999999986215e+01 -4.242537096432313914e-02 1.324064246196201070e-02
-2.219999999999986073e+01 -4.051181949462176468e-02 1.194737928189980487e-02
-2.209999999999985931e+01 -3.874655141818025839e-02 1.083070443915202727e-02
-2.199999999999985789e+01 -3.711561112470670998e-02 9.860678604664798591e-03
-2.189999999999985647e+01 -3.560615290431563135e-02 9.013288133687867576e-03
-2.179999999999985505e+01 -3.420651326211616994e-02 8.269129930843503035e-03
-2.169999999999985363e+01 -3.290619008335321505e-02 7.612414180900046318e-03
-2.159999999999985221e+01 -3.169577390437205988e-02 7.030203277673913870e-03
-2.149999999999985079e+01 -3.056685749446671693e-02 6.511827069852379503e-03
-2.139999999999984936e+01 -2.951193865832694996e-02 6.048430462774325410e-03
-2.129999999999984794e+01 -2.852432447431699908e-02 5.632620992865699019e-03
-2.119999999999984652e+01 -2.759804123298145728e-02 5.258192406838374695e-03
-2.109999999999984510e+01 -2.672775203213040296e-02 4.919906408046404757e-03
-2.099999999999984368e+01 -2.590868265974526075e-02 4.613319214310857529e-03
-2.089999999999984226e+01 -2.513655566064517538e-02 4.334642864748327294e-03
-2.079999999999984084e+01 -2.440753209787936001e-02 4.080633645825623192e-03
-2.069999999999983942e+01 -2.371816034126202066e-02 3.848501814447897844e-03
-2.059999999999983800e+01 -2.306533115698026354e-02 3.635838147395292763e-03
-2.049999999999983658e+01 -2.244623837972439112e-02 3.440553862737073462e-03
-2.039999999999983515e+01 -2.185834449211305000e-02 3.260831228173865712e-03
-2.029999999999983373e+01 -2.129935049565453986e-02 3.095082756919946294e-03
-2.019999999999983231e+01 -2.076716952230687335e-02 2.941917340262290622e-03
-2.009999999999983089e+01 -2.025990370037699176e-02 2.800112011604899767e-03
-1.999999999999982947e+01 -1.977582384871430510e-02 2.668588304462310781e-03
-1.989999999999982805e+01 -1.931335162845046124e-02 2.546392375509742845e-03
-1.979999999999982663e+01 -1.887104383070964397e-02 2.432678227158207793e-03
-1.969999999999982521e+01 -1.844757852189327432e-02 2.326693492703852013e-03
-1.959999999999982379e+01 -1.804174280618799781e-02 2.227767348931218409e-03
-1.949999999999982236e+01 -1.765242199751357322e-02 2.135300201904255166e-03
-1.939999999999982094e+01 -1.727859002160358343e-02 2.048754856354244314e-03
-1.929999999999981952e+01 -1.691930089330139636e-02 1.967648930935355939e-03
-1.919999999999981810e+01 -1.657368113501968970e-02 1.891548323393931700e-03
-1.909999999999981668e+01 -1.624092302052899950e-02 1.820061563574784051e-03
-1.899999999999981526e+01 -1.592027854353921662e-02 1.752834919640462079e-03
-1.889999999999981384e+01 -1.561105402395996170e-02 1.689548145340554614e-03
-1.879999999999981242e+01 -1.531260527614937937e-02 1.629910774537723494e-03
-1.869999999999981100e+01 -1.502433327319782803e-02 1.573658884280479918e-03
-1.859999999999980957e+01 -1.474568024991572586e-02 1.520552260204047646e-03
-1.849999999999980815e+01 -1.447612619433981916e-02 1.470371908323154370e-03
-1.839999999999980673e+01 -1.421518568397065092e-02 1.422917865867281625e-03
-1.829999999999980531e+01 -1.396240502839182253e-02 1.378007270944593037e-03
-1.819999999999980389e+01 -1.371735968455201592e-02 1.335472656772249741e-03
-1.809999999999980247e+01 -1.347965191520692288e-02 1.295160441236873489e-03
-1.799999999999980105e+01 -1.324890866443484069e-02 1.256929586731324062e-03
-1.789999999999979963e+01 -1.302477962730652812e-02 1.220650408775848447e-03
-1.779999999999979821e+01 -1.280693549347053199e-02 1.186203514928987728e-03
-1.769999999999979678e+01 -1.259506634668652349e-02 1.153478858024851138e-03
-1.759999999999979536e+01 -1.238888020449838666e-02 1.122374889952923839e-03
-1.749999999999979394e+01 -1.218810168391776076e-02 1.092797804020301244e-03
-1.739999999999979252e+01 -1.199247078062935443e-02 1.064660855521213810e-03
-1.729999999999979110e+01 -1.180174175060293325e-02 1.037883751484731942e-03
-1.719999999999978968e+01 -1.161568208414544105e-02 1.012392101719002124e-03
-1.709999999999978826e+01 -1.143407156359116904e-02 9.881169242791690809e-04
-1.699999999999978684e+01 -1.125670139667006228e-02 9.649941993295624559e-04
-1.689999999999978542e+01 -1.108337341848655497e-02 9.429644661205222999e-04
-1.679999999999978400e+01 -1.091389935577193049e-02 9.219724584405900297e-04
-1.669999999999978257e+01 -1.074810014766819886e-02 9.019667744541726975e-04
-1.659999999999978115e+01 -1.058580531796441543e-02 8.828995773293718411e-04
-1.649999999999977973e+01 -1.042685239413172413e-02 8.647263234707685230e-04
-1.639999999999977831e+01 -1.027108636901335331e-02 8.474055155463652237e-04
-1.629999999999977689e+01 -1.011835920142816966e-02 8.308984778183212041e-04
-1.619999999999977547e+01 -9.968529352257896742e-03 8.151691515628539837e-04
-1.609999999999977405e+01 -9.821461352988431967e-03 8.001839086200756559e-04
-1.599999999999977263e+01 -9.677025403885253924e-03 7.859113813226753986e-04
-1.589999999999977121e+01 -9.535096999290389869e-03 7.723223072487177699e-04
-1.579999999999976978e+01 -9.395556577756380284e-03 7.593893874115231800e-04
-1.569999999999976836e+01 -9.258289194894348331e-03 7.470871566439468486e-04
-1.559999999999976694e+01 -9.123184217069636032e-03 7.353918650726669901e-04
-1.549999999999976552e+01 -8.990135034173913492e-03 7.242813696878631262e-04
-1.539999999999976410e+01 -8.859038789897218449e-03 7.137350351214315431e-04
-1.529999999999976268e+01 -8.729796128056511312e-03 7.037336428384051261e-04
-1.519999999999976126e+01 -8.602310953616260775e-03 6.942593080248334178e-04
-1.509999999999975984e+01 -8.476490207211476863e-03 6.852954035337644996e-04
-1.499999999999975842e+01 -8.352243652016025019e-03 6.768264903110454006e-04
-1.489999999999975699e+01 -8.229483671929140043e-03 6.688382537845199245e-04
-1.479999999999975557e+01 -8.108125080131603490e-03 6.613174457522897048e-04
-1.469999999999975415e+01 -7.988084937095577681e-03 6.542518313503650762e-04
-1.459999999999975273e+01 -7.869282377258363451e-03 6.476301407265369278e-04
-1.449999999999975131e+01 -7.751638443567031994e-03 6.414420250816802111e-04
-1.439999999999974989e+01 -7.635075929192353117e-03 6.356780167769832124e-04
-1.429999999999974847e+01 -7.519519225756443603e-03 6.303294932367559111e-04
-1.419999999999974705e+01 -7.404894177423765322e-03 6.253886444033149392e-04
-1.409999999999974563e+01 -7.291127940301003404e-03 6.208484435295161903e-04
-1.399999999999974420e+01 -7.178148846566917776e-03 6.167026211155851850e-04
-1.389999999999974278e+01 -7.065886272820037783e-03 6.129456418207706236e-04
-1.379999999999974136e+01 -6.954270512158074874e-03 6.095726842003742650e-04
-1.369999999999973994e+01 -6.843232649490174624e-03 6.065796231363728992e-04
-1.359999999999973852e+01 -6.732704439659918660e-03 6.039630148493175263e-04
-1.349999999999973710e+01 -6.622618187917855143e-03 6.017200843937684819e-04
-1.339999999999973568e+01 -6.512906632333087531e-03 5.998487155562690163e-04
-1.329999999999973426e+01 -6.403502827745301273e-03 5.983474430892617288e-04
-1.319999999999973284e+01 -6.294340030833485769e-03 5.972154472278598959e-04
-1.309999999999973141e+01 -6.185351585940187386e-03 5.964525504508331631e-04
-1.299999999999972999e+01 -6.076470811240448563e-03 5.960592164593911217e-04
-1.289999999999972857e+01 -5.967630884882930628e-03 5.960365513607818839e-04
-1.279999999999972715e+01 -5.858764730730848039e-03 5.963863070561566159e-04
-1.269999999999972573e+01 -5.749804903298627590e-03 5.971108868442601180e-04
-1.259999999999972431e+01 -5.640683471518147946e-03 5.982133532668771226e-04
-1.249999999999972289e+01 -5.531331900935142903e-03 5.996974382312939738e-04
-1.239999999999972147e+01 -5.421680933930410340e-03 6.015675554624062230e-04
-1.229999999999972005e+01 -5.311660467576197545e-03 6.038288153467790721e-04
-1.219999999999971863e+01 -5.201199428686378162e-03 6.064870422470082555e-04
-1.209999999999971720e+01 -5.090225645634761237e-03 6.095487943784205862e-04
-1.199999999999971578e+01 -4.978665716500289828e-03 6.130213863551360869e-04
-1.189999999999971436e+01 -4.866444873042722469e-03 6.169129145295597794e-04
-1.179999999999971294e+01 -4.753486840045881290e-03 6.212322852649622505e-04
-1.169999999999971152e+01 -4.639713689484851328e-03 6.259892463005866693e-04
-1.159999999999971010e+01 -4.525045688980242758e-03 6.311944213873579108e-04
-1.149999999999970868e+01 -4.409401143971827808e-03 6.368593483930495803e-04
-1.139999999999970726e+01 -4.292696232971706521e-03 6.429965211002553480e-04
-1.129999999999970584e+01 -4.174844835275578342e-03 6.496194349427096039e-04
-1.119999999999970441e+01 -4.055758350409440632e-03 6.567426369550800240e-04
-1.109999999999970299e+01 -3.935345508577599988e-03 6.643817802391905518e-04
-1.099999999999970157e+01 -3.813512171325354749e-03 6.725536832814681858e-04
-1.089999999999970015e+01 -3.690161121532843647e-03 6.812763944942177565e-04
-1.079999999999969873e+01 -3.565191841851712146e-03 6.905692623883971778e-04
-1.069999999999969731e+01 -3.438500280564787265e-03 7.004530118321953495e-04
-1.059999999999969589e+01 -3.309978603808404196e-03 7.109498268945682251e-04
-1.049999999999969447e+01 -3.179514933011454159e-03 7.220834408246644149e-04
-1.039999999999969305e+01 -3.046993066268707112e-03 7.338792337792318654e-04
-1.029999999999969162e+01 -2.912292182324891648e-03 7.463643389689852709e-04
-1.019999999999969020e+01 -2.775286525665311699e-03 7.595677579713805937e-04
-1.009999999999968878e+01 -2.635845071121169225e-03 7.735204860330972126e-04
-9.999999999999687361e+00 -2.493831166258460297e-03 7.882556482732157831e-04
-9.899999999999685940e+00 -2.349102149617605245e-03 8.038086478008561828e-04
-9.799999999999684519e+00 -2.201508942768898996e-03 8.202173268639187820e-04
-9.699999999999683098e+00 -2.050895613887118718e-03 8.375221422754109031e-04
-9.599999999999681677e+00 -1.897098910381783687e-03 8.557663564969786307e-04
-9.499999999999680256e+00 -1.739947757887341795e-03 8.749962459128209861e-04
-9.399999999999678835e+00 -1.579262722608745090e-03 8.952613280061787020e-04
-9.299999999999677414e+00 -1.414855433806649909e-03 9.166146093361824797e-04
-9.199999999999675993e+00 -1.246527962809024226e-03 9.391128564412429876e-04
-9.099999999999674571e+00 -1.074072154629023695e-03 9.628168920366108295e-04
-8.999999999999673150e+00 -8.972689078754828018e-04 9.877919191519997540e-04
-8.899999999999671729e+00 -7.158873981461498504e-04 1.014107876178327794e-03
-8.799999999999670308e+00 -5.296842396878727321e-04 1.041839826138210709e-03
-8.699999999999668887e+00 -3.384025794716735702e-04 1.071068383912061536e-03
-8.599999999999667466e+00 -1.417711172712020351e-04 1.101880185604574638e-03
-8.499999999999666045e+00 6.049695535076046737e-05 1.134368404759021620e-03
-8.399999999999664624e+00 2.687051050759420301e-04 1.168633320733446614e-03
-8.299999999999663203e+00 4.831747045784470784e-04 1.204782945218516900e-03
-8.199999999999661782e+00 7.042463877496851765e-04 1.242933713670972247e-03
-8.099999999999660361e+00 9.322815231927149282e-04 1.283211249318565389e-03
-7.999999999999658939e+00 1.167663818001787174e-03 1.325751208413865172e-03
-7.899999999999657518e+00 1.410801065301846985e-03 1.370700216602687045e-03
-7.799999999999656097e+00 1.662127050472483186e-03 1.418216907606350457e-03
-7.699999999999654676e+00 1.922103632864789746e-03 1.468473076998454791e-03
-7.599999999999653255e+00 2.191223021748719968e-03 1.521654965648684601e-03
-7.499999999999651834e+00 2.470010267493393669e-03 1.577964689493937265e-03
-7.399999999999650413e+00 2.759025991645788073e-03 1.637621834739011331e-03
-7.299999999999648992e+00 3.058869382369433509e-03 1.700865240382628705e-03
-7.199999999999647571e+00 3.370181485177904668e-03 1.767954993277749296e-03
-7.099999999999646150e+00 3.693648822617669192e-03 1.839174664756998423e-03
-6.999999999999644729e+00 4.030007380894512492e-03 1.914833822345117249e-03
-6.899999999999643308e+00 4.380047006512823027e-03 1.995270855376181721e-03
-6.799999999999641886e+00 4.744616261532393076e-03 2.080856159500618727e-03
-6.699999999999640465e+00 5.124627792745764521e-03 2.171995732417403551e-03
-6.599999999999639044e+00 5.521064277488552108e-03 2.269135241792265278e-03
-6.499999999999637623e+00 5.934985017429408871e-03 2.372764636570060415e-03
-6.399999999999636202e+00 6.367533261777573450e-03 2.483423385105920471e-03
-6.299999999999634781e+00 6.819944352652811126e-03 2.601706438016735800e-03
-6.199999999999633360e+00 7.293554798862164623e-03 2.728271031068918700e-03
-6.099999999999631939e+00 7.789812399602573378e-03 2.863844464211253577e-03
-5.999999999999630518e+00 8.310287557447358642e-03 3.009233017903411873e-03
-5.899999999999629097e+00 8.856685940860274664e-03 3.165332198159658689e-03
-5.799999999999627676e+00 9.430862680323032210e-03 3.333138538255531972e-03
-5.699999999999626255e+00 1.003483831044110069e-02 3.513763229574293646e-03
-5.599999999999624833e+00 1.067081670287600009e-02 3.708447908236050736e-03
-5.499999999999623412e+00 1.134120527296515052e-02 3.918582990479944038e-03
-5.399999999999621991e+00 1.204863778742747138e-02 4.145729031319453015e-03
-5.299999999999620570e+00 1.279600015191136725e-02 4.391641681387357075e-03
-5.199999999999619149e+00 1.358645961766128535e-02 4.658300941424478071e-03
-5.099999999999617728e+00 1.442349791642549839e-02 4.947945568547947905e-03
-4.999999999999616307e+00 1.531094891402872554e-02 5.263113681688201366e-03
-4.899999999999614886e+00 1.625304146742930639e-02 5.606690856155139083e-03
-4.799999999999613465e+00 1.725444827807017661e-02 5.981967302799149830e-03
-4.699999999999612044e+00 1.832034165871408715e-02 6.392706114527146183e-03
-4.599999999999610623e+00 1.945645727095596939e-02 6.843225055688081405e-03
-4.499999999999609201e+00 2.066916704683726541e-02 7.338495000471301384e-03
-4.399999999999607780e+00 2.196556267842123683e-02 7.884258937929761527e-03
-4.299999999999606359e+00 2.335355123691670171e-02 8.487176510540657415e-03
-4.199999999999604938e+00 2.484196465877329396e-02 9.155000418822015207e-03
-4.099999999999603517e+00 2.644068498730546557e-02 9.896792811030299952e-03
-3.999999999999602096e+00 2.816078734968597425e-02 1.072319212873742295e-02
-3.899999999999600675e+00 3.001470261885329227e-02 1.164674399383156499e-02
-3.799999999999599254e+00 3.201640145211633037e-02 1.268231387184489550e-02
-3.699999999999597833e+00 3.418160074314363639e-02 1.384760480960844919e-02
-3.599999999999596412e+00 3.652799218296889916e-02 1.516381104648016273e-02
-3.499999999999594991e+00 3.907549012837392005e-02 1.665644847229664355e-02
-3.399999999999593570e+00 4.184649154233280322e-02 1.835641677730328464e-02
-3.299999999999592148e+00 4.486613310265287480e-02 2.030136713801973872e-02
-3.199999999999590727e+00 4.816251751488904304e-02 2.253747539350958035e-02
-3.099999999999589306e+00 5.176685898450607282e-02 2.512175660023082888e-02
-2.999999999999587885e+00 5.571346058154830194e-02 2.812510623233122412e-02
-2.899999999999586464e+00 6.003937346118953106e-02 3.163632071342339924e-02
-2.799999999999585043e+00 6.478348177340183256e-02 3.576744066209385647e-02
-2.699999999999583622e+00 6.998457699222794537e-02 4.066087864342318725e-02
-2.599999999999582201e+00 7.567767855223242468e-02 4.649893862628219632e-02
-2.499999999999580780e+00 8.188733345960920451e-02 5.351648951439763602e-02
-2.399999999999579359e+00 8.861573218272975061e-02 6.201765817986019946e-02
-2.299999999999577938e+00 9.582195874234490651e-02 7.239728505353147658e-02
-2.199999999999576517e+00 1.033861621559950122e-01 8.516709892379320523e-02
-2.099999999999575095e+00 1.110483987049448312e-01 1.009840734319361055e-01
-1.999999999999573674e+00 1.183060610903095417e-01 1.206718788073902621e-01
-1.899999999999572253e+00 1.242474138339293988e-01 1.452108666060079878e-01
-1.799999999999570832e+00 1.272987565738620264e-01 1.756389817138826470e-01
-1.699999999999569411e+00 1.248926701496597819e-01 2.127457586810542756e-01
-1.599999999999567990e+00 1.131835521895327296e-01 2.563664327068099213e-01
-1.499999999999566569e+00 8.723369949938090950e-02 3.041079503554939278e-01
-1.399999999999565148e+00 4.250967178409131852e-02 3.498119734918908041e-01
-1.299999999999563727e+00 -2.169845464055261686e-02 3.833338849360790057e-01
-1.199999999999562306e+00 -9.865224109181938705e-02 3.940942026752342620e-01
-1.099999999999560885e+00 -1.750608547759170963e-01 3.777516880976835578e-01
-9.999999999995594635e-01 -2.380919441731150776e-01 3.395823018440162766e-01
-8.999999999995580424e-01 -2.819198696022075512e-01 2.903911600663576231e-01
-7.999999999995566213e-01 -3.079221600491561794e-01 2.399408193485996765e-01
-6.999999999995552002e-01 -3.208860699440944653e-01 1.938727015705143386e-01
-5.999999999995537792e-01 -3.257878351590148824e-01 1.541744273137967691e-01
-4.999999999995523581e-01 -3.264882028776220357e-01 1.206983591327175920e-01
-3.999999999995509370e-01 -3.256056602331378613e-01 9.231251699025302959e-02
-2.999999999995495159e-01 -3.247216679520069094e-01 6.748945523318711226e-02
-1.999999999995480948e-01 -3.245122378802411944e-01 4.461297091833664463e-02
-9.999999999954667373e-02 -3.248266582089398558e-01 2.233375718293147127e-02
4.547473508864641190e-13 -3.250477698901134138e-01 -2.814415367424771830e-14
1.000000000004561684e-01 -3.248266582089364141e-01 -2.233375718313398983e-02
2.000000000004575895e-01 -3.245122378802399732e-01 -4.461297091854035668e-02
3.000000000004590106e-01 -3.247216679520122384e-01 -6.748945523340164898e-02
4.000000000004604317e-01 -3.256056602331475203e-01 -9.231251699049256021e-02
5.000000000004618528e-01 -3.264882028776260325e-01 -1.206983591329967298e-01
6.000000000004632739e-01 -3.257878351589942878e-01 -1.541744273141282817e-01
7.000000000004646949e-01 -3.208860699440200248e-01 -1.938727015709053314e-01
8.000000000004661160e-01 -3.079221600489869815e-01 -2.399408193490439045e-01
9.000000000004675371e-01 -2.819198696018958561e-01 -2.903911600668225845e-01
1.000000000000468958e+00 -2.380919441726266905e-01 -3.395823018444307784e-01
1.100000000000470379e+00 -1.750608547752677269e-01 -3.777516880979457925e-01
1.200000000000471800e+00 -9.865224109109950457e-02 -3.940942026752604632e-01
1.300000000000473221e+00 -2.169845463989414358e-02 -3.833338849358642886e-01
1.400000000000474643e+00 4.250967178459053031e-02 -3.498119734915129952e-01
1.500000000000476064e+00 8.723369949969700388e-02 -3.041079503550562224e-01
1.600000000000477485e+00 1.131835521896960711e-01 -2.563664327063884252e-01
1.700000000000478906e+00 1.248926701497171249e-01 -2.127457586806857370e-01
1.800000000000480327e+00 1.272987565738543103e-01 -1.756389817135763642e-01
1.900000000000481748e+00 1.242474138338855033e-01 -1.452108666057595476e-01
2.000000000000483169e+00 1.183060610902477439e-01 -1.206718788071906856e-01
2.100000000000484590e+00 1.110483987048759835e-01 -1.009840734317760114e-01
2.200000000000486011e+00 1.033861621559252625e-01 -8.516709892366432222e-02
2.300000000000487432e+00 9.582195874227750210e-02 -7.239728505342708786e-02
2.400000000000488853e+00 8.861573218266625973e-02 -6.201765817977501066e-02
2.500000000000490274e+00 8.188733345955034881e-02 -5.351648951432761564e-02
2.600000000000491696e+00 7.567767855217834294e-02 -4.649893862622415941e-02
2.700000000000493117e+00 6.998457699217847106e-02 -4.066087864337469132e-02
2.800000000000494538e+00 6.478348177335664648e-02 -3.576744066205306272e-02
2.900000000000495959e+00 6.003937346114834872e-02 -3.163632071338883661e-02
3.000000000000497380e+00 5.571346058151073477e-02 -2.812510623230175810e-02
3.100000000000498801e+00 5.176685898447180162e-02 -2.512175660020554355e-02
3.200000000000500222e+00 4.816251751485772781e-02 -2.253747539348775059e-02
3.300000000000501643e+00 4.486613310262418941e-02 -2.030136713800080248e-02
3.400000000000503064e+00 4.184649154230651175e-02 -1.835641677728677354e-02
3.500000000000504485e+00 3.907549012834976576e-02 -1.665644847228217595e-02
3.600000000000505906e+00 3.652799218294668082e-02 -1.516381104646742813e-02
3.700000000000507328e+00 3.418160074312316665e-02 -1.384760480959720125e-02
3.800000000000508749e+00 3.201640145209740801e-02 -1.268231387183491911e-02
3.900000000000510170e+00 3.001470261883576462e-02 -1.164674399382268320e-02
4.000000000000511591e+00 2.816078734966972336e-02 -1.072319212872948485e-02
4.100000000000513012e+00 2.644068498729037348e-02 -9.896792811023184117e-03
4.200000000000514433e+00 2.484196465875928433e-02 -9.155000418815624486e-03
4.300000000000515854e+00 2.335355123690363577e-02 -8.487176510534894663e-03
4.400000000000517275e+00 2.196556267840901744e-02 -7.884258937924545213e-03
4.500000000000518696e+00 2.066916704682588563e-02 -7.338495000466577732e-03
4.600000000000520117e+00 1.945645727094528349e-02 -6.843225055683788832e-03
4.700000000000521538e+00 1.832034165870407433e-02 -6.392706114523233514e-03
4.800000000000522959e+00 1.725444827806078829e-02 -5.981967302795578034e-03
4.900000000000524381e+00 1.625304146742045930e-02 -5.606690856151876068e-03
5.000000000000525802e+00 1.531094891402044744e-02 -5.263113681685208968e-03
5.100000000000527223e+00 1.442349791641767132e-02 -4.947945568545204439e-03
5.200000000000528644e+00 1.358645961765389543e-02 -4.658300941421949712e-03
5.300000000000530065e+00 1.279600015190437284e-02 -4.391641681385028209e-03
5.400000000000531486e+00 1.204863778742086555e-02 -4.145729031317307162e-03
5.500000000000532907e+00 1.134120527295887776e-02 -3.918582990477958647e-03
5.600000000000534328e+00 1.067081670287006040e-02 -3.708447908234210628e-03
5.700000000000535749e+00 1.003483831043548713e-02 -3.513763229572591015e-03
5.800000000000537170e+00 9.430862680317682323e-03 -3.333138538253949471e-03
5.900000000000538591e+00 8.856685940855181516e-03 -3.165332198158188077e-03
6.000000000000540012e+00 8.310287557442508355e-03 -3.009233017902041441e-03
6.100000000000541434e+00 7.789812399597938197e-03 -2.863844464209977687e-03
6.200000000000542855e+00 7.293554798857758426e-03 -2.728271031067727812e-03
6.300000000000544276e+00 6.819944352648599217e-03 -2.601706438015623842e-03
6.400000000000545697e+00 6.367533261773548892e-03 -2.483423385104880938e-03
6.500000000000547118e+00 5.934985017425564724e-03 -2.372764636569087236e-03
6.600000000000548539e+00 5.521064277484860616e-03 -2.269135241791352380e-03
6.700000000000549960e+00 5.124627792742246502e-03 -2.171995732416547899e-03
6.800000000000551381e+00 4.744616261529020773e-03 -2.080856159499815117e-03
6.900000000000552802e+00 4.380047006509575624e-03 -1.995270855375427116e-03
7.000000000000554223e+00 4.030007380891376112e-03 -1.914833822344407747e-03
7.100000000000555644e+00 3.693648822614664651e-03 -1.839174664756330121e-03
7.200000000000557066e+00 3.370181485175031966e-03 -1.767954993277121760e-03
7.300000000000558487e+00 3.058869382366654482e-03 -1.700865240382036948e-03
7.400000000000559908e+00 2.759025991643113129e-03 -1.637621834738452100e-03
7.500000000000561329e+00 2.470010267490822808e-03 -1.577964689493410559e-03
7.600000000000562750e+00 2.191223021746221966e-03 -1.521654965648186518e-03
7.700000000000564171e+00 1.922103632862385419e-03 -1.468473076997984681e-03
7.800000000000565592e+00 1.662127050470151718e-03 -1.418216907605906584e-03
7.900000000000567013e+00 1.410801065299588375e-03 -1.370700216602266375e-03
8.000000000000568434e+00 1.167663817999615300e-03 -1.325751208413467703e-03
8.100000000000569855e+00 9.322815231906055045e-04 -1.283211249318189171e-03
8.200000000000571276e+00 7.042463877476382028e-04 -1.242933713670615328e-03
8.300000000000572697e+00 4.831747045764590853e-04 -1.204782945218178846e-03
8.400000000000574119e+00 2.687051050740303648e-04 -1.168633320733126991e-03
8.500000000000575540e+00 6.049695534890084381e-05 -1.134368404758718911e-03
8.600000000000576961e+00 -1.417711172730096170e-04 -1.101880185604286241e-03
8.700000000000578382e+00 -3.384025794734395187e-04 -1.071068383911789402e-03
8.800000000000579803e+00 -5.296842396895866389e-04 -1.041839826137952452e-03
8.900000000000581224e+00 -7.158873981478151849e-04 -1.014107876178082330e-03
9.000000000000582645e+00 -8.972689078771065030e-04 -9.877919191517664337e-04
9.100000000000584066e+00 -1.074072154630619641e-03 -9.628168920363894354e-04
9.200000000000585487e+00 -1.246527962810582008e-03 -9.391128564410326524e-04
9.300000000000586908e+00 -1.414855433808162588e-03 -9.166146093359829865e-04
9.400000000000588329e+00 -1.579262722610226544e-03 -8.952613280059896171e-04
9.500000000000589750e+00 -1.739947757888788554e-03 -8.749962459126410085e-04
9.600000000000591172e+00 -1.897098910383206161e-03 -8.557663564968077605e-04
9.700000000000592593e+00 -2.050895613888503027e-03 -8.375221422752495738e-04
9.800000000000594014e+00 -2.201508942770248611e-03 -8.202173268637652590e-04
9.900000000000595435e+00 -2.349102149618937513e-03 -8.038086478007108997e-04
1.000000000000059686e+01 -2.493831166259768278e-03 -7.882556482730776557e-04
1.010000000000059828e+01 -2.635845071122452921e-03 -7.735204860329668915e-04
1.020000000000059970e+01 -2.775286525666564169e-03 -7.595677579712569946e-04
1.030000000000060112e+01 -2.912292182326133710e-03 -7.463643389688688276e-04
1.040000000000060254e+01 -3.046993066269917949e-03 -7.338792337791208431e-04
1.050000000000060396e+01 -3.179514933012651118e-03 -7.220834408245603315e-04
1.060000000000060538e+01 -3.309978603809587278e-03 -7.109498268944697795e-04
1.070000000000060680e+01 -3.438500280565946060e-03 -7.004530118321024333e-04
1.080000000000060822e+01 -3.565191841852857063e-03 -6.905692623883101164e-04
1.090000000000060965e+01 -3.690161121533971217e-03 -6.812763944941361161e-04
1.100000000000061107e+01 -3.813512171326461503e-03 -6.725536832813917495e-04
1.110000000000061249e+01 -3.935345508578696333e-03 -6.643817802391189945e-04
1.120000000000061391e+01 -4.055758350410533508e-03 -6.567426369550126951e-04
1.130000000000061533e+01 -4.174844835276664279e-03 -6.496194349426467202e-04
1.140000000000061675e+01 -4.292696232972771642e-03 -6.429965211001975600e-04
1.150000000000061817e+01 -4.409401143972889459e-03 -6.368593483929958039e-04
1.160000000000061959e+01 -4.525045688981294001e-03 -6.311944213873085796e-04
1.170000000000062101e+01 -4.639713689485892162e-03 -6.259892463005411328e-04
1.180000000000062244e+01 -4.753486840046915185e-03 -6.212322852649209423e-04
1.190000000000062386e+01 -4.866444873043745956e-03 -6.169129145295222660e-04
1.200000000000062528e+01 -4.978665716501309846e-03 -6.130213863551026935e-04
1.210000000000062670e+01 -5.090225645635776050e-03 -6.095487943783912043e-04
1.220000000000062812e+01 -5.201199428687380832e-03 -6.064870422469822346e-04
1.230000000000062954e+01 -5.311660467577201949e-03 -6.038288153467570628e-04
1.240000000000063096e+01 -5.421680933931402602e-03 -6.015675554623874663e-04
1.250000000000063238e+01 -5.531331900936140369e-03 -5.996974382312784697e-04
1.260000000000063380e+01 -5.640683471519140207e-03 -5.982133532668654132e-04
1.270000000000063523e+01 -5.749804903299619852e-03 -5.971108868442519865e-04
1.280000000000063665e+01 -5.858764730731795198e-03 -5.963863070560335589e-04
1.290000000000063807e+01 -5.967630884883917686e-03 -5.960365513607804745e-04
1.300000000000063949e+01 -6.076470811241433886e-03 -5.960592164593930733e-04
1.310000000000064091e+01 -6.185351585941183117e-03 -5.964525504508384757e-04
1.320000000000064233e+01 -6.294340030834483235e-03 -5.972154472278686779e-04
1.330000000000064375e+01 -6.403502827746290066e-03 -5.983474430892735466e-04
1.340000000000064517e+01 -6.512906632334083262e-03 -5.998487155562840867e-04
1.350000000000064659e+01 -6.622618187918854343e-03 -6.017200843937874554e-04
1.360000000000064801e+01 -6.732704439660924800e-03 -6.039630148493396440e-04
1.370000000000064944e+01 -6.843232649491184233e-03 -6.065796231363982695e-04
1.380000000000065086e+01 -6.954270512159082748e-03 -6.095726842004031048e-04
1.390000000000065228e+01 -7.065886272821061270e-03 -6.129456418208028244e-04
1.400000000000065370e+01 -7.178148846567937794e-03 -6.167026211156209636e-04
1.410000000000065512e+01 -7.291127940302037300e-03 -6.208484435295554384e-04
1.420000000000065654e+01 -7.404894177424809626e-03 -6.253886444033578736e-04
1.430000000000065796e+01 -7.519519225757491376e-03 -6.303294932368026402e-04
1.440000000000065938e+01 -7.635075929193411298e-03 -6.356780167770338446e-04
1.450000000000066080e+01 -7.751638443568100584e-03 -6.414420250817346380e-04
1.460000000000066223e+01 -7.869282377259440714e-03 -6.476301407265952579e-04
1.470000000000066365e+01 -7.988084937096658414e-03 -6.542518313504275262e-04
1.480000000000066507e+01 -8.108125080132698101e-03 -6.613174457523561664e-04
1.490000000000066649e+01 -8.229483671930250266e-03 -6.688382537845902892e-04
1.500000000000066791e+01 -8.352243652017147385e-03 -6.768264903111202106e-04
1.510000000000066933e+01 -8.476490207212611372e-03 -6.852954035338438632e-04
1.520000000000067075e+01 -8.602310953617407427e-03 -6.942593080249172266e-04
1.530000000000067217e+01 -8.729796128057680515e-03 -7.037336428384935970e-04
1.540000000000067359e+01 -8.859038789898401531e-03 -7.137350351215252181e-04
1.550000000000067502e+01 -8.990135034175113921e-03 -7.242813696879613549e-04
1.560000000000067644e+01 -9.123184217070859012e-03 -7.353918650727706398e-04
1.570000000000067786e+01 -9.258289194895586924e-03 -7.470871566440560278e-04
1.580000000000067928e+01 -9.395556577757643163e-03 -7.593893874116379970e-04
1.590000000000068070e+01 -9.535096999291668360e-03 -7.723223072488381163e-04
1.600000000000068212e+01 -9.677025403886556701e-03 -7.859113813228023587e-04
1.610000000000068354e+01 -9.821461352989755561e-03 -8.001839086202084707e-04
1.620000000000068496e+01 -9.968529352259249826e-03 -8.151691515629938458e-04
1.630000000000068638e+01 -1.011835920142954530e-02 -8.308984778184677882e-04
1.640000000000068781e+01 -1.027108636901476191e-02 -8.474055155465186383e-04
1.650000000000068923e+01 -1.042685239413315354e-02 -8.647263234709296354e-04
1.660000000000069065e+01 -1.058580531796587433e-02 -8.828995773295410850e-04
1.670000000000069207e+01 -1.074810014766969420e-02 -9.019667744543501814e-04
1.680000000000069349e+01 -1.091389935577345878e-02 -9.219724584407765124e-04
1.690000000000069491e+01 -1.108337341848811622e-02 -9.429644661207179984e-04
1.700000000000069633e+01 -1.125670139667165649e-02 -9.649941993297675869e-04
1.710000000000069775e+01 -1.143407156359280141e-02 -9.881169242793841866e-04
1.720000000000069917e+01 -1.161568208414711333e-02 -1.012392101719228939e-03
1.730000000000070060e+01 -1.180174175060465409e-02 -1.037883751484969166e-03
1.740000000000070202e+01 -1.199247078063111517e-02 -1.064660855521463393e-03
1.750000000000070344e+01 -1.218810168391956314e-02 -1.092797804020563405e-03
1.760000000000070486e+01 -1.238888020450023934e-02 -1.122374889953199444e-03
1.770000000000070628e+01 -1.259506634668842301e-02 -1.153478858025141487e-03
1.780000000000070770e+01 -1.280693549347248356e-02 -1.186203514929293039e-03
1.790000000000070912e+01 -1.302477962730853867e-02 -1.220650408776170022e-03
1.800000000000071054e+01 -1.324890866443690848e-02 -1.256929586731662767e-03
1.810000000000071196e+01 -1.347965191520906006e-02 -1.295160441237230842e-03
1.820000000000071338e+01 -1.371735968455420687e-02 -1.335472656772626176e-03
1.830000000000071481e+01 -1.396240502839408287e-02 -1.378007270944990289e-03
1.840000000000071623e+01 -1.421518568397298239e-02 -1.422917865867701429e-03
1.850000000000071765e+01 -1.447612619434223043e-02 -1.470371908323597591e-03
1.860000000000071907e+01 -1.474568024991822213e-02 -1.520552260204517106e-03
1.870000000000072049e+01 -1.502433327320040930e-02 -1.573658884280976916e-03
1.880000000000072191e+01 -1.531260527615204738e-02 -1.629910774538250416e-03
1.890000000000072333e+01 -1.561105402396271817e-02 -1.689548145341113194e-03
1.900000000000072475e+01 -1.592027854354207891e-02 -1.752834919641055355e-03
1.910000000000072617e+01 -1.624092302053196935e-02 -1.820061563575415056e-03
1.920000000000072760e+01 -1.657368113502277057e-02 -1.891548323394602171e-03
1.930000000000072902e+01 -1.691930089330459866e-02 -1.967648930936070212e-03
1.940000000000073044e+01 -1.727859002160691410e-02 -2.048754856355006291e-03
1.950000000000073186e+01 -1.765242199751703572e-02 -2.135300201905068751e-03
1.960000000000073328e+01 -1.804174280619161644e-02 -2.227767348932089241e-03
1.970000000000073470e+01 -1.844757852189703867e-02 -2.326693492704783126e-03
1.980000000000073612e+01 -1.887104383071357833e-02 -2.432678227159205259e-03
1.990000000000073754e+01 -1.931335162845456907e-02 -2.546392375510814904e-03
2.000000000000073896e+01 -1.977582384871860721e-02 -2.668588304463463505e-03
2.010000000000074039e+01 -2.025990370038149857e-02 -2.800112011606141395e-03
2.020000000000074181e+01 -2.076716952231160221e-02 -2.941917340263630696e-03
2.030000000000074323e+01 -2.129935049565950117e-02 -3.095082756921394354e-03
2.040000000000074465e+01 -2.185834449211826458e-02 -3.260831228175434769e-03
2.050000000000074607e+01 -2.244623837972987285e-02 -3.440553862738775226e-03
2.060000000000074749e+01 -2.306533115698604364e-02 -3.635838147397145882e-03
2.070000000000074891e+01 -2.371816034126811648e-02 -3.848501814449916195e-03
2.080000000000075033e+01 -2.440753209788581318e-02 -4.080633645827830627e-03
2.090000000000075175e+01 -2.513655566065199631e-02 -4.334642864750743764e-03
2.100000000000075318e+01 -2.590868265975248413e-02 -4.613319214313513390e-03
2.110000000000075460e+01 -2.672775203213807738e-02 -4.919906408049331235e-03
2.120000000000075602e+01 -2.759804123298962436e-02 -5.258192406841609087e-03
2.130000000000075744e+01 -2.852432447432569004e-02 -5.632620992869286428e-03
2.140000000000075886e+01 -2.951193865833623073e-02 -6.048430462778312672e-03
2.150000000000076028e+01 -3.056685749447663608e-02 -6.511827069856831671e-03
2.160000000000076170e+01 -3.169577390438268333e-02 -7.030203277678902934e-03
2.170000000000076312e+01 -3.290619008336462259e-02 -7.612414180905661618e-03
2.180000000000076454e+01 -3.420651326212842402e-02 -8.269129930849850388e-03
2.190000000000076597e+01 -3.560615290432884300e-02 -9.013288133695078821e-03
2.200000000000076739e+01 -3.711561112472096940e-02 -9.860678604673029854e-03
2.210000000000076881e+01 -3.874655141819567661e-02 -1.083070443916147457e-02
2.220000000000077023e+01 -4.051181949463847354e-02 -1.194737928191071281e-02
2.230000000000077165e+01 -4.242537096434126354e-02 -1.324064246197468112e-02
2.240000000000077307e+01 -4.450202843213058035e-02 -1.474810312435536827e-02
2.250000000000077449e+01 -4.675693598577798649e-02 -1.651736336428595922e-02
2.260000000000077591e+01 -4.920448617647629752e-02 -1.860911917888038308e-02
2.270000000000077733e+01 -5.185633597449654936e-02 -2.110129302628140080e-02
2.280000000000077875e+01 -5.471785710504295519e-02 -2.409449716701289601e-02
2.290000000000078018e+01 -5.778190488349414095e-02 -2.771911653972282050e-02
2.300000000000078160e+01 -6.101801587063628018e-02 -3.214411406776760544e-02
2.310000000000078302e+01 -6.435389028147098234e-02 -3.758701081967821822e-02
2.320000000000078444e+01 -6.764413356983522974e-02 -4.432271687560065954e-02
2.330000000000078586e+01 -7.061891772616642193e-02 -5.268457504437074057e-02
2.340000000000078728e+01 -7.280410087526831275e-02 -6.304147501282253430e-02
2.350000000000078870e+01 -7.341046703543033236e-02 -7.571657357147748568e-02
2.360000000000079012e+01 -7.121966766975268426e-02 -9.078646715495192199e-02
2.370000000000079154e+01 -6.457872343849799246e-02 -1.076901963421367375e-01
2.380000000000079297e+01 -5.176151677980628252e-02 -1.246818452252089482e-01
2.390000000000079439e+01 -3.199014119540823098e-02 -1.385326050108570128e-01
2.400000000000079581e+01 -6.831538425001781878e-03 -1.453430277540505855e-01
2.410000000000079723e+01 1.949746951256136479e-02 -1.427405007305389273e-01
2.420000000000079865e+01 4.211488976345753588e-02 -1.316681112020416100e-01
2.430000000000080007e+01 5.813991449401735567e-02 -1.156384051952935033e-01
2.440000000000080149e+01 6.742729635972470603e-02 -9.838604685969630503e-02
2.450000000000080291e+01 7.143695062206539825e-02 -8.234543127985818889e-02
2.460000000000080433e+01 7.193549693081335850e-02 -6.855273360966752938e-02
2.470000000000080576e+01 7.035444179465537295e-02 -5.716258540570093999e-02
2.480000000000080718e+01 6.766830970722959027e-02 -4.792995864595909344e-02
2.490000000000080860e+01 6.448066247965228426e-02 -4.049138600730776277e-02
2.500000000000081002e+01 6.114321851294534510e-02 -3.449192245407357860e-02
2.510000000000081144e+01 5.785057960133219157e-02 -2.962905393823010713e-02
2.520000000000081286e+01 5.470370168236120961e-02 -2.565977191502791591e-02
2.530000000000081428e+01 5.174932710299677552e-02 -2.239407976404174383e-02
2.540000000000081570e+01 4.900358960112100037e-02 -1.968507340554364812e-02
2.550000000000081712e+01 4.646586954396712821e-02 -1.741945897061526749e-02
2.560000000000081855e+01 4.412682631081652623e-02 -1.550966867072950742e-02
2.570000000000081997e+01 4.197300256812072639e-02 -1.388768491034115572e-02
2.580000000000082139e+01 3.998942342183510468e-02 -1.250033554031668333e-02
2.590000000000082281e+01 3.816102695652677512e-02 -1.130575416169962537e-02
2.600000000000082423e+01 3.647341633133113076e-02 -1.027072790881432968e-02
2.610000000000082565e+01 3.491322072491299944e-02 -9.368708892785636982e-03
2.620000000000082707e+01 3.346823370776998152e-02 -8.578318056405218744e-03
2.630000000000082849e+01 3.212742799141297956e-02 -7.882213715047645120e-03
2.640000000000082991e+01 3.088090450942029483e-02 -7.266230658744345788e-03
2.650000000000083134e+01 2.971980955809653061e-02 -6.718720766539392798e-03
2.660000000000083276e+01 2.863623936845050011e-02 -6.230044487695359477e-03
2.670000000000083418e+01 2.762314296673098329e-02 -5.792175947930539720e-03
2.680000000000083560e+01 2.667422914435597925e-02 -5.398394180421502327e-03
2.690000000000083702e+01 2.578388039889129707e-02 -5.043040068326746540e-03
2.700000000000083844e+01 2.494707499297057346e-02 -4.721323757555344336e-03
2.710000000000083986e+01 2.415931730975369451e-02 -4.429171089906699249e-03
2.720000000000084128e+01 2.341657615961512812e-02 -4.163100400022689759e-03
2.730000000000084270e+01 2.271523043351117779e-02 -3.920123089852168424e-03
2.740000000000084412e+01 2.205202139297125774e-02 -3.697662937568488122e-03
2.750000000000084555e+01 2.142401086864580834e-02 -3.493490255333533533e-03
2.760000000000084697e+01 2.082854466958708461e-02 -3.305667883968133481e-03
2.770000000000084839e+01 2.026322055878886433e-02 -3.132506675725657899e-03
2.780000000000084981e+01 1.972586021420634494e-02 -2.972528623067063110e-03
2.790000000000085123e+01 1.921448465966650934e-02 -2.824436180586516708e-03
2.800000000000085265e+01 1.872729271246882654e-02 -2.687086627997467385e-03
2.810000000000085407e+01 1.826264205244682026e-02 -2.559470555928346214e-03
2.820000000000085549e+01 1.781903256892080484e-02 -2.440693738837666684e-03
2.830000000000085691e+01 1.739509168813158091e-02 -2.329961802861566910e-03
2.840000000000085834e+01 1.698956142401492064e-02 -2.226567209646645572e-03
2.850000000000085976e+01 1.660128693007709849e-02 -2.129878167029434100e-03
2.860000000000086118e+01 1.622920636065691008e-02 -2.039329149095178793e-03
2.870000000000086260e+01 1.587234187578773909e-02 -1.954412765442533131e-03
2.880000000000086402e+01 1.552979164650153919e-02 -1.874672765645189580e-03
2.890000000000086544e+01 1.520072273673588222e-02 -1.799698002160563795e-03
2.900000000000086686e+01 1.488436475450266409e-02 -1.729117205137977202e-03
2.910000000000086828e+01 1.458000417941208993e-02 -1.662594447236771583e-03
2.920000000000086970e+01 1.428697928573011838e-02 -1.599825196652224918e-03
2.930000000000087113e+01 1.400467559079505639e-02 -1.540532873089950437e-03
2.940000000000087255e+01 1.373252176767825183e-02 -1.484465835030398043e-03
2.950000000000087397e+01 1.346998596869848630e-02 -1.431394737850347340e-03
2.960000000000087539e+01 1.321657251328048691e-02 -1.381110211722679166e-03
2.970000000000087681e+01 1.297181889932904307e-02 -1.333420815944522542e-03
2.980000000000087823e+01 1.273529310241512148e-02 -1.288151232838397183e-03
2.990000000000087965e+01 1.250659113142586765e-02 -1.245140669790480506e-03
3.000000000000088107e+01 1.228533481303944325e-02 -1.204241442528547652e-03
3.010000000000088249e+01 1.207116978079275475e-02 -1.165317716598880844e-03
3.020000000000088392e+01 1.186376364725355223e-02 -1.128244387216688653e-03
3.030000000000088534e+01 1.166280434037845516e-02 -1.092906080420755818e-03
3.040000000000088676e+01 1.146799858731044688e-02 -1.059196260789310598e-03
3.050000000000088818e+01 1.127907053071036496e-02 -1.027016432944331380e-03
3.060000000000088960e+01 1.109576046448518087e-02 -9.962754257799161239e-04
3.070000000000089102e+01 1.091782367713857102e-02 -9.668887497788032290e-04
3.080000000000089244e+01 1.074502939231852978e-02 -9.387780190321824356e-04
3.090000000000089386e+01 1.057715979726335520e-02 -9.118704306421579562e-04
3.100000000000089528e+01 1.041400915078913476e-02 -8.860982950947842059e-04
3.110000000000089670e+01 1.025538296342794718e-02 -8.613986119974646229e-04
3.120000000000089813e+01 1.010109724301706119e-02 -8.377126862452068242e-04
3.130000000000089955e+01 9.950977799782514260e-03 -8.149857802825614950e-04
3.140000000000090097e+01 9.804859605566876996e-03 -7.931667986424736482e-04
3.150000000000090239e+01 9.662586202344813566e-03 -7.722080013843078466e-04
3.160000000000090381e+01 9.524009155726433432e-03 -7.520647434553803627e-04
3.170000000000090523e+01 9.388987549501853422e-03 -7.326952373300946002e-04
3.180000000000090665e+01 9.257387517709922409e-03 -7.140603365864209295e-04
3.190000000000090807e+01 9.129081811051951989e-03 -6.961233383402751652e-04
