-3.200000000000000000e+01 -2.088035426785173412e-03 -1.354533387192823643e-04
-3.189999999999999858e+01 -2.113004773245573398e-03 -1.386101495401536189e-04
-3.179999999999999716e+01 -2.138554194931044372e-03 -1.418837999816280977e-04
-3.169999999999999574e+01 -2.164705011590425943e-03 -1.452802770927461462e-04
-3.159999999999999432e+01 -2.191479623451689229e-03 -1.488059597193002153e-04
-3.149999999999999289e+01 -2.218901580853782293e-03 -1.524676497278090054e-04
-3.139999999999999147e+01 -2.246995659313029414e-03 -1.562726061685480250e-04
-3.129999999999999005e+01 -2.275787940528791603e-03 -1.602285826984543458e-04
-3.119999999999998863e+01 -2.305305899877955686e-03 -1.643438686233219604e-04
-3.109999999999998721e+01 -2.335578501005654978e-03 -1.686273339637812951e-04
-3.099999999999998579e+01 -2.366636298195336566e-03 -1.730884790024448392e-04
-3.089999999999998437e+01 -2.398511547260576138e-03 -1.777374888265065311e-04
-3.079999999999998295e+01 -2.431238325798782546e-03 -1.825852934496713018e-04
-3.069999999999998153e+01 -2.464852663731456964e-03 -1.876436341734638298e-04
-3.059999999999998010e+01 -2.499392685160197261e-03 -1.929251369368713883e-04
-3.049999999999997868e+01 -2.534898762697433694e-03 -1.984433935074554048e-04
-3.039999999999997726e+01 -2.571413685548452899e-03 -2.042130514828883103e-04
-3.029999999999997584e+01 -2.608982842790003726e-03 -2.102499142112662319e-04
-3.019999999999997442e+01 -2.647654423452541414e-03 -2.165710518955220971e-04
-3.009999999999997300e+01 -2.687479635207754014e-03 -2.231949253312073736e-04
-2.999999999999997158e+01 -2.728512943697511406e-03 -2.301415239432168605e-04
-2.989999999999997016e+01 -2.770812334773950850e-03 -2.374325200338221970e-04
-2.979999999999996874e+01 -2.814439602228062734e-03 -2.450914414497812593e-04
-2.969999999999996732e+01 -2.859460663901001315e-03 -2.531438652167583179e-04
-2.959999999999996589e+01 -2.905945909447803580e-03 -2.616176350913747934e-04
-2.949999999999996447e+01 -2.953970583468773503e-03 -2.705431064576725806e-04
-2.939999999999996305e+01 -3.003615208195845390e-03 -2.799534225503895295e-04
-2.929999999999996163e+01 -3.054966050512161399e-03 -2.898848266541818115e-04
-2.919999999999996021e+01 -3.108115638723114166e-03 -3.003770157122923621e-04
-2.909999999999995879e+01 -3.163163335249540020e-03 -3.114735417148905465e-04
-2.899999999999995737e+01 -3.220215972301328222e-03 -3.232222683599286425e-04
-2.889999999999995595e+01 -3.279388558569141729e-03 -3.356758918151134165e-04
-2.879999999999995453e+01 -3.340805066163727785e-03 -3.488925360265687325e-04
-2.869999999999995310e+01 -3.404599308365802851e-03 -3.629364349599014392e-04
-2.859999999999995168e+01 -3.470915920315576983e-03 -3.778787165102298401e-04
-2.849999999999995026e+01 -3.539911456612586035e-03 -3.937983056771308509e-04
-2.839999999999994884e+01 -3.611755621883067091e-03 -4.107829680723306840e-04
-2.829999999999994742e+01 -3.686632652869404822e-03 -4.289305190900753956e-04
-2.819999999999994600e+01 -3.764742873446203994e-03 -4.483502292903236816e-04
-2.809999999999994458e+01 -3.846304447306729893e-03 -4.691644629849081117e-04
-2.799999999999994316e+01 -3.931555356976132454e-03 -4.915105949961373361e-04
-2.789999999999994174e+01 -4.020755642287094159e-03 -5.155432604600857166e-04
-2.779999999999994031e+01 -4.114189936731883768e-03 -5.414370049348951304e-04
-2.769999999999993889e+01 -4.212170346135806973e-03 -5.693894175971890396e-04
-2.759999999999993747e+01 -4.315039721057213618e-03 -5.996248498824926056e-04
-2.749999999999993605e+01 -4.423175382299426167e-03 -6.323988467293199583e-04
-2.739999999999993463e+01 -4.536993367846423042e-03 -6.680034491409150193e-04
-2.729999999999993321e+01 -4.656953279556501346e-03 -7.067735671964787535e-04
-2.719999999999993179e+01 -4.783563818730242681e-03 -7.490946746282798425e-04
-2.709999999999993037e+01 -4.917389110936606564e-03 -7.954121433606578789e-04
-2.699999999999992895e+01 -5.059055931491994451e-03 -8.462426239872969250e-04
-2.689999999999992752e+01 -5.209261952205626600e-03 -9.021879927821234782e-04
-2.679999999999992610e+01 -5.368785135234725378e-03 -9.639525368472466865e-04
-2.669999999999992468e+01 -5.538494396778026810e-03 -1.032364249059882768e-03
-2.659999999999992326e+01 -5.719361645100179067e-03 -1.108401371219906338e-03
-2.649999999999992184e+01 -5.912475252573259552e-03 -1.193225681631318895e-03
-2.639999999999992042e+01 -6.119054930864609859e-03 -1.288224506158167819e-03
-2.629999999999991900e+01 -6.340467811039460222e-03 -1.395064087116290423e-03
-2.619999999999991758e+01 -6.578245233958454966e-03 -1.515757838305150946e-03
-2.609999999999991616e+01 -6.834099244874054790e-03 -1.652754239432340259e-03
-2.599999999999991473e+01 -7.109936915620326814e-03 -1.809050806951180554e-03
-2.589999999999991331e+01 -7.407869146112749589e-03 -1.988342895064068149e-03
-2.579999999999991189e+01 -7.730208115527889903e-03 -2.195219261567037984e-03
-2.569999999999991047e+01 -8.079443365996889434e-03 -2.435420667446664116e-03
-2.559999999999990905e+01 -8.458179415994707129e-03 -2.716183586767361748e-03
-2.549999999999990763e+01 -8.869005765669601624e-03 -3.046698626182720721e-03
-2.539999999999990621e+01 -9.314249637495454134e-03 -3.438722339858683256e-03
-2.529999999999990479e+01 -9.795526729231007756e-03 -3.907390416158985913e-03
-2.519999999999990337e+01 -1.031294539375422238e-02 -4.472285142058296005e-03
-2.509999999999990195e+01 -1.086371829149320768e-02 -5.158798126882981581e-03
-2.499999999999990052e+01 -1.143976759792742978e-02 -5.999769265047236178e-03
-2.489999999999989910e+01 -1.202364502773182499e-02 -7.037201240854105630e-03
-2.479999999999989768e+01 -1.258171620973552556e-02 -8.323381903944049309e-03
-2.469999999999989626e+01 -1.305319015716551075e-02 -9.919661482699917987e-03
-2.459999999999989484e+01 -1.333374632055419479e-02 -1.188886323445653703e-02
-2.449999999999989342e+01 -1.325494555177657297e-02 -1.427333891263420432e-02
-2.439999999999989200e+01 -1.256936218998903031e-02 -1.704636156431189528e-02
-2.429999999999989058e+01 -1.097164835080691528e-02 -2.002883482914603192e-02
-2.419999999999988916e+01 -8.209468156013394191e-03 -2.279998859979859988e-02
-2.409999999999988773e+01 -4.307928284477320971e-03 -2.471430922930863486e-02
-2.399999999999988631e+01 2.350396764013266970e-04 -2.516467483226248608e-02
-2.389999999999988489e+01 4.575611531785588916e-03 -2.398807873797045506e-02
-2.379999999999988347e+01 7.984933757223875231e-03 -2.159461271506532901e-02
-2.369999999999988205e+01 1.019216836925570038e-02 -1.865827265341125918e-02
-2.359999999999988063e+01 1.133177000444838059e-02 -1.573713857804938734e-02
-2.349999999999987921e+01 1.170208573699684645e-02 -1.313298156635850540e-02
-2.339999999999987779e+01 1.158882110929025308e-02 -1.094276022994070119e-02
-2.329999999999987637e+01 1.120255835242086467e-02 -9.153235561131655915e-03
-2.319999999999987494e+01 1.067970672359960273e-02 -7.708552110543664959e-03
-2.309999999999987352e+01 1.010221680937994047e-02 -6.544949783601814938e-03
-2.299999999999987210e+01 9.516724753832491931e-03 -5.604812551890752531e-03
-2.289999999999987068e+01 8.948359095709207400e-03 -4.840624132461238995e-03
-2.279999999999986926e+01 8.409614347541399457e-03 -4.214787587918591635e-03
-2.269999999999986784e+01 7.905753820105897861e-03 -3.698098965444920113e-03
-2.259999999999986642e+01 7.438010273429789335e-03 -3.268022287395292661e-03
-2.249999999999986500e+01 7.005453034666004469e-03 -2.907167608199077036e-03
-2.239999999999986358e+01 6.606065015462632417e-03 -2.602066782890407552e-03
-2.229999999999986215e+01 6.237356248334849536e-03 -2.342229162246739407e-03
-2.219999999999986073e+01 5.896706815199510149e-03 -2.119427305489071222e-03
-2.209999999999985931e+01 5.581552310807095379e-03 -1.927161000028526378e-03
-2.199999999999985789e+01 5.289478129611728703e-03 -1.760255722189873941e-03
-2.189999999999985647e+01 5.018261449049153319e-03 -1.614561175004328338e-03
-2.179999999999985505e+01 4.765883727108235005e-03 -1.486723975466497849e-03
-2.169999999999985363e+01 4.530527099538986767e-03 -1.374015282941881211e-03
-2.159999999999985221e+01 4.310562498794360403e-03 -1.274199252984780425e-03
-2.149999999999985079e+01 4.104534024085650101e-03 -1.185431966467276246e-03
-2.139999999999984936e+01 3.911142139603347376e-03 -1.106183235636506133e-03
-2.129999999999984794e+01 3.729227120854916241e-03 -1.035175689845026963e-03
-2.119999999999984652e+01 3.557753486189512565e-03 -9.713369982517688428e-04
-2.109999999999984510e+01 3.395795751653789621e-03 -9.137621463729463534e-04
-2.099999999999984368e+01 3.242525618279999688e-03 -8.616834580346785684e-04
-2.089999999999984226e+01 3.097200573818769884e-03 -8.144466234924217828e-04
-2.079999999999984084e+01 2.959153824388327525e-03 -7.714914149574408214e-04
-2.069999999999983942e+01 2.827785440647019935e-03 -7.323360832008395452e-04
-2.059999999999983800e+01 2.702554592992895480e-03 -6.965646625050820381e-04
-2.049999999999983658e+01 2.582972751587428797e-03 -6.638165868970632988e-04
-2.039999999999983515e+01 2.468597734492504470e-03 -6.337781535690804012e-04
-2.029999999999983373e+01 2.359028497488355192e-03 -6.061754706220318263e-04
-2.019999999999983231e+01 2.253900570340000575e-03 -5.807686037903188022e-04
-2.009999999999983089e+01 2.152882055465134281e-03 -5.573466965546929530e-04
-1.999999999999982947e+01 2.055670115357524641e-03 -5.357238843124584315e-04
-1.989999999999982805e+01 1.961987884681652694e-03 -5.157358593369119806e-04
-1.979999999999982663e+01 1.871581751453337689e-03 -4.972369714938704513e-04
-1.969999999999982521e+01 1.784218959179942679e-03 -4.800977719079732716e-04
-1.959999999999982379e+01 1.699685488416195767e-03 -4.642029243717077434e-04
-1.949999999999982236e+01 1.617784181813708769e-03 -4.494494232658704722e-04
-1.939999999999982094e+01 1.538333081668404045e-03 -4.357450679386231751e-04
-1.929999999999981952e+01 1.461163953185552755e-03 -4.230071524542929344e-04
-1.919999999999981810e+01 1.386120970283597625e-03 -4.111613368441685004e-04
-1.909999999999981668e+01 1.313059543914044114e-03 -4.001406718464442557e-04
-1.899999999999981526e+01 1.241845275510905858e-03 -3.898847538682060428e-04
-1.889999999999981384e+01 1.172353020507868951e-03 -3.803389907843012039e-04
-1.879999999999981242e+01 1.104466048835418476e-03 -3.714539623630811480e-04
-1.869999999999981100e+01 1.038075290987969246e-03 -3.631848617166004846e-04
-1.859999999999980957e+01 9.730786597489070322e-04 -3.554910063313179453e-04
-1.849999999999980815e+01 9.093804388880782213e-04 -3.483354090134025923e-04
-1.839999999999980673e+01 8.468907312570925217e-04 -3.416844005665896941e-04
-1.829999999999980531e+01 7.855249596471856194e-04 -3.355072972539762874e-04
-1.819999999999980389e+01 7.252034145691158007e-04 -3.297761071244478706e-04
-1.809999999999980247e+01 6.658508438512206196e-04 -3.244652701525162610e-04
-1.799999999999980105e+01 6.073960795334298196e-04 -3.195514278641584409e-04
-1.789999999999979963e+01 5.497716980871637099e-04 -3.150132187365718792e-04
-1.779999999999979821e+01 4.929137104542763437e-04 -3.108310961779538043e-04
-1.769999999999979678e+01 4.367612787841250455e-04 -3.069871663316466374e-04
-1.759999999999979536e+01 3.812564571299068006e-04 -3.034650433250338231e-04
-1.749999999999979394e+01 3.263439536455858825e-04 -3.002497198998447516e-04
-1.739999999999979252e+01 2.719709121135963081e-04 -2.973274516341456713e-04
-1.729999999999979110e+01 2.180867108704971635e-04 -2.946856531991276420e-04
-1.719999999999978968e+01 1.646427773890589419e-04 -2.923128052929881929e-04
-1.709999999999978826e+01 1.115924169859325299e-04 -2.901983710678499246e-04
-1.699999999999978684e+01 5.889065425860803837e-05 -2.883327210126744545e-04
-1.689999999999978542e+01 6.494086015195951744e-06 -2.867070653844061459e-04
-1.679999999999978400e+01 -4.563925541380131623e-05 -2.853133933905034245e-04
-1.669999999999978257e+01 -9.755002949766652942e-05 -2.841444184220222996e-04
-1.659999999999978115e+01 -1.492777063531111614e-04 -2.831935287211265564e-04
-1.649999999999977973e+01 -2.008606779472336956e-04 -2.824547429392638368e-04
-1.639999999999977831e+01 -2.523363623920388266e-04 -2.819226701066522849e-04
-1.629999999999977689e+01 -3.037413019976505785e-04 -2.815924735894846285e-04
-1.619999999999977547e+01 -3.551112557070648656e-04 -2.814598386601574508e-04
-1.609999999999977405e+01 -4.064812864548114635e-04 -2.815209433492139044e-04
-1.599999999999977263e+01 -4.578858439698192673e-04 -2.817724322854282771e-04
-1.589999999999977121e+01 -5.093588434830244316e-04 -2.822113932641524565e-04
-1.579999999999976978e+01 -5.609337407624891136e-04 -2.828353363135822874e-04
-1.569999999999976836e+01 -6.126436038810592621e-04 -2.836421750550671955e-04
-1.559999999999976694e+01 -6.645211820655930191e-04 -2.846302101767678259e-04
-1.549999999999976552e+01 -7.165989719760262888e-04 -2.857981148610770064e-04
-1.539999999999976410e+01 -7.689092817223588949e-04 -2.871449220247263446e-04
-1.529999999999976268e+01 -8.214842929064394839e-04 -2.886700132471050045e-04
-1.519999999999976126e+01 -8.743561209739042495e-04 -2.903731092778094776e-04
-1.509999999999975984e+01 -9.275568741187109612e-04 -2.922542620273713013e-04
-1.499999999999975842e+01 -9.811187109954079555e-04 -2.943138479581196678e-04
-1.489999999999975699e+01 -1.035073897464523773e-03 -2.965525628029400508e-04
-1.479999999999975557e+01 -1.089454862586224787e-03 -2.989714175498307380e-04
-1.469999999999975415e+01 -1.144294254085239521e-03 -3.015717356403104302e-04
-1.459999999999975273e+01 -1.199624993475454510e-03 -3.043551513373744582e-04
-1.449999999999975131e+01 -1.255480331053594051e-03 -3.073236092279364078e-04
-1.439999999999974989e+01 -1.311893900949004377e-03 -3.104793648316202161e-04
-1.429999999999974847e+01 -1.368899776412888653e-03 -3.138249862948162003e-04
-1.419999999999974705e+01 -1.426532525545236990e-03 -3.173633571567573792e-04
-1.409999999999974563e+01 -1.484827267628472530e-03 -3.210976801793771285e-04
-1.399999999999974420e+01 -1.543819730264340412e-03 -3.250314822406141259e-04
-1.389999999999974278e+01 -1.603546307493482898e-03 -3.291686202960473996e-04
-1.379999999999974136e+01 -1.664044119078247203e-03 -3.335132884196589410e-04
-1.369999999999973994e+01 -1.725351071150908050e-03 -3.380700259419156016e-04
-1.359999999999973852e+01 -1.787505918403396732e-03 -3.428437267073345101e-04
-1.349999999999973710e+01 -1.850548328029246598e-03 -3.478396494819070185e-04
-1.339999999999973568e+01 -1.914518945615110990e-03 -3.530634295456758611e-04
-1.329999999999973426e+01 -1.979459463185638535e-03 -3.585210915119918778e-04
-1.319999999999973284e+01 -2.045412689633478720e-03 -3.642190634232632136e-04
-1.309999999999973141e+01 -2.112422623743444999e-03 -3.701641921772876216e-04
-1.299999999999972999e+01 -2.180534530062158693e-03 -3.763637603480970940e-04
-1.289999999999972857e+01 -2.249795017855486801e-03 -3.828255044711875287e-04
-1.279999999999972715e+01 -2.320252123408850925e-03 -3.895576348709362154e-04
-1.269999999999972573e+01 -2.391955395957195279e-03 -3.965688571180597160e-04
-1.259999999999972431e+01 -2.464955987528012066e-03 -4.038683952128889346e-04
-1.249999999999972289e+01 -2.539306747001771059e-03 -4.114660165992532022e-04
-1.239999999999972147e+01 -2.615062318729956953e-03 -4.193720591273065621e-04
-1.229999999999972005e+01 -2.692279246040287649e-03 -4.275974600908184634e-04
-1.219999999999971863e+01 -2.771016080015686195e-03 -4.361537874806836312e-04
-1.209999999999971720e+01 -2.851333493935858526e-03 -4.450532736073613185e-04
-1.199999999999971578e+01 -2.933294403796669197e-03 -4.543088512592169262e-04
-1.189999999999971436e+01 -3.016964095377640265e-03 -4.639341925823408557e-04
-1.179999999999971294e+01 -3.102410358320498163e-03 -4.739437508802265935e-04
-1.169999999999971152e+01 -3.189703627757427967e-03 -4.843528055549233989e-04
-1.159999999999971010e+01 -3.278917134040899156e-03 -4.951775104290692025e-04
-1.149999999999970868e+01 -3.370127061168081556e-03 -5.064349457104634416e-04
-1.139999999999970726e+01 -3.463412714567550010e-03 -5.181431738890240456e-04
-1.129999999999970584e+01 -3.558856698921725181e-03 -5.303212998777937599e-04
-1.119999999999970441e+01 -3.656545106798879397e-03 -5.429895357449684773e-04
-1.109999999999970299e+01 -3.756567718900143127e-03 -5.561692704134816667e-04
-1.099999999999970157e+01 -3.859018216791645917e-03 -5.698831447406276646e-04
-1.089999999999970015e+01 -3.963994409096015942e-03 -5.841551324345373424e-04
-1.079999999999969873e+01 -4.071598472146727155e-03 -5.990106273020953317e-04
-1.069999999999969731e+01 -4.181937206245416733e-03 -6.144765373785148182e-04
-1.059999999999969589e+01 -4.295122308725987659e-03 -6.305813865390174407e-04
-1.049999999999969447e+01 -4.411270665131489938e-03 -6.473554242528390887e-04
-1.039999999999969305e+01 -4.530504659960476327e-03 -6.648307442118554875e-04
-1.029999999999969162e+01 -4.652952508508823720e-03 -6.830414126324292103e-04
-1.019999999999969020e+01 -4.778748611528615270e-03 -7.020236071199003301e-04
-1.009999999999968878e+01 -4.908033934541651544e-03 -7.218157670722303871e-04
-9.999999999999687361e+00 -5.040956413811140818e-03 -7.424587567015264022e-04
-9.899999999999685940e+00 -5.177671391201434103e-03 -7.639960418732408449e-04
-9.799999999999684519e+00 -5.318342080295180435e-03 -7.864738820812849571e-04
-9.699999999999683098e+00 -5.463140066428118224e-03 -8.099415390307662058e-04
-9.599999999999681677e+00 -5.612245843510395293e-03 -8.344515034547301049e-04
-9.499999999999680256e+00 -5.765849390776216915e-03 -8.600597419710666585e-04
-9.399999999999678835e+00 -5.924150792957688649e-03 -8.868259659963364638e-04
-9.299999999999677414e+00 -6.087360907643182828e-03 -9.148139249491617480e-04
-9.199999999999675993e+00 -6.255702084032591787e-03 -9.440917262450165826e-04
-9.099999999999674571e+00 -6.429408937672770330e-03 -9.747321848662740540e-04
-8.999999999999673150e+00 -6.608729186219339247e-03 -1.006813205617717579e-03
-8.899999999999671729e+00 -6.793924551844382487e-03 -1.040418201557549716e-03
-8.799999999999670308e+00 -6.985271736401947595e-03 -1.075636552497910093e-03
-8.699999999999668887e+00 -7.183063476195898633e-03 -1.112564107959735033e-03
-8.599999999999667466e+00 -7.387609683861387500e-03 -1.151303739497331865e-03
-8.499999999999666045e+00 -7.599238685673779387e-03 -1.191965947921328362e-03
-8.399999999999664624e+00 -7.818298563569411191e-03 -1.234669531661399889e-03
-8.299999999999663203e+00 -8.045158612073926435e-03 -1.279542323290158799e-03
-8.199999999999661782e+00 -8.280210921577251665e-03 -1.326722002162982481e-03
-8.099999999999660361e+00 -8.523872100610233732e-03 -1.376356992162993060e-03
-7.999999999999658939e+00 -8.776585151215047370e-03 -1.428607454739462806e-03
-7.899999999999657518e+00 -9.038821513206000968e-03 -1.483646388823813781e-03
-7.799999999999656097e+00 -9.311083294832295243e-03 -1.541660850771580825e-03
-7.699999999999654676e+00 -9.593905709553176425e-03 -1.602853309336677154e-03
-7.599999999999653255e+00 -9.887859740909169665e-03 -1.667443152787285218e-03
-7.499999999999651834e+00 -1.019355506013144147e-02 -1.735668367724139006e-03
-7.399999999999650413e+00 -1.051164322425017852e-02 -1.807787412029985370e-03
-7.299999999999648992e+00 -1.084282118575782133e-02 -1.884081307658234516e-03
-7.199999999999647571e+00 -1.118783514894775705e-02 -1.964855982860583446e-03
-7.099999999999646150e+00 -1.154748481242511698e-02 -2.050444897940948384e-03
-6.999999999999644729e+00 -1.192262804237906315e-02 -2.141211993897330391e-03
-6.899999999999643308e+00 -1.231418602715945304e-02 -2.237555009533609158e-03
-6.799999999999641886e+00 -1.272314897020838942e-02 -2.339909219865713135e-03
-6.699999999999640465e+00 -1.315058238625288478e-02 -2.448751657280848117e-03
-6.599999999999639044e+00 -1.359763407436963972e-02 -2.564605887039313713e-03
-6.499999999999637623e+00 -1.406554185167101928e-02 -2.688047420745355923e-03
-6.399999999999636202e+00 -1.455564214320404642e-02 -2.819709865764622857e-03
-6.299999999999634781e+00 -1.506937953693991000e-02 -2.960291925571702058e-03
-6.199999999999633360e+00 -1.560831742857365229e-02 -3.110565386470323223e-03
-6.099999999999631939e+00 -1.617414989879541881e-02 -3.271384250556814456e-03
-5.999999999999630518e+00 -1.676871498664275761e-02 -3.443695204218963878e-03
-5.899999999999629097e+00 -1.739400954706293162e-02 -3.628549647027756470e-03
-5.799999999999627676e+00 -1.805220590882215814e-02 -3.827117548799705438e-03
-5.699999999999626255e+00 -1.874567058209809789e-02 -4.040703454933066568e-03
-5.599999999999624833e+00 -1.947698530324575017e-02 -4.270765023772707045e-03
-5.499999999999623412e+00 -2.024897074886689713e-02 -4.518934557705604413e-03
-5.399999999999621991e+00 -2.106471330361367467e-02 -4.787044085530225111e-03
-5.299999999999620570e+00 -2.192759532647921283e-02 -5.077154671639017361e-03
-5.199999999999619149e+00 -2.284132943139591948e-02 -5.391590773931394590e-03
-5.099999999999617728e+00 -2.380999737999427157e-02 -5.732980654191699443e-03
-4.999999999999616307e+00 -2.483809427985400609e-02 -6.104304071835044490e-03
-4.899999999999614886e+00 -2.593057889243029213e-02 -6.508948777080985140e-03
-4.799999999999613465e+00 -2.709293098165695829e-02 -6.950777678773598957e-03
-4.699999999999612044e+00 -2.833121678027539919e-02 -7.434209017405463138e-03
-4.599999999999610623e+00 -2.965216381532052858e-02 -7.964312453261259556e-03
-4.499999999999609201e+00 -3.106324651760184602e-02 -8.546924721105211148e-03
-4.399999999999607780e+00 -3.257278424004422107e-02 -9.188789457034775635e-03
-4.299999999999606359e+00 -3.419005351826986949e-02 -9.897727037056377325e-03
-4.199999999999604938e+00 -3.592541661293663369e-02 -1.068284187292689591e-02
-4.099999999999603517e+00 -3.779046855025568891e-02 -1.155477671190284841e-02
-3.999999999999602096e+00 -3.979820498335135542e-02 -1.252602625310198989e-02
-3.899999999999600675e+00 -4.196321315998489260e-02 -1.361132605683044484e-02
-3.799999999999599254e+00 -4.430188797694683406e-02 -1.482813760408899229e-02
-3.699999999999597833e+00 -4.683267432802847019e-02 -1.619725690766053022e-02
-3.599999999999596412e+00 -4.957633537105109872e-02 -1.774358290079496026e-02
-3.499999999999594991e+00 -5.255624339615265483e-02 -1.949709379890620514e-02
-3.399999999999593570e+00 -5.579868475367034258e-02 -2.149409595075098267e-02
-3.299999999999592148e+00 -5.933316126651171779e-02 -2.377883204927765462e-02
-3.199999999999590727e+00 -6.319265516928393445e-02 -2.640556629502476688e-02
-3.099999999999589306e+00 -6.741379861073625024e-02 -2.944130638754411874e-02
-2.999999999999587885e+00 -7.203684492115507154e-02 -3.296938032505637717e-02
-2.899999999999586464e+00 -7.710526492677377552e-02 -3.709416532720538617e-02
-2.799999999999585043e+00 -8.266466661428745200e-02 -4.194737292143276008e-02
-2.699999999999583622e+00 -8.876052436206646745e-02 -4.769643356684660079e-02
-2.599999999999582201e+00 -9.543384262306098265e-02 -5.455569527498200372e-02
-2.499999999999580780e+00 -1.027132616353796102e-01 -6.280133320797359753e-02
-2.399999999999579359e+00 -1.106010583785780876e-01 -7.279098830502314654e-02
-2.299999999999577938e+00 -1.190487068006649690e-01 -8.498900844547001288e-02
-2.199999999999576517e+00 -1.279146811695303643e-01 -9.999723891912629115e-02
-2.099999999999575095e+00 -1.368924317409065117e-01 -1.185883707663991926e-01
-1.999999999999573674e+00 -1.453895928173762342e-01 -1.417311416774816590e-01
-1.899999999999572253e+00 -1.523319513711450246e-01 -1.705784566301298544e-01
-1.799999999999570832e+00 -1.558657097375878708e-01 -2.063505777201410651e-01
-1.699999999999569411e+00 -1.529668329997092013e-01 -2.499745879790568615e-01
-1.599999999999567990e+00 -1.391061343721275156e-01 -3.012528530801512616e-01
-1.499999999999566569e+00 -1.084686040673154689e-01 -3.573623549560037138e-01
-1.399999999999565148e+00 -5.571599842336846797e-02 -4.110441881868225344e-01
-1.299999999999563727e+00 1.998574408791126134e-02 -4.503428132948181228e-01
-1.199999999999562306e+00 1.106965812316425268e-01 -4.627879973309052541e-01
-1.099999999999560885e+00 2.007560085769063696e-01 -4.432531405734905228e-01
-9.999999999995594635e-01 2.750372127639839626e-01 -3.979341852033556060e-01
-8.999999999995580424e-01 3.266546371881660082e-01 -3.395352607822618163e-01
-7.999999999995566213e-01 3.571884307786356016e-01 -2.795313501072186346e-01
-6.999999999995552002e-01 3.722067979438976049e-01 -2.245499932934459097e-01
-5.999999999995537792e-01 3.774611660281789738e-01 -1.769402475366054495e-01
-4.999999999995523581e-01 3.773452693897293431e-01 -1.366002815305157880e-01
-3.999999999995509370e-01 3.747745887799193154e-01 -1.023985044708047576e-01
-2.999999999995495159e-01 3.715400128865690155e-01 -7.293260817908971128e-02
-1.999999999995480948e-01 3.686860938737854254e-01 -4.684326688617411472e-02
-9.999999999954667373e-02 3.667883193616787718e-01 -2.290185340535695613e-02
4.547473508864641190e-13 3.661279533974555189e-01 2.081668171172168513e-16
1.000000000004561684e-01 3.667883193616907622e-01 2.290185340556835647e-02
2.000000000004575895e-01 3.686860938738076854e-01 4.684326688639987857e-02
3.000000000004590106e-01 3.715400128865978258e-01 7.293260817934042739e-02
4.000000000004604317e-01 3.747745887799477371e-01 1.023985044710921666e-01
5.000000000004618528e-01 3.773452693897449972e-01 1.366002815308527130e-01
6.000000000004632739e-01 3.774611660281610437e-01 1.769402475370041861e-01
7.000000000004646949e-01 3.722067979438132834e-01 2.245499932939136190e-01
8.000000000004661160e-01 3.571884307784377599e-01 2.795313501077478224e-01
9.000000000004675371e-01 3.266546371877993016e-01 3.395352607828142077e-01
1.000000000000468958e+00 2.750372127634084785e-01 3.979341852038474903e-01
1.100000000000470379e+00 2.007560085761410651e-01 4.432531405738023289e-01
1.200000000000471800e+00 1.106965812307939834e-01 4.627879973309384498e-01
1.300000000000473221e+00 1.998574408713497952e-02 4.503428132945670459e-01
1.400000000000474643e+00 -5.571599842395714985e-02 4.110441881863791669e-01
1.500000000000476064e+00 -1.084686040676884622e-01 3.573623549554894030e-01
1.600000000000477485e+00 -1.391061343723205279e-01 3.012528530796558801e-01
1.700000000000478906e+00 -1.529668329997773690e-01 2.499745879786235969e-01
1.800000000000480327e+00 -1.558657097375793776e-01 2.063505777197809088e-01
1.900000000000481748e+00 -1.523319513710938433e-01 1.705784566298378102e-01
2.000000000000483169e+00 -1.453895928173039032e-01 1.417311416772470412e-01
2.100000000000484590e+00 -1.368924317408258817e-01 1.185883707662110237e-01
2.200000000000486011e+00 -1.279146811694485963e-01 9.999723891897480121e-02
2.300000000000487432e+00 -1.190487068005859350e-01 8.498900844534733323e-02
2.400000000000488853e+00 -1.106010583785036472e-01 7.279098830492304606e-02
2.500000000000490274e+00 -1.027132616353105959e-01 6.280133320789130225e-02
2.600000000000491696e+00 -9.543384262299756116e-02 5.455569527491380133e-02
2.700000000000493117e+00 -8.876052436200849993e-02 4.769643356678963941e-02
2.800000000000494538e+00 -8.266466661423448048e-02 4.194737292138481233e-02
2.900000000000495959e+00 -7.710526492672555021e-02 3.709416532716477977e-02
3.000000000000497380e+00 -7.203684492111106508e-02 3.296938032502175209e-02
3.100000000000498801e+00 -6.741379861069610180e-02 2.944130638751441681e-02
3.200000000000500222e+00 -6.319265516924724158e-02 2.640556629499912766e-02
3.300000000000501643e+00 -5.933316126647814742e-02 2.377883204925541200e-02
3.400000000000503064e+00 -5.579868475363955471e-02 2.149409595073159193e-02
3.500000000000504485e+00 -5.255624339612440660e-02 1.949709379888920832e-02
3.600000000000505906e+00 -4.957633537102510562e-02 1.774358290078000000e-02
3.700000000000507328e+00 -4.683267432800452407e-02 1.619725690764730816e-02
3.800000000000508749e+00 -4.430188797692471286e-02 1.482813760407727249e-02
3.900000000000510170e+00 -4.196321315996442980e-02 1.361132605682000354e-02
4.000000000000511591e+00 -3.979820498333237061e-02 1.252602625309265881e-02
4.100000000000513012e+00 -3.779046855023810575e-02 1.155477671189448358e-02
4.200000000000514433e+00 -3.592541661292027871e-02 1.068284187291938109e-02
4.300000000000515854e+00 -3.419005351825464556e-02 9.897727037049598026e-03
4.400000000000517275e+00 -3.257278424002998940e-02 9.188789457028641652e-03
4.500000000000518696e+00 -3.106324651758857885e-02 8.546924721099653094e-03
4.600000000000520117e+00 -2.965216381530810102e-02 7.964312453256209776e-03
4.700000000000521538e+00 -2.833121678026375573e-02 7.434209017400860049e-03
4.800000000000522959e+00 -2.709293098164605729e-02 6.950777678769395722e-03
4.900000000000524381e+00 -2.593057889242002950e-02 6.508948777077140993e-03
5.000000000000525802e+00 -2.483809427984440266e-02 6.104304071831521267e-03
5.100000000000527223e+00 -2.380999737998518162e-02 5.732980654188460715e-03
5.200000000000528644e+00 -2.284132943138736382e-02 5.391590773928412600e-03
5.300000000000530065e+00 -2.192759532647111514e-02 5.077154671636269559e-03
5.400000000000531486e+00 -2.106471330360604882e-02 4.787044085527691548e-03
5.500000000000532907e+00 -2.024897074885967374e-02 4.518934557703261669e-03
5.600000000000534328e+00 -1.947698530323890842e-02 4.270765023770531701e-03
5.700000000000535749e+00 -1.874567058209163084e-02 4.040703454931054289e-03
5.800000000000537170e+00 -1.805220590881600334e-02 3.827117548797834105e-03
5.900000000000538591e+00 -1.739400954705710295e-02 3.628549647026016109e-03
6.000000000000540012e+00 -1.676871498663719262e-02 3.443695204217340610e-03
6.100000000000541434e+00 -1.617414989879013831e-02 3.271384250555300476e-03
6.200000000000542855e+00 -1.560831742856862853e-02 3.110565386468910724e-03
6.300000000000544276e+00 -1.506937953693512910e-02 2.960291925570379765e-03
6.400000000000545697e+00 -1.455564214319948063e-02 2.819709865763386433e-03
6.500000000000547118e+00 -1.406554185166666165e-02 2.688047420744197561e-03
6.600000000000548539e+00 -1.359763407436548333e-02 2.564605887038226908e-03
6.700000000000549960e+00 -1.315058238624891573e-02 2.448751657279828534e-03
6.800000000000551381e+00 -1.272314897020459384e-02 2.339909219864754700e-03
6.900000000000552802e+00 -1.231418602715581706e-02 2.237555009532707969e-03
7.000000000000554223e+00 -1.192262804237557983e-02 2.141211993896479510e-03
7.100000000000555644e+00 -1.154748481242176550e-02 2.050444897940146942e-03
7.200000000000557066e+00 -1.118783514894455822e-02 1.964855982859827974e-03
7.300000000000558487e+00 -1.084282118575474047e-02 1.884081307657519810e-03
7.400000000000559908e+00 -1.051164322424723990e-02 1.807787412029311213e-03
7.500000000000561329e+00 -1.019355506012861734e-02 1.735668367723502362e-03
7.600000000000562750e+00 -9.887859740906449618e-03 1.667443152786681967e-03
7.700000000000564171e+00 -9.593905709550550054e-03 1.602853309336105779e-03
7.800000000000565592e+00 -9.311083294829776424e-03 1.541660850771039808e-03
7.900000000000567013e+00 -9.038821513203551539e-03 1.483646388823299219e-03
8.000000000000568434e+00 -8.776585151212702024e-03 1.428607454738975782e-03
8.100000000000569855e+00 -8.523872100607975122e-03 1.376356992162530105e-03
8.200000000000571276e+00 -8.280210921575069383e-03 1.326722002162542512e-03
8.300000000000572697e+00 -8.045158612071817011e-03 1.279542323289739429e-03
8.400000000000574119e+00 -7.818298563567385034e-03 1.234669531661002203e-03
8.500000000000575540e+00 -7.599238685671833027e-03 1.191965947920949759e-03
8.600000000000576961e+00 -7.387609683859493181e-03 1.151303739496970825e-03
8.700000000000578382e+00 -7.183063476194080643e-03 1.112564107959391558e-03
8.800000000000579803e+00 -6.985271736400192055e-03 1.075636552497582447e-03
8.900000000000581224e+00 -6.793924551842678988e-03 1.040418201557237682e-03
9.000000000000582645e+00 -6.608729186217691259e-03 1.006813205617418990e-03
9.100000000000584066e+00 -6.429408937671150098e-03 9.747321848659886920e-04
9.200000000000585487e+00 -6.255702084031023597e-03 9.440917262447431468e-04
9.300000000000586908e+00 -6.087360907641680557e-03 9.148139249489019732e-04
9.400000000000588329e+00 -5.924150792956224543e-03 8.868259659960877478e-04
9.500000000000589750e+00 -5.765849390774790972e-03 8.600597419708281340e-04
9.600000000000591172e+00 -5.612245843509017923e-03 8.344515034545019888e-04
9.700000000000592593e+00 -5.463140066426782487e-03 8.099415390305480644e-04
9.800000000000594014e+00 -5.318342080293882862e-03 7.864738820810754892e-04
9.900000000000595435e+00 -5.177671391200174694e-03 7.639960418730404844e-04
1.000000000000059686e+01 -5.040956413809909165e-03 7.424587567013347152e-04
1.010000000000059828e+01 -4.908033934540461524e-03 7.218157670720473738e-04
1.020000000000059970e+01 -4.778748611527470352e-03 7.020236071197240389e-04
1.030000000000060112e+01 -4.652952508507692680e-03 6.830414126322600747e-04
1.040000000000060254e+01 -4.530504659959366104e-03 6.648307442116930741e-04
1.050000000000060396e+01 -4.411270665130421348e-03 6.473554242526831804e-04
1.060000000000060538e+01 -4.295122308724936416e-03 6.305813865388678208e-04
1.070000000000060680e+01 -4.181937206244393246e-03 6.144765373783708361e-04
1.080000000000060822e+01 -4.071598472145741832e-03 5.990106273019572044e-04
1.090000000000060965e+01 -3.963994409095051435e-03 5.841551324344050698e-04
1.100000000000061107e+01 -3.859018216790702227e-03 5.698831447405003792e-04
1.110000000000061249e+01 -3.756567718899227193e-03 5.561692704133600193e-04
1.120000000000061391e+01 -3.656545106797987749e-03 5.429895357448512750e-04
1.130000000000061533e+01 -3.558856698920847411e-03 5.303212998776803523e-04
1.140000000000061675e+01 -3.463412714566686118e-03 5.181431738889153002e-04
1.150000000000061817e+01 -3.370127061167241950e-03 5.064349457103585993e-04
1.160000000000061959e+01 -3.278917134040076897e-03 4.951775104289690222e-04
1.170000000000062101e+01 -3.189703627756623056e-03 4.843528055548266880e-04
1.180000000000062244e+01 -3.102410358319707129e-03 4.739437508801338942e-04
1.190000000000062386e+01 -3.016964095376866578e-03 4.639341925822517343e-04
1.200000000000062528e+01 -2.933294403795919797e-03 4.543088512591311658e-04
1.210000000000062670e+01 -2.851333493935123004e-03 4.450532736072791359e-04
1.220000000000062812e+01 -2.771016080014961080e-03 4.361537874806040507e-04
1.230000000000062954e+01 -2.692279246039579882e-03 4.275974600907424608e-04
1.240000000000063096e+01 -2.615062318729263063e-03 4.193720591272335953e-04
1.250000000000063238e+01 -2.539306747001094516e-03 4.114660165991830543e-04
1.260000000000063380e+01 -2.464955987527342463e-03 4.038683952128212804e-04
1.270000000000063523e+01 -2.391955395956536085e-03 3.965688571179944470e-04
1.280000000000063665e+01 -2.320252123407733763e-03 3.895576348707915828e-04
1.290000000000063807e+01 -2.249795017854844953e-03 3.828255044711271387e-04
1.300000000000063949e+01 -2.180534530061534193e-03 3.763637603480396313e-04
1.310000000000064091e+01 -2.112422623742827438e-03 3.701641921772324357e-04
1.320000000000064233e+01 -2.045412689632878506e-03 3.642190634232104129e-04
1.330000000000064375e+01 -1.979459463185045259e-03 3.585210915119411371e-04
1.340000000000064517e+01 -1.914518945614521184e-03 3.530634295456275057e-04
1.350000000000064659e+01 -1.850548328028660261e-03 3.478396494818606147e-04
1.360000000000064801e+01 -1.787505918402831212e-03 3.428437267072901662e-04
1.370000000000064944e+01 -1.725351071150342530e-03 3.380700259418731009e-04
1.380000000000065086e+01 -1.664044119077692091e-03 3.335132884196182835e-04
1.390000000000065228e+01 -1.603546307492934725e-03 3.291686202960083683e-04
1.400000000000065370e+01 -1.543819730263809586e-03 3.250314822405775883e-04
1.410000000000065512e+01 -1.484827267627941705e-03 3.210976801793421088e-04
1.420000000000065654e+01 -1.426532525544709634e-03 3.173633571567246363e-04
1.430000000000065796e+01 -1.368899776412361297e-03 3.138249862947845416e-04
1.440000000000065938e+01 -1.311893900948483960e-03 3.104793648315905090e-04
1.450000000000066080e+01 -1.255480331053084042e-03 3.073236092279086522e-04
1.460000000000066223e+01 -1.199624993474947970e-03 3.043551513373483289e-04
1.470000000000066365e+01 -1.144294254084736451e-03 3.015717356402863609e-04
1.480000000000066507e+01 -1.089454862585728656e-03 2.989714175498077529e-04
1.490000000000066649e+01 -1.035073897464031112e-03 2.965525628029186921e-04
1.500000000000066791e+01 -9.811187109949187635e-04 2.943138479580997184e-04
1.510000000000066933e+01 -9.275568741182287080e-04 2.922542620273536288e-04
1.520000000000067075e+01 -8.743561209734219963e-04 2.903731092777933230e-04
1.530000000000067217e+01 -8.214842929059641696e-04 2.886700132470903677e-04
1.540000000000067359e+01 -7.689092817218835807e-04 2.871449220247134426e-04
1.550000000000067502e+01 -7.165989719755544440e-04 2.857981148610657307e-04
1.560000000000067644e+01 -6.645211820651211743e-04 2.846302101767580681e-04
1.570000000000067786e+01 -6.126436038805908868e-04 2.836421750550590639e-04
1.580000000000067928e+01 -5.609337407620207383e-04 2.828353363135758906e-04
1.590000000000068070e+01 -5.093588434825560562e-04 2.822113932641475776e-04
1.600000000000068212e+01 -4.578858439693543614e-04 2.817724322854252414e-04
1.610000000000068354e+01 -4.064812864543430881e-04 2.815209433492123865e-04
1.620000000000068496e+01 -3.551112557065964903e-04 2.814598386601577761e-04
1.630000000000068638e+01 -3.037413019971804684e-04 2.815924735894866342e-04
1.640000000000068781e+01 -2.523363623915669818e-04 2.819226701066561338e-04
1.650000000000068923e+01 -2.008606779467687897e-04 2.824547429392695289e-04
1.660000000000069065e+01 -1.492777063526375819e-04 2.831935287211340916e-04
1.670000000000069207e+01 -9.755002949719121519e-05 2.841444184220315696e-04
1.680000000000069349e+01 -4.563925541332253255e-05 2.853133933905150797e-04
1.690000000000069491e+01 6.494086015667796530e-06 2.867070653844199153e-04
1.700000000000069633e+01 5.889065425908335261e-05 2.883327210126905007e-04
1.710000000000069775e+01 1.115924169864113136e-04 2.901983710678678139e-04
1.720000000000069917e+01 1.646427773895446645e-04 2.923128052930087386e-04
1.730000000000070060e+01 2.180867108709880903e-04 2.946856531991504644e-04
1.740000000000070202e+01 2.719709121140924390e-04 2.973274516341710416e-04
1.750000000000070344e+01 3.263439536460837481e-04 3.002497198998726156e-04
1.760000000000070486e+01 3.812564571304081357e-04 3.034650433250644518e-04
1.770000000000070628e+01 4.367612787846333194e-04 3.069871663316802476e-04
1.780000000000070770e+01 4.929137104547880871e-04 3.108310961779902877e-04
1.790000000000070912e+01 5.497716980876841270e-04 3.150132187366115068e-04
1.800000000000071054e+01 6.073960795339571755e-04 3.195514278642015379e-04
1.810000000000071196e+01 6.658508438517601186e-04 3.244652701525628275e-04
1.820000000000071338e+01 7.252034145696587691e-04 3.297761071244981234e-04
1.830000000000071481e+01 7.855249596477372614e-04 3.355072972540300096e-04
1.840000000000071623e+01 8.468907312576580415e-04 3.416844005666479700e-04
1.850000000000071765e+01 9.093804388886541495e-04 3.483354090134652050e-04
1.860000000000071907e+01 9.730786597494933687e-04 3.554910063313854369e-04
1.870000000000072049e+01 1.038075290988571195e-03 3.631848617166731261e-04
1.880000000000072191e+01 1.104466048836027364e-03 3.714539623631591021e-04
1.890000000000072333e+01 1.172353020508489982e-03 3.803389907843852296e-04
1.900000000000072475e+01 1.241845275511547705e-03 3.898847538682962484e-04
1.910000000000072617e+01 1.313059543914698105e-03 4.001406718465411291e-04
1.920000000000072760e+01 1.386120970284267229e-03 4.111613368442724212e-04
1.930000000000072902e+01 1.461163953186239706e-03 4.230071524544044988e-04
1.940000000000073044e+01 1.538333081669120486e-03 4.357450679387431963e-04
1.950000000000073186e+01 1.617784181814439087e-03 4.494494232660000343e-04
1.960000000000073328e+01 1.699685488416952106e-03 4.642029243718469008e-04
1.970000000000073470e+01 1.784218959180723305e-03 4.800977719081232710e-04
1.980000000000073612e+01 1.871581751454142600e-03 4.972369714940322143e-04
1.990000000000073754e+01 1.961987884682487096e-03 5.157358593370868624e-04
2.000000000000073896e+01 2.055670115358392003e-03 5.357238843126474080e-04
2.010000000000074039e+01 2.152882055466034603e-03 5.573466965548975419e-04
2.020000000000074181e+01 2.253900570340939061e-03 5.807686037905405215e-04
2.030000000000074323e+01 2.359028497489331841e-03 6.061754706222725192e-04
2.040000000000074465e+01 2.468597734493522752e-03 6.337781535693421276e-04
2.050000000000074607e+01 2.582972751588490448e-03 6.638165868973483355e-04
2.060000000000074749e+01 2.702554592994007437e-03 6.965646625053934209e-04
2.070000000000074891e+01 2.827785440648189139e-03 7.323360832011799847e-04
2.080000000000075033e+01 2.959153824389552240e-03 7.714914149578133533e-04
2.090000000000075175e+01 3.097200573820060518e-03 8.144466234928308523e-04
2.100000000000075318e+01 3.242525618281354507e-03 8.616834580351291628e-04
2.110000000000075460e+01 3.395795751655217298e-03 9.137621463734436770e-04
2.120000000000075602e+01 3.557753486191028713e-03 9.713369982523197260e-04
2.130000000000075744e+01 3.729227120856517391e-03 1.035175689845638670e-03
2.140000000000075886e+01 3.911142139605056078e-03 1.106183235637187446e-03
2.150000000000076028e+01 4.104534024087466357e-03 1.185431966468038223e-03
2.160000000000076170e+01 4.310562498796292885e-03 1.274199252985635210e-03
2.170000000000076312e+01 4.530527099541057159e-03 1.374015282942844633e-03
2.180000000000076454e+01 4.765883727110449379e-03 1.486723975467587689e-03
2.190000000000076597e+01 5.018261449051528156e-03 1.614561175005567581e-03
2.200000000000076739e+01 5.289478129614287420e-03 1.760255722191289909e-03
2.210000000000076881e+01 5.581552310809851855e-03 1.927161000030152681e-03
2.220000000000077023e+01 5.896706815202490404e-03 2.119427305490949494e-03
2.230000000000077165e+01 6.237356248338069183e-03 2.342229162248922990e-03
2.240000000000077307e+01 6.606065015466123548e-03 2.602066782892962366e-03
2.250000000000077449e+01 7.005453034669782697e-03 2.907167608202086348e-03
2.260000000000077591e+01 7.438010273433879813e-03 3.268022287398866625e-03
2.270000000000077733e+01 7.905753820110316202e-03 3.698098965449195339e-03
2.280000000000077875e+01 8.409614347546147395e-03 4.214787587923748968e-03
2.290000000000078018e+01 8.948359095714253711e-03 4.840624132467510020e-03
2.300000000000078160e+01 9.516724753837767226e-03 5.604812551898438223e-03
2.310000000000078302e+01 1.010221680938528342e-02 6.544949783611303008e-03
2.320000000000078444e+01 1.067970672360469934e-02 7.708552110555432456e-03
2.330000000000078586e+01 1.120255835242515291e-02 9.153235561146262286e-03
2.340000000000078728e+01 1.158882110929278578e-02 1.094276022995873017e-02
2.350000000000078870e+01 1.170208573699605369e-02 1.313298156638034557e-02
2.360000000000079012e+01 1.133177000444199334e-02 1.573713857807479063e-02
2.370000000000079154e+01 1.019216836924088411e-02 1.865827265343855332e-02
2.380000000000079297e+01 7.984933757198298468e-03 2.159461271509058311e-02
2.390000000000079439e+01 4.575611531749545699e-03 2.398807873798764617e-02
2.400000000000079581e+01 2.350396763595805766e-04 2.516467483226601798e-02
2.410000000000079723e+01 -4.307928284516850115e-03 2.471430922929718915e-02
2.420000000000079865e+01 -8.209468156044067572e-03 2.279998859977622194e-02
2.430000000000080007e+01 -1.097164835082648990e-02 2.002883482911902574e-02
2.440000000000080149e+01 -1.256936218999893558e-02 1.704636156428528115e-02
2.450000000000080291e+01 -1.325494555177961220e-02 1.427333891261062422e-02
2.460000000000080433e+01 -1.333374632055296487e-02 1.188886323443676812e-02
2.470000000000080576e+01 -1.305319015716189038e-02 9.919661482683793732e-03
2.480000000000080718e+01 -1.258171620973072384e-02 8.323381903931040618e-03
2.490000000000080860e+01 -1.202364502772656357e-02 7.037201240843626165e-03
2.500000000000081002e+01 -1.143976759792211806e-02 5.999769265038764655e-03
2.510000000000081144e+01 -1.086371829148806770e-02 5.158798126876092995e-03
2.520000000000081286e+01 -1.031294539374935995e-02 4.472285142052647745e-03
2.530000000000081428e+01 -9.795526729226462781e-03 3.907390416154320374e-03
2.540000000000081570e+01 -9.314249637491247430e-03 3.438722339854795741e-03
2.550000000000081712e+01 -8.869005765665712374e-03 3.046698626179455537e-03
2.560000000000081855e+01 -8.458179415987674560e-03 2.716183586761842725e-03
2.570000000000081997e+01 -8.079443365993583051e-03 2.435420667444307494e-03
2.580000000000082139e+01 -7.730208115524841994e-03 2.195219261565014863e-03
2.590000000000082281e+01 -7.407869146109930664e-03 1.988342895062319114e-03
2.600000000000082423e+01 -7.109936915617722994e-03 1.809050806949661586e-03
2.610000000000082565e+01 -6.834099244871641790e-03 1.652754239431011895e-03
2.620000000000082707e+01 -6.578245233956218907e-03 1.515757838303983260e-03
2.630000000000082849e+01 -6.340467811037375084e-03 1.395064087115259347e-03
2.640000000000082991e+01 -6.119054930862661765e-03 1.288224506157252319e-03
2.650000000000083134e+01 -5.912475252571443296e-03 1.193225681630503575e-03
2.660000000000083276e+01 -5.719361645098480773e-03 1.108401371219176887e-03
2.670000000000083418e+01 -5.538494396776430864e-03 1.032364249059227477e-03
2.680000000000083560e+01 -5.368785135233230046e-03 9.639525368466559047e-04
2.690000000000083702e+01 -5.209261952204221474e-03 9.021879927815896170e-04
2.700000000000083844e+01 -5.059055931490670857e-03 8.462426239868126119e-04
2.710000000000083986e+01 -4.917389110935355828e-03 7.954121433602169338e-04
2.720000000000084128e+01 -4.783563818729054395e-03 7.490946746278772782e-04
2.730000000000084270e+01 -4.656953279555380715e-03 7.067735671961103416e-04
2.740000000000084412e+01 -4.536993367845357922e-03 6.680034491405770734e-04
2.750000000000084555e+01 -4.423175382298413089e-03 6.323988467290094428e-04
2.760000000000084697e+01 -4.315039721056254315e-03 5.996248498822064846e-04
2.770000000000084839e+01 -4.212170346134896243e-03 5.693894175969248196e-04
2.780000000000084981e+01 -4.114189936731014671e-03 5.414370049346506428e-04
2.790000000000085123e+01 -4.020755642286263226e-03 5.155432604598589015e-04
2.800000000000085265e+01 -3.931555356975339685e-03 4.915105949959265672e-04
2.810000000000085407e+01 -3.846304447305975288e-03 4.691644629847119795e-04
2.820000000000085549e+01 -3.764742873445478880e-03 4.483502292901409393e-04
2.830000000000085691e+01 -3.686632652868707463e-03 4.289305190899048506e-04
2.840000000000085834e+01 -3.611755621882400957e-03 4.107829680721711979e-04
2.850000000000085976e+01 -3.539911456611944188e-03 3.937983056769813394e-04
2.860000000000086118e+01 -3.470915920314964626e-03 3.778787165100895443e-04
2.870000000000086260e+01 -3.404599308365211310e-03 3.629364349597697086e-04
2.880000000000086402e+01 -3.340805066163160530e-03 3.488925360264448624e-04
2.890000000000086544e+01 -3.279388558568597026e-03 3.356758918149968106e-04
2.900000000000086686e+01 -3.220215972300799132e-03 3.232222683598186502e-04
2.910000000000086828e+01 -3.163163335249026542e-03 3.114735417147867884e-04
2.920000000000086970e+01 -3.108115638722621504e-03 3.003770157121942418e-04
2.930000000000087113e+01 -3.054966050511686085e-03 2.898848266540890038e-04
2.940000000000087255e+01 -3.003615208195383954e-03 2.799534225503016549e-04
2.950000000000087397e+01 -2.953970583468329414e-03 2.705431064575893139e-04
2.960000000000087539e+01 -2.905945909447368164e-03 2.616176350912956467e-04
2.970000000000087681e+01 -2.859460663900584981e-03 2.531438652166831827e-04
2.980000000000087823e+01 -2.814439602227660278e-03 2.450914414497099188e-04
2.990000000000087965e+01 -2.770812334773560537e-03 2.374325200337543530e-04
3.000000000000088107e+01 -2.728512943697129767e-03 2.301415239431521336e-04
3.010000000000088249e+01 -2.687479635207384518e-03 2.231949253311457367e-04
3.020000000000088392e+01 -2.647654423452185796e-03 2.165710518954632520e-04
3.030000000000088534e+01 -2.608982842789656781e-03 2.102499142112100703e-04
3.040000000000088676e+01 -2.571413685548116362e-03 2.042130514828346423e-04
3.050000000000088818e+01 -2.534898762697105831e-03 1.984433935074040678e-04
3.060000000000088960e+01 -2.499392685159876337e-03 1.929251369368222468e-04
3.070000000000089102e+01 -2.464852663731146448e-03 1.876436341734168296e-04
3.080000000000089244e+01 -2.431238325798480704e-03 1.825852934496262532e-04
3.090000000000089386e+01 -2.398511547260281235e-03 1.777374888264633527e-04
3.100000000000089528e+01 -2.366636298195053806e-03 1.730884790024034227e-04
3.110000000000089670e+01 -2.335578501005377422e-03 1.686273339637416404e-04
3.120000000000089813e+01 -2.305305899877686804e-03 1.643438686232838236e-04
3.130000000000089955e+01 -2.275787940528526190e-03 1.602285826984176998e-04
3.140000000000090097e+01 -2.246995659312770940e-03 1.562726061685127614e-04
3.150000000000090239e+01 -2.218901580853532493e-03 1.524676497277750969e-04
3.160000000000090381e+01 -2.191479623451441164e-03 1.488059597192674995e-04
3.170000000000090523e+01 -2.164705011590186551e-03 1.452802770927147044e-04
3.180000000000090665e+01 -2.138554194930810184e-03 1.418837999815977401e-04
3.190000000000090807e+01 -2.113004773245340945e-03 1.386101495401243183e-04
