-2.000000000000000000e+01 2.563542435100078180e-03
-1.989999999999999858e+01 2.602072736504769477e-03
-1.979999999999999716e+01 2.641653449552102892e-03
-1.969999999999999574e+01 2.682330190944749292e-03
-1.959999999999999432e+01 2.724151395743799019e-03
-1.949999999999999289e+01 2.767168543611308283e-03
-1.939999999999999147e+01 2.811436407245956198e-03
-1.929999999999999005e+01 2.857013325571615501e-03
-1.919999999999998863e+01 2.903961504577493545e-03
-1.909999999999998721e+01 2.952347349098191891e-03
-1.899999999999998579e+01 3.002241829270105387e-03
-1.889999999999998437e+01 3.053720885918504140e-03
-1.879999999999998295e+01 3.106865879728091043e-03
-1.869999999999998153e+01 3.161764089742953587e-03
-1.859999999999998010e+01 3.218509267547583087e-03
-1.849999999999997868e+01 3.277202254417695571e-03
-1.839999999999997726e+01 3.337951669822915909e-03
-1.829999999999997584e+01 3.400874680942278603e-03
-1.819999999999997442e+01 3.466097864351482330e-03
-1.809999999999997300e+01 3.533758172802238789e-03
-1.799999999999997158e+01 3.604004022088673400e-03
-1.789999999999997016e+01 3.676996515445689253e-03
-1.779999999999996874e+01 3.752910825827393809e-03
-1.769999999999996732e+01 3.831937759860917347e-03
-1.759999999999996589e+01 3.914285531377834949e-03
-1.749999999999996447e+01 4.000181777333055785e-03
-1.739999999999996305e+01 4.089875854801415175e-03
-1.729999999999996163e+01 4.183641464814370249e-03
-1.719999999999996021e+01 4.281779657329627675e-03
-1.709999999999995879e+01 4.384622281951669823e-03
-1.699999999999995737e+01 4.492535961564861346e-03
-1.689999999999995595e+01 4.605926681332248203e-03
-1.679999999999995453e+01 4.725245104226662336e-03
-1.669999999999995310e+01 4.850992747251742405e-03
-1.659999999999995168e+01 4.983729180868150428e-03
-1.649999999999995026e+01 5.124080449267941033e-03
-1.639999999999994884e+01 5.272748952838903110e-03
-1.629999999999994742e+01 5.430525088765334775e-03
-1.619999999999994600e+01 5.598301014264634584e-03
-1.609999999999994458e+01 5.777086983430415948e-03
-1.599999999999994316e+01 5.968030818271033433e-03
-1.589999999999994174e+01 6.172441214206588964e-03
-1.579999999999994031e+01 6.391815759196597425e-03
-1.569999999999993889e+01 6.627874776095651899e-03
-1.559999999999993747e+01 6.882602396273198968e-03
-1.549999999999993605e+01 7.158296661295292587e-03
-1.539999999999993463e+01 7.457630958892736729e-03
-1.529999999999993321e+01 7.783729771003215780e-03
-1.519999999999993179e+01 8.140262602402406275e-03
-1.509999999999993037e+01 8.531561147120926558e-03
-1.499999999999992895e+01 8.962766345829499201e-03
-1.489999999999992752e+01 9.440014143011156780e-03
-1.479999999999992610e+01 9.970671680727166003e-03
-1.469999999999992468e+01 1.056363966321817102e-02
-1.459999999999992326e+01 1.122974210727554698e-02
-1.449999999999992184e+01 1.198223222907610595e-02
-1.439999999999992042e+01 1.283745358635799555e-02
-1.429999999999991900e+01 1.381570981914346553e-02
-1.419999999999991758e+01 1.494241567809922490e-02
-1.409999999999991616e+01 1.624962785194087808e-02
-1.399999999999991473e+01 1.777808729484860878e-02
-1.389999999999991331e+01 1.957994417538680074e-02
-1.379999999999991189e+01 2.172237505324137175e-02
-1.369999999999991047e+01 2.429231649621900122e-02
-1.359999999999990905e+01 2.740246843075281810e-02
-1.349999999999990763e+01 3.119841156204960358e-02
-1.339999999999990621e+01 3.586577976029154541e-02
-1.329999999999990479e+01 4.163414644637407347e-02
-1.319999999999990337e+01 4.876905867640953657e-02
-1.309999999999990195e+01 5.753295531475786928e-02
-1.299999999999990052e+01 6.807777913308939166e-02
-1.289999999999989910e+01 8.021555445671157969e-02
-1.279999999999989768e+01 9.304468150580871844e-02
-1.269999999999989626e+01 1.045984038085741724e-01
-1.259999999999989484e+01 1.120502389060081955e-01
-1.249999999999989342e+01 1.130024171686300621e-01
-1.239999999999989200e+01 1.071581215601569853e-01
-1.229999999999989058e+01 9.655798562347338299e-02
-1.219999999999988916e+01 8.408292886093582386e-02
-1.209999999999988773e+01 7.195044765291072619e-02
-1.199999999999988631e+01 6.128468638845646632e-02
-1.189999999999988489e+01 5.240061603598843848e-02
-1.179999999999988347e+01 4.519896790397717745e-02
-1.169999999999988205e+01 3.943013592561873948e-02
-1.159999999999988063e+01 3.482460429961918569e-02
-1.149999999999987921e+01 3.114364431146651041e-02
-1.139999999999987779e+01 2.819218256400241041e-02
-1.129999999999987637e+01 2.581660009776930859e-02
-1.119999999999987494e+01 2.389789440487747121e-02
-1.109999999999987352e+01 2.234440635241668680e-02
-1.099999999999987210e+01 2.108553144757598780e-02
-1.089999999999987068e+01 2.006670644591212679e-02
-1.079999999999986926e+01 1.924555938859917950e-02
-1.069999999999986784e+01 1.858900408717860733e-02
-1.059999999999986642e+01 1.807106267137106523e-02
-1.049999999999986500e+01 1.767123575436235772e-02
-1.039999999999986358e+01 1.737327997222455622e-02
-1.029999999999986215e+01 1.716428751152574220e-02
-1.019999999999986073e+01 1.703398972177657192e-02
-1.009999999999985931e+01 1.697422763825472830e-02
-9.999999999999857891e+00 1.697854753671731304e-02
-9.899999999999856470e+00 1.704189081326923372e-02
-9.799999999999855049e+00 1.716035561336412552e-02
-9.699999999999853628e+00 1.733101355526106210e-02
-9.599999999999852207e+00 1.755176922076944618e-02
-9.499999999999850786e+00 1.782125326689942835e-02
-9.399999999999849365e+00 1.813874236803873080e-02
-9.299999999999847944e+00 1.850410096072993560e-02
-9.199999999999846523e+00 1.891774109838953097e-02
-9.099999999999845102e+00 1.938059775175077909e-02
-8.999999999999843681e+00 1.989411770034357763e-02
-8.899999999999842260e+00 2.046026081607503835e-02
-8.799999999999840838e+00 2.108151309127147266e-02
-8.699999999999839417e+00 2.176091124892613402e-02
-8.599999999999837996e+00 2.250207922384472869e-02
-8.499999999999836575e+00 2.330927724721588296e-02
-8.399999999999835154e+00 2.418746472930007052e-02
-8.299999999999833733e+00 2.514237864107649045e-02
-8.199999999999832312e+00 2.618062967367203522e-02
-8.099999999999830891e+00 2.730981913632971395e-02
-7.999999999999829470e+00 2.853868037846434350e-02
-7.899999999999828049e+00 2.987724953769436281e-02
-7.799999999999826628e+00 3.133707168602838100e-02
-7.699999999999825206e+00 3.293145005203668846e-02
-7.599999999999823785e+00 3.467574804525046239e-02
-7.499999999999822364e+00 3.658775644337810412e-02
-7.399999999999820943e+00 3.868814151565366788e-02
-7.299999999999819522e+00 4.100099430707603715e-02
-7.199999999999818101e+00 4.355450715317267518e-02
-7.099999999999816680e+00 4.638181121926621131e-02
-6.999999999999815259e+00 4.952201913169264336e-02
-6.899999999999813838e+00 5.302153051847604409e-02
-6.799999999999812417e+00 5.693567679318642383e-02
-6.699999999999810996e+00 6.133080659698709330e-02
-6.599999999999809575e+00 6.628694747321908776e-02
-6.499999999999808153e+00 7.190122609253032926e-02
-6.399999999999806732e+00 7.829229354208414038e-02
-6.299999999999805311e+00 8.560609051809722758e-02
-6.199999999999803890e+00 9.402340866964215005e-02
-6.099999999999802469e+00 1.037698703063012623e-01
-5.999999999999801048e+00 1.151291725779923086e-01
-5.899999999999799627e+00 1.284607362227056793e-01
-5.799999999999798206e+00 1.442232644046156365e-01
-5.699999999999796785e+00 1.630061190353643552e-01
-5.599999999999795364e+00 1.855707254796327699e-01
-5.499999999999793943e+00 2.129040354426201820e-01
-5.399999999999792522e+00 2.462844235936527681e-01
-5.299999999999791100e+00 2.873548945441181668e-01
-5.199999999999789679e+00 3.381837516851731729e-01
-5.099999999999788258e+00 4.012575905589340630e-01
-4.999999999999786837e+00 4.792748550085991210e-01
-4.899999999999785416e+00 5.744641677268657043e-01
-4.799999999999783995e+00 6.869553921526269091e-01
-4.699999999999782574e+00 8.117178776045576027e-01
-4.599999999999781153e+00 9.345478576055364917e-01
-4.499999999999779732e+00 1.030589693726623013e+00
-4.399999999999778311e+00 1.071790137423368483e+00
-4.299999999999776890e+00 1.043656565573134687e+00
-4.199999999999775468e+00 9.563951593829769227e-01
-4.099999999999774047e+00 8.369123453892033382e-01
-3.999999999999772626e+00 7.115908733351087312e-01
-3.899999999999771205e+00 5.966971545843621216e-01
-3.799999999999769784e+00 4.986803093587814373e-01
-3.699999999999768363e+00 4.180992416943069556e-01
-3.599999999999766942e+00 3.529581459726094939e-01
-3.499999999999765521e+00 3.005755148546274125e-01
-3.399999999999764100e+00 2.584017476241955436e-01
-3.299999999999762679e+00 2.242880251257403645e-01
-3.199999999999761258e+00 1.965173863322429437e-01
-3.099999999999759837e+00 1.737509747910284119e-01
-2.999999999999758415e+00 1.549550034136457088e-01
-2.899999999999756994e+00 1.393328518429542418e-01
-2.799999999999755573e+00 1.262692386383543197e-01
-2.699999999999754152e+00 1.152867232380489909e-01
-2.599999999999752731e+00 1.060126604763986374e-01
-2.499999999999751310e+00 9.815437611053984268e-02
-2.399999999999749889e+00 9.148058572868414395e-02
-2.299999999999748468e+00 8.580747804903234022e-02
-2.199999999999747047e+00 8.098826058547488327e-02
-2.099999999999745626e+00 7.690527382978717963e-02
-1.999999999999744205e+00 7.346401671032097569e-02
-1.899999999999742784e+00 7.058860232208312435e-02
-1.799999999999741362e+00 6.821829231282627859e-02
-1.699999999999739941e+00 6.630485280761488909e-02
-1.599999999999738520e+00 6.481054382287154692e-02
-1.499999999999737099e+00 6.370660488764420815e-02
-1.399999999999735678e+00 6.297213730006799570e-02
-1.299999999999734257e+00 6.259331193070223620e-02
-1.199999999999732836e+00 6.256285354999878423e-02
-1.099999999999731415e+00 6.287977039881316454e-02
-9.999999999997299938e-01 6.354931275351297093e-02
-8.999999999997285727e-01 6.458315787736193525e-02
-7.999999999997271516e-01 6.599983216121167728e-02
-6.999999999997257305e-01 6.782539557748179515e-02
-5.999999999997243094e-01 7.009443003902911251e-02
-4.999999999997228883e-01 7.285139334083474971e-02
-3.999999999997214672e-01 7.615242593856476339e-02
-2.999999999997200462e-01 8.006773136440477334e-02
-1.999999999997186251e-01 8.468469596289644741e-02
-9.999999999971720399e-02 9.011197445779427218e-02
2.842170943040400743e-13 9.648485093555300707e-02
1.000000000002856382e-01 1.039722986321343356e-01
2.000000000002870593e-01 1.127863174598389695e-01
3.000000000002884804e-01 1.231943388161041153e-01
4.000000000002899014e-01 1.355357663049907568e-01
5.000000000002913225e-01 1.502440749130969921e-01
6.000000000002927436e-01 1.678762993833532724e-01
7.000000000002941647e-01 1.891521076675932167e-01
8.000000000002955858e-01 2.150046826681979995e-01
9.000000000002970069e-01 2.466445512631337267e-01
1.000000000000298428e+00 2.856334161951251671e-01
1.100000000000299849e+00 3.339536071983637000e-01
1.200000000000301270e+00 3.940305557243228285e-01
1.300000000000302691e+00 4.686025238627960499e-01
1.400000000000304112e+00 5.602067852064027687e-01
1.500000000000305533e+00 6.698571924185221516e-01
1.600000000000306954e+00 7.943674680716682479e-01
1.700000000000308376e+00 9.223431315385958174e-01
1.800000000000309797e+00 1.031291344439797530e+00
1.900000000000311218e+00 1.091969935590890062e+00
2.000000000000312639e+00 1.083639944144610734e+00
2.100000000000314060e+00 1.009278663135402265e+00
2.200000000000315481e+00 8.932090530167644538e-01
2.300000000000316902e+00 7.641319249912232880e-01
2.400000000000318323e+00 6.420313303741412847e-01
2.500000000000319744e+00 5.360757930855173381e-01
2.600000000000321165e+00 4.481835425171016851e-01
2.700000000000322586e+00 3.768178251769147558e-01
2.800000000000324007e+00 3.193180683192392011e-01
2.900000000000325429e+00 2.729914532374502212e-01
3.000000000000326850e+00 2.355103986621030487e-01
3.100000000000328271e+00 2.049937915077611750e-01
3.200000000000329692e+00 1.799677328813571175e-01
3.300000000000331113e+00 1.592928753366025518e-01
3.400000000000332534e+00 1.420923250113763081e-01
3.500000000000333955e+00 1.276908914958225782e-01
3.600000000000335376e+00 1.155672877136939558e-01
3.700000000000336797e+00 1.053177454101722754e-01
3.800000000000338218e+00 9.662879683576114376e-02
3.900000000000339639e+00 8.925713042189654944e-02
4.000000000000341061e+00 8.301483190374567278e-02
4.100000000000342482e+00 7.775874022997178447e-02
4.200000000000343903e+00 7.338300770273828433e-02
4.300000000000345324e+00 6.981424445247828847e-02
4.400000000000346745e+00 6.700885439865775228e-02
4.500000000000348166e+00 6.495233535834009364e-02
4.600000000000349587e+00 6.366039991142720400e-02
4.700000000000351008e+00 6.318170298923907191e-02
4.800000000000352429e+00 6.360154590517240469e-02
4.900000000000353850e+00 6.504472218320955790e-02
5.000000000000355271e+00 6.767274808334221292e-02
5.100000000000356692e+00 7.166441221143160512e-02
5.200000000000358114e+00 7.715696265653727848e-02
5.300000000000359535e+00 8.411040466414601569e-02
5.400000000000360956e+00 9.206065742524295603e-02
5.500000000000362377e+00 9.981539622057068739e-02
5.600000000000363798e+00 1.053918904026214243e-01
5.700000000000365219e+00 1.066827121632087788e-01
5.800000000000366640e+00 1.027619948148524864e-01
5.900000000000368061e+00 9.459801729732456033e-02
6.000000000000369482e+00 8.429544369984545704e-02
6.100000000000370903e+00 7.379537634349650488e-02
6.200000000000372324e+00 6.423976790479628274e-02
6.300000000000373745e+00 5.604994517954581951e-02
6.400000000000375167e+00 4.923146726061817385e-02
6.500000000000376588e+00 4.361648062000045289e-02
6.600000000000378009e+00 3.899531503979424690e-02
6.700000000000379430e+00 3.517253874836154259e-02
6.800000000000380851e+00 3.198452105855251887e-02
6.900000000000382272e+00 2.930063060409425491e-02
7.000000000000383693e+00 2.701876426852483151e-02
7.100000000000385114e+00 2.505972545872486856e-02
7.200000000000386535e+00 2.336210154300375624e-02
7.300000000000387956e+00 2.187808452032993789e-02
7.400000000000389377e+00 2.057022407820959659e-02
7.500000000000390799e+00 1.940896189525450483e-02
7.600000000000392220e+00 1.837077721773780481e-02
7.700000000000393641e+00 1.743679554533431736e-02
7.800000000000395062e+00 1.659174292518465071e-02
7.900000000000396483e+00 1.582315665264477297e-02
8.000000000000397904e+00 1.512078608448645667e-02
8.100000000000399325e+00 1.447613476978612708e-02
8.200000000000400746e+00 1.388210809693009480e-02
8.300000000000402167e+00 1.333274016899767440e-02
8.400000000000403588e+00 1.282298054490296421e-02
8.500000000000405009e+00 1.234852651851704383e-02
8.600000000000406430e+00 1.190569027485324782e-02
8.700000000000407852e+00 1.149129294250558417e-02
8.800000000000409273e+00 1.110257952967678118e-02
8.900000000000410694e+00 1.073715018433520074e-02
9.000000000000412115e+00 1.039290429835931437e-02
9.100000000000413536e+00 1.006799478206622279e-02
9.200000000000414957e+00 9.760790441989729629e-03
9.300000000000416378e+00 9.469844853656929698e-03
9.400000000000417799e+00 9.193870470475892440e-03
9.500000000000419220e+00 8.931716977466362326e-03
9.600000000000420641e+00 8.682353104791947981e-03
9.700000000000422062e+00 8.444851275901665844e-03
9.800000000000423483e+00 8.218374589702393332e-03
9.900000000000424905e+00 8.002165733861059047e-03
