-3.200000000000000000e+01 -2.867288124194629362e-02 -2.245658212702626114e-03
-3.189999999999999858e+01 -2.908681884703876244e-02 -2.303906003881956051e-03
-3.179999999999999716e+01 -2.951145650324444453e-02 -2.364407882547551760e-03
-3.169999999999999574e+01 -2.994720540302445860e-02 -2.427281154706740791e-03
-3.159999999999999432e+01 -3.039449790554547837e-02 -2.492650840405035827e-03
-3.149999999999999289e+01 -3.085378890753825640e-02 -2.560650289375676018e-03
-3.139999999999999147e+01 -3.132555732131635934e-02 -2.631421854663360590e-03
-3.129999999999999005e+01 -3.181030766989626640e-02 -2.705117630550204436e-03
-3.119999999999998863e+01 -3.230857181006079049e-02 -2.781900261874626929e-03
-3.109999999999998721e+01 -3.282091079535927325e-02 -2.861943832723297908e-03
-3.099999999999998579e+01 -3.334791689249891333e-02 -2.945434843518201715e-03
-3.089999999999998437e+01 -3.389021576579318018e-02 -3.032573286645752920e-03
-3.079999999999998295e+01 -3.444846884622372596e-02 -3.123573832145504995e-03
-3.069999999999998153e+01 -3.502337590336049300e-02 -3.218667136480165853e-03
-3.059999999999998010e+01 -3.561567784045236579e-02 -3.318101289162640830e-03
-3.049999999999997868e+01 -3.622615973553044294e-02 -3.422143414069534189e-03
-3.039999999999997726e+01 -3.685565415372922538e-02 -3.531081444557928380e-03
-3.029999999999997584e+01 -3.750504475931837334e-02 -3.645226094249814659e-03
-3.019999999999997442e+01 -3.817527025915361250e-02 -3.764913048446921762e-03
-3.009999999999997300e+01 -3.886732871309676873e-02 -3.890505404767563916e-03
-2.999999999999997158e+01 -3.958228225155157459e-02 -4.022396395862882536e-03
-2.989999999999997016e+01 -4.032126224491494604e-02 -4.161012431941131691e-03
-2.979999999999996874e+01 -4.108547497576701957e-02 -4.306816506653826301e-03
-2.969999999999996732e+01 -4.187620787090406971e-02 -4.460312016616081038e-03
-2.959999999999996589e+01 -4.269483635772598762e-02 -4.622047052765858310e-03
-2.949999999999996447e+01 -4.354283141824813463e-02 -4.792619231164933248e-03
-2.939999999999996305e+01 -4.442176792337011737e-02 -4.972681141808423140e-03
-2.929999999999996163e+01 -4.533333384164386914e-02 -5.162946507160533043e-03
-2.919999999999996021e+01 -4.627934042943682852e-02 -5.364197157610008614e-03
-2.909999999999995879e+01 -4.726173352423661961e-02 -5.577290949518836326e-03
-2.899999999999995737e+01 -4.828260608031514911e-02 -5.803170773683195491e-03
-2.889999999999995595e+01 -4.934421210534904040e-02 -6.042874828380642889e-03
-2.879999999999995453e+01 -5.044898218004911783e-02 -6.297548363074723966e-03
-2.869999999999995310e+01 -5.159954076919613664e-02 -6.568457137125650012e-03
-2.859999999999995168e+01 -5.279872556337236733e-02 -6.857002884233693273e-03
-2.849999999999995026e+01 -5.404960912697940462e-02 -7.164741129751090593e-03
-2.839999999999994884e+01 -5.535552316934869849e-02 -7.493401776495128841e-03
-2.829999999999994742e+01 -5.672008580496489677e-02 -7.844912958776121756e-03
-2.819999999999994600e+01 -5.814723222508230704e-02 -8.221428767341510888e-03
-2.809999999999994458e+01 -5.964124926889172174e-02 -8.625361574987512256e-03
-2.799999999999994316e+01 -6.120681445954977151e-02 -9.059419850005917194e-03
-2.789999999999994174e+01 -6.284904015880453387e-02 -9.526652540001371780e-03
-2.779999999999994031e+01 -6.457352359803007757e-02 -1.003050135300669922e-02
-2.769999999999993889e+01 -6.638640366249558278e-02 -1.057486256906315161e-02
-2.759999999999993747e+01 -6.829442544301243811e-02 -1.116416040156997976e-02
-2.749999999999993605e+01 -7.030501372649593239e-02 -1.180343441704074028e-02
-2.739999999999993463e+01 -7.242635677314293585e-02 -1.249844414441955535e-02
-2.729999999999993321e+01 -7.466750192559182264e-02 -1.325579480248098227e-02
-2.719999999999993179e+01 -7.703846480818143938e-02 -1.408308909940495651e-02
-2.709999999999993037e+01 -7.955035409671151747e-02 -1.498911138592840669e-02
-2.699999999999992895e+01 -8.221551405629927423e-02 -1.598405217128193515e-02
-2.689999999999992752e+01 -8.504768722685245030e-02 -1.707978327235749536e-02
-2.679999999999992610e+01 -8.806219973879704510e-02 -1.829019684567700574e-02
-2.669999999999992468e+01 -9.127617168028555328e-02 -1.963162549854236688e-02
-2.659999999999992326e+01 -9.470875457734996561e-02 -2.112336593806007218e-02
-2.649999999999992184e+01 -9.838139716446514527e-02 -2.278833567612975272e-02
-2.639999999999992042e+01 -1.023181388365274613e-01 -2.465390183344130792e-02
-2.629999999999991900e+01 -1.065459268714432778e-01 -2.675293401386655973e-02
-2.619999999999991758e+01 -1.110949476653374929e-01 -2.912515085657989972e-02
-2.609999999999991616e+01 -1.159989521318551681e-01 -3.181885403935177242e-02
-2.599999999999991473e+01 -1.212955382433369839e-01 -3.489317672428105671e-02
-2.589999999999991331e+01 -1.270263246580638772e-01 -3.842101914235254018e-02
-2.579999999999991189e+01 -1.332369004250198719e-01 -4.249290676730201749e-02
-2.569999999999991047e+01 -1.399763531448287579e-01 -4.722209203624013613e-02
-2.559999999999990905e+01 -1.472960381778795624e-01 -5.275133514891224701e-02
-2.549999999999990763e+01 -1.552470140621194927e-01 -5.926194788920098599e-02
-2.539999999999990621e+01 -1.638751645014487057e-01 -6.698586367249484419e-02
-2.529999999999990479e+01 -1.732123354862363240e-01 -7.622168030925680071e-02
-2.519999999999990337e+01 -1.832606351256919897e-01 -8.735571922790158483e-02
-2.509999999999990195e+01 -1.939650439399631110e-01 -1.008889096530005830e-01
-2.499999999999990052e+01 -2.051661697356876590e-01 -1.174691225005816547e-01
-2.489999999999989910e+01 -2.165197567308330129e-01 -1.379249945875239414e-01
-2.479999999999989768e+01 -2.273622250565592029e-01 -1.632880711538274576e-01
-2.469999999999989626e+01 -2.364942411814135170e-01 -1.947686823975399995e-01
-2.459999999999989484e+01 -2.418577079935230190e-01 -2.336062187393108391e-01
-2.449999999999989342e+01 -2.401295787476324106e-01 -2.806362031759106479e-01
-2.439999999999989200e+01 -2.264285388426039158e-01 -3.353313553206291875e-01
-2.429999999999989058e+01 -1.947305677639006583e-01 -3.941584100578716110e-01
-2.419999999999988916e+01 -1.400574793728448231e-01 -4.488162975208204175e-01
-2.409999999999988773e+01 -6.290454813237408849e-02 -4.865701467710418227e-01
-2.399999999999988631e+01 2.690493535622291016e-02 -4.954424897578645348e-01
-2.389999999999988489e+01 1.127238189330179857e-01 -4.722174826736262321e-01
-2.379999999999988347e+01 1.801731235421129562e-01 -4.249855216809945158e-01
-2.369999999999988205e+01 2.239097246832335575e-01 -3.670433742789985798e-01
-2.359999999999988063e+01 2.465862204742135799e-01 -3.094009885044690655e-01
-2.349999999999987921e+01 2.540885239767908255e-01 -2.580117804471571130e-01
-2.339999999999987779e+01 2.520531536110047766e-01 -2.147885706849295140e-01
-2.329999999999987637e+01 2.446345758350573218e-01 -1.794701714080298716e-01
-2.319999999999987494e+01 2.345239536812343262e-01 -1.509546460541265622e-01
-2.309999999999987352e+01 2.233380758544701028e-01 -1.279841129581666126e-01
-2.299999999999987210e+01 2.119970392378528190e-01 -1.094219021024355198e-01
-2.289999999999987068e+01 2.009966339141595615e-01 -9.433059381698226387e-02
-2.279999999999986926e+01 1.905834035467997845e-01 -8.196845979713830721e-02
-2.269999999999986784e+01 1.808612337811728588e-01 -7.175935063911341449e-02
-2.259999999999986642e+01 1.718544955767850602e-01 -6.325866438587116058e-02
-2.249999999999986500e+01 1.635448802402058588e-01 -5.612332121948961083e-02
-2.239999999999986358e+01 1.558926471437540873e-01 -5.008761148839553645e-02
-2.229999999999986215e+01 1.488487277674079012e-01 -4.494456620179047845e-02
-2.219999999999986073e+01 1.423614911175771769e-01 -4.053186537217193935e-02
-2.209999999999985931e+01 1.363804026329988317e-01 -3.672126404699806862e-02
-2.199999999999985789e+01 1.308578843359985144e-01 -3.341067062787322212e-02
-2.189999999999985647e+01 1.257501431255369229e-01 -3.051819953683850700e-02
-2.179999999999985505e+01 1.210174173694404248e-01 -2.797768672299511677e-02
-2.169999999999985363e+01 1.166239058655588606e-01 -2.573528906267215019e-02
-2.159999999999985221e+01 1.125375334882660616e-01 -2.374688917401729729e-02
-2.149999999999985079e+01 1.087296428772279999e-01 -2.197610145645335217e-02
-2.139999999999984936e+01 1.051746630092359330e-01 -2.039272945205277202e-02
-2.129999999999984794e+01 1.018497826663169042e-01 -1.897156410466499174e-02
-2.119999999999984652e+01 9.873464334134698928e-02 -1.769144118843118257e-02
-2.109999999999984510e+01 9.581105825214940308e-02 -1.653449708104622051e-02
-2.099999999999984368e+01 9.306275961657387019e-02 -1.548557734006228252e-02
-2.089999999999984226e+01 9.047517383372653821e-02 -1.453176377012798878e-02
-2.079999999999984084e+01 8.803522290379289794e-02 -1.366199396430314329e-02
-2.069999999999983942e+01 8.573114981007433355e-02 -1.286675346628983994e-02
-2.059999999999983800e+01 8.355236538740513919e-02 -1.213782530894322483e-02
-2.049999999999983658e+01 8.148931422677825609e-02 -1.146808514996239779e-02
-2.039999999999983515e+01 7.953335731372249140e-02 -1.085133284898100008e-02
-2.029999999999983373e+01 7.767666930075690923e-02 -1.028215332732951813e-02
-2.019999999999983231e+01 7.591214853529981710e-02 -9.755801081169270667e-03
-2.009999999999983089e+01 7.423333818493033087e-02 -9.268103897409703598e-03
-1.999999999999982947e+01 7.263435700725369426e-02 -8.815382234499423431e-03
-1.989999999999982805e+01 7.110983850016308616e-02 -8.394381441638168115e-03
-1.979999999999982663e+01 6.965487733596407993e-02 -8.002214547002910530e-03
-1.969999999999982521e+01 6.826498213008423688e-02 -7.636313784029026205e-03
-1.959999999999982379e+01 6.693603372479497993e-02 -7.294389372022052134e-03
-1.949999999999982236e+01 6.566424827945240017e-02 -6.974394343078688802e-03
-1.939999999999982094e+01 6.444614455585066792e-02 -6.674494427833708998e-03
-1.929999999999981952e+01 6.327851487044644507e-02 -6.393042189392673241e-03
-1.919999999999981810e+01 6.215839925638419472e-02 -6.128554737258752778e-03
-1.909999999999981668e+01 6.108306244034242272e-02 -5.879694468582340877e-03
-1.899999999999981526e+01 6.004997329141764650e-02 -5.645252377670463388e-03
-1.889999999999981384e+01 5.905678644501324848e-02 -5.424133551284703904e-03
-1.879999999999981242e+01 5.810132584365464148e-02 -5.215344529894765449e-03
-1.869999999999981100e+01 5.718156996987482782e-02 -5.017982266485568679e-03
-1.859999999999980957e+01 5.629563857568838092e-02 -4.831224457112396828e-03
-1.849999999999980815e+01 5.544178073756709374e-02 -4.654321052457840481e-03
-1.839999999999980673e+01 5.461836408763164064e-02 -4.486586788925491648e-03
-1.829999999999980531e+01 5.382386509031625299e-02 -4.327394602136974862e-03
-1.819999999999980389e+01 5.305686024957544100e-02 -4.176169805990594987e-03
-1.809999999999980247e+01 5.231601814604747158e-02 -4.032384937580715291e-03
-1.799999999999980105e+01 5.160009221527384754e-02 -3.895555182535080999e-03
-1.789999999999979963e+01 5.090791418885473596e-02 -3.765234307474375503e-03
-1.779999999999979821e+01 5.023838812956051697e-02 -3.641011036518350830e-03
-1.769999999999979678e+01 4.959048499919103958e-02 -3.522505817391398050e-03
-1.759999999999979536e+01 4.896323770530262853e-02 -3.409367930115121161e-03
-1.749999999999979394e+01 4.835573657868559583e-02 -3.301272897490156472e-03
-1.739999999999979252e+01 4.776712523905089075e-02 -3.197920161975397867e-03
-1.729999999999979110e+01 4.719659681106760235e-02 -3.099030998161920319e-03
-1.719999999999978968e+01 4.664339045683921214e-02 -3.004346633948374017e-03
-1.709999999999978826e+01 4.610678819483994550e-02 -2.913626556967255626e-03
-1.699999999999978684e+01 4.558611197824670447e-02 -2.826646985682844740e-03
-1.689999999999978542e+01 4.508072100862373782e-02 -2.743199487139460699e-03
-1.679999999999978400e+01 4.459000926341021021e-02 -2.663089725521350891e-03
-1.669999999999978257e+01 4.411340321772089235e-02 -2.586136327554900034e-03
-1.659999999999978115e+01 4.365035974319233375e-02 -2.512169852473219479e-03
-1.649999999999977973e+01 4.320036416810357077e-02 -2.441031855655986793e-03
-1.639999999999977831e+01 4.276292848471695274e-02 -2.372574036335266083e-03
-1.629999999999977689e+01 4.233758969116053344e-02 -2.306657460849253008e-03
-1.619999999999977547e+01 4.192390825626960554e-02 -2.243151853861409181e-03
-1.609999999999977405e+01 4.152146669712913907e-02 -2.181934950836204867e-03
-1.599999999999977263e+01 4.112986825982613281e-02 -2.122891905765767091e-03
-1.589999999999977121e+01 4.074873569494493614e-02 -2.065914748812156670e-03
-1.579999999999976978e+01 4.037771012012134064e-02 -2.010901889099806199e-03
-1.569999999999976836e+01 4.001644996256210202e-02 -1.957757658379037993e-03
-1.559999999999976694e+01 3.966462997526619405e-02 -1.906391891755904264e-03
-1.549999999999976552e+01 3.932194032106878234e-02 -1.856719542049802560e-03
-1.539999999999976410e+01 3.898808571926823396e-02 -1.808660324708173239e-03
-1.529999999999976268e+01 3.866278465005661830e-02 -1.762138390516726494e-03
-1.519999999999976126e+01 3.834576861228978367e-02 -1.717082023604304042e-03
-1.509999999999975984e+01 3.803678143068163486e-02 -1.673423362511183669e-03
-1.499999999999975842e+01 3.773557860868595459e-02 -1.631098142284413948e-03
-1.489999999999975699e+01 3.744192672374754838e-02 -1.590045455774313689e-03
-1.479999999999975557e+01 3.715560286188231143e-02 -1.550207532479582189e-03
-1.469999999999975415e+01 3.687639408871001140e-02 -1.511529533431379968e-03
-1.459999999999975273e+01 3.660409695444491462e-02 -1.473959360766935586e-03
-1.449999999999975131e+01 3.633851703041546255e-02 -1.437447480747803662e-03
-1.439999999999974989e+01 3.607946847497222470e-02 -1.401946759103241255e-03
-1.429999999999974847e+01 3.582677362681493949e-02 -1.367412307679045144e-03
-1.419999999999974705e+01 3.558026262384917510e-02 -1.333801341451540563e-03
-1.409999999999974563e+01 3.533977304596024743e-02 -1.301073045065623355e-03
-1.399999999999974420e+01 3.510514958009902653e-02 -1.269188448111349113e-03
-1.389999999999974278e+01 3.487624370627971648e-02 -1.238110308430914871e-03
-1.379999999999974136e+01 3.465291340319989755e-02 -1.207803002806678632e-03
-1.369999999999973994e+01 3.443502287222472563e-02 -1.178232424424693718e-03
-1.359999999999973852e+01 3.422244227868836974e-02 -1.149365886572157117e-03
-1.349999999999973710e+01 3.401504750944024658e-02 -1.121172032055306900e-03
-1.339999999999973568e+01 3.381271994571849460e-02 -1.093620747873542617e-03
-1.329999999999973426e+01 3.361534625050528052e-02 -1.066683084720517405e-03
-1.319999999999973284e+01 3.342281816952415163e-02 -1.040331180906183288e-03
-1.309999999999973141e+01 3.323503234520685384e-02 -1.014538190336374424e-03
-1.299999999999972999e+01 3.305189014291635280e-02 -9.892782141986532912e-04
-1.289999999999972857e+01 3.287329748883430214e-02 -9.645262360351914473e-04
-1.279999999999972715e+01 3.269916471897050397e-02 -9.402580599037998251e-04
-1.269999999999972573e+01 3.252940643874403098e-02 -9.164502513391988795e-04
-1.259999999999972431e+01 3.236394139272653209e-02 -8.930800808548587048e-04
-1.249999999999972289e+01 3.220269234408357911e-02 -8.701254697293554774e-04
-1.239999999999972147e+01 3.204558596336114229e-02 -8.475649378402381725e-04
-1.229999999999972005e+01 3.189255272628986615e-02 -8.253775533203823195e-04
-1.219999999999971863e+01 3.174352682028359213e-02 -8.035428838151804096e-04
-1.209999999999971720e+01 3.159844605938459672e-02 -7.820409491328958809e-04
-1.199999999999971578e+01 3.145725180744194521e-02 -7.608521750870882866e-04
-1.189999999999971436e+01 3.131988890929729430e-02 -7.399573483284477542e-04
-1.179999999999971294e+01 3.118630562985977295e-02 -7.193375719780847020e-04
-1.169999999999971152e+01 3.105645360091096457e-02 -6.989742218661339646e-04
-1.159999999999971010e+01 3.093028777556098077e-02 -6.788489031876529392e-04
-1.149999999999970868e+01 3.080776639030569433e-02 -6.589434073874995447e-04
-1.139999999999970726e+01 3.068885093462817362e-02 -6.392396690780648670e-04
-1.129999999999970584e+01 3.057350612818314842e-02 -6.197197228009936661e-04
-1.119999999999970441e+01 3.046169990557438811e-02 -6.003656594297174850e-04
-1.109999999999970299e+01 3.035340340880885585e-02 -5.811595820102834296e-04
-1.099999999999970157e+01 3.024859098754444087e-02 -5.620835608304966318e-04
-1.089999999999970015e+01 3.014724020725015330e-02 -5.431195874922771592e-04
-1.079999999999969873e+01 3.004933186549030993e-02 -5.242495277609357171e-04
-1.069999999999969731e+01 2.995485001652988671e-02 -5.054550729427190626e-04
-1.059999999999969589e+01 2.986378200453546766e-02 -4.867176895332157990e-04
-1.049999999999969447e+01 2.977611850568796792e-02 -4.680185668619847106e-04
-1.039999999999969305e+01 2.969185357954257087e-02 -4.493385624331085767e-04
-1.029999999999969162e+01 2.961098473006754106e-02 -4.306581446482903031e-04
-1.019999999999969020e+01 2.953351297680364973e-02 -4.119573325641578661e-04
-1.009999999999968878e+01 2.945944293667360214e-02 -3.932156323124296111e-04
-9.999999999999687361e+00 2.938878291703276441e-02 -3.744119697787833771e-04
-9.899999999999685940e+00 2.932154502059856199e-02 -3.555246190932458725e-04
-9.799999999999684519e+00 2.925774526300847084e-02 -3.365311264524457847e-04
-9.699999999999683098e+00 2.919740370380297101e-02 -3.174082287374608647e-04
-9.599999999999681677e+00 2.914054459174354739e-02 -2.981317663436787099e-04
-9.499999999999680256e+00 2.908719652547297335e-02 -2.786765895790425419e-04
-9.399999999999678835e+00 2.903739263061630438e-02 -2.590164579130935533e-04
-9.299999999999677414e+00 2.899117075457022241e-02 -2.391239312922532152e-04
-9.199999999999675993e+00 2.894857368033285777e-02 -2.189702526405894103e-04
-9.099999999999674571e+00 2.890964936089191265e-02 -1.985252205735753154e-04
-8.999999999999673150e+00 2.887445117584908072e-02 -1.777570512417459394e-04
-8.899999999999671729e+00 2.884303821212758079e-02 -1.566322280891945321e-04
-8.799999999999670308e+00 2.881547557083046288e-02 -1.351153381797292252e-04
-8.699999999999668887e+00 2.879183470252203586e-02 -1.131688935716610800e-04
-8.599999999999667466e+00 2.877219377346736801e-02 -9.075313604491334809e-05
-8.499999999999666045e+00 2.875663806564071612e-02 -6.782582327521816199e-05
-8.399999999999664624e+00 2.874526041362015713e-02 -4.434199430447375873e-05
-8.299999999999663203e+00 2.873816168184484959e-02 -2.025371189513271164e-05
-8.199999999999661782e+00 2.873545128609439336e-02 4.490220966277399736e-06
-8.099999999999660361e+00 2.873724776349636731e-02 2.994457350116968685e-05
-7.999999999999658939e+00 2.874367939586109505e-02 5.616803200014200588e-05
-7.899999999999657518e+00 2.875488489170112058e-02 8.322358108587657281e-05
-7.799999999999656097e+00 2.877101413292297571e-02 1.111789258793630586e-04
-7.699999999999654676e+00 2.879222899289131735e-02 1.401069602090312949e-04
-7.599999999999653255e+00 2.881870423337057688e-02 1.700862867168480286e-04
-7.499999999999651834e+00 2.885062848875911967e-02 2.012017955515001382e-04
-7.399999999999650413e+00 2.888820534707452897e-02 2.335453093192011538e-04
-7.299999999999648992e+00 2.893165453831383904e-02 2.672163030766751095e-04
-7.199999999999647571e+00 2.898121324216602207e-02 3.023227094814239652e-04
-7.099999999999646150e+00 2.903713752857425487e-02 3.389818207412793275e-04
-6.999999999999644729e+00 2.909970394638572433e-02 3.773213008025522609e-04
-6.899999999999643308e+00 2.916921127734043578e-02 4.174803233376062767e-04
-6.799999999999641886e+00 2.924598247490787714e-02 4.596108535558087686e-04
-6.699999999999640465e+00 2.933036681013073688e-02 5.038790948057980234e-04
-6.599999999999639044e+00 2.942274224962947507e-02 5.504671243836683093e-04
-6.499999999999637623e+00 2.952351809438262531e-02 5.995747470587812263e-04
-6.399999999999636202e+00 2.963313791192176416e-02 6.514215997145754271e-04
-6.299999999999634781e+00 2.975208279914531850e-02 7.062495462835313709e-04
-6.199999999999633360e+00 2.988087501833196560e-02 7.643254091171899391e-04
-6.099999999999631939e+00 3.002008205507564198e-02 8.259440912355775835e-04
-5.999999999999630518e+00 3.017032115400932954e-02 8.914321539011723500e-04
-5.899999999999629097e+00 3.033226439653211731e-02 9.611519260502563756e-04
-5.799999999999627676e+00 3.050664439433199010e-02 1.035506236691528630e-03
-5.699999999999626255e+00 3.069426068379145500e-02 1.114943879155469528e-03
-5.599999999999624833e+00 3.089598691938841984e-02 1.199965937685493807e-03
-5.499999999999623412e+00 3.111277897942234597e-02 1.291133133316723844e-03
-5.399999999999621991e+00 3.134568411520848030e-02 1.389074378507762367e-03
-5.299999999999620570e+00 3.159585129546857440e-02 1.494496770008275129e-03
-5.199999999999619149e+00 3.186454292184577597e-02 1.608197299079242720e-03
-5.099999999999617728e+00 3.215314811944779139e-02 1.731076619806051981e-03
-4.999999999999616307e+00 3.246319783886852939e-02 1.864155293214697466e-03
-4.899999999999614886e+00 3.279638204391802786e-02 2.008593021488031764e-03
-4.799999999999613465e+00 3.315456930255981233e-02 2.165711508181067391e-03
-4.699999999999612044e+00 3.353982914835998419e-02 2.337021734453525665e-03
-4.599999999999610623e+00 3.395445763588366556e-02 2.524256637355828600e-03
-4.499999999999609201e+00 3.440100657614589968e-02 2.729410426995108798e-03
-4.399999999999607780e+00 3.488231700666909185e-02 2.954786102017190313e-03
-4.299999999999606359e+00 3.540155752225956215e-02 3.203053139865407861e-03
-4.199999999999604938e+00 3.596226816364180706e-02 3.477317880851362938e-03
-4.099999999999603517e+00 3.656841062268611359e-02 3.781209834647181016e-03
-3.999999999999602096e+00 3.722442556127224939e-02 4.118988071612033654e-03
-3.899999999999600675e+00 3.793529783155410312e-02 4.495673097739944987e-03
-3.799999999999599254e+00 3.870663028683808682e-02 4.917211258562290827e-03
-3.699999999999597833e+00 3.954472661745985634e-02 5.390680924236952720e-03
-3.599999999999596412e+00 4.045668312117975396e-02 5.924552682950855187e-03
-3.499999999999594991e+00 4.145048833722122378e-02 6.529019803471990818e-03
-3.399999999999593570e+00 4.253512772940900438e-02 7.216420726180125880e-03
-3.299999999999592148e+00 4.372068758471032990e-02 8.001782870539221257e-03
-3.199999999999590727e+00 4.501844714800906644e-02 8.903527391475603292e-03
-3.099999999999589306e+00 4.644093931027128141e-02 9.944388750577114536e-03
-2.999999999999587885e+00 4.800194549112273001e-02 1.115262252403803264e-02
-2.899999999999586464e+00 4.971636560242040370e-02 1.256360156752732785e-02
-2.799999999999585043e+00 5.159986211988456389e-02 1.422193657415728694e-02
-2.699999999999583622e+00 5.366810624923824824e-02 1.618430396017325051e-02
-2.599999999999582201e+00 5.593533313642030935e-02 1.852322163329733762e-02
-2.499999999999580780e+00 5.841170628582759844e-02 2.133207477653061707e-02
-2.399999999999579359e+00 6.109863816337020304e-02 2.473173496919087860e-02
-2.299999999999577938e+00 6.398061462369700192e-02 2.887906849870720480e-02
-2.199999999999576517e+00 6.701107251104423956e-02 3.397732077392583150e-02
-2.099999999999575095e+00 7.008828702570907287e-02 4.028738199151355587e-02
-1.999999999999573674e+00 7.301492409809369477e-02 4.813635954857091448e-02
-1.899999999999572253e+00 7.543238843688959694e-02 5.791378468430026516e-02
-1.799999999999570832e+00 7.672109398724526186e-02 7.003275830876355690e-02
-1.699999999999569411e+00 7.586957559606725965e-02 8.480959941304484773e-02
-1.599999999999567990e+00 7.136216093956387896e-02 1.021859494046212929e-01
-1.499999999999566569e+00 6.125200084351403729e-02 1.212270514484012768e-01
-1.399999999999565148e+00 4.375039839255942531e-02 1.395165161118745167e-01
-1.299999999999563727e+00 1.857377003664664739e-02 1.530700823043974201e-01
-1.199999999999562306e+00 -1.162903938962914219e-02 1.577367396312115977e-01
-1.099999999999560885e+00 -4.163280850814787826e-02 1.518305940830469158e-01
-9.999999999995594635e-01 -6.640456855312457107e-02 1.374638683624258562e-01
-8.999999999995580424e-01 -8.369302074599561936e-02 1.189350023853649602e-01
-7.999999999995566213e-01 -9.411869502341257965e-02 1.001338547095786402e-01
-6.999999999995552002e-01 -9.969701444787580635e-02 8.331453214972005250e-02
-5.999999999995537792e-01 -1.025901695711318312e-01 6.924549741938923475e-02
-4.999999999995523581e-01 -1.046013757811515843e-01 5.773621541922459299e-02
-3.999999999995509370e-01 -1.070721066869745053e-01 4.797020830009988968e-02
-2.999999999995495159e-01 -1.107573491666031112e-01 3.861685492984696932e-02
-1.999999999995480948e-01 -1.154673023759383438e-01 2.803957843888471579e-02
-9.999999999954667373e-02 -1.197594008880797367e-01 1.504432239669023508e-02
4.547473508864641190e-13 -1.215385750660375325e-01 -7.149836278586008120e-14
1.000000000004561684e-01 -1.197594008880491778e-01 -1.504432239681982586e-02
2.000000000004575895e-01 -1.154673023758943234e-01 -2.803957843899096414e-02
3.000000000004590106e-01 -1.107573491665636983e-01 -3.861685492993512103e-02
4.000000000004604317e-01 -1.070721066869470828e-01 -4.797020830018444704e-02
5.000000000004618528e-01 -1.046013757811328770e-01 -5.773621541931966278e-02
6.000000000004632739e-01 -1.025901695711119166e-01 -6.924549741950478121e-02
7.000000000004646949e-01 -9.969701444784033473e-02 -8.331453214986081490e-02
8.000000000004661160e-01 -9.411869502334321846e-02 -1.001338547097427450e-01
9.000000000004675371e-01 -8.369302074587206541e-02 -1.189350023855394317e-01
1.000000000000468958e+00 -6.640456855293240535e-02 -1.374638683625822866e-01
1.100000000000470379e+00 -4.163280850789281146e-02 -1.518305940831448375e-01
1.200000000000471800e+00 -1.162903938934652104e-02 -1.577367396312176206e-01
1.300000000000473221e+00 1.857377003690500322e-02 -1.530700823043092962e-01
1.400000000000474643e+00 4.375039839275501885e-02 -1.395165161117228603e-01
1.500000000000476064e+00 6.125200084363752184e-02 -1.212270514482265138e-01
1.600000000000477485e+00 7.136216093962724494e-02 -1.021859494044533301e-01
1.700000000000478906e+00 7.586957559608893675e-02 -8.480959941289807624e-02
1.800000000000480327e+00 7.672109398724138996e-02 -7.003275830864155727e-02
1.900000000000481748e+00 7.543238843687152806e-02 -5.791378468420128878e-02
2.000000000000483169e+00 7.301492409806867312e-02 -4.813635954849138782e-02
2.100000000000484590e+00 7.008828702568137281e-02 -4.028738199144972498e-02
2.200000000000486011e+00 6.701107251101624807e-02 -3.397732077387440042e-02
2.300000000000487432e+00 6.398061462367000962e-02 -2.887906849866551592e-02
2.400000000000488853e+00 6.109863816334482750e-02 -2.473173496915683639e-02
2.500000000000490274e+00 5.841170628580411028e-02 -2.133207477650258740e-02
2.600000000000491696e+00 5.593533313639875715e-02 -1.852322163327409232e-02
2.700000000000493117e+00 5.366810624921852790e-02 -1.618430396015381467e-02
2.800000000000494538e+00 5.159986211986663379e-02 -1.422193657414091809e-02
2.900000000000495959e+00 4.971636560240406955e-02 -1.256360156751344138e-02
3.000000000000497380e+00 4.800194549110786690e-02 -1.115262252402618448e-02
3.100000000000498801e+00 4.644093931025773669e-02 -9.944388750566936913e-03
3.200000000000500222e+00 4.501844714799671521e-02 -8.903527391466808244e-03
3.300000000000501643e+00 4.372068758469904032e-02 -8.001782870531579800e-03
3.400000000000503064e+00 4.253512772939870706e-02 -7.216420726173455868e-03
3.500000000000504485e+00 4.145048833721178688e-02 -6.529019803466134392e-03
3.600000000000505906e+00 4.045668312117109422e-02 -5.924552682945695252e-03
3.700000000000507328e+00 3.954472661745191131e-02 -5.390680924232385193e-03
3.800000000000508749e+00 3.870663028683077322e-02 -4.917211258558235043e-03
3.900000000000510170e+00 3.793529783154737933e-02 -4.495673097736324619e-03
4.000000000000511591e+00 3.722442556126603908e-02 -4.118988071608792323e-03
4.100000000000513012e+00 3.656841062268037512e-02 -3.781209834644269283e-03
4.200000000000514433e+00 3.596226816363651962e-02 -3.477317880848740904e-03
4.300000000000515854e+00 3.540155752225464941e-02 -3.203053139863037361e-03
4.400000000000517275e+00 3.488231700666453994e-02 -2.954786102015040123e-03
4.500000000000518696e+00 3.440100657614168778e-02 -2.729410426993155066e-03
4.600000000000520117e+00 3.395445763587975896e-02 -2.524256637354048774e-03
4.700000000000521538e+00 3.353982914835634127e-02 -2.337021734451896326e-03
4.800000000000522959e+00 3.315456930255643309e-02 -2.165711508179575962e-03
4.900000000000524381e+00 3.279638204391489842e-02 -2.008593021486663067e-03
5.000000000000525802e+00 3.246319783886560117e-02 -1.864155293213437623e-03
5.100000000000527223e+00 3.215314811944507134e-02 -1.731076619804889716e-03
5.200000000000528644e+00 3.186454292184323633e-02 -1.608197299078167625e-03
5.300000000000530065e+00 3.159585129546621518e-02 -1.494496770007279181e-03
5.400000000000531486e+00 3.134568411520628067e-02 -1.389074378506839277e-03
5.500000000000532907e+00 3.111277897942029552e-02 -1.291133133315864939e-03
5.600000000000534328e+00 3.089598691938651859e-02 -1.199965937684693233e-03
5.700000000000535749e+00 3.069426068378968211e-02 -1.114943879154723597e-03
5.800000000000537170e+00 3.050664439433034558e-02 -1.035506236690829970e-03
5.900000000000538591e+00 3.033226439653058382e-02 -9.611519260496015175e-04
6.000000000000540012e+00 3.017032115400792094e-02 -8.914321539005578242e-04
6.100000000000541434e+00 3.002008205507432706e-02 -8.259440912349997038e-04
6.200000000000542855e+00 2.988087501833074783e-02 -7.643254091166458864e-04
6.300000000000544276e+00 2.975208279914418746e-02 -7.062495462830185432e-04
6.400000000000545697e+00 2.963313791192072680e-02 -6.514215997140916561e-04
6.500000000000547118e+00 2.952351809438167468e-02 -5.995747470583223920e-04
6.600000000000548539e+00 2.942274224962859730e-02 -5.504671243832337611e-04
6.700000000000549960e+00 2.933036681012993890e-02 -5.038790948053842918e-04
6.800000000000551381e+00 2.924598247490714509e-02 -4.596108535554160705e-04
6.900000000000552802e+00 2.916921127733976965e-02 -4.174803233372322269e-04
7.000000000000554223e+00 2.909970394638512758e-02 -3.773213008021959920e-04
7.100000000000555644e+00 2.903713752857371364e-02 -3.389818207409386712e-04
7.200000000000557066e+00 2.898121324216554329e-02 -3.023227094810980540e-04
7.300000000000558487e+00 2.893165453831340883e-02 -2.672163030763627508e-04
7.400000000000559908e+00 2.888820534707416815e-02 -2.335453093189007213e-04
7.500000000000561329e+00 2.885062848875880742e-02 -2.012017955512114152e-04
7.600000000000562750e+00 2.881870423337031667e-02 -1.700862867165700391e-04
7.700000000000564171e+00 2.879222899289109877e-02 -1.401069602087638222e-04
7.800000000000565592e+00 2.877101413292281612e-02 -1.111789258791046932e-04
7.900000000000567013e+00 2.875488489170099221e-02 -8.322358108562612211e-05
8.000000000000568434e+00 2.874367939586101178e-02 -5.616803199990001196e-05
8.100000000000569855e+00 2.873724776349632914e-02 -2.994457350093463182e-05
8.200000000000571276e+00 2.873545128609438989e-02 -4.490220966049066759e-06
8.300000000000572697e+00 2.873816168184489123e-02 2.025371189535453940e-05
8.400000000000574119e+00 2.874526041362024387e-02 4.434199430468984023e-05
8.500000000000575540e+00 2.875663806564085490e-02 6.782582327542925615e-05
8.600000000000576961e+00 2.877219377346752760e-02 9.075313604511934650e-05
8.700000000000578382e+00 2.879183470252223709e-02 1.131688935718625248e-04
8.800000000000579803e+00 2.881547557083069533e-02 1.351153381799263331e-04
8.900000000000581224e+00 2.884303821212785141e-02 1.566322280893881706e-04
9.000000000000582645e+00 2.887445117584938603e-02 1.777570512419366505e-04
9.100000000000584066e+00 2.890964936089224224e-02 1.985252205737632076e-04
9.200000000000585487e+00 2.894857368033323247e-02 2.189702526407742668e-04
9.300000000000586908e+00 2.899117075457062834e-02 2.391239312924350359e-04
9.400000000000588329e+00 2.903739263061674153e-02 2.590164579132735309e-04
9.500000000000589750e+00 2.908719652547344173e-02 2.786765895792207848e-04
9.600000000000591172e+00 2.914054459174404699e-02 2.981317663438548928e-04
9.700000000000592593e+00 2.919740370380349836e-02 3.174082287376354212e-04
9.800000000000594014e+00 2.925774526300903289e-02 3.365311264526188234e-04
9.900000000000595435e+00 2.932154502059916221e-02 3.555246190934183148e-04
1.000000000000059686e+01 2.938878291703339932e-02 3.744119697789546810e-04
1.010000000000059828e+01 2.945944293667426134e-02 3.932156323126002645e-04
1.020000000000059970e+01 2.953351297680433668e-02 4.119573325643282485e-04
1.030000000000060112e+01 2.961098473006826270e-02 4.306581446484600891e-04
1.040000000000060254e+01 2.969185357954332027e-02 4.493385624332784712e-04
1.050000000000060396e+01 2.977611850568875895e-02 4.680185668621547135e-04
1.060000000000060538e+01 2.986378200453627257e-02 4.867176895333859645e-04
1.070000000000060680e+01 2.995485001653073326e-02 5.054550729428893907e-04
1.080000000000060822e+01 3.004933186549118770e-02 5.242495277611069126e-04
1.090000000000060965e+01 3.014724020725105882e-02 5.431195874924491136e-04
1.100000000000061107e+01 3.024859098754537415e-02 5.620835608306695621e-04
1.110000000000061249e+01 3.035340340880982382e-02 5.811595820104573356e-04
1.120000000000061391e+01 3.046169990557538731e-02 6.003656594298928005e-04
1.130000000000061533e+01 3.057350612818417537e-02 6.197197228011706079e-04
1.140000000000061675e+01 3.068885093462923527e-02 6.392396690782431098e-04
1.150000000000061817e+01 3.080776639030680109e-02 6.589434073876797391e-04
1.160000000000061959e+01 3.093028777556210834e-02 6.788489031878350852e-04
1.170000000000062101e+01 3.105645360091212684e-02 6.989742218663182790e-04
1.180000000000062244e+01 3.118630562986097338e-02 7.193375719782709680e-04
1.190000000000062386e+01 3.131988890929852248e-02 7.399573483286364054e-04
1.200000000000062528e+01 3.145725180744320809e-02 7.608521750872795399e-04
1.210000000000062670e+01 3.159844605938590817e-02 7.820409491330901700e-04
1.220000000000062812e+01 3.174352682028491746e-02 8.035428838153770839e-04
1.230000000000062954e+01 3.189255272629124005e-02 8.253775533205824633e-04
1.240000000000063096e+01 3.204558596336255089e-02 8.475649378404414604e-04
1.250000000000063238e+01 3.220269234408502240e-02 8.701254697295625600e-04
1.260000000000063380e+01 3.236394139272801701e-02 8.930800808550694737e-04
1.270000000000063523e+01 3.252940643874554366e-02 9.164502513394133347e-04
1.280000000000063665e+01 3.269916471897012927e-02 9.402580599038481805e-04
1.290000000000063807e+01 3.287329748883590502e-02 9.645262360354146846e-04
1.300000000000063949e+01 3.305189014291799732e-02 9.892782141988807568e-04
1.310000000000064091e+01 3.323503234520853999e-02 1.014538190336606227e-03
1.320000000000064233e+01 3.342281816952588636e-02 1.040331180906420511e-03
1.330000000000064375e+01 3.361534625050704994e-02 1.066683084720759615e-03
1.340000000000064517e+01 3.381271994572031953e-02 1.093620747873790032e-03
1.350000000000064659e+01 3.401504750944210620e-02 1.121172032055560387e-03
1.360000000000064801e+01 3.422244227869028488e-02 1.149365886572416891e-03
1.370000000000064944e+01 3.443502287222668240e-02 1.178232424424959348e-03
1.380000000000065086e+01 3.465291340320189595e-02 1.207803002806951201e-03
1.390000000000065228e+01 3.487624370628177733e-02 1.238110308431194162e-03
1.400000000000065370e+01 3.510514958010113595e-02 1.269188448111635559e-03
1.410000000000065512e+01 3.533977304596240543e-02 1.301073045065916740e-03
1.420000000000065654e+01 3.558026262385138166e-02 1.333801341451841972e-03
1.430000000000065796e+01 3.582677362681721545e-02 1.367412307679355442e-03
1.440000000000065938e+01 3.607946847497453535e-02 1.401946759103559793e-03
1.450000000000066080e+01 3.633851703041784259e-02 1.437447480748131308e-03
1.460000000000066223e+01 3.660409695444735712e-02 1.473959360767271905e-03
1.470000000000066365e+01 3.687639408871252328e-02 1.511529533431726479e-03
1.480000000000066507e+01 3.715560286188487882e-02 1.550207532479938892e-03
1.490000000000066649e+01 3.744192672375019210e-02 1.590045455774681234e-03
1.500000000000066791e+01 3.773557860868866076e-02 1.631098142284792985e-03
1.510000000000066933e+01 3.803678143068441042e-02 1.673423362511574416e-03
1.520000000000067075e+01 3.834576861229262168e-02 1.717082023604706931e-03
1.530000000000067217e+01 3.866278465005954651e-02 1.762138390517142394e-03
1.540000000000067359e+01 3.898808571927123157e-02 1.808660324708603667e-03
1.550000000000067502e+01 3.932194032107184933e-02 1.856719542050246866e-03
1.560000000000067644e+01 3.966462997526935125e-02 1.906391891756363966e-03
1.570000000000067786e+01 4.001644996256534248e-02 1.957757658379512874e-03
1.580000000000067928e+01 4.037771012012467131e-02 2.010901889100298427e-03
1.590000000000068070e+01 4.074873569494836395e-02 2.065914748812665378e-03
1.600000000000068212e+01 4.112986825982964390e-02 2.122891905766294447e-03
1.610000000000068354e+01 4.152146669713274035e-02 2.181934950836750872e-03
1.620000000000068496e+01 4.192390825627332479e-02 2.243151853861976436e-03
1.630000000000068638e+01 4.233758969116434984e-02 2.306657460849841947e-03
1.640000000000068781e+01 4.276292848472088015e-02 2.372574036335876706e-03
1.650000000000068923e+01 4.320036416810759533e-02 2.441031855656619967e-03
1.660000000000069065e+01 4.365035974319648321e-02 2.512169852473879108e-03
1.670000000000069207e+01 4.411340321772516671e-02 2.586136327555586551e-03
1.680000000000069349e+01 4.459000926341460252e-02 2.663089725522065163e-03
1.690000000000069491e+01 4.508072100862826892e-02 2.743199487140204462e-03
1.700000000000069633e+01 4.558611197825137434e-02 2.826646985683619294e-03
1.710000000000069775e+01 4.610678819484475416e-02 2.913626556968063139e-03
1.720000000000069917e+01 4.664339045684417345e-02 3.004346633949217527e-03
1.730000000000070060e+01 4.719659681107271632e-02 3.099030998162800258e-03
1.740000000000070202e+01 4.776712523905615737e-02 3.197920161976317271e-03
1.750000000000070344e+01 4.835573657869102898e-02 3.301272897491117509e-03
1.760000000000070486e+01 4.896323770530823516e-02 3.409367930116126433e-03
1.770000000000070628e+01 4.959048499919685438e-02 3.522505817392450594e-03
1.780000000000070770e+01 5.023838812956651217e-02 3.641011036519453681e-03
1.790000000000070912e+01 5.090791418886093933e-02 3.765234307475532564e-03
1.800000000000071054e+01 5.160009221528026602e-02 3.895555182536295739e-03
1.810000000000071196e+01 5.231601814605409823e-02 4.032384937581992047e-03
1.820000000000071338e+01 5.305686024958229663e-02 4.176169805991935928e-03
1.830000000000071481e+01 5.382386509032334454e-02 4.327394602138384325e-03
1.840000000000071623e+01 5.461836408763898892e-02 4.486586788926977439e-03
1.850000000000071765e+01 5.544178073757471265e-02 4.654321052459406936e-03
1.860000000000071907e+01 5.629563857569629820e-02 4.831224457114050019e-03
1.870000000000072049e+01 5.718156996988305041e-02 5.017982266487314678e-03
1.880000000000072191e+01 5.810132584366317632e-02 5.215344529896612062e-03
1.890000000000072333e+01 5.905678644502210944e-02 5.424133551286658937e-03
1.900000000000072475e+01 6.004997329142686829e-02 5.645252377672532913e-03
1.910000000000072617e+01 6.108306244035201227e-02 5.879694468584537904e-03
1.920000000000072760e+01 6.215839925639416591e-02 6.128554737261085981e-03
1.930000000000072902e+01 6.327851487045683954e-02 6.393042189395153896e-03
1.940000000000073044e+01 6.444614455586152035e-02 6.674494427836349247e-03
1.950000000000073186e+01 6.566424827946371057e-02 6.974394343081504258e-03
1.960000000000073328e+01 6.693603372480680380e-02 7.294389372025061880e-03
1.970000000000073470e+01 6.826498213009658811e-02 7.636313784032241515e-03
1.980000000000073612e+01 6.965487733597702791e-02 8.002214547006355691e-03
1.990000000000073754e+01 7.110983850017663088e-02 8.394381441641861341e-03
2.000000000000073896e+01 7.263435700726789124e-02 8.815382234503392478e-03
2.010000000000074039e+01 7.423333818494523562e-02 9.268103897413976222e-03
2.020000000000074181e+01 7.591214853531547124e-02 9.755801081173874623e-03
2.030000000000074323e+01 7.767666930077336829e-02 1.028215332733449505e-02
2.040000000000074465e+01 7.953335731373982476e-02 1.085133284898638466e-02
2.050000000000074607e+01 8.148931422679651926e-02 1.146808514996824034e-02
2.060000000000074749e+01 8.355236538742441543e-02 1.213782530894957391e-02
2.070000000000074891e+01 8.573114981009469227e-02 1.286675346629675976e-02
2.080000000000075033e+01 8.803522290381446402e-02 1.366199396431070495e-02
2.090000000000075175e+01 9.047517383374938105e-02 1.453176377013626515e-02
2.100000000000075318e+01 9.306275961659810081e-02 1.548557734007136727e-02
2.110000000000075460e+01 9.581105825217517413e-02 1.653449708105622987e-02
2.120000000000075602e+01 9.873464334137442566e-02 1.769144118844223970e-02
2.130000000000075744e+01 1.018497826663461725e-01 1.897156410467724930e-02
2.140000000000075886e+01 1.051746630092671858e-01 2.039272945206640000e-02
2.150000000000076028e+01 1.087296428772614593e-01 2.197610145646856916e-02
2.160000000000076170e+01 1.125375334883019079e-01 2.374688917403434268e-02
2.170000000000076312e+01 1.166239058655973854e-01 2.573528906269132235e-02
2.180000000000076454e+01 1.210174173694818500e-01 2.797768672301679388e-02
2.190000000000076597e+01 1.257501431255816093e-01 3.051819953686311926e-02
2.200000000000076739e+01 1.308578843360468091e-01 3.341067062790131770e-02
2.210000000000076881e+01 1.363804026330510955e-01 3.672126404703031366e-02
2.220000000000077023e+01 1.423614911176337983e-01 4.053186537220916652e-02
2.230000000000077165e+01 1.488487277674693521e-01 4.494456620183371470e-02
2.240000000000077307e+01 1.558926471438208117e-01 5.008761148844608629e-02
2.250000000000077449e+01 1.635448802402783841e-01 5.612332121954914654e-02
2.260000000000077591e+01 1.718544955768637750e-01 6.325866438594182628e-02
2.270000000000077733e+01 1.808612337812580129e-01 7.175935063919790247e-02
2.280000000000077875e+01 1.905834035468914334e-01 8.196845979724019793e-02
2.290000000000078018e+01 2.009966339142571501e-01 9.433059381710612312e-02
2.300000000000078160e+01 2.119970392379549595e-01 1.094219021025872735e-01
2.310000000000078302e+01 2.233380758545735201e-01 1.279841129583538795e-01
2.320000000000078444e+01 2.345239536813329695e-01 1.509546460543588209e-01
2.330000000000078586e+01 2.446345758351401445e-01 1.794701714083182520e-01
2.340000000000078728e+01 2.520531536110529047e-01 2.147885706852853960e-01
2.350000000000078870e+01 2.540885239767734505e-01 2.580117804475880461e-01
2.360000000000079012e+01 2.465862204740857655e-01 3.094009885049703312e-01
2.370000000000079154e+01 2.239097246829394594e-01 3.670433742795370935e-01
2.380000000000079297e+01 1.801731235416066390e-01 4.249855216814928949e-01
2.390000000000079439e+01 1.127238189323052087e-01 4.722174826739654607e-01
2.400000000000079581e+01 2.690493535539761893e-02 4.954424897579343123e-01
2.410000000000079723e+01 -6.290454813315554672e-02 4.865701467708161698e-01
2.420000000000079865e+01 -1.400574793734515322e-01 4.488162975203790483e-01
2.430000000000080007e+01 -1.947305677642884592e-01 3.941584100573388705e-01
2.440000000000080149e+01 -2.264285388428010082e-01 3.353313553201043296e-01
2.450000000000080291e+01 -2.401295787476940280e-01 2.806362031754455755e-01
2.460000000000080433e+01 -2.418577079935002871e-01 2.336062187389209566e-01
2.470000000000080576e+01 -2.364942411813436007e-01 1.947686823972219761e-01
2.480000000000080718e+01 -2.273622250564659997e-01 1.632880711535708851e-01
2.490000000000080860e+01 -2.165197567307307336e-01 1.379249945873172734e-01
2.500000000000081002e+01 -2.051661697355843805e-01 1.174691225004146355e-01
2.510000000000081144e+01 -1.939650439398631909e-01 1.008889096528647611e-01
2.520000000000081286e+01 -1.832606351255974542e-01 8.735571922779027110e-02
2.530000000000081428e+01 -1.732123354861481723e-01 7.622168030916483261e-02
2.540000000000081570e+01 -1.638751645013670211e-01 6.698586367241822492e-02
2.550000000000081712e+01 -1.552470140620441919e-01 5.926194788913665551e-02
2.560000000000081855e+01 -1.472960381777407846e-01 5.275133514880335495e-02
2.570000000000081997e+01 -1.399763531447648923e-01 4.722209203619373574e-02
2.580000000000082139e+01 -1.332369004249610578e-01 4.249290676726218824e-02
2.590000000000082281e+01 -1.270263246580095873e-01 3.842101914231813020e-02
2.600000000000082423e+01 -1.212955382432869267e-01 3.489317672425117089e-02
2.610000000000082565e+01 -1.159989521318088301e-01 3.181885403932564055e-02
2.620000000000082707e+01 -1.110949476652945828e-01 2.912515085655694239e-02
2.630000000000082849e+01 -1.065459268714034208e-01 2.675293401384629469e-02
2.640000000000082991e+01 -1.023181388364903521e-01 2.465390183342332925e-02
2.650000000000083134e+01 -9.838139716443056182e-02 2.278833567611374122e-02
2.660000000000083276e+01 -9.470875457731769975e-02 2.112336593804575377e-02
2.670000000000083418e+01 -9.127617168025538297e-02 1.963162549852951952e-02
2.680000000000083560e+01 -8.806219973876874829e-02 1.829019684566542472e-02
2.690000000000083702e+01 -8.504768722682588822e-02 1.707978327234703150e-02
2.700000000000083844e+01 -8.221551405627432196e-02 1.598405217127244968e-02
2.710000000000083986e+01 -7.955035409668798074e-02 1.498911138591977818e-02
2.720000000000084128e+01 -7.703846480815924880e-02 1.408308909939708607e-02
2.730000000000084270e+01 -7.466750192557086718e-02 1.325579480247378837e-02
2.740000000000084412e+01 -7.242635677312309062e-02 1.249844414441295820e-02
2.750000000000084555e+01 -7.030501372647716962e-02 1.180343441703468436e-02
2.760000000000084697e+01 -6.829442544299461904e-02 1.116416040156440262e-02
2.770000000000084839e+01 -6.638640366247865188e-02 1.057486256905800469e-02
2.780000000000084981e+01 -6.457352359801400710e-02 1.003050135300193740e-02
2.790000000000085123e+01 -6.284904015878924055e-02 9.526652539996958644e-03
2.800000000000085265e+01 -6.120681445953520677e-02 9.059419850001824981e-03
2.810000000000085407e+01 -5.964124926887781619e-02 8.625361574983706273e-03
2.820000000000085549e+01 -5.814723222506903988e-02 8.221428767337966848e-03
2.830000000000085691e+01 -5.672008580495221247e-02 7.844912958772815373e-03
2.840000000000085834e+01 -5.535552316933656236e-02 7.493401776492038431e-03
2.850000000000085976e+01 -5.404960912696778197e-02 7.164741129748199676e-03
2.860000000000086118e+01 -5.279872556336122347e-02 6.857002884230982767e-03
2.870000000000086260e+01 -5.159954076918545768e-02 6.568457137123107775e-03
2.880000000000086402e+01 -5.044898218003886908e-02 6.297548363072335252e-03
2.890000000000086544e+01 -4.934421210533919411e-02 6.042874828378397289e-03
2.900000000000086686e+01 -4.828260608030568446e-02 5.803170773681080863e-03
2.910000000000086828e+01 -4.726173352422751578e-02 5.577290949516841394e-03
2.920000000000086970e+01 -4.627934042942806470e-02 5.364197157608126439e-03
2.930000000000087113e+01 -4.533333384163543145e-02 5.162946507158755818e-03
2.940000000000087255e+01 -4.442176792336197805e-02 4.972681141806742193e-03
2.950000000000087397e+01 -4.354283141824028674e-02 4.792619231163340772e-03
2.960000000000087539e+01 -4.269483635771841729e-02 4.622047052764348234e-03
2.970000000000087681e+01 -4.187620787089674224e-02 4.460312016614648156e-03
2.980000000000087823e+01 -4.108547497575995577e-02 4.306816506652467146e-03
2.990000000000087965e+01 -4.032126224490810429e-02 4.161012431939839322e-03
3.000000000000088107e+01 -3.958228225154495489e-02 4.022396395861652617e-03
3.010000000000088249e+01 -3.886732871309037801e-02 3.890505404766392977e-03
3.020000000000088392e+01 -3.817527025914740912e-02 3.764913048445805901e-03
3.030000000000088534e+01 -3.750504475931238507e-02 3.645226094248751707e-03
3.040000000000088676e+01 -3.685565415372340364e-02 3.531081444556914434e-03
3.050000000000088818e+01 -3.622615973552480162e-02 3.422143414068566213e-03
3.060000000000088960e+01 -3.561567784044689794e-02 3.318101289161715355e-03
3.070000000000089102e+01 -3.502337590335519169e-02 3.218667136479281578e-03
3.080000000000089244e+01 -3.444846884621857730e-02 3.123573832144659317e-03
3.090000000000089386e+01 -3.389021576578817724e-02 3.032573286644942804e-03
3.100000000000089528e+01 -3.334791689249405611e-02 2.945434843517425860e-03
3.110000000000089670e+01 -3.282091079535454786e-02 2.861943832722553711e-03
3.120000000000089813e+01 -3.230857181005619694e-02 2.781900261873913958e-03
3.130000000000089955e+01 -3.181030766989179775e-02 2.705117630549520088e-03
3.140000000000090097e+01 -3.132555732131200865e-02 2.631421854662704431e-03
3.150000000000090239e+01 -3.085378890753402714e-02 2.560650289375045012e-03
3.160000000000090381e+01 -3.039449790554134972e-02 2.492650840404429975e-03
3.170000000000090523e+01 -2.994720540302044792e-02 2.427281154706158357e-03
3.180000000000090665e+01 -2.951145650324053793e-02 2.364407882546991010e-03
3.190000000000090807e+01 -2.908681884703494258e-02 2.303906003881416118e-03
