-3.200000000000000000e+01 -3.769178967228782942e-03 -2.693865359883589874e-04
-3.189999999999999858e+01 -3.818835825230607398e-03 -2.760460816951045178e-04
-3.179999999999999716e+01 -3.869716192805697230e-03 -2.829584465292416797e-04
-3.169999999999999574e+01 -3.921866194728231350e-03 -2.901367016600490479e-04
-3.159999999999999432e+01 -3.975334314496569918e-03 -2.975947760594439048e-04
-3.149999999999999289e+01 -4.030171546778364700e-03 -3.053475249210440526e-04
-3.139999999999999147e+01 -4.086431561764360468e-03 -3.134108045209541655e-04
-3.129999999999999005e+01 -4.144170882536367742e-03 -3.218015542234189258e-04
-3.119999999999998863e+01 -4.203449076653776803e-03 -3.305378864191700497e-04
-3.109999999999998721e+01 -4.264328963290833774e-03 -3.396391852831023156e-04
-3.099999999999998579e+01 -4.326876837420638375e-03 -3.491262153537599486e-04
-3.089999999999998437e+01 -4.391162712674230931e-03 -3.590212410619774037e-04
-3.079999999999998295e+01 -4.457260584715370955e-03 -3.693481584884234772e-04
-3.069999999999998153e+01 -4.525248717157868625e-03 -3.801326407968413554e-04
-3.059999999999998010e+01 -4.595209952281941942e-03 -3.914022989846702508e-04
-3.049999999999997868e+01 -4.667232049088650137e-03 -4.031868598209776395e-04
-3.039999999999997726e+01 -4.741408051491778630e-03 -4.155183630956720475e-04
-3.029999999999997584e+01 -4.817836689813998277e-03 -4.284313806093482425e-04
-3.019999999999997442e+01 -4.896622819110039992e-03 -4.419632596772971587e-04
-3.009999999999997300e+01 -4.977877898266529211e-03 -4.561543943244066339e-04
-2.999999999999997158e+01 -5.061720514339998131e-03 -4.710485278217050242e-04
-2.989999999999997016e+01 -5.148276957109712906e-03 -4.866930907564244132e-04
-2.979999999999996874e+01 -5.237681849493193778e-03 -5.031395794747866180e-04
-2.969999999999996732e+01 -5.330078840168776810e-03 -5.204439804831197071e-04
-2.959999999999996589e+01 -5.425621365572700847e-03 -5.386672472742536424e-04
-2.949999999999996447e+01 -5.524473489412626975e-03 -5.578758370904173761e-04
-2.939999999999996305e+01 -5.626810828877547646e-03 -5.781423163519190753e-04
-2.929999999999996163e+01 -5.732821578016231157e-03 -5.995460449421610586e-04
-2.919999999999996021e+01 -5.842707640160829663e-03 -6.221739512589365920e-04
-2.909999999999995879e+01 -5.956685882922219469e-03 -6.461214119952199929e-04
-2.899999999999995737e+01 -6.074989531226402534e-03 -6.714932530732582077e-04
-2.889999999999995595e+01 -6.197869716012016986e-03 -6.984048910838675179e-04
-2.879999999999995453e+01 -6.325597198817575761e-03 -7.269836381269723265e-04
-2.869999999999995310e+01 -6.458464295412537012e-03 -7.573701972022339746e-04
-2.859999999999995168e+01 -6.596787025058645920e-03 -7.897203804515363175e-04
-2.849999999999995026e+01 -6.740907516022919682e-03 -8.242070888226372656e-04
-2.839999999999994884e+01 -6.891196702540474187e-03 -8.610225993336361296e-04
-2.829999999999994742e+01 -7.048057353895896895e-03 -9.003812154600420717e-04
-2.819999999999994600e+01 -7.211927482541269016e-03 -9.425223476087742297e-04
-2.809999999999994458e+01 -7.383284185488187684e-03 -9.877141047595855514e-04
-2.799999999999994316e+01 -7.562647981785285481e-03 -1.036257495844540620e-03
-2.789999999999994174e+01 -7.750587718714532087e-03 -1.088491361142750928e-03
-2.779999999999994031e+01 -7.947726130905873390e-03 -1.144798181121400252e-03
-2.769999999999993889e+01 -8.154746149791568949e-03 -1.205610944179342321e-03
-2.759999999999993747e+01 -8.372398076078252718e-03 -1.271421297652118240e-03
-2.749999999999993605e+01 -8.601507745404196256e-03 -1.342789260805672680e-03
-2.739999999999993463e+01 -8.842985836919560819e-03 -1.420354847711741489e-03
-2.729999999999993321e+01 -9.097838496492130847e-03 -1.504852036491489400e-03
-2.719999999999993179e+01 -9.367179469877357292e-03 -1.597125635361612735e-03
-2.709999999999993037e+01 -9.652243965889073171e-03 -1.698151743390583640e-03
-2.699999999999992895e+01 -9.954404493740551946e-03 -1.809062695844220305e-03
-2.689999999999992752e+01 -1.027518893893597692e-02 -1.931177635238911020e-03
-2.679999999999992610e+01 -1.061630115355248830e-02 -2.066040180222507815e-03
-2.669999999999992468e+01 -1.097964432992759934e-02 -2.215465102921045613e-03
-2.659999999999992326e+01 -1.136734738679497092e-02 -2.381596510069179749e-03
-2.649999999999992184e+01 -1.178179449869481976e-02 -2.566980807590657498e-03
-2.639999999999992042e+01 -1.222565770099408831e-02 -2.774658786584067137e-03
-2.629999999999991900e+01 -1.270193213600026051e-02 -3.008282605098463666e-03
-2.619999999999991758e+01 -1.321397285598780065e-02 -3.272265399560542968e-03
-2.609999999999991616e+01 -1.376553097782676205e-02 -3.571973944738793261e-03
-2.599999999999991473e+01 -1.436078507578805556e-02 -3.913978471862548415e-03
-2.589999999999991331e+01 -1.500436047326208708e-02 -4.306378832672113147e-03
-2.579999999999991189e+01 -1.570132365513846051e-02 -4.759233169595349783e-03
-2.569999999999991047e+01 -1.645712984373313634e-02 -5.285124752668112283e-03
-2.559999999999990905e+01 -1.727748624976509217e-02 -5.899915373835947809e-03
-2.549999999999990763e+01 -1.816806712991587622e-02 -6.623750178855682298e-03
-2.539999999999990621e+01 -1.913397180621952132e-02 -7.482398734056657820e-03
-2.529999999999990479e+01 -2.017873993878096031e-02 -8.509037489657086256e-03
-2.519999999999990337e+01 -2.130260712798333345e-02 -9.746589606794097554e-03
-2.509999999999990195e+01 -2.249946172703951031e-02 -1.125071197782932450e-02
-2.499999999999990052e+01 -2.375159557892937701e-02 -1.309338774833843262e-02
-2.489999999999989910e+01 -2.502076091795429891e-02 -1.536668442342206155e-02
-2.479999999999989768e+01 -2.623323086877213037e-02 -1.818521405688709389e-02
-2.469999999999989626e+01 -2.725575260769047548e-02 -2.168345296568607514e-02
-2.459999999999989484e+01 -2.785965870263540367e-02 -2.599910626485527759e-02
-2.449999999999989342e+01 -2.767573700285138466e-02 -3.122500657851976641e-02
-2.439999999999989200e+01 -2.616164093390532103e-02 -3.730256954878403280e-02
-2.429999999999989058e+01 -2.264806133644906364e-02 -4.383922489713558412e-02
-2.419999999999988916e+01 -1.658188859829080181e-02 -4.991266589917033036e-02
-2.409999999999988773e+01 -8.018152892619041794e-03 -5.410795952931804487e-02
-2.399999999999988631e+01 1.951707744949220807e-03 -5.509432552448140230e-02
-2.389999999999988489e+01 1.147807650155644073e-02 -5.251446135261615689e-02
-2.379999999999988347e+01 1.896334642046063751e-02 -4.726726681543045455e-02
-2.369999999999988205e+01 2.381385713772852381e-02 -4.083010598513553413e-02
-2.359999999999988063e+01 2.632432894904220694e-02 -3.442626130480510444e-02
-2.349999999999987921e+01 2.714872601116358891e-02 -2.871719916205914269e-02
-2.339999999999987779e+01 2.691330295031586078e-02 -2.391544753192705389e-02
-2.329999999999987637e+01 2.607964801250246129e-02 -1.999198686012168200e-02
-2.319999999999987494e+01 2.494676615584870416e-02 -1.682438453255246866e-02
-2.309999999999987352e+01 2.369429179220154669e-02 -1.427288135004700122e-02
-2.299999999999987210e+01 2.242445195355388665e-02 -1.221118558171784517e-02
-2.289999999999987068e+01 2.119233017158729179e-02 -1.053514361053100451e-02
-2.279999999999986926e+01 2.002531690898856631e-02 -9.162344505674161615e-03
-2.269999999999986784e+01 1.893495227494939454e-02 -8.028774317394517593e-03
-2.259999999999986642e+01 1.792394168961040229e-02 -7.085034944679857380e-03
-2.249999999999986500e+01 1.699024851244407275e-02 -6.293008113838425774e-03
-2.239999999999986358e+01 1.612945481097248154e-02 -5.623171925665682719e-03
-2.229999999999986215e+01 1.533610620300682702e-02 -5.052530987345052460e-03
-2.219999999999986073e+01 1.460446354047406636e-02 -4.563050731015812905e-03
-2.209999999999985931e+01 1.392890943789146067e-02 -4.140482572214499758e-03
-2.199999999999985789e+01 1.330415494657134594e-02 -3.773483756018130263e-03
-2.189999999999985647e+01 1.272533158211028650e-02 -3.452956566968327402e-03
-2.179999999999985505e+01 1.218801872079715125e-02 -3.171550070797217891e-03
-2.169999999999985363e+01 1.168823570493051668e-02 -2.923282284317444725e-03
-2.159999999999985221e+01 1.122241580267946924e-02 -2.703251832498687439e-03
-2.149999999999985079e+01 1.078737195066232536e-02 -2.507416405843588929e-03
-2.139999999999984936e+01 1.038025992801008129e-02 -2.332421362797753965e-03
-2.129999999999984794e+01 9.998542074377276059e-03 -2.175466208297275293e-03
-2.119999999999984652e+01 9.639953167526816788e-03 -2.034199867861618931e-03
-2.109999999999984510e+01 9.302469201682374636e-03 -1.906637999189339213e-03
-2.099999999999984368e+01 8.984279305800245766e-03 -1.791097281255473080e-03
-2.089999999999984226e+01 8.683760762334869279e-03 -1.686142868596262473e-03
-2.079999999999984084e+01 8.399456941218994693e-03 -1.590546120126693072e-03
-2.069999999999983942e+01 8.130057896130842704e-03 -1.503250396667002008e-03
-2.059999999999983800e+01 7.874383347966324581e-03 -1.423343233392863937e-03
-2.049999999999983658e+01 7.631367783278771716e-03 -1.350033578469970541e-03
-2.039999999999983515e+01 7.400047411864840718e-03 -1.282633080602500622e-03
-2.029999999999983373e+01 7.179548750205856644e-03 -1.220540630111522197e-03
-2.019999999999983231e+01 6.969078622029362992e-03 -1.163229528089899500e-03
-2.009999999999983089e+01 6.767915391764326057e-03 -1.110236789142873565e-03
-1.999999999999982947e+01 6.575401269471926359e-03 -1.061154184629095566e-03
-1.989999999999982805e+01 6.390935546786686607e-03 -1.015620712364418603e-03
-1.979999999999982663e+01 6.213968642032342490e-03 -9.733162406424823981e-04
-1.969999999999982521e+01 6.043996849032886795e-03 -9.339561231411984106e-04
-1.959999999999982379e+01 5.880557698557773924e-03 -8.972866198638873927e-04
-1.949999999999982236e+01 5.723225853674145450e-03 -8.630809898970231943e-04
-1.939999999999982094e+01 5.571609471070465558e-03 -8.311361462695658012e-04
-1.929999999999981952e+01 5.425346969656193175e-03 -8.012697828474084957e-04
-1.919999999999981810e+01 5.284104155644198456e-03 -7.733178990240146666e-04
-1.909999999999981668e+01 5.147571660229137078e-03 -7.471326608028205181e-04
-1.899999999999981526e+01 5.015462651765983243e-03 -7.225805472683135763e-04
-1.889999999999981384e+01 4.887510789441041476e-03 -6.995407399522093287e-04
-1.879999999999981242e+01 4.763468389755529803e-03 -6.779037195607990653e-04
-1.869999999999981100e+01 4.643104780827321532e-03 -6.575700402444506834e-04
-1.859999999999980957e+01 4.526204822788395393e-03 -6.384492563223612572e-04
-1.849999999999980815e+01 4.412567575256801447e-03 -6.204589802718876983e-04
-1.839999999999980673e+01 4.302005095289560335e-03 -6.035240540447464651e-04
-1.829999999999980531e+01 4.194341351282581884e-03 -5.875758184759058769e-04
-1.819999999999980389e+01 4.089411240034434430e-03 -5.725514678062181614e-04
-1.809999999999980247e+01 3.987059695793233188e-03 -5.583934782436054348e-04
-1.799999999999980105e+01 3.887140881394576114e-03 -5.450491010727971913e-04
-1.789999999999979963e+01 3.789517452801404937e-03 -5.324699121728638683e-04
-1.779999999999979821e+01 3.694059889372096339e-03 -5.206114109374619355e-04
-1.769999999999979678e+01 3.600645883039340842e-03 -5.094326625521890944e-04
-1.759999999999979536e+01 3.509159780406140294e-03 -4.988959784087382103e-04
-1.749999999999979394e+01 3.419492072394794691e-03 -4.889666301272055891e-04
-1.739999999999979252e+01 3.331538926709768159e-03 -4.796125932581657121e-04
-1.729999999999979110e+01 3.245201758895539801e-03 -4.708043172462098394e-04
-1.719999999999978968e+01 3.160386838200687082e-03 -4.625145186719594641e-04
-1.709999999999978826e+01 3.077004924907176392e-03 -4.547179951712688410e-04
-1.699999999999978684e+01 2.994970936095246034e-03 -4.473914577507232307e-04
-1.689999999999978542e+01 2.914203637156229446e-03 -4.405133795023713299e-04
-1.679999999999978400e+01 2.834625356642146710e-03 -4.340638589634269106e-04
-1.669999999999978257e+01 2.756161722260659294e-03 -4.280244965754932294e-04
-1.659999999999978115e+01 2.678741416082064744e-03 -4.223782828847493171e-04
-1.649999999999977973e+01 2.602295947178045327e-03 -4.171094972808801369e-04
-1.639999999999977831e+01 2.526759440108751475e-03 -4.122036162141991169e-04
-1.629999999999977689e+01 2.452068437827022857e-03 -4.076472299520479854e-04
-1.619999999999977547e+01 2.378161717680129031e-03 -4.034279670408705970e-04
-1.609999999999977405e+01 2.304980119348550016e-03 -3.995344257365969097e-04
-1.599999999999977263e+01 2.232466383631446713e-03 -3.959561117460313074e-04
-1.589999999999977121e+01 2.160565001109095162e-03 -3.926833816961413899e-04
-1.579999999999976978e+01 2.089222069798146383e-03 -3.897073918120773448e-04
-1.569999999999976836e+01 2.018385160969702122e-03 -3.870200513404359896e-04
-1.559999999999976694e+01 1.948003192405393935e-03 -3.846139803062068822e-04
-1.549999999999976552e+01 1.878026308391973070e-03 -3.824824712348565440e-04
-1.539999999999976410e+01 1.808405765833416556e-03 -3.806194545117561490e-04
-1.529999999999976268e+01 1.739093825908380464e-03 -3.790194670863571928e-04
-1.519999999999976126e+01 1.670043650722853601e-03 -3.776776242595847625e-04
-1.509999999999975984e+01 1.601209204482558629e-03 -3.765895943221811860e-04
-1.499999999999975842e+01 1.532545158709614636e-03 -3.757515758362798240e-04
-1.489999999999975699e+01 1.464006801082242543e-03 -3.751602773759838685e-04
-1.479999999999975557e+01 1.395549947503616633e-03 -3.748128995632246663e-04
-1.469999999999975415e+01 1.327130857009532067e-03 -3.747071192537414870e-04
-1.459999999999975273e+01 1.258706149180624512e-03 -3.748410757453597437e-04
-1.449999999999975131e+01 1.190232723710275137e-03 -3.752133588959986410e-04
-1.439999999999974989e+01 1.121667681817966472e-03 -3.758229990532822081e-04
-1.429999999999974847e+01 1.052968249212922480e-03 -3.766694587105490861e-04
-1.419999999999974705e+01 9.840917003037449873e-04 -3.777526258163862050e-04
-1.409999999999974563e+01 9.149952833949828723e-04 -3.790728086757960778e-04
-1.399999999999974420e+01 8.456361465862712035e-04 -3.806307323919701701e-04
-1.389999999999974278e+01 7.759712641191886251e-04 -3.824275368074138036e-04
-1.379999999999974136e+01 7.059573629225983360e-04 -3.844647759123940656e-04
-1.369999999999973994e+01 6.355508490896895346e-04 -3.867444186983011369e-04
-1.359999999999973852e+01 5.647077340573923576e-04 -3.892688514412882567e-04
-1.349999999999973710e+01 4.933835602256263220e-04 -3.920408814109038655e-04
-1.339999999999973568e+01 4.215333257756755103e-04 -3.950637420061231791e-04
-1.329999999999973426e+01 3.491114084463384226e-04 -3.983410993291689947e-04
-1.319999999999973284e+01 2.760714880006426286e-04 -4.018770602166083124e-04
-1.309999999999973141e+01 2.023664671478124510e-04 -4.056761817538928573e-04
-1.299999999999972999e+01 1.279483906438533269e-04 -4.097434823093186332e-04
-1.289999999999972857e+01 5.276836230996145849e-05 -4.140844541309058420e-04
-1.279999999999972715e+01 -2.322354030034542993e-05 -4.187050775582854337e-04
-1.269999999999972573e+01 -1.000783538841407139e-04 -4.236118369116103873e-04
-1.259999999999972431e+01 -1.778483203087322106e-04 -4.288117381285971690e-04
-1.249999999999972289e+01 -2.565869807772160061e-04 -4.343123282293198748e-04
-1.239999999999972147e+01 -3.363492735751136276e-04 -4.401217167020099377e-04
-1.229999999999972005e+01 -4.171916357217260451e-04 -4.462485989104971514e-04
-1.219999999999971863e+01 -4.991721089017651936e-04 -4.527022816390359082e-04
-1.209999999999971720e+01 -5.823504500503673409e-04 -4.594927109011989492e-04
-1.199999999999971578e+01 -6.667882469861309558e-04 -4.666305021530295491e-04
-1.189999999999971436e+01 -7.525490395384817899e-04 -4.741269730676254523e-04
-1.179999999999971294e+01 -8.396984466019566384e-04 -4.819941790409744495e-04
-1.169999999999971152e+01 -9.283042996218043852e-04 -4.902449516196903060e-04
-1.159999999999971010e+01 -1.018436783022606124e-03 -4.988929400581023450e-04
-1.149999999999970868e+01 -1.110168582127323694e-03 -5.079526562325447497e-04
-1.139999999999970726e+01 -1.203575039183030215e-03 -5.174395231660477729e-04
-1.129999999999970584e+01 -1.298734318108958619e-03 -5.273699274370780617e-04
-1.119999999999970441e+01 -1.395727578676210501e-03 -5.377612757774565249e-04
-1.109999999999970299e+01 -1.494639160852708620e-03 -5.486320561917011011e-04
-1.099999999999970157e+01 -1.595556780104319394e-03 -5.600019039625240506e-04
-1.089999999999970015e+01 -1.698571734538262962e-03 -5.718916729468906390e-04
-1.079999999999969873e+01 -1.803779124795838740e-03 -5.843235126015619823e-04
-1.069999999999969731e+01 -1.911278087727796143e-03 -5.973209512266381815e-04
-1.059999999999969589e+01 -2.021172044939005541e-03 -6.109089859610509349e-04
-1.049999999999969447e+01 -2.133568967380095049e-03 -6.251141801176568653e-04
-1.039999999999969305e+01 -2.248581657300696007e-03 -6.399647685099685811e-04
-1.029999999999969162e+01 -2.366328048936414824e-03 -6.554907714824817402e-04
-1.019999999999969020e+01 -2.486931529479975006e-03 -6.717241184375493269e-04
-1.009999999999968878e+01 -2.610521281988065906e-03 -6.886987817300428520e-04
-9.999999999999687361e+00 -2.737232652023441348e-03 -7.064509218926056169e-04
-9.899999999999685940e+00 -2.867207540036144364e-03 -7.250190452624733807e-04
-9.799999999999684519e+00 -3.000594821608758983e-03 -7.444441751872027738e-04
-9.699999999999683098e+00 -3.137550797953893300e-03 -7.647700381236768614e-04
-9.599999999999681677e+00 -3.278239679236179954e-03 -7.860432660833449690e-04
-9.499999999999680256e+00 -3.422834103534957984e-03 -8.083136170374759753e-04
-9.399999999999678835e+00 -3.571515694582420158e-03 -8.316342150843742884e-04
-9.299999999999677414e+00 -3.724475661644837537e-03 -8.560618123738708389e-04
-9.199999999999675993e+00 -3.881915445321983821e-03 -8.816570750247913844e-04
-9.099999999999674571e+00 -4.044047413369198513e-03 -9.084848955234663473e-04
-8.999999999999673150e+00 -4.211095611060110266e-03 -9.366147343830245539e-04
-8.899999999999671729e+00 -4.383296571123102003e-03 -9.661209941825899851e-04
-8.799999999999670308e+00 -4.560900188721003778e-03 -9.970834294667936786e-04
-8.699999999999668887e+00 -4.744170667601785296e-03 -1.029587596424398144e-03
-8.599999999999667466e+00 -4.933387544142058684e-03 -1.063725346739035228e-03
-8.499999999999666045e+00 -5.128846796722496409e-03 -1.099595370553070085e-03
-8.399999999999664624e+00 -5.330862048743664067e-03 -1.137303794122187378e-03
-8.299999999999663203e+00 -5.539765874402691193e-03 -1.176964838435318531e-03
-8.199999999999661782e+00 -5.755911217465048413e-03 -1.218701545908074373e-03
-8.099999999999660361e+00 -5.979672934350893643e-03 -1.262646583181890230e-03
-7.999999999999658939e+00 -6.211449474139797700e-03 -1.308943129132008167e-03
-7.899999999999657518e+00 -6.451664709622620397e-03 -1.357745858433817565e-03
-7.799999999999656097e+00 -6.700769935059330829e-03 -1.409222032434018050e-03
-7.699999999999654676e+00 -6.959246048269064622e-03 -1.463552710731822262e-03
-7.599999999999653255e+00 -7.227605936708285383e-03 -1.520934098752986952e-03
-7.499999999999651834e+00 -7.506397089568087044e-03 -1.581579048787894789e-03
-7.399999999999650413e+00 -7.796204460710387529e-03 -1.645718734524845468e-03
-7.299999999999648992e+00 -8.097653610202905361e-03 -1.713604522036668316e-03
-7.199999999999647571e+00 -8.411414155847826701e-03 -1.785510063651834806e-03
-7.099999999999646150e+00 -8.738203570005154130e-03 -1.861733645145828651e-03
-6.999999999999644729e+00 -9.078791361562026097e-03 -1.942600821394615575e-03
-6.899999999999643308e+00 -9.434003688217125483e-03 -2.028467381181686853e-03
-6.799999999999641886e+00 -9.804728450059800593e-03 -2.119722688311044979e-03
-6.699999999999640465e+00 -1.019192092244063791e-02 -2.216793453880178122e-03
-6.599999999999639044e+00 -1.059660999390241165e-02 -2.320148003602603634e-03
-6.499999999999637623e+00 -1.101990508399253166e-02 -2.430301114804094345e-03
-6.399999999999636202e+00 -1.146300382635336013e-02 -2.547819510513365301e-03
-6.299999999999634781e+00 -1.192720061434597578e-02 -2.673328113230301426e-03
-6.199999999999633360e+00 -1.241389612060782299e-02 -2.807517179193725655e-03
-6.099999999999631939e+00 -1.292460791795933817e-02 -2.951150455745111395e-03
-5.999999999999630518e+00 -1.346098234777292485e-02 -3.105074530607057192e-03
-5.899999999999629097e+00 -1.402480780380409298e-02 -3.270229573589379050e-03
-5.799999999999627676e+00 -1.461802962447916049e-02 -3.447661709479094699e-03
-5.699999999999626255e+00 -1.524276681626520608e-02 -3.638537307488486777e-03
-5.599999999999624833e+00 -1.590133086479412344e-02 -3.844159529336126351e-03
-5.499999999999623412e+00 -1.659624693024852604e-02 -4.065987547461506757e-03
-5.399999999999621991e+00 -1.733027777018708582e-02 -4.305658930226082329e-03
-5.299999999999620570e+00 -1.810645078681070996e-02 -4.565015796020276129e-03
-5.199999999999619149e+00 -1.892808865908671839e-02 -4.846135468516974028e-03
-5.099999999999617728e+00 -1.979884409334433520e-02 -5.151366527160379689e-03
-4.999999999999616307e+00 -2.072273931115409251e-02 -5.483371349168060689e-03
-4.899999999999614886e+00 -2.170421099222736433e-02 -5.845176493087799428e-03
-4.799999999999613465e+00 -2.274816150325668918e-02 -6.240232593519698737e-03
-4.699999999999612044e+00 -2.386001737398796979e-02 -6.672485841700620361e-03
-4.599999999999610623e+00 -2.504579612859214599e-02 -7.146463641986221596e-03
-4.499999999999609201e+00 -2.631218274423503117e-02 -7.667377693733654249e-03
-4.399999999999607780e+00 -2.766661718754022392e-02 -8.241248596582187794e-03
-4.299999999999606359e+00 -2.911739466622207534e-02 -8.875057174194475249e-03
-4.199999999999604938e+00 -3.067378041797829552e-02 -9.576929139151852885e-03
-4.099999999999603517e+00 -3.234614101802437552e-02 -1.035636158915588176e-02
-3.999999999999602096e+00 -3.414609428379262318e-02 -1.122450228278545556e-02
-3.899999999999600675e+00 -3.608667982597295321e-02 -1.219449589830438885e-02
-3.799999999999599254e+00 -3.818255202883233390e-02 -1.328191581511745795e-02
-3.699999999999597833e+00 -4.045019656248979162e-02 -1.450530577039266071e-02
-3.599999999999596412e+00 -4.290817013453113171e-02 -1.588686358074296520e-02
-3.499999999999594991e+00 -4.557736058756488295e-02 -1.745330974770819416e-02
-3.399999999999593570e+00 -4.848125982930012734e-02 -1.923699825696532917e-02
-3.299999999999592148e+00 -5.164623408809869420e-02 -2.127734672618581541e-02
-3.199999999999590727e+00 -5.510176237022272605e-02 -2.362269032808279184e-02
-3.099999999999589306e+00 -5.888059096929630643e-02 -2.633270144447846794e-02
-2.999999999999587885e+00 -6.301871306070824796e-02 -2.948156857593686037e-02
-2.899999999999586464e+00 -6.755501694807818092e-02 -3.316219843869983031e-02
-2.799999999999585043e+00 -7.253033583653624439e-02 -3.749179989650260059e-02
-2.699999999999583622e+00 -7.798544415847941114e-02 -4.261933203920459379e-02
-2.599999999999582201e+00 -8.395722543345666977e-02 -4.873545060437017157e-02
-2.499999999999580780e+00 -9.047168986856880812e-02 -5.608574909296829697e-02
-2.399999999999579359e+00 -9.753158601956816998e-02 -6.498819887496409820e-02
-2.299999999999577938e+00 -1.050947660784318088e-01 -7.585556561627235239e-02
-2.199999999999576517e+00 -1.130368247021119044e-01 -8.922276018163112499e-02
-2.099999999999575095e+00 -1.210873198527174788e-01 -1.057764824516969765e-01
-1.999999999999573674e+00 -1.287227994879204251e-01 -1.263776888460580172e-01
-1.899999999999572253e+00 -1.349931849053766786e-01 -1.520512782589815148e-01
-1.799999999999570832e+00 -1.382580598763167301e-01 -1.838829358954705839e-01
-1.699999999999569411e+00 -1.358406228365696133e-01 -2.227002621553177408e-01
-1.599999999999567990e+00 -1.237308845529614398e-01 -2.683369752981987766e-01
-1.499999999999566569e+00 -9.677944416717119969e-02 -3.183047972314369534e-01
-1.399999999999565148e+00 -5.025745327429798071e-02 -3.661912119147023303e-01
-1.299999999999563727e+00 1.657853258922378781e-02 -4.014297478978263167e-01
-1.199999999999562306e+00 9.670788999714102774e-02 -4.130043806804438167e-01
-1.099999999999560885e+00 1.762826509252567453e-01 -3.964093971730511812e-01
-9.999999999995594635e-01 2.419426293467563938e-01 -3.571738409220861499e-01
-8.999999999995580424e-01 2.876507560302241084e-01 -3.065981500181729213e-01
-7.999999999995566213e-01 3.149086246973856196e-01 -2.548975884069105691e-01
-6.999999999995552002e-01 3.288161585763588191e-01 -2.079804728097105759e-01
-5.999999999995537792e-01 3.347310539225760717e-01 -1.679068561677393157e-01
-4.999999999995523581e-01 3.369155942047790675e-01 -1.344116282820775887e-01
-3.999999999995509370e-01 3.383601099247821598e-01 -1.060033712848433562e-01
-2.999999999995495159e-01 3.408242686291771406e-01 -8.047737056285915458e-02
-1.999999999995480948e-01 3.446297741166347572e-01 -5.530876287454863927e-02
-9.999999999954667373e-02 3.484577187118778618e-01 -2.853432016133841675e-02
4.547473508864641190e-13 3.501091673833205964e-01 8.010259122670504439e-14
1.000000000004561684e-01 3.484577187118497732e-01 2.853432016159140883e-02
2.000000000004575895e-01 3.446297741165970097e-01 5.530876287478289632e-02
3.000000000004590106e-01 3.408242686291479417e-01 8.047737056308594539e-02
4.000000000004604317e-01 3.383601099247661170e-01 1.060033712850848853e-01
5.000000000004618528e-01 3.369155942047662444e-01 1.344116282823561992e-01
6.000000000004632739e-01 3.347310539225447634e-01 1.679068561680723826e-01
7.000000000004646949e-01 3.288161585762761074e-01 2.079804728101071476e-01
8.000000000004661160e-01 3.149086246972070402e-01 2.548975884073646503e-01
9.000000000004675371e-01 2.876507560298985355e-01 3.065981500186503728e-01
1.000000000000468958e+00 2.419426293462474675e-01 3.571738409225125865e-01
1.100000000000470379e+00 1.762826509245803974e-01 3.964093971733200217e-01
1.200000000000471800e+00 9.670788999639137740e-02 4.130043806804675754e-01
1.300000000000473221e+00 1.657853258853825285e-02 4.014297478975996092e-01
1.400000000000474643e+00 -5.025745327481745406e-02 3.661912119143061473e-01
1.500000000000476064e+00 -9.677944416749985346e-02 3.183047972309787088e-01
1.600000000000477485e+00 -1.237308845531308044e-01 2.683369752977577960e-01
1.700000000000478906e+00 -1.358406228366285662e-01 2.227002621549321881e-01
1.800000000000480327e+00 -1.382580598763079038e-01 1.838829358951501458e-01
1.900000000000481748e+00 -1.349931849053301325e-01 1.520512782587216116e-01
2.000000000000483169e+00 -1.287227994878553106e-01 1.263776888458492120e-01
2.100000000000484590e+00 -1.210873198526450784e-01 1.057764824515294577e-01
2.200000000000486011e+00 -1.130368247020386574e-01 8.922276018149626065e-02
2.300000000000487432e+00 -1.050947660783610738e-01 7.585556561616306481e-02
2.400000000000488853e+00 -9.753158601950155659e-02 6.498819887487490565e-02
2.500000000000490274e+00 -9.047168986850706585e-02 5.608574909289494592e-02
2.600000000000491696e+00 -8.395722543339992350e-02 4.873545060430936604e-02
2.700000000000493117e+00 -7.798544415842750821e-02 4.261933203915378027e-02
2.800000000000494538e+00 -7.253033583648887950e-02 3.749179989645984312e-02
2.900000000000495959e+00 -6.755501694803499324e-02 3.316219843866359540e-02
3.000000000000497380e+00 -6.301871306066887668e-02 2.948156857590595800e-02
3.100000000000498801e+00 -5.888059096926036295e-02 2.633270144445194749e-02
3.200000000000500222e+00 -5.510176237018989120e-02 2.362269032805990043e-02
3.300000000000501643e+00 -5.164623408806863492e-02 2.127734672616595282e-02
3.400000000000503064e+00 -4.848125982927256605e-02 1.923699825694800275e-02
3.500000000000504485e+00 -4.557736058753955599e-02 1.745330974769301532e-02
3.600000000000505906e+00 -4.290817013450786560e-02 1.588686358072960089e-02
3.700000000000507328e+00 -4.045019656246833656e-02 1.450530577038085418e-02
3.800000000000508749e+00 -3.818255202881251642e-02 1.328191581510698369e-02
3.900000000000510170e+00 -3.608667982595462065e-02 1.219449589829506124e-02
4.000000000000511591e+00 -3.414609428377561595e-02 1.122450228277711501e-02
4.100000000000513012e+00 -3.234614101800858954e-02 1.035636158914840857e-02
4.200000000000514433e+00 -3.067378041796363364e-02 9.576929139145132566e-03
4.300000000000515854e+00 -2.911739466620841266e-02 8.875057174188412390e-03
4.400000000000517275e+00 -2.766661718752747717e-02 8.241248596576704333e-03
4.500000000000518696e+00 -2.631218274422313097e-02 7.667377693728687736e-03
4.600000000000520117e+00 -2.504579612858100907e-02 7.146463641981706978e-03
4.700000000000521538e+00 -2.386001737397751982e-02 6.672485841696503862e-03
4.800000000000522959e+00 -2.274816150324689840e-02 6.240232593515938724e-03
4.900000000000524381e+00 -2.170421099221814948e-02 5.845176493084365543e-03
5.000000000000525802e+00 -2.072273931114546053e-02 5.483371349164909564e-03
5.100000000000527223e+00 -1.979884409333620282e-02 5.151366527157485303e-03
5.200000000000528644e+00 -1.892808865907900928e-02 4.846135468514308625e-03
5.300000000000530065e+00 -1.810645078680342412e-02 4.565015796017819760e-03
5.400000000000531486e+00 -1.733027777018023019e-02 4.305658930223815913e-03
5.500000000000532907e+00 -1.659624693024203124e-02 4.065987547459412078e-03
5.600000000000534328e+00 -1.590133086478796864e-02 3.844159529334184762e-03
5.700000000000535749e+00 -1.524276681625938434e-02 3.638537307486687002e-03
5.800000000000537170e+00 -1.461802962447362325e-02 3.447661709477421125e-03
5.900000000000538591e+00 -1.402480780379882636e-02 3.270229573587823003e-03
6.000000000000540012e+00 -1.346098234776792885e-02 3.105074530605606963e-03
6.100000000000541434e+00 -1.292460791795458502e-02 2.951150455743759612e-03
6.200000000000542855e+00 -1.241389612060328496e-02 2.807517179192464511e-03
6.300000000000544276e+00 -1.192720061434166673e-02 2.673328113229121381e-03
6.400000000000545697e+00 -1.146300382634924536e-02 2.547819510512260282e-03
6.500000000000547118e+00 -1.101990508398859037e-02 2.430301114803059583e-03
6.600000000000548539e+00 -1.059660999389865077e-02 2.320148003601633056e-03
6.700000000000549960e+00 -1.019192092243702275e-02 2.216793453879266091e-03
6.800000000000551381e+00 -9.804728450056358902e-03 2.119722688310189760e-03
6.900000000000552802e+00 -9.434003688213815630e-03 2.028467381180882375e-03
7.000000000000554223e+00 -9.078791361558861961e-03 1.942600821393857934e-03
7.100000000000555644e+00 -8.738203570002114895e-03 1.861733645145113945e-03
7.200000000000557066e+00 -8.411414155844926244e-03 1.785510063651162167e-03
7.300000000000558487e+00 -8.097653610200108987e-03 1.713604522036032973e-03
7.400000000000559908e+00 -7.796204460707702177e-03 1.645718734524245688e-03
7.500000000000561329e+00 -7.506397089565505776e-03 1.581579048787328402e-03
7.600000000000562750e+00 -7.227605936705801259e-03 1.520934098752449622e-03
7.700000000000564171e+00 -6.959246048266677642e-03 1.463552710731315289e-03
7.800000000000565592e+00 -6.700769935057013238e-03 1.409222032433537532e-03
7.900000000000567013e+00 -6.451664709620379135e-03 1.357745858433360899e-03
8.000000000000568434e+00 -6.211449474137646642e-03 1.308943129131576654e-03
8.100000000000569855e+00 -5.979672934348832791e-03 1.262646583181479968e-03
8.200000000000571276e+00 -5.755911217463043072e-03 1.218701545907684494e-03
8.300000000000572697e+00 -5.539765874400751772e-03 1.176964838434948167e-03
8.400000000000574119e+00 -5.330862048741804443e-03 1.137303794121835446e-03
8.500000000000575540e+00 -5.128846796720692297e-03 1.099595370552735934e-03
8.600000000000576961e+00 -4.933387544140317021e-03 1.063725346738716906e-03
8.700000000000578382e+00 -4.744170667600085267e-03 1.029587596424095869e-03
8.800000000000579803e+00 -4.560900188719366199e-03 9.970834294665061482e-04
8.900000000000581224e+00 -4.383296571121516466e-03 9.661209941823150314e-04
9.000000000000582645e+00 -4.211095611058576771e-03 9.366147343827623938e-04
9.100000000000584066e+00 -4.044047413367706650e-03 9.084848955232167639e-04
9.200000000000585487e+00 -3.881915445320533592e-03 8.816570750245524262e-04
9.300000000000586908e+00 -3.724475661643425473e-03 8.560618123736433733e-04
9.400000000000588329e+00 -3.571515694581042788e-03 8.316342150841578816e-04
9.500000000000589750e+00 -3.422834103533625716e-03 8.083136170372684590e-04
9.600000000000591172e+00 -3.278239679234878912e-03 7.860432660831465600e-04
9.700000000000592593e+00 -3.137550797952633891e-03 7.647700381234877765e-04
9.800000000000594014e+00 -3.000594821607530799e-03 7.444441751870221457e-04
9.900000000000595435e+00 -2.867207540034950874e-03 7.250190452623007757e-04
1.000000000000059686e+01 -2.737232652022265206e-03 7.064509218924401677e-04
1.010000000000059828e+01 -2.610521281986931397e-03 6.886987817298847753e-04
1.020000000000059970e+01 -2.486931529478864783e-03 6.717241184373984059e-04
1.030000000000060112e+01 -2.366328048935332357e-03 6.554907714823377581e-04
1.040000000000060254e+01 -2.248581657299627418e-03 6.399647685098302369e-04
1.050000000000060396e+01 -2.133568967379057685e-03 6.251141801175248095e-04
1.060000000000060538e+01 -2.021172044937995932e-03 6.109089859609245169e-04
1.070000000000060680e+01 -1.911278087726800412e-03 5.973209512265167508e-04
1.080000000000060822e+01 -1.803779124794867295e-03 5.843235126014464063e-04
1.090000000000060965e+01 -1.698571734537315803e-03 5.718916729467804841e-04
1.100000000000061107e+01 -1.595556780103396521e-03 5.600019039624186661e-04
1.110000000000061249e+01 -1.494639160851799625e-03 5.486320561916000534e-04
1.120000000000061391e+01 -1.395727578675315383e-03 5.377612757773600309e-04
1.130000000000061533e+01 -1.298734318108077379e-03 5.273699274369854709e-04
1.140000000000061675e+01 -1.203575039182173262e-03 5.174395231659595189e-04
1.150000000000061817e+01 -1.110168582126491027e-03 5.079526562324606156e-04
1.160000000000061959e+01 -1.018436783021790804e-03 4.988929400580218972e-04
1.170000000000062101e+01 -9.283042996209890652e-04 4.902449516196135445e-04
1.180000000000062244e+01 -8.396984466011551962e-04 4.819941790409011575e-04
1.190000000000062386e+01 -7.525490395376976949e-04 4.741269730675556297e-04
1.200000000000062528e+01 -6.667882469853607386e-04 4.666305021529631959e-04
1.210000000000062670e+01 -5.823504500496110015e-04 4.594927109011357402e-04
1.220000000000062812e+01 -4.991721089010157930e-04 4.527022816389759518e-04
1.230000000000062954e+01 -4.171916357209801141e-04 4.462485989104400140e-04
1.240000000000063096e+01 -3.363492735743885131e-04 4.401217167019556191e-04
1.250000000000063238e+01 -2.565869807764908916e-04 4.343123282292683752e-04
1.260000000000063380e+01 -1.778483203080209740e-04 4.288117381285485967e-04
1.270000000000063523e+01 -1.000783538834398856e-04 4.236118369115640919e-04
1.280000000000063665e+01 -2.322354029935663755e-05 4.187050775581571726e-04
1.290000000000063807e+01 5.276836231064840899e-05 4.140844541308649675e-04
1.300000000000063949e+01 1.279483906445333385e-04 4.097434823092804693e-04
1.310000000000064091e+01 2.023664671484855238e-04 4.056761817538567533e-04
1.320000000000064233e+01 2.760714880013018235e-04 4.018770602165752442e-04
1.330000000000064375e+01 3.491114084470010870e-04 3.983410993291377697e-04
1.340000000000064517e+01 4.215333257763242969e-04 3.950637420060946646e-04
1.350000000000064659e+01 4.933835602262751086e-04 3.920408814108774110e-04
1.360000000000064801e+01 5.647077340580376748e-04 3.892688514412642959e-04
1.370000000000064944e+01 6.355508490903348517e-04 3.867444186982790192e-04
1.380000000000065086e+01 7.059573629232436531e-04 3.844647759123744415e-04
1.390000000000065228e+01 7.759712641198270033e-04 3.824275368073962395e-04
1.400000000000065370e+01 8.456361465869026428e-04 3.806307323919550997e-04
1.410000000000065512e+01 9.149952833956143117e-04 3.790728086757827421e-04
1.420000000000065654e+01 9.840917003043798961e-04 3.777526258163754714e-04
1.430000000000065796e+01 1.052968249213546981e-03 3.766694587105400872e-04
1.440000000000065938e+01 1.121667681818590973e-03 3.758229990532752692e-04
1.450000000000066080e+01 1.190232723710899637e-03 3.752133588959944126e-04
1.460000000000066223e+01 1.258706149181245543e-03 3.748410757453576837e-04
1.470000000000066365e+01 1.327130857010149628e-03 3.747071192537415954e-04
1.480000000000066507e+01 1.395549947504241134e-03 3.748128995632264010e-04
1.490000000000066649e+01 1.464006801082863574e-03 3.751602773759882053e-04
1.500000000000066791e+01 1.532545158710239136e-03 3.757515758362863292e-04
1.510000000000066933e+01 1.601209204483179660e-03 3.765895943221900764e-04
1.520000000000067075e+01 1.670043650723481571e-03 3.776776242595957130e-04
1.530000000000067217e+01 1.739093825909001495e-03 3.790194670863706369e-04
1.540000000000067359e+01 1.808405765834044526e-03 3.806194545117718700e-04
1.550000000000067502e+01 1.878026308392604510e-03 3.824824712348746502e-04
1.560000000000067644e+01 1.948003192406035783e-03 3.846139803062273736e-04
1.570000000000067786e+01 2.018385160970350908e-03 3.870200513404589747e-04
1.580000000000067928e+01 2.089222069798789966e-03 3.897073918121032573e-04
1.590000000000068070e+01 2.160565001109747418e-03 3.926833816961697960e-04
1.600000000000068212e+01 2.232466383632105908e-03 3.959561117460625324e-04
1.610000000000068354e+01 2.304980119349210946e-03 3.995344257366308452e-04
1.620000000000068496e+01 2.378161717680798634e-03 4.034279670409072430e-04
1.630000000000068638e+01 2.452068437827699399e-03 4.076472299520881009e-04
1.640000000000068781e+01 2.526759440109434957e-03 4.122036162142419429e-04
1.650000000000068923e+01 2.602295947178734012e-03 4.171094972809263239e-04
1.660000000000069065e+01 2.678741416082767307e-03 4.223782828847991904e-04
1.670000000000069207e+01 2.756161722261368796e-03 4.280244965755463553e-04
1.680000000000069349e+01 2.834625356642870089e-03 4.340638589634835060e-04
1.690000000000069491e+01 2.914203637156959764e-03 4.405133795024319368e-04
1.700000000000069633e+01 2.994970936095985026e-03 4.473914577507880660e-04
1.710000000000069775e+01 3.077004924907929262e-03 4.547179951713376878e-04
1.720000000000069917e+01 3.160386838201450360e-03 4.625145186720325935e-04
1.730000000000070060e+01 3.245201758896320426e-03 4.708043172462874140e-04
1.740000000000070202e+01 3.331538926710564397e-03 4.796125932582479489e-04
1.750000000000070344e+01 3.419492072395603072e-03 4.889666301272929758e-04
1.760000000000070486e+01 3.509159780406966023e-03 4.988959784088312348e-04
1.770000000000070628e+01 3.600645883040178713e-03 5.094326625522878653e-04
1.780000000000070770e+01 3.694059889372953293e-03 5.206114109375667778e-04
1.790000000000070912e+01 3.789517452802282707e-03 5.324699121729747821e-04
1.800000000000071054e+01 3.887140881395476436e-03 5.450491010729151525e-04
1.810000000000071196e+01 3.987059695794156061e-03 5.583934782437306602e-04
1.820000000000071338e+01 4.089411240035376385e-03 5.725514678063506509e-04
1.830000000000071481e+01 4.194341351283548125e-03 5.875758184760462811e-04
1.840000000000071623e+01 4.302005095290552597e-03 6.035240540448958682e-04
1.850000000000071765e+01 4.412567575257824934e-03 6.204589802720459919e-04
1.860000000000071907e+01 4.526204822789444901e-03 6.384492563225298506e-04
1.870000000000072049e+01 4.643104780828403999e-03 6.575700402446299020e-04
1.880000000000072191e+01 4.763468389756638291e-03 6.779037195609899933e-04
1.890000000000072333e+01 4.887510789442181189e-03 6.995407399524122913e-04
1.900000000000072475e+01 5.015462651767164590e-03 7.225805472685297662e-04
1.910000000000072617e+01 5.147571660230353119e-03 7.471326608030513447e-04
1.920000000000072760e+01 5.284104155645461334e-03 7.733178990242605636e-04
1.930000000000072902e+01 5.425346969657499421e-03 8.012697828476713063e-04
1.940000000000073044e+01 5.571609471071820377e-03 8.311361462698463928e-04
1.950000000000073186e+01 5.723225853675548841e-03 8.630809898973234098e-04
1.960000000000073328e+01 5.880557698559236296e-03 8.972866198642095092e-04
1.970000000000073470e+01 6.043996849034402943e-03 9.339561231415438375e-04
1.980000000000073612e+01 6.213968642033919354e-03 9.733162406428531952e-04
1.990000000000073754e+01 6.390935546788327655e-03 1.015620712364817589e-03
2.000000000000073896e+01 6.575401269473639398e-03 1.061154184629525127e-03
2.010000000000074039e+01 6.767915391766118026e-03 1.110236789143337170e-03
2.020000000000074181e+01 6.969078622031236493e-03 1.163229528090400618e-03
2.030000000000074323e+01 7.179548750207815147e-03 1.220540630112064515e-03
2.040000000000074465e+01 7.400047411866896366e-03 1.282633080603088694e-03
2.050000000000074607e+01 7.631367783280926242e-03 1.350033578470609570e-03
2.060000000000074749e+01 7.874383347968590130e-03 1.423343233393559778e-03
2.070000000000074891e+01 8.130057896133226214e-03 1.503250396667760516e-03
2.080000000000075033e+01 8.399456941221510042e-03 1.590546120127523354e-03
2.090000000000075175e+01 8.683760762337525141e-03 1.686142868597172335e-03
2.100000000000075318e+01 8.984279305803052548e-03 1.791097281256473581e-03
2.110000000000075460e+01 9.302469201685351421e-03 1.906637999190442063e-03
2.120000000000075602e+01 9.639953167529979189e-03 2.034199867862838875e-03
2.130000000000075744e+01 9.998542074380636219e-03 2.175466208298628377e-03
2.140000000000075886e+01 1.038025992801366697e-02 2.332421362799259271e-03
2.150000000000076028e+01 1.078737195066615216e-02 2.507416405845270743e-03
2.160000000000076170e+01 1.122241580268355972e-02 2.703251832500572650e-03
2.170000000000076312e+01 1.168823570493490206e-02 2.923282284319568027e-03
2.180000000000076454e+01 1.218801872080185929e-02 3.171550070799618749e-03
2.190000000000076597e+01 1.272533158211535363e-02 3.452956566971054821e-03
2.200000000000076739e+01 1.330415494657681205e-02 3.773483756021243658e-03
2.210000000000076881e+01 1.392890943789736914e-02 4.140482572218074156e-03
2.220000000000077023e+01 1.460446354048045535e-02 4.563050731019941547e-03
2.230000000000077165e+01 1.533610620301375377e-02 5.052530987349849838e-03
2.240000000000077307e+01 1.612945481097999637e-02 5.623171925671291080e-03
2.250000000000077449e+01 1.699024851245222595e-02 6.293008113845032468e-03
2.260000000000077591e+01 1.792394168961923898e-02 7.085034944687700065e-03
2.270000000000077733e+01 1.893495227495894939e-02 8.028774317403897243e-03
2.280000000000077875e+01 2.002531690899884628e-02 9.162344505685475482e-03
2.290000000000078018e+01 2.119233017159823096e-02 1.053514361054476087e-02
2.300000000000078160e+01 2.242445195356532542e-02 1.221118558173469974e-02
2.310000000000078302e+01 2.369429179221313464e-02 1.427288135006780402e-02
2.320000000000078444e+01 2.494676615585975782e-02 1.682438453257827093e-02
2.330000000000078586e+01 2.607964801251174553e-02 1.999198686015371193e-02
2.340000000000078728e+01 2.691330295032128353e-02 2.391544753196658823e-02
2.350000000000078870e+01 2.714872601116174664e-02 2.871719916210701065e-02
2.360000000000079012e+01 2.632432894902808629e-02 3.442626130486078906e-02
2.370000000000079154e+01 2.381385713769592488e-02 4.083010598519537515e-02
2.380000000000079297e+01 1.896334642040446716e-02 4.726726681548582693e-02
2.390000000000079439e+01 1.147807650147732866e-02 5.251446135265385590e-02
2.400000000000079581e+01 1.951707744857604857e-03 5.509432552448914611e-02
2.410000000000079723e+01 -8.018152892705790111e-03 5.410795952929296077e-02
2.420000000000079865e+01 -1.658188859835813683e-02 4.991266589912127932e-02
2.430000000000080007e+01 -2.264806133649207437e-02 4.383922489707639536e-02
2.440000000000080149e+01 -2.616164093392714385e-02 3.730256954872571834e-02
2.450000000000080291e+01 -2.767573700285816049e-02 3.122500657846808900e-02
2.460000000000080433e+01 -2.785965870263280852e-02 2.599910626481195808e-02
2.470000000000080576e+01 -2.725575260768263106e-02 2.168345296565073535e-02
2.480000000000080718e+01 -2.623323086876170121e-02 1.818521405685858197e-02
2.490000000000080860e+01 -2.502076091794287055e-02 1.536668442339909901e-02
2.500000000000081002e+01 -2.375159557891783416e-02 1.309338774831986588e-02
2.510000000000081144e+01 -2.249946172702833869e-02 1.125071197781422894e-02
2.520000000000081286e+01 -2.130260712797275857e-02 9.746589606781725507e-03
2.530000000000081428e+01 -2.017873993877108973e-02 8.509037489646865265e-03
2.540000000000081570e+01 -1.913397180621038279e-02 7.482398734048141195e-03
2.550000000000081712e+01 -1.816806712990744199e-02 6.623750178848531768e-03
2.560000000000081855e+01 -1.727748624974967395e-02 5.899915373823850714e-03
2.570000000000081997e+01 -1.645712984372597540e-02 5.285124752662952348e-03
2.580000000000082139e+01 -1.570132365513186856e-02 4.759233169590918432e-03
2.590000000000082281e+01 -1.500436047325600167e-02 4.306378832668285479e-03
2.600000000000082423e+01 -1.436078507578243332e-02 3.913978471859222950e-03
2.610000000000082565e+01 -1.376553097782155788e-02 3.571973944735887599e-03
2.620000000000082707e+01 -1.321397285598297118e-02 3.272265399557989021e-03
2.630000000000082849e+01 -1.270193213599577105e-02 3.008282605096208526e-03
2.640000000000082991e+01 -1.222565770098990590e-02 2.774658786582065700e-03
2.650000000000083134e+01 -1.178179449869092010e-02 2.566980807588874636e-03
2.660000000000083276e+01 -1.136734738679132974e-02 2.381596510067585971e-03
2.670000000000083418e+01 -1.097964432992418887e-02 2.215465102919614033e-03
2.680000000000083560e+01 -1.061630115354928253e-02 2.066040180221218481e-03
2.690000000000083702e+01 -1.027518893893297064e-02 1.931177635237744852e-03
2.700000000000083844e+01 -9.954404493737726081e-03 1.809062695843162774e-03
2.710000000000083986e+01 -9.652243965886406901e-03 1.698151743389621736e-03
2.720000000000084128e+01 -9.367179469874836739e-03 1.597125635360734965e-03
2.730000000000084270e+01 -9.097838496489745602e-03 1.504852036490686874e-03
2.740000000000084412e+01 -8.842985836917302209e-03 1.420354847711005532e-03
2.750000000000084555e+01 -8.601507745402053873e-03 1.342789260804996571e-03
2.760000000000084697e+01 -8.372398076076223092e-03 1.271421297651495474e-03
2.770000000000084839e+01 -8.154746149789639936e-03 1.205610944178767477e-03
2.780000000000084981e+01 -7.947726130904039787e-03 1.144798181120868343e-03
2.790000000000085123e+01 -7.750587718712781751e-03 1.088491361142257616e-03
2.800000000000085265e+01 -7.562647981783614942e-03 1.036257495844083087e-03
2.810000000000085407e+01 -7.383284185486590004e-03 9.877141047591594600e-04
2.820000000000085549e+01 -7.211927482539744194e-03 9.425223476083777370e-04
2.830000000000085691e+01 -7.048057353894436258e-03 9.003812154596721419e-04
2.840000000000085834e+01 -6.891196702539077734e-03 8.610225993332900523e-04
2.850000000000085976e+01 -6.740907516021585680e-03 8.242070888223131976e-04
2.860000000000086118e+01 -6.596787025057362225e-03 7.897203804512326324e-04
2.870000000000086260e+01 -6.458464295411303624e-03 7.573701972019489378e-04
2.880000000000086402e+01 -6.325597198816394415e-03 7.269836381267044201e-04
2.890000000000086544e+01 -6.197869716010880742e-03 6.984048910836154408e-04
2.900000000000086686e+01 -6.074989531225304454e-03 6.714932530730207674e-04
2.910000000000086828e+01 -5.956685882921163022e-03 6.461214119949958883e-04
2.920000000000086970e+01 -5.842707640159809646e-03 6.221739512587249558e-04
2.930000000000087113e+01 -5.732821578015251038e-03 5.995460449419610233e-04
2.940000000000087255e+01 -5.626810828876602222e-03 5.781423163517297736e-04
2.950000000000087397e+01 -5.524473489411714511e-03 5.578758370902380491e-04
2.960000000000087539e+01 -5.425621365571816138e-03 5.386672472740835311e-04
2.970000000000087681e+01 -5.330078840167919857e-03 5.204439804829582693e-04
2.980000000000087823e+01 -5.237681849492368050e-03 5.031395794746333118e-04
2.990000000000087965e+01 -5.148276957108914934e-03 4.866930907562784254e-04
3.000000000000088107e+01 -5.061720514339222710e-03 4.710485278215662463e-04
3.010000000000088249e+01 -4.977877898265779810e-03 4.561543943242744696e-04
3.020000000000088392e+01 -4.896622819109313143e-03 4.419632596771711744e-04
3.030000000000088534e+01 -4.817836689813288775e-03 4.284313806092278961e-04
3.040000000000088676e+01 -4.741408051491089945e-03 4.155183630955571221e-04
3.050000000000088818e+01 -4.667232049087985737e-03 4.031868598208679724e-04
3.060000000000088960e+01 -4.595209952281293156e-03 3.914022989845655168e-04
3.070000000000089102e+01 -4.525248717157238920e-03 3.801326407967410667e-04
3.080000000000089244e+01 -4.457260584714760332e-03 3.693481584883274169e-04
3.090000000000089386e+01 -4.391162712673637655e-03 3.590212410618854092e-04
3.100000000000089528e+01 -4.326876837420065916e-03 3.491262153536718029e-04
3.110000000000089670e+01 -4.264328963290273458e-03 3.396391852830178562e-04
3.120000000000089813e+01 -4.203449076653228630e-03 3.305378864190888430e-04
3.130000000000089955e+01 -4.144170882535842121e-03 3.218015542233412427e-04
3.140000000000090097e+01 -4.086431561763841785e-03 3.134108045208793556e-04
3.150000000000090239e+01 -4.030171546777858160e-03 3.053475249209722242e-04
3.160000000000090381e+01 -3.975334314496077256e-03 2.975947760593747327e-04
3.170000000000090523e+01 -3.921866194727754301e-03 2.901367016599825863e-04
3.180000000000090665e+01 -3.869716192805228855e-03 2.829584465291777118e-04
3.190000000000090807e+01 -3.818835825230151165e-03 2.760460816950428267e-04
