-3.200000000000000000e+01 8.640189931150538127e-03 6.547918801567773756e-04
-3.189999999999999858e+01 8.760887561640912785e-03 6.714976729155033332e-04
-3.179999999999999716e+01 8.884654161502993780e-03 6.888457976517583332e-04
-3.169999999999999574e+01 9.011606909957186121e-03 7.068696093539007233e-04
-3.159999999999999432e+01 9.141869004937647897e-03 7.256046549418741992e-04
-3.149999999999999289e+01 9.275570052624096395e-03 7.450888481679928494e-04
-3.139999999999999147e+01 9.412846487416560992e-03 7.653626609867376831e-04
-3.129999999999999005e+01 9.553842025178036629e-03 7.864693331912168397e-04
-3.119999999999998863e+01 9.698708152824411441e-03 8.084551023305363215e-04
-3.109999999999998721e+01 9.847604657668675848e-03 8.313694561749808074e-04
-3.099999999999998579e+01 1.000070020034203068e-02 8.552654102919527747e-04
-3.089999999999998437e+01 1.015817293545724295e-02 8.801998136150600022e-04
-3.079999999999998295e+01 1.032021118471833712e-02 9.062336852781838030e-04
-3.069999999999998153e+01 1.048701416765900063e-02 9.334325864135954070e-04
-3.059999999999998010e+01 1.065879279577972710e-02 9.618670311114454899e-04
-3.049999999999997868e+01 1.083577053657323354e-02 9.916129413214021249e-04
-3.039999999999997726e+01 1.101818435459731016e-02 1.022752151126903562e-03
-3.029999999999997584e+01 1.120628573768992116e-02 1.055372966603080947e-03
-3.019999999999997442e+01 1.140034181733374369e-02 1.089570788349497003e-03
-3.009999999999997300e+01 1.160063659326856893e-02 1.125448804819696377e-03
-2.999999999999997158e+01 1.180747227375688289e-02 1.163118765781401276e-03
-2.989999999999997016e+01 1.202117074422800330e-02 1.202701846624867248e-03
-2.979999999999996874e+01 1.224207517873897311e-02 1.244329615891756613e-03
-2.969999999999996732e+01 1.247055181047358220e-02 1.288145120305359079e-03
-2.959999999999996589e+01 1.270699187960499382e-02 1.334304103836330075e-03
-2.949999999999996447e+01 1.295181377933669886e-02 1.382976380007885572e-03
-2.939999999999996305e+01 1.320546542359423564e-02 1.434347379758857486e-03
-2.929999999999996163e+01 1.346842686313999386e-02 1.488619900918830476e-03
-2.919999999999996021e+01 1.374121318047674331e-02 1.546016089745753464e-03
-2.909999999999995879e+01 1.402437769812398330e-02 1.606779690226003976e-03
-2.899999999999995737e+01 1.431851553981577582e-02 1.671178603127829090e-03
-2.889999999999995595e+01 1.462426758967153712e-02 1.739507804285595101e-03
-2.879999999999995453e+01 1.494232490105646891e-02 1.812092680653423337e-03
-2.869999999999995310e+01 1.527343361433058239e-02 1.889292853540148814e-03
-2.859999999999995168e+01 1.561840045146103972e-02 1.971506571612127896e-03
-2.849999999999995026e+01 1.597809886578550193e-02 2.059175772274582719e-03
-2.839999999999994884e+01 1.635347593692057858e-02 2.152791929499925198e-03
-2.829999999999994742e+01 1.674556011479162027e-02 2.252902830056454763e-03
-2.819999999999994600e+01 1.715546993274037063e-02 2.360120449346341659e-03
-2.809999999999994458e+01 1.758442382838077550e-02 2.475130134152882678e-03
-2.799999999999994316e+01 1.803375123279202241e-02 2.598701344314164989e-03
-2.789999999999994174e+01 1.850490511375332478e-02 2.731700260838138949e-03
-2.779999999999994031e+01 1.899947618829306989e-02 2.875104637398579084e-03
-2.769999999999993889e+01 1.951920905363125486e-02 3.030021359144453256e-03
-2.759999999999993747e+01 2.006602052460209826e-02 3.197707282445097846e-03
-2.749999999999993605e+01 2.064202051035545979e-02 3.379594068198119548e-03
-2.739999999999993463e+01 2.124953581317683138e-02 3.577317898164437352e-03
-2.729999999999993321e+01 2.189113728841808604e-02 3.792755190303488764e-03
-2.719999999999993179e+01 2.256967086496573793e-02 4.028065720413803209e-03
-2.709999999999993037e+01 2.328829298881825854e-02 4.285744934432257451e-03
-2.699999999999992895e+01 2.405051111404260186e-02 4.568687726562188113e-03
-2.689999999999992752e+01 2.486022991705776064e-02 4.880266600748570105e-03
-2.679999999999992610e+01 2.572180393948785004e-02 5.224427979296226814e-03
-2.669999999999992468e+01 2.664009734738048002e-02 5.605811543594595159e-03
-2.659999999999992326e+01 2.762055139238888540e-02 6.029898986773967774e-03
-2.649999999999992184e+01 2.866925990940107083e-02 6.503200563475869042e-03
-2.639999999999992042e+01 2.979305267761806625e-02 7.033490527667287349e-03
-2.629999999999991900e+01 3.099958553414309051e-02 7.630106221973320148e-03
-2.619999999999991758e+01 3.229743446813621022e-02 8.304330591833967642e-03
-2.609999999999991616e+01 3.369618805717764648e-02 9.069884762640237699e-03
-2.599999999999991473e+01 3.520652772896577104e-02 9.943566754167741314e-03
-2.589999999999991331e+01 3.684027708392351164e-02 1.094608539004670623e-02
-2.579999999999991189e+01 3.861038760831812799e-02 1.210315628651867544e-02
-2.569999999999991047e+01 4.053080463974013947e-02 1.344695109463340220e-02
-2.559999999999990905e+01 4.261611773739267667e-02 1.501802371709940256e-02
-2.549999999999990763e+01 4.488083216364707750e-02 1.686787938033912707e-02
-2.539999999999990621e+01 4.733798319108226821e-02 1.906240336413131051e-02
-2.529999999999990479e+01 4.999661843136418010e-02 2.168641825821396307e-02
-2.519999999999990337e+01 5.285733790029272655e-02 2.484966624066495267e-02
-2.509999999999990195e+01 5.590451344363779607e-02 2.869444604727075521e-02
-2.499999999999990052e+01 5.909286784899780293e-02 3.340479803811877840e-02
-2.489999999999989910e+01 6.232460986105215622e-02 3.921611261665100545e-02
-2.479999999999989768e+01 6.541123808463940315e-02 4.642142024021492230e-02
-2.469999999999989626e+01 6.801205999059931062e-02 5.536453868468946965e-02
-2.459999999999989484e+01 6.954243472012587579e-02 6.639754084608921747e-02
-2.449999999999989342e+01 6.905838810393324922e-02 7.975777329382865988e-02
-2.439999999999989200e+01 6.517328996530960539e-02 9.529545201877580307e-02
-2.429999999999989058e+01 5.617590250456212797e-02 1.120068850840755664e-01
-2.419999999999988916e+01 4.065207737411219435e-02 1.275339936719499523e-01
-2.409999999999988773e+01 1.874250829371975138e-02 1.382591922702959553e-01
-2.399999999999988631e+01 -6.762308115147534597e-03 1.407800502679879828e-01
-2.389999999999988489e+01 -3.113342572889764293e-02 1.341830453891310337e-01
-2.379999999999988347e+01 -5.028621670334159494e-02 1.207664108620338933e-01
-2.369999999999988205e+01 -6.270286190093658785e-02 1.043073501000649494e-01
-2.359999999999988063e+01 -6.913688135426772352e-02 8.793345135239293009e-02
-2.349999999999987921e+01 -7.126028052416956415e-02 7.333589746022381450e-02
-2.339999999999987779e+01 -7.067421947848609443e-02 6.105806219338757307e-02
-2.329999999999987637e+01 -6.855885280814522087e-02 5.102575031951577661e-02
-2.319999999999987494e+01 -6.567865550943222108e-02 4.292593571488165227e-02
-2.309999999999987352e+01 -6.249290579381129584e-02 3.640129304744334909e-02
-2.299999999999987210e+01 -5.926297308606358338e-02 3.112892949671012058e-02
-2.289999999999987068e+01 -5.612969424145197728e-02 2.684255315171064915e-02
-2.279999999999986926e+01 -5.316310282182858116e-02 2.333146201356266214e-02
-2.269999999999986784e+01 -5.039270758545347229e-02 2.043198996943696236e-02
-2.259999999999986642e+01 -4.782542956704265158e-02 1.801783950192260841e-02
-2.249999999999986500e+01 -4.545606577805868381e-02 1.599155242156501122e-02
-2.239999999999986358e+01 -4.327332502975153594e-02 1.427764903344711997e-02
-2.229999999999986215e+01 -4.126326631844193932e-02 1.281733606708239555e-02
-2.219999999999986073e+01 -3.941122067190875461e-02 1.156450366957758984e-02
-2.209999999999985931e+01 -3.770283053084642899e-02 1.048272166624195610e-02
-2.199999999999985789e+01 -3.612457815933717981e-02 9.542989254623568743e-03
-2.189999999999985647e+01 -3.466402093605443907e-02 8.722045549924017233e-03
-2.179999999999985505e+01 -3.330986140208695712e-02 8.001095678429050520e-03
-2.169999999999985363e+01 -3.205192707948299052e-02 7.364844771812589265e-03
-2.159999999999985221e+01 -3.088110389706884978e-02 6.800760754949511204e-03
-2.149999999999985079e+01 -2.978924860709581887e-02 6.298507923256339500e-03
-2.139999999999984936e+01 -2.876909463502307779e-02 5.849508726737183244e-03
-2.129999999999984794e+01 -2.781415932012897690e-02 5.446602392621590662e-03
-2.119999999999984652e+01 -2.691865667766163428e-02 5.083777170076745483e-03
-2.109999999999984510e+01 -2.607741757755067252e-02 4.755958918582283389e-03
-2.099999999999984368e+01 -2.528581795113359065e-02 4.458843102968684455e-03
-2.089999999999984226e+01 -2.453971492509880725e-02 4.188760448104338063e-03
-2.079999999999984084e+01 -2.383539040894205874e-02 3.942568862640939177e-03
-2.069999999999983942e+01 -2.316950148928166586e-02 3.717565992145364494e-03
-2.059999999999983800e+01 -2.253903692772485368e-02 3.511418071085316544e-03
-2.049999999999983658e+01 -2.194127906626120936e-02 3.322101727589278804e-03
-2.039999999999983515e+01 -2.137377048612398855e-02 3.147856140105421280e-03
-2.029999999999983373e+01 -2.083428482366435699e-02 2.987143512385322369e-03
-2.019999999999983231e+01 -2.032080120957375363e-02 2.838616267682365826e-03
-2.009999999999983089e+01 -1.983148186043835748e-02 2.701089697889827793e-03
-1.999999999999982947e+01 -1.936465240993817671e-02 2.573519062608352771e-03
-1.989999999999982805e+01 -1.891878462056569704e-02 2.454980335235199245e-03
-1.979999999999982663e+01 -1.849248116437003306e-02 2.344653951407351701e-03
-1.969999999999982521e+01 -1.808446220305885352e-02 2.241811039680486565e-03
-1.959999999999982379e+01 -1.769355353464217157e-02 2.145801712964059450e-03
-1.949999999999982236e+01 -1.731867610534942176e-02 2.056045077552046216e-03
-1.939999999999982094e+01 -1.695883671313461877e-02 1.972020679236782814e-03
-1.929999999999981952e+01 -1.661311975270893943e-02 1.893261156229035817e-03
-1.919999999999981810e+01 -1.628067987225298441e-02 1.819345909073150948e-03
-1.909999999999981668e+01 -1.596073542960563599e-02 1.749895630561365501e-03
-1.899999999999981526e+01 -1.565256265054655593e-02 1.684567565243306250e-03
-1.889999999999981384e+01 -1.535549040479004812e-02 1.623051389883731124e-03
-1.879999999999981242e+01 -1.506889552637336385e-02 1.565065624015304305e-03
-1.869999999999981100e+01 -1.479219861455505040e-02 1.510354494343585591e-03
-1.859999999999980957e+01 -1.452486025969044504e-02 1.458685188861258376e-03
-1.849999999999980815e+01 -1.426637764547345442e-02 1.409845446488610689e-03
-1.839999999999980673e+01 -1.401628148513105708e-02 1.363641436374876410e-03
-1.829999999999980531e+01 -1.377413325442446677e-02 1.319895887907002446e-03
-1.819999999999980389e+01 -1.353952268879678004e-02 1.278446438237231149e-03
-1.809999999999980247e+01 -1.331206551608992393e-02 1.239144169009458955e-03
-1.799999999999980105e+01 -1.309140139956439450e-02 1.201852308015518254e-03
-1.789999999999979963e+01 -1.287719206902231128e-02 1.166445074962771345e-03
-1.779999999999979821e+01 -1.266911962043068725e-02 1.132806653437773816e-03
-1.769999999999979678e+01 -1.246688496664312071e-02 1.100830273602518370e-03
-1.759999999999979536e+01 -1.227020642390825277e-02 1.070417392271098790e-03
-1.749999999999979394e+01 -1.207881842048103872e-02 1.041476958781045389e-03
-1.739999999999979252e+01 -1.189247031524157984e-02 1.013924756608882132e-03
-1.729999999999979110e+01 -1.171092531555641483e-02 9.876828119833053893e-04
-1.719999999999978968e+01 -1.153395948473122899e-02 9.626788618606924204e-04
-1.709999999999978826e+01 -1.136136083053021668e-02 9.388458746049793691e-04
-1.699999999999978684e+01 -1.119292846705485442e-02 9.161216175307147075e-04
-1.689999999999978542e+01 -1.102847184313831413e-02 8.944482661944424097e-04
-1.679999999999978400e+01 -1.086781003111957425e-02 8.737720509398151734e-04
-1.669999999999978257e+01 -1.071077107043875119e-02 8.540429367338312969e-04
-1.659999999999978115e+01 -1.055719136113597231e-02 8.352143328107804838e-04
-1.649999999999977973e+01 -1.040691510274979401e-02 8.172428290375154288e-04
-1.639999999999977831e+01 -1.025979377460435604e-02 8.000879562763712387e-04
-1.629999999999977689e+01 -1.011568565386435081e-02 7.837119683323936310e-04
-1.619999999999977547e+01 -9.974455368039996175e-03 7.680796433384433526e-04
-1.609999999999977405e+01 -9.835973479010204357e-03 7.531581026792395425e-04
-1.599999999999977263e+01 -9.700116095837566996e-03 7.389166457567684226e-04
-1.589999999999977121e+01 -9.566764513945147028e-03 7.253265990896998194e-04
-1.579999999999976978e+01 -9.435804878446647781e-03 7.123611784018451685e-04
-1.569999999999976836e+01 -9.307127869579231647e-03 6.999953624942433037e-04
-1.559999999999976694e+01 -9.180628408435219379e-03 6.882057778295634556e-04
-1.549999999999976552e+01 -9.056205381283231881e-03 6.769705928634968395e-04
-1.539999999999976410e+01 -8.933761380957489645e-03 6.662694212622227372e-04
-1.529999999999976268e+01 -8.813202463922458624e-03 6.560832332335658290e-04
-1.519999999999976126e+01 -8.694437921698902269e-03 6.463942742752893343e-04
-1.509999999999975984e+01 -8.577380065504661491e-03 6.371859907200042635e-04
-1.499999999999975842e+01 -8.461944022997578557e-03 6.284429615139490791e-04
-1.489999999999975699e+01 -8.348047546133174207e-03 6.201508357268112987e-04
-1.479999999999975557e+01 -8.235610829225942231e-03 6.122962753400471156e-04
-1.469999999999975415e+01 -8.124556336336935525e-03 6.048669029040261956e-04
-1.459999999999975273e+01 -8.014808637230594682e-03 5.978512536994547199e-04
-1.449999999999975131e+01 -7.906294251143631407e-03 5.912387320713227310e-04
-1.439999999999974989e+01 -7.798941497696535233e-03 5.850195716396538971e-04
-1.429999999999974847e+01 -7.692680354323232564e-03 5.791847991212752860e-04
-1.419999999999974705e+01 -7.587442319602166578e-03 5.737262015223381934e-04
-1.409999999999974563e+01 -7.483160281962810724e-03 5.686362964894762758e-04
-1.399999999999974420e+01 -7.379768393221592532e-03 5.639083056272664509e-04
-1.389999999999974278e+01 -7.277201946465135934e-03 5.595361306126144917e-04
-1.379999999999974136e+01 -7.175397257824490949e-03 5.555143319557090224e-04
-1.369999999999973994e+01 -7.074291551675090939e-03 5.518381102736480935e-04
-1.359999999999973852e+01 -6.973822848869040344e-03 5.485032899615793680e-04
-1.349999999999973710e+01 -6.873929857573173909e-03 5.455063051594884627e-04
-1.339999999999973568e+01 -6.774551866334584983e-03 5.428441879286362032e-04
-1.329999999999973426e+01 -6.675628639007969226e-03 5.405145585650507345e-04
-1.319999999999973284e+01 -6.577100311158642909e-03 5.385156179896485396e-04
-1.309999999999973141e+01 -6.478907287613718327e-03 5.368461421682881041e-04
-1.299999999999972999e+01 -6.380990140791138743e-03 5.355054785257129003e-04
-1.289999999999972857e+01 -6.283289509472657700e-03 5.344935443298088002e-04
-1.279999999999972715e+01 -6.185745997689338568e-03 5.338108270336546814e-04
-1.269999999999972573e+01 -6.088300073361863074e-03 5.334583865742093846e-04
-1.259999999999972431e+01 -5.990891966372388286e-03 5.334378596366080947e-04
-1.249999999999972289e+01 -5.893461565720774925e-03 5.337514659068689181e-04
-1.239999999999972147e+01 -5.795948315409856638e-03 5.344020163436304528e-04
-1.229999999999972005e+01 -5.698291108724865342e-03 5.353929235139978995e-04
-1.219999999999971863e+01 -5.600428180525808888e-03 5.367282140490982041e-04
-1.209999999999971720e+01 -5.502296997188951475e-03 5.384125432877476291e-04
-1.199999999999971578e+01 -5.403834143821411098e-03 5.404512121892584122e-04
-1.189999999999971436e+01 -5.304975208327093392e-03 5.428501866105511168e-04
-1.179999999999971294e+01 -5.205654661933643845e-03 5.456161190562828058e-04
-1.169999999999971152e+01 -5.105805735721849481e-03 5.487563730268586043e-04
-1.159999999999971010e+01 -5.005360292707480147e-03 5.522790501050267109e-04
-1.149999999999970868e+01 -4.904248695001100014e-03 5.561930199390314024e-04
-1.139999999999970726e+01 -4.802399665511165872e-03 5.605079533003953481e-04
-1.129999999999970584e+01 -4.699740143674684123e-03 5.652343584131504662e-04
-1.119999999999970441e+01 -4.596195134614445427e-03 5.703836207753996621e-04
-1.109999999999970299e+01 -4.491687551115230992e-03 5.759680467172847160e-04
-1.099999999999970157e+01 -4.386138047768960158e-03 5.820009109656463933e-04
-1.089999999999970015e+01 -4.279464846558243829e-03 5.884965085165237957e-04
-1.079999999999969873e+01 -4.171583553147374668e-03 5.954702111458010007e-04
-1.069999999999969731e+01 -4.062406963040058466e-03 6.029385289262207672e-04
-1.059999999999969589e+01 -3.951844856732174283e-03 6.109191771559947587e-04
-1.049999999999969447e+01 -3.839803782918458502e-03 6.194311491466374629e-04
-1.039999999999969305e+01 -3.726186828699320358e-03 6.284947953675620175e-04
-1.029999999999969162e+01 -3.610893375703243258e-03 6.381319094934757635e-04
-1.019999999999969020e+01 -3.493818840890495353e-03 6.483658219628707364e-04
-1.009999999999968878e+01 -3.374854400734643434e-03 6.592215017181675364e-04
-9.999999999999687361e+00 -3.253886697364087588e-03 6.707256668697458932e-04
-9.899999999999685940e+00 -3.130797525080886157e-03 6.829069051099549183e-04
-9.799999999999684519e+00 -3.005463495592618911e-03 6.957958047875814405e-04
-9.699999999999683098e+00 -2.877755680077635769e-03 7.094250976590728503e-04
-9.599999999999681677e+00 -2.747539226069534851e-03 7.238298144418116786e-04
-9.499999999999680256e+00 -2.614672946957004307e-03 7.390474544201900082e-04
-9.399999999999678835e+00 -2.479008881642288248e-03 7.551181705013407372e-04
-9.299999999999677414e+00 -2.340391821730798683e-03 7.720849712692850813e-04
-9.199999999999675993e+00 -2.198658803298673275e-03 7.899939417725755164e-04
-9.099999999999674571e+00 -2.053638560035257743e-03 8.088944849779381233e-04
-8.999999999999673150e+00 -1.905150934236814197e-03 8.288395860497333161e-04
-8.899999999999671729e+00 -1.753006241721234704e-03 8.498861018789052695e-04
-8.799999999999670308e+00 -1.597004586404136145e-03 8.720950785676344179e-04
-8.699999999999668887e+00 -1.436935119755514828e-03 8.955320999165055067e-04
-8.599999999999667466e+00 -1.272575239900569644e-03 9.202676703311532189e-04
-8.499999999999666045e+00 -1.103689724569808378e-03 9.463776359923418893e-04
-8.399999999999664624e+00 -9.300297914227005636e-04 9.739436486288326200e-04
-8.299999999999663203e+00 -7.513320786453024647e-04 1.003053676776523555e-03
-8.199999999999661782e+00 -5.673175378477883501e-04 1.033802570055884773e-03
-8.099999999999660361e+00 -3.776902304486080830e-04 1.066292682720431989e-03
-7.999999999999658939e+00 -1.821360177322768614e-04 1.100634563563514072e-03
-7.899999999999657518e+00 1.967886642416025178e-05 1.136947720241562919e-03
-7.799999999999656097e+00 2.281093723437987997e-04 1.175361467161576117e-03
-7.699999999999654676e+00 4.435333345892793211e-04 1.216015867372681252e-03
-7.599999999999653255e+00 6.663533305516361471e-04 1.259062780365822988e-03
-7.499999999999651834e+00 8.969987147408389760e-04 1.304667029391624791e-03
-7.399999999999650413e+00 1.135927848106517424e-03 1.353007703901830958e-03
-7.299999999999648992e+00 1.383630544000064022e-03 1.404279615002777684e-03
-7.199999999999647571e+00 1.640630755227186904e-03 1.458694924516734182e-03
-7.099999999999646150e+00 1.907489529678882412e-03 1.516484971370586632e-03
-6.999999999999644729e+00 2.184808265572567298e-03 1.577902322701741147e-03
-6.899999999999643308e+00 2.473232301483000578e-03 1.643223081399486623e-03
-6.799999999999641886e+00 2.773454880862835648e-03 1.712749486841041177e-03
-6.699999999999640465e+00 3.086221536226847750e-03 1.786812851589448733e-03
-6.599999999999639044e+00 3.412334944226450006e-03 1.865776883871244404e-03
-6.499999999999637623e+00 3.752660309895277518e-03 1.950041454028636099e-03
-6.399999999999636202e+00 4.108131346593196093e-03 2.040046873127701436e-03
-6.299999999999634781e+00 4.479756927413036660e-03 2.136278763739854480e-03
-6.199999999999633360e+00 4.868628494846316546e-03 2.239273617151118362e-03
-6.099999999999631939e+00 5.275928327984926586e-03 2.349625148254545076e-03
-5.999999999999630518e+00 5.702938781112908140e-03 2.467991579856743025e-03
-5.899999999999629097e+00 6.151052624610041375e-03 2.595104012880195595e-03
-5.799999999999627676e+00 6.621784638572405374e-03 2.731776068814064685e-03
-5.699999999999626255e+00 7.116784632665275334e-03 2.878915027181171062e-03
-5.599999999999624833e+00 7.637852092270022014e-03 3.037534725087655870e-03
-5.499999999999623412e+00 8.186952682052418828e-03 3.208770540169668655e-03
-5.399999999999621991e+00 8.766236874478923469e-03 3.393896844952360228e-03
-5.299999999999620570e+00 9.378061012779870947e-03 3.594347402758271519e-03
-5.199999999999619149e+00 1.002501116732080685e-02 3.811739277175585621e-03
-5.099999999999617728e+00 1.070993020142536195e-02 4.047900953636761681e-03
-4.999999999999616307e+00 1.143594852913749210e-02 4.304905529761633362e-03
-4.899999999999614886e+00 1.220651912455461563e-02 4.585110029582016404e-03
-4.799999999999613465e+00 1.302545743061163386e-02 4.891202146734248760e-03
-4.699999999999612044e+00 1.389698691683277643e-02 5.226256038615860813e-03
-4.599999999999610623e+00 1.482579114995632996e-02 5.593799196732012619e-03
-4.499999999999609201e+00 1.581707336896493593e-02 5.997892934545222786e-03
-4.399999999999607780e+00 1.687662469524548597e-02 6.443229698264690830e-03
-4.299999999999606359e+00 1.801090225368881526e-02 6.935251264837481722e-03
-4.199999999999604938e+00 1.922711862396458971e-02 7.480293009187548130e-03
-4.099999999999603517e+00 2.053334416426758069e-02 8.085760885144994622e-03
-3.999999999999602096e+00 2.193862382368929470e-02 8.760349689741670637e-03
-3.899999999999600675e+00 2.345311003340251610e-02 9.514313730535656211e-03
-3.799999999999599254e+00 2.508821305424360770e-02 1.035980441284493903e-02
-3.699999999999597833e+00 2.685676961975916321e-02 1.131129381873841044e-02
-3.599999999999596412e+00 2.877322961274767638e-02 1.238610949188846677e-02
-3.499999999999594991e+00 3.085385846427228518e-02 1.360511397357912558e-02
-3.399999999999593570e+00 3.311694932749664061e-02 1.499357399534557295e-02
-3.299999999999592148e+00 3.558303279014217446e-02 1.658227979298735472e-02
-3.199999999999590727e+00 3.827506118104714861e-02 1.840899639127106802e-02
-3.099999999999589306e+00 4.121852642309861703e-02 2.052035813962054325e-02
-2.999999999999587885e+00 4.444143987044947564e-02 2.297435822327100266e-02
-2.899999999999586464e+00 4.797405111125641053e-02 2.584364009587784838e-02
-2.799999999999585043e+00 5.184809571739656953e-02 2.921987206680724813e-02
-2.699999999999583622e+00 5.609521428618364364e-02 3.321958326008927348e-02
-2.599999999999582201e+00 6.074393359119265035e-02 3.799195824580708925e-02
-2.499999999999580780e+00 6.581417094209403296e-02 4.372921468439561893e-02
-2.399999999999579359e+00 7.130748890044369404e-02 5.068027258026099741e-02
-2.299999999999577938e+00 7.719008201656341051e-02 5.916832308885162928e-02
-2.199999999999576517e+00 8.336340271462294726e-02 6.961225965278183825e-02
-2.099999999999575095e+00 8.961402366996311375e-02 8.254988882663340244e-02
-1.999999999999573674e+00 9.552955234859221434e-02 9.865546826198856589e-02
-1.899999999999572253e+00 1.003621703750123828e-01 1.187314306246819579e-01
-1.799999999999570832e+00 1.028213743136857095e-01 1.436270605497996511e-01
-1.699999999999569411e+00 1.008020380663295912e-01 1.739875053529736093e-01
-1.599999999999567990e+00 9.115127923964415346e-02 2.096749064099611704e-01
-1.499999999999566569e+00 6.982115280998507645e-02 2.487237298756433401e-01
-1.399999999999565148e+00 3.309565308322436061e-02 2.860804055743695895e-01
-1.299999999999563727e+00 -1.960567014029617611e-02 3.134217778543937905e-01
-1.199999999999562306e+00 -8.275525223283965170e-02 3.220662020419559624e-01
-1.099999999999560885e+00 -1.454508562180353293e-01 3.084438510406367628e-01
-9.999999999995594635e-01 -1.971612694876615501e-01 2.768664824886938880e-01
-8.999999999995580424e-01 -2.330913736147284254e-01 2.361760718831723560e-01
-7.999999999995566213e-01 -2.543378470534743974e-01 1.943588552354670318e-01
-6.999999999995552002e-01 -2.647713843503731734e-01 1.560271283287697486e-01
-5.999999999995537792e-01 -2.683871492755345867e-01 1.228167650384077991e-01
-4.999999999995523581e-01 -2.682317466247901017e-01 9.466251154161342551e-02
-3.999999999995509370e-01 -2.663215445636099021e-01 7.079240249968640764e-02
-2.999999999995495159e-01 -2.638976209303310339e-01 5.026127047266457093e-02
-1.999999999995480948e-01 -2.617065363217749296e-01 3.216540400549219858e-02
-9.999999999954667373e-02 -2.602077810092520149e-01 1.567771485904353307e-02
4.547473508864641190e-13 -2.596759787974185496e-01 -1.413313910347824276e-13
1.000000000004561684e-01 -2.602077810092615628e-01 -1.567771485918854901e-02
2.000000000004575895e-01 -2.617065363217923046e-01 -3.216540400564824737e-02
3.000000000004590106e-01 -2.638976209303529052e-01 -5.026127047283892452e-02
4.000000000004604317e-01 -2.663215445636310519e-01 -7.079240249988691391e-02
5.000000000004618528e-01 -2.682317466248018700e-01 -9.466251154184858463e-02
6.000000000004632739e-01 -2.683871492755225963e-01 -1.228167650386859933e-01
7.000000000004646949e-01 -2.647713843503147202e-01 -1.560271283290958766e-01
8.000000000004661160e-01 -2.543378470533368407e-01 -1.943588552358358479e-01
9.000000000004675371e-01 -2.330913736144731851e-01 -2.361760718835573258e-01
1.000000000000468958e+00 -1.971612694872609539e-01 -2.768664824890365583e-01
1.100000000000470379e+00 -1.454508562175025610e-01 -3.084438510408540890e-01
1.200000000000471800e+00 -8.275525223224894367e-02 -3.220662020419792215e-01
1.300000000000473221e+00 -1.960567013975576117e-02 -3.134217778542191524e-01
1.400000000000474643e+00 3.309565308363414393e-02 -2.860804055740610030e-01
1.500000000000476064e+00 6.982115281024472986e-02 -2.487237298752854875e-01
1.600000000000477485e+00 9.115127923977851820e-02 -2.096749064096163073e-01
1.700000000000478906e+00 1.008020380663770532e-01 -1.739875053526721005e-01
1.800000000000480327e+00 1.028213743136797975e-01 -1.436270605495490182e-01
1.900000000000481748e+00 1.003621703749767169e-01 -1.187314306244786899e-01
2.000000000000483169e+00 9.552955234854181021e-02 -9.865546826182530760e-02
2.100000000000484590e+00 8.961402366990697810e-02 -8.254988882650245163e-02
2.200000000000486011e+00 8.336340271456604833e-02 -6.961225965267643645e-02
2.300000000000487432e+00 7.719008201650839895e-02 -5.916832308876627394e-02
2.400000000000488853e+00 7.130748890039190213e-02 -5.068027258019134479e-02
2.500000000000490274e+00 6.581417094204598806e-02 -4.372921468433835224e-02
2.600000000000491696e+00 6.074393359114849122e-02 -3.799195824575962027e-02
2.700000000000493117e+00 5.609521428614322458e-02 -3.321958326004963852e-02
2.800000000000494538e+00 5.184809571735967543e-02 -2.921987206677390328e-02
2.900000000000495959e+00 4.797405111122279159e-02 -2.584364009584960362e-02
3.000000000000497380e+00 4.444143987041877103e-02 -2.297435822324691429e-02
3.100000000000498801e+00 4.121852642307061165e-02 -2.052035813959988270e-02
3.200000000000500222e+00 3.827506118102157878e-02 -1.840899639125324200e-02
3.300000000000501643e+00 3.558303279011875569e-02 -1.658227979297188792e-02
3.400000000000503064e+00 3.311694932747516473e-02 -1.499357399533208547e-02
3.500000000000504485e+00 3.085385846425254402e-02 -1.360511397356731211e-02
3.600000000000505906e+00 2.877322961272952423e-02 -1.238610949187806537e-02
3.700000000000507328e+00 2.685676961974242660e-02 -1.131129381872922682e-02
3.800000000000508749e+00 2.508821305422816866e-02 -1.035980441283679276e-02
3.900000000000510170e+00 2.345311003338820116e-02 -9.514313730528401597e-03
4.000000000000511591e+00 2.193862382367602754e-02 -8.760349689735187975e-03
4.100000000000513012e+00 2.053334416425527109e-02 -8.085760885139188503e-03
4.200000000000514433e+00 1.922711862395314747e-02 -7.480293009182325745e-03
4.300000000000515854e+00 1.801090225367815711e-02 -6.935251264832777152e-03
4.400000000000517275e+00 1.687662469523550091e-02 -6.443229698260433819e-03
4.500000000000518696e+00 1.581707336895562394e-02 -5.997892934541370832e-03
4.600000000000520117e+00 1.482579114994761471e-02 -5.593799196728511947e-03
4.700000000000521538e+00 1.389698691682459547e-02 -5.226256038612672392e-03
4.800000000000522959e+00 1.302545743060395944e-02 -4.891202146731337894e-03
4.900000000000524381e+00 1.220651912454739918e-02 -4.585110029579354471e-03
5.000000000000525802e+00 1.143594852913070586e-02 -4.304905529759196076e-03
5.100000000000527223e+00 1.070993020141894347e-02 -4.047900953634522153e-03
5.200000000000528644e+00 1.002501116731475614e-02 -3.811739277173525203e-03
5.300000000000530065e+00 9.378061012774156768e-03 -3.594347402756373298e-03
5.400000000000531486e+00 8.766236874473511131e-03 -3.393896844950608591e-03
5.500000000000532907e+00 8.186952682047294455e-03 -3.208770540168050592e-03
5.600000000000534328e+00 7.637852092265161319e-03 -3.037534725086159671e-03
5.700000000000535749e+00 7.116784632660667909e-03 -2.878915027179781982e-03
5.800000000000537170e+00 6.621784638568019993e-03 -2.731776068812774485e-03
5.900000000000538591e+00 6.151052624605857222e-03 -2.595104012878996468e-03
6.000000000000540012e+00 5.702938781108932154e-03 -2.467991579855628899e-03
6.100000000000541434e+00 5.275928327981141419e-03 -2.349625148253505109e-03
6.200000000000542855e+00 4.868628494842701382e-03 -2.239273617150147784e-03
6.300000000000544276e+00 4.479756927409577622e-03 -2.136278763738948955e-03
6.400000000000545697e+00 4.108131346589893179e-03 -2.040046873126855325e-03
6.500000000000547118e+00 3.752660309892123791e-03 -1.950041454027844632e-03
6.600000000000548539e+00 3.412334944223421179e-03 -1.865776883870502376e-03
6.700000000000549960e+00 3.086221536223940354e-03 -1.786812851588753109e-03
6.800000000000551381e+00 2.773454880860039273e-03 -1.712749486840388921e-03
6.900000000000552802e+00 2.473232301480322165e-03 -1.643223081398874266e-03
7.000000000000554223e+00 2.184808265570003377e-03 -1.577902322701165870e-03
7.100000000000555644e+00 1.907489529676412165e-03 -1.516484971370044531e-03
7.200000000000557066e+00 1.640630755224803394e-03 -1.458694924516224607e-03
7.300000000000558487e+00 1.383630543997767248e-03 -1.404279615002297383e-03
7.400000000000559908e+00 1.135927848104310856e-03 -1.353007703901378846e-03
7.500000000000561329e+00 8.969987147387052662e-04 -1.304667029391197832e-03
7.600000000000562750e+00 6.663533305495683567e-04 -1.259062780365419664e-03
7.700000000000564171e+00 4.435333345872913280e-04 -1.216015867372301565e-03
7.800000000000565592e+00 2.281093723418732566e-04 -1.175361467161217029e-03
7.900000000000567013e+00 1.967886642228675043e-05 -1.136947720241223347e-03
8.000000000000568434e+00 -1.821360177340844433e-04 -1.100634563563193582e-03
8.100000000000569855e+00 -3.776902304503566843e-04 -1.066292682720127978e-03
8.200000000000571276e+00 -5.673175378494883792e-04 -1.033802570055598327e-03
8.300000000000572697e+00 -7.513320786469539214e-04 -1.003053676776250987e-03
8.400000000000574119e+00 -9.300297914242999786e-04 -9.739436486285754473e-04
8.500000000000575540e+00 -1.103689724571359221e-03 -9.463776359920983774e-04
8.600000000000576961e+00 -1.272575239902089261e-03 -9.202676703309220670e-04
8.700000000000578382e+00 -1.436935119756992812e-03 -8.955320999162867147e-04
8.800000000000579803e+00 -1.597004586405572496e-03 -8.720950785674271184e-04
8.900000000000581224e+00 -1.753006241722636360e-03 -8.498861018787088120e-04
9.000000000000582645e+00 -1.905150934238191568e-03 -8.288395860495470502e-04
9.100000000000584066e+00 -2.053638560036590011e-03 -8.088944849777617236e-04
9.200000000000585487e+00 -2.198658803299974318e-03 -7.899939417724083325e-04
9.300000000000586908e+00 -2.340391821732068500e-03 -7.720849712691263541e-04
9.400000000000588329e+00 -2.479008881643530310e-03 -7.551181705011906836e-04
9.500000000000589750e+00 -2.614672946958229022e-03 -7.390474544200479777e-04
9.600000000000591172e+00 -2.747539226070724871e-03 -7.238298144416772375e-04
9.700000000000592593e+00 -2.877755680078811912e-03 -7.094250976589449144e-04
9.800000000000594014e+00 -3.005463495593767298e-03 -6.957958047874603352e-04
9.900000000000595435e+00 -3.130797525082020666e-03 -6.829069051098409686e-04
1.000000000000059686e+01 -3.253886697365197811e-03 -6.707256668696379067e-04
1.010000000000059828e+01 -3.374854400735738044e-03 -6.592215017180657298e-04
1.020000000000059970e+01 -3.493818840891570882e-03 -6.483658219627748930e-04
1.030000000000060112e+01 -3.610893375704297970e-03 -6.381319094933856663e-04
1.040000000000060254e+01 -3.726186828700361192e-03 -6.284947953674770160e-04
1.050000000000060396e+01 -3.839803782919487193e-03 -6.194311491465576656e-04
1.060000000000060538e+01 -3.951844856733183892e-03 -6.109191771559198403e-04
1.070000000000060680e+01 -4.062406963041061136e-03 -6.029385289261504025e-04
1.080000000000060822e+01 -4.171583553148358256e-03 -5.954702111457351897e-04
1.090000000000060965e+01 -4.279464846559215274e-03 -5.884965085164628636e-04
1.100000000000061107e+01 -4.386138047769931603e-03 -5.820009109655892559e-04
1.110000000000061249e+01 -4.491687551116181620e-03 -5.759680467172318069e-04
1.120000000000061391e+01 -4.596195134615385647e-03 -5.703836207753507645e-04
1.130000000000061533e+01 -4.699740143675617404e-03 -5.652343584131055802e-04
1.140000000000061675e+01 -4.802399665512095683e-03 -5.605079533003544737e-04
1.150000000000061817e+01 -4.904248695002024622e-03 -5.561930199389935638e-04
1.160000000000061959e+01 -5.005360292708396081e-03 -5.522790501049927754e-04
1.170000000000062101e+01 -5.105805735722761945e-03 -5.487563730268283551e-04
1.180000000000062244e+01 -5.205654661934552840e-03 -5.456161190562559176e-04
1.190000000000062386e+01 -5.304975208327990244e-03 -5.428501866105278064e-04
1.200000000000062528e+01 -5.403834143822307950e-03 -5.404512121892382460e-04
1.210000000000062670e+01 -5.502296997189841388e-03 -5.384125432877303902e-04
1.220000000000062812e+01 -5.600428180526702271e-03 -5.367282140490844348e-04
1.230000000000062954e+01 -5.698291108725748316e-03 -5.353929235139875996e-04
1.240000000000063096e+01 -5.795948315410734408e-03 -5.344020163436230802e-04
1.250000000000063238e+01 -5.893461565721663104e-03 -5.337514659068643644e-04
1.260000000000063380e+01 -5.990891966373279934e-03 -5.334378596366062516e-04
1.270000000000063523e+01 -6.088300073362751252e-03 -5.334583865742107940e-04
1.280000000000063665e+01 -6.185745997690336034e-03 -5.338108270337648363e-04
1.290000000000063807e+01 -6.283289509473545878e-03 -5.344935443298166064e-04
1.300000000000063949e+01 -6.380990140792026921e-03 -5.355054785257237424e-04
1.310000000000064091e+01 -6.478907287614611710e-03 -5.368461421683018734e-04
1.320000000000064233e+01 -6.577100311159534557e-03 -5.385156179896652363e-04
1.330000000000064375e+01 -6.675628639008866078e-03 -5.405145585650702501e-04
1.340000000000064517e+01 -6.774551866335487040e-03 -5.428441879286588631e-04
1.350000000000064659e+01 -6.873929857574081169e-03 -5.455063051595143752e-04
1.360000000000064801e+01 -6.973822848869951074e-03 -5.485032899616078825e-04
1.370000000000064944e+01 -7.074291551676008608e-03 -5.518381102736798606e-04
1.380000000000065086e+01 -7.175397257825412954e-03 -5.555143319557443674e-04
1.390000000000065228e+01 -7.277201946466061409e-03 -5.595361306126525472e-04
1.400000000000065370e+01 -7.379768393222530150e-03 -5.639083056273079759e-04
1.410000000000065512e+01 -7.483160281963753546e-03 -5.686362964895209449e-04
1.420000000000065654e+01 -7.587442319603125880e-03 -5.737262015223863320e-04
1.430000000000065796e+01 -7.692680354324197070e-03 -5.791847991213267856e-04
1.440000000000065938e+01 -7.798941497697504943e-03 -5.850195716397086493e-04
1.450000000000066080e+01 -7.906294251144613261e-03 -5.912387320713811695e-04
1.460000000000066223e+01 -8.014808637231580005e-03 -5.978512536995167362e-04
1.470000000000066365e+01 -8.124556336337939930e-03 -6.048669029040918983e-04
1.480000000000066507e+01 -8.235610829226958779e-03 -6.122962753401166129e-04
1.490000000000066649e+01 -8.348047546134202898e-03 -6.201508357268846992e-04
1.500000000000066791e+01 -8.461944022998621126e-03 -6.284429615140267079e-04
1.510000000000066933e+01 -8.577380065505714468e-03 -6.371859907200859039e-04
1.520000000000067075e+01 -8.694437921699976063e-03 -6.463942742753752031e-04
1.530000000000067217e+01 -8.813202463923546295e-03 -6.560832332336562515e-04
1.540000000000067359e+01 -8.933761380958591194e-03 -6.662694212623179301e-04
1.550000000000067502e+01 -9.056205381284352512e-03 -6.769705928635963692e-04
1.560000000000067644e+01 -9.180628408436362561e-03 -6.882057778296682979e-04
1.570000000000067786e+01 -9.307127869580395646e-03 -6.999953624943532418e-04
1.580000000000067928e+01 -9.435804878447827393e-03 -7.123611784019604192e-04
1.590000000000068070e+01 -9.566764513946347456e-03 -7.253265990898208164e-04
1.600000000000068212e+01 -9.700116095838791710e-03 -7.389166457568949490e-04
1.610000000000068354e+01 -9.835973479011451623e-03 -7.531581026793723573e-04
1.620000000000068496e+01 -9.974455368041265993e-03 -7.680796433385818052e-04
1.630000000000068638e+01 -1.011568565386564839e-02 -7.837119683325390225e-04
1.640000000000068781e+01 -1.025979377460567790e-02 -8.000879562765237860e-04
1.650000000000068923e+01 -1.040691510275114535e-02 -8.172428290376752402e-04
1.660000000000069065e+01 -1.055719136113735315e-02 -8.352143328109477762e-04
1.670000000000069207e+01 -1.071077107044016499e-02 -8.540429367340065039e-04
1.680000000000069349e+01 -1.086781003112102101e-02 -8.737720509399988372e-04
1.690000000000069491e+01 -1.102847184313979559e-02 -8.944482661946349640e-04
1.700000000000069633e+01 -1.119292846705636883e-02 -9.161216175309165859e-04
1.710000000000069775e+01 -1.136136083053176753e-02 -9.388458746051912222e-04
1.720000000000069917e+01 -1.153395948473281973e-02 -9.626788618609144650e-04
1.730000000000070060e+01 -1.171092531555804721e-02 -9.876828119835378422e-04
1.740000000000070202e+01 -1.189247031524325211e-02 -1.013924756609126728e-03
1.750000000000070344e+01 -1.207881842048275436e-02 -1.041476958781302128e-03
1.760000000000070486e+01 -1.227020642391001524e-02 -1.070417392271368756e-03
1.770000000000070628e+01 -1.246688496664493523e-02 -1.100830273602801997e-03
1.780000000000070770e+01 -1.266911962043255555e-02 -1.132806653438072188e-03
1.790000000000070912e+01 -1.287719206902423162e-02 -1.166445074963085114e-03
1.800000000000071054e+01 -1.309140139956637382e-02 -1.201852308015848719e-03
1.810000000000071196e+01 -1.331206551609196570e-02 -1.239144169009806984e-03
1.820000000000071338e+01 -1.353952268879887906e-02 -1.278446438237597609e-03
1.830000000000071481e+01 -1.377413325442663691e-02 -1.319895887907389723e-03
1.840000000000071623e+01 -1.401628148513329314e-02 -1.363641436375284937e-03
1.850000000000071765e+01 -1.426637764547576681e-02 -1.409845446489042418e-03
1.860000000000071907e+01 -1.452486025969283896e-02 -1.458685188861715476e-03
1.870000000000072049e+01 -1.479219861455752065e-02 -1.510354494344068495e-03
1.880000000000072191e+01 -1.506889552637592430e-02 -1.565065624015816049e-03
1.890000000000072333e+01 -1.535549040479270572e-02 -1.623051389884274092e-03
1.900000000000072475e+01 -1.565256265054930720e-02 -1.684567565243883262e-03
1.910000000000072617e+01 -1.596073542960849134e-02 -1.749895630561978293e-03
1.920000000000072760e+01 -1.628067987225595079e-02 -1.819345909073801903e-03
1.930000000000072902e+01 -1.661311975271202029e-02 -1.893261156229729056e-03
1.940000000000073044e+01 -1.695883671313782454e-02 -1.972020679237522240e-03
1.950000000000073186e+01 -1.731867610535276283e-02 -2.056045077552835949e-03
1.960000000000073328e+01 -1.769355353464564795e-02 -2.145801712964902960e-03
1.970000000000073470e+01 -1.808446220306248256e-02 -2.241811039681389488e-03
1.980000000000073612e+01 -1.849248116437382516e-02 -2.344653951408319677e-03
1.990000000000073754e+01 -1.891878462056966262e-02 -2.454980335236238778e-03
2.000000000000073896e+01 -1.936465240994231923e-02 -2.573519062609470800e-03
2.010000000000074039e+01 -1.983148186044270816e-02 -2.701089697891032558e-03
2.020000000000074181e+01 -2.032080120957831595e-02 -2.838616267683664266e-03
2.030000000000074323e+01 -2.083428482366914136e-02 -2.987143512386727061e-03
2.040000000000074465e+01 -2.137377048612901925e-02 -3.147856140106942199e-03
2.050000000000074607e+01 -2.194127906626650720e-02 -3.322101727590930694e-03
2.060000000000074749e+01 -2.253903692773043255e-02 -3.511418071087111549e-03
2.070000000000074891e+01 -2.316950148928755004e-02 -3.717565992147321696e-03
2.080000000000075033e+01 -2.383539040894828293e-02 -3.942568862643078091e-03
2.090000000000075175e+01 -2.453971492510539920e-02 -4.188760448106680807e-03
2.100000000000075318e+01 -2.528581795114058159e-02 -4.458843102971259652e-03
2.110000000000075460e+01 -2.607741757755809714e-02 -4.755958918585119662e-03
2.120000000000075602e+01 -2.691865667766952380e-02 -5.083777170079878394e-03
2.130000000000075744e+01 -2.781415932013737990e-02 -5.446602392625063578e-03
2.140000000000075886e+01 -2.876909463503204978e-02 -5.849508726741047340e-03
2.150000000000076028e+01 -2.978924860710541189e-02 -6.298507923260654624e-03
2.160000000000076170e+01 -3.088110389707912629e-02 -6.800760754954345878e-03
2.170000000000076312e+01 -3.205192707949402336e-02 -7.364844771818032827e-03
2.180000000000076454e+01 -3.330986140209882262e-02 -8.001095678435201849e-03
2.190000000000076597e+01 -3.466402093606721357e-02 -8.722045549931001229e-03
2.200000000000076739e+01 -3.612457815935098820e-02 -9.542989254631541532e-03
2.210000000000076881e+01 -3.770283053086134761e-02 -1.048272166625111024e-02
2.220000000000077023e+01 -3.941122067192491529e-02 -1.156450366958815604e-02
2.230000000000077165e+01 -4.126326631845948084e-02 -1.281733606709467392e-02
2.240000000000077307e+01 -4.327332502977059708e-02 -1.427764903346147828e-02
2.250000000000077449e+01 -4.545606577807937559e-02 -1.599155242158191784e-02
2.260000000000077591e+01 -4.782542956706509890e-02 -1.801783950194267223e-02
2.270000000000077733e+01 -5.039270758547774454e-02 -2.043198996946095358e-02
2.280000000000077875e+01 -5.316310282185468528e-02 -2.333146201359158692e-02
2.290000000000078018e+01 -5.612969424147978836e-02 -2.684255315174583281e-02
2.300000000000078160e+01 -5.926297308609267123e-02 -3.112892949675323193e-02
2.310000000000078302e+01 -6.249290579384074451e-02 -3.640129304749653572e-02
2.320000000000078444e+01 -6.567865550946033748e-02 -4.292593571494762728e-02
2.330000000000078586e+01 -6.855885280816882699e-02 -5.102575031959769025e-02
2.340000000000078728e+01 -7.067421947849981956e-02 -6.105806219348864500e-02
2.350000000000078870e+01 -7.126028052416472081e-02 -7.333589746034624435e-02
2.360000000000079012e+01 -6.913688135423147474e-02 -8.793345135253530231e-02
2.370000000000079154e+01 -6.270286190085311295e-02 -1.043073501002179104e-01
2.380000000000079297e+01 -5.028621670319782799e-02 -1.207664108621754745e-01
2.390000000000079439e+01 -3.113342572869523539e-02 -1.341830453892274011e-01
2.400000000000079581e+01 -6.762308114913161312e-03 -1.407800502680077448e-01
2.410000000000079723e+01 1.874250829394167109e-02 -1.382591922702317844e-01
2.420000000000079865e+01 4.065207737428448015e-02 -1.275339936718245526e-01
2.430000000000080007e+01 5.617590250467221352e-02 -1.120068850839242292e-01
2.440000000000080149e+01 6.517328996536551899e-02 -9.529545201862671400e-02
2.450000000000080291e+01 6.905838810395069360e-02 -7.975777329369652946e-02
2.460000000000080433e+01 6.954243472011935323e-02 -6.639754084597847272e-02
2.470000000000080576e+01 6.801205999057938212e-02 -5.536453868459912525e-02
2.480000000000080718e+01 6.541123808461286881e-02 -4.642142024014204310e-02
2.490000000000080860e+01 6.232460986102304756e-02 -3.921611261659230241e-02
2.500000000000081002e+01 5.909286784896841671e-02 -3.340479803807133025e-02
2.510000000000081144e+01 5.590451344360934660e-02 -2.869444604723216455e-02
2.520000000000081286e+01 5.285733790026582446e-02 -2.484966624063332866e-02
2.530000000000081428e+01 4.999661843133907518e-02 -2.168641825818783467e-02
2.540000000000081570e+01 4.733798319105900904e-02 -1.906240336410954667e-02
2.550000000000081712e+01 4.488083216362561551e-02 -1.686787938032084655e-02
2.560000000000081855e+01 4.261611773739257258e-02 -1.501802371709939563e-02
2.570000000000081997e+01 4.053080463972194569e-02 -1.344695109462021830e-02
2.580000000000082139e+01 3.861038760830137057e-02 -1.210315628650735463e-02
2.590000000000082281e+01 3.684027708390803790e-02 -1.094608539003692760e-02
2.600000000000082423e+01 3.520652772895148386e-02 -9.943566754159242904e-03
2.610000000000082565e+01 3.369618805716442789e-02 -9.069884762632807879e-03
2.620000000000082707e+01 3.229743446812395613e-02 -8.304330591827443347e-03
2.630000000000082849e+01 3.099958553413170725e-02 -7.630106221967557396e-03
2.640000000000082991e+01 2.979305267760748790e-02 -7.033490527662177721e-03
2.650000000000083134e+01 2.866925990939120719e-02 -6.503200563471318862e-03
2.660000000000083276e+01 2.762055139237967055e-02 -6.029898986769898113e-03
2.670000000000083418e+01 2.664009734737185497e-02 -5.605811543590942699e-03
2.680000000000083560e+01 2.572180393947975929e-02 -5.224427979292935176e-03
2.690000000000083702e+01 2.486022991705016949e-02 -4.880266600745594187e-03
2.700000000000083844e+01 2.405051111403547215e-02 -4.568687726559489751e-03
2.710000000000083986e+01 2.328829298881152782e-02 -4.285744934429804552e-03
2.720000000000084128e+01 2.256967086495938885e-02 -4.028065720411564549e-03
2.730000000000084270e+01 2.189113728841208389e-02 -3.792755190301441356e-03
2.740000000000084412e+01 2.124953581317116230e-02 -3.577317898162561682e-03
2.750000000000084555e+01 2.064202051035007868e-02 -3.379594068196395667e-03
2.760000000000084697e+01 2.006602052459699470e-02 -3.197707282443510574e-03
2.770000000000084839e+01 1.951920905362640804e-02 -3.030021359142987848e-03
2.780000000000084981e+01 1.899947618828845552e-02 -2.875104637397223831e-03
2.790000000000085123e+01 1.850490511374893593e-02 -2.731700260836884310e-03
2.800000000000085265e+01 1.803375123278783479e-02 -2.598701344312999255e-03
2.810000000000085407e+01 1.758442382837678217e-02 -2.475130134151799777e-03
2.820000000000085549e+01 1.715546993273656118e-02 -2.360120449345332050e-03
2.830000000000085691e+01 1.674556011478797735e-02 -2.252902830055512808e-03
2.840000000000085834e+01 1.635347593691708484e-02 -2.152791929499045694e-03
2.850000000000085976e+01 1.597809886578215738e-02 -2.059175772273759159e-03
2.860000000000086118e+01 1.561840045145783916e-02 -1.971506571611355511e-03
2.870000000000086260e+01 1.527343361432751366e-02 -1.889292853539424133e-03
2.880000000000086402e+01 1.494232490105351641e-02 -1.812092680652742675e-03
2.890000000000086544e+01 1.462426758966870258e-02 -1.739507804284954988e-03
2.900000000000086686e+01 1.431851553981304710e-02 -1.671178603127225623e-03
2.910000000000086828e+01 1.402437769812135693e-02 -1.606779690225434987e-03
2.920000000000086970e+01 1.374121318047421755e-02 -1.546016089745216567e-03
2.930000000000087113e+01 1.346842686313756178e-02 -1.488619900918323070e-03
2.940000000000087255e+01 1.320546542359188683e-02 -1.434347379758377184e-03
2.950000000000087397e+01 1.295181377933443331e-02 -1.382976380007431075e-03
2.960000000000087539e+01 1.270699187960280807e-02 -1.334304103835899213e-03
2.970000000000087681e+01 1.247055181047146757e-02 -1.288145120304950335e-03
2.980000000000087823e+01 1.224207517873693307e-02 -1.244329615891368252e-03
2.990000000000087965e+01 1.202117074422602919e-02 -1.202701846624497969e-03
3.000000000000088107e+01 1.180747227375496949e-02 -1.163118765781049994e-03
3.010000000000088249e+01 1.160063659326671451e-02 -1.125448804819362009e-03
3.020000000000088392e+01 1.140034181733195345e-02 -1.089570788349178681e-03
3.030000000000088534e+01 1.120628573768818817e-02 -1.055372966602777371e-03
3.040000000000088676e+01 1.101818435459562748e-02 -1.022752151126613647e-03
3.050000000000088818e+01 1.083577053657160116e-02 -9.916129413211254365e-04
3.060000000000088960e+01 1.065879279577813983e-02 -9.618670311111811614e-04
3.070000000000089102e+01 1.048701416765745846e-02 -9.334325864133425710e-04
3.080000000000089244e+01 1.032021118471684179e-02 -9.062336852779419175e-04
3.090000000000089386e+01 1.015817293545579272e-02 -8.801998136148285251e-04
3.100000000000089528e+01 1.000070020034061341e-02 -8.552654102917309469e-04
3.110000000000089670e+01 9.847604657667301947e-03 -8.313694561747677616e-04
3.120000000000089813e+01 9.698708152823075704e-03 -8.084551023303319494e-04
3.130000000000089955e+01 9.553842025176733851e-03 -7.864693331910210328e-04
3.140000000000090097e+01 9.412846487415298113e-03 -7.653626609865494656e-04
3.150000000000090239e+01 9.275570052622861272e-03 -7.450888481678122214e-04
3.160000000000090381e+01 9.141869004936450938e-03 -7.256046549417006185e-04
3.170000000000090523e+01 9.011606909956016917e-03 -7.068696093537334309e-04
3.180000000000090665e+01 8.884654161501854067e-03 -6.888457976515976544e-04
3.190000000000090807e+01 8.760887561639804297e-03 -6.714976729153485091e-04
