-3.200000000000000000e+01 7.964330204056121326e-03 6.017189041230944268e-04
-3.189999999999999858e+01 8.075245008471712907e-03 6.170463181836582413e-04
-3.179999999999999716e+01 8.188975576564285278e-03 6.329626968896876014e-04
-3.169999999999999574e+01 8.305629352271132540e-03 6.494986174503856145e-04
-3.159999999999999432e+01 8.425319297021461803e-03 6.666866663303831157e-04
-3.149999999999999289e+01 8.548164246804951932e-03 6.845615995710979370e-04
-3.139999999999999147e+01 8.674289297145521688e-03 7.031605182081979068e-04
-3.129999999999999005e+01 8.803826218569860834e-03 7.225230604329514836e-04
-3.119999999999998863e+01 8.936913905393435026e-03 7.426916123438012836e-04
-3.109999999999998721e+01 9.073698860946791123e-03 7.637115393660769006e-04
-3.099999999999998579e+01 9.214335722746283541e-03 7.856314406891369432e-04
-3.089999999999998437e+01 9.358987831427259541e-03 8.085034293630382002e-04
-3.079999999999998295e+01 9.507827847751566808e-03 8.323834410538134962e-04
-3.069999999999998153e+01 9.661038422439942666e-03 8.573315748480454888e-04
-3.059999999999998010e+01 9.818812924118038715e-03 8.834124699541569476e-04
-3.049999999999997868e+01 9.981356231324829340e-03 9.106957226826434314e-04
-3.039999999999997726e+01 1.014888559514562361e-02 9.392563486829978063e-04
-3.029999999999997584e+01 1.032163157988977634e-02 9.691752961306084957e-04
-3.019999999999997442e+01 1.049983909006928923e-02 1.000540016363606283e-03
-3.009999999999997300e+01 1.068376849293498423e-02 1.033445099414583793e-03
-2.999999999999997158e+01 1.087369684702471639e-02 1.067992982992892626e-03
-2.989999999999997016e+01 1.106991924838815131e-02 1.104294744741564664e-03
-2.979999999999996874e+01 1.127275030772270301e-02 1.142470989109806243e-03
-2.969999999999996732e+01 1.148252577328968786e-02 1.182652841931351858e-03
-2.959999999999996589e+01 1.169960431640850243e-02 1.224983067864489220e-03
-2.949999999999996447e+01 1.192436949860828724e-02 1.269617328296750690e-03
-2.939999999999996305e+01 1.215723194195277197e-02 1.316725600172089687e-03
-2.929999999999996163e+01 1.239863172707875161e-02 1.366493779622764658e-03
-2.919999999999996021e+01 1.264904104678241624e-02 1.419125498317800032e-03
-2.909999999999995879e+01 1.290896714685443869e-02 1.474844185251883606e-03
-2.899999999999995737e+01 1.317895559041570852e-02 1.533895412465037349e-03
-2.889999999999995595e+01 1.345959388704917256e-02 1.596549570045787542e-03
-2.879999999999995453e+01 1.375151553413344815e-02 1.663104924076347010e-03
-2.869999999999995310e+01 1.405540452464176110e-02 1.733891121145190225e-03
-2.859999999999995168e+01 1.437200038371431315e-02 1.809273215128708598e-03
-2.849999999999995026e+01 1.470210380576540167e-02 1.889656306631937481e-03
-2.839999999999994884e+01 1.504658297461682059e-02 1.975490903313976889e-03
-2.829999999999994742e+01 1.540638066196600188e-02 2.067279131217539864e-03
-2.819999999999994600e+01 1.578252221414504566e-02 2.165581954038667701e-03
-2.809999999999994458e+01 1.617612455428081575e-02 2.271027590354960778e-03
-2.799999999999994316e+01 1.658840634705753547e-02 2.384321359820027950e-03
-2.789999999999994174e+01 1.702069949630514306e-02 2.506257240203065353e-03
-2.779999999999994031e+01 1.747446217273977698e-02 2.637731480789395205e-03
-2.769999999999993889e+01 1.795129360017091308e-02 2.779758697398652077e-03
-2.759999999999993747e+01 1.845295086424535852e-02 2.933490974822815754e-03
-2.749999999999993605e+01 1.898136804878327102e-02 3.100240629902714391e-03
-2.739999999999993463e+01 1.953867805063011498e-02 3.281507450556967517e-03
-2.729999999999993321e+01 2.012723747542021629e-02 3.479011433703035894e-03
-2.719999999999993179e+01 2.074965507204401191e-02 3.694732312055230665e-03
-2.709999999999993037e+01 2.140882422149122805e-02 3.930957505399916910e-03
-2.699999999999992895e+01 2.210796005229819297e-02 4.190340581847974179e-03
-2.689999999999992752e+01 2.285064180219614077e-02 4.475972903363059641e-03
-2.679999999999992610e+01 2.364086107241070850e-02 4.791471905591850045e-03
-2.669999999999992468e+01 2.448307660506980968e-02 5.141090489723575997e-03
-2.659999999999992326e+01 2.538227612049991783e-02 5.529853374348015632e-03
-2.649999999999992184e+01 2.634404552100996430e-02 5.963728093461775383e-03
-2.639999999999992042e+01 2.737464530258658379e-02 6.449840806954365395e-03
-2.629999999999991900e+01 2.848109315617661924e-02 6.996750456287890649e-03
-2.619999999999991758e+01 2.967125021769504573e-02 7.614799390269359584e-03
-2.609999999999991616e+01 3.095390579844485568e-02 8.316564878374297157e-03
-2.599999999999991473e+01 3.233885095581659486e-02 9.117444578595120322e-03
-2.589999999999991331e+01 3.383692370414268652e-02 1.003642092784232109e-02
-2.579999999999991189e+01 3.545999591888711333e-02 1.109706576332628904e-02
-2.569999999999991047e+01 3.722085047598782531e-02 1.232886874831680586e-02
-2.559999999999990905e+01 3.913286076917662365e-02 1.376900300945748355e-02
-2.549999999999990763e+01 4.120932292461337854e-02 1.546468003741269248e-02
-2.539999999999990621e+01 4.346218562679670522e-02 1.747629257974150571e-02
-2.529999999999990479e+01 4.589974233360117478e-02 1.988159198051254323e-02
-2.519999999999990337e+01 4.852254314507183086e-02 2.278117174460698655e-02
-2.509999999999990195e+01 5.131626285883147953e-02 2.630546784919082087e-02
-2.499999999999990052e+01 5.423939891773625621e-02 3.062317809490705534e-02
-2.489999999999989910e+01 5.720231257043750100e-02 3.595006951664430489e-02
-2.479999999999989768e+01 6.003221700182875820e-02 4.255474402577029414e-02
-2.469999999999989626e+01 6.241682171762672621e-02 5.075235695479129311e-02
-2.459999999999989484e+01 6.382022471068618530e-02 6.086563056648249675e-02
-2.449999999999989342e+01 6.337714657843762645e-02 7.311212498668871740e-02
-2.439999999999989200e+01 5.981655404377412416e-02 8.735454300200018452e-02
-2.429999999999989058e+01 5.156986720600732071e-02 1.026728657227815172e-01
-2.419999999999988916e+01 3.734082868153055373e-02 1.169055961849301273e-01
-2.409999999999988773e+01 1.725840335308573281e-02 1.267367298255857033e-01
-2.399999999999988631e+01 -6.119542483610755992e-03 1.290474805401841674e-01
-2.389999999999988489e+01 -2.845829236254140276e-02 1.230004820845929936e-01
-2.379999999999988347e+01 -4.601373433716050149e-02 1.107023749065399049e-01
-2.369999999999988205e+01 -5.739458250526672384e-02 9.561547491450675396e-02
-2.359999999999988063e+01 -6.329153936542708525e-02 8.060663818632761435e-02
-2.349999999999987921e+01 -6.523722307058821279e-02 6.722606169371853069e-02
-2.339999999999987779e+01 -6.469931242173015962e-02 5.597182073199334640e-02
-2.329999999999987637e+01 -6.275957796809834843e-02 4.677590539131121217e-02
-2.319999999999987494e+01 -6.011876389585257829e-02 3.935138506880508230e-02
-2.309999999999987352e+01 -5.719786041031739432e-02 3.337072296851801428e-02
-2.299999999999987210e+01 -5.423644764283606923e-02 2.853794433147956514e-02
-2.289999999999987068e+01 -5.136362137986168197e-02 2.460895675956861067e-02
-2.279999999999986926e+01 -4.864357664524607272e-02 2.139062350015721523e-02
-2.269999999999986784e+01 -4.610336201597207278e-02 1.873292252864308324e-02
-2.259999999999986642e+01 -4.374932137286963174e-02 1.652008517396930457e-02
-2.249999999999986500e+01 -4.157668529177136613e-02 1.466277789572701350e-02
-2.239999999999986358e+01 -3.957510368852573679e-02 1.309181340587431928e-02
-2.229999999999986215e+01 -3.773179756230701787e-02 1.175329977341594591e-02
-2.219999999999986073e+01 -3.603332062667589236e-02 1.060497112926683458e-02
-2.209999999999985931e+01 -3.446651204261907270e-02 9.613434334378610432e-03
-2.199999999999985789e+01 -3.301898077782579322e-02 8.752106271124994799e-03
-2.189999999999985647e+01 -3.167932128265386893e-02 7.999665230548964889e-03
-2.179999999999985505e+01 -3.043717769826865052e-02 7.338883205360801319e-03
-2.169999999999985363e+01 -2.928322535748442701e-02 6.755740415575962193e-03
-2.159999999999985221e+01 -2.820910976041740570e-02 6.238749554233666804e-03
-2.149999999999985079e+01 -2.720736629239726284e-02 5.778436584731999441e-03
-2.139999999999984936e+01 -2.627133392245823568e-02 5.366939056884689058e-03
-2.129999999999984794e+01 -2.539507017670707828e-02 4.997693188597037393e-03
-2.119999999999984652e+01 -2.457327117292049112e-02 4.665188432094346214e-03
-2.109999999999984510e+01 -2.380119845341510665e-02 4.364773686710297744e-03
-2.099999999999984368e+01 -2.307461317666895800e-02 4.092503299732565096e-03
-2.089999999999984226e+01 -2.238971757529961693e-02 3.845013920853130283e-03
-2.079999999999984084e+01 -2.174310324618572085e-02 3.619425435751476034e-03
-2.069999999999983942e+01 -2.113170567998560664e-02 3.413260809291506197e-03
-2.059999999999983800e+01 -2.055276438537663453e-02 3.224380868815543595e-03
-2.049999999999983658e+01 -2.000378797001505296e-02 3.050930960402731609e-03
-2.039999999999983515e+01 -1.948252357868278384e-02 2.891297094039195839e-03
-2.029999999999983373e+01 -1.898693014188955475e-02 2.744069713655324962e-03
-2.019999999999983231e+01 -1.851515494575426551e-02 2.608013626230303895e-03
-2.009999999999983089e+01 -1.806551309141582462e-02 2.482042931085622506e-03
-1.999999999999982947e+01 -1.763646946568930840e-02 2.365200028140243202e-03
-1.989999999999982805e+01 -1.722662289378066452e-02 2.256637969154518062e-03
-1.979999999999982663e+01 -1.683469218853332269e-02 2.155605561037907646e-03
-1.969999999999982521e+01 -1.645950384901955638e-02 2.061434744462393651e-03
-1.959999999999982379e+01 -1.609998119506918929e-02 1.973529861438656427e-03
-1.949999999999982236e+01 -1.575513475324515772e-02 1.891358497302365839e-03
-1.939999999999982094e+01 -1.542405373505994180e-02 1.814443639983094082e-03
-1.929999999999981952e+01 -1.510589846988160019e-02 1.742356945476199528e-03
-1.919999999999981810e+01 -1.479989367350575610e-02 1.674712935530313232e-03
-1.909999999999981668e+01 -1.450532244954406448e-02 1.611163983642599972e-03
-1.899999999999981526e+01 -1.422152093436404585e-02 1.551395969829155253e-03
-1.889999999999981384e+01 -1.394787350823182420e-02 1.495124504581080496e-03
-1.879999999999981242e+01 -1.368380850545271310e-02 1.442091638727174829e-03
-1.869999999999981100e+01 -1.342879436495012652e-02 1.392062989316593174e-03
-1.859999999999980957e+01 -1.318233617037910428e-02 1.344825222725922571e-03
-1.849999999999980815e+01 -1.294397253521514107e-02 1.300183845324867074e-03
-1.839999999999980673e+01 -1.271327279394012660e-02 1.257961259658895445e-03
-1.829999999999980531e+01 -1.248983446527536338e-02 1.217995050442949225e-03
-1.819999999999980389e+01 -1.227328095752318673e-02 1.180136469944609518e-03
-1.809999999999980247e+01 -1.206325948982205423e-02 1.144249096797771799e-03
-1.799999999999980105e+01 -1.185943920615371502e-02 1.110207646001388224e-03
-1.789999999999979963e+01 -1.166150946175299914e-02 1.077896911020454884e-03
-1.779999999999979821e+01 -1.146917826395063220e-02 1.047210821567732056e-03
-1.769999999999979678e+01 -1.128217085149660522e-02 1.018051602892126048e-03
-1.759999999999979536e+01 -1.110022839832851445e-02 9.903290243349119858e-04
-1.749999999999979394e+01 -1.092310682924014197e-02 9.639597265342244019e-04
-1.739999999999979252e+01 -1.075057573636254739e-02 9.388666180655238971e-04
-1.729999999999979110e+01 -1.058241738658890520e-02 9.149783335009059214e-04
-1.719999999999978968e+01 -1.041842581109517218e-02 8.922287458888787746e-04
-1.709999999999978826e+01 -1.025840596914158985e-02 8.705565275519921943e-04
-1.699999999999978684e+01 -1.010217297908857365e-02 8.499047538485263132e-04
-1.689999999999978542e+01 -9.949551410352629535e-03 8.302205452101829933e-04
-1.679999999999978400e+01 -9.800374630676454354e-03 8.114547433362911477e-04
-1.669999999999978257e+01 -9.654484203616232885e-03 7.935616179127809745e-04
-1.659999999999978115e+01 -9.511729331737245330e-03 7.764986006633437486e-04
-1.649999999999977973e+01 -9.371966341387188287e-03 7.602260439042614337e-04
-1.639999999999977831e+01 -9.235058205368977882e-03 7.447070011068284388e-04
-1.629999999999977689e+01 -9.100874100192436061e-03 7.299070272557886801e-04
-1.619999999999977547e+01 -8.969288994860919947e-03 7.157939970369672517e-04
-1.609999999999977405e+01 -8.840183268504173478e-03 7.023379391140826492e-04
-1.599999999999977263e+01 -8.713442354355236188e-03 6.895108849394355902e-04
-1.589999999999977121e+01 -8.588956407842233964e-03 6.772867307175305714e-04
-1.579999999999976978e+01 -8.466619996767871248e-03 6.656411112895630876e-04
-1.569999999999976836e+01 -8.346331811694151365e-03 6.545512848347584964e-04
-1.559999999999976694e+01 -8.227994394876338852e-03 6.439960274074278679e-04
-1.549999999999976552e+01 -8.111513886176037816e-03 6.339555364259024609e-04
-1.539999999999976410e+01 -7.996799784555643290e-03 6.244113423252315928e-04
-1.529999999999976268e+01 -7.883764723874588445e-03 6.153462276667375809e-04
-1.519999999999976126e+01 -7.772324261778691332e-03 6.067441530671819662e-04
-1.509999999999975984e+01 -7.662396680628531104e-03 5.985901893799511469e-04
-1.499999999999975842e+01 -7.553902799442304382e-03 5.908704556138407761e-04
-1.489999999999975699e+01 -7.446765795944249901e-03 5.835720621299553441e-04
-1.479999999999975557e+01 -7.340911037878984982e-03 5.766830587034148855e-04
-1.469999999999975415e+01 -7.236265922782324049e-03 5.701923870760831729e-04
-1.459999999999975273e+01 -7.132759725510221145e-03 5.640898376678361772e-04
-1.449999999999975131e+01 -7.030323452825737625e-03 5.583660101442464727e-04
-1.439999999999974989e+01 -6.928889704424908737e-03 5.530122775716170280e-04
-1.429999999999974847e+01 -6.828392539823298878e-03 5.480207539178810067e-04
-1.419999999999974705e+01 -6.728767350530623706e-03 5.433842646815412788e-04
-1.409999999999974563e+01 -6.629950737025365123e-03 5.390963204566303919e-04
-1.399999999999974420e+01 -6.531880390020641108e-03 5.351510932601528416e-04
-1.389999999999974278e+01 -6.434494975571917325e-03 5.315433954696122338e-04
-1.379999999999974136e+01 -6.337734023600199301e-03 5.282686612358650311e-04
-1.369999999999973994e+01 -6.241537819394503764e-03 5.253229302519832420e-04
-1.359999999999973852e+01 -6.145847297724396641e-03 5.227028337760604524e-04
-1.349999999999973710e+01 -6.050603939160716094e-03 5.204055828185235200e-04
-1.339999999999973568e+01 -5.955749668246995698e-03 5.184289584192476423e-04
-1.329999999999973426e+01 -5.861226753175300536e-03 5.167713039523736491e-04
-1.319999999999973284e+01 -5.766977706599197076e-03 5.154315194083569336e-04
-1.309999999999973141e+01 -5.672945187271368969e-03 5.144090576155388190e-04
-1.299999999999972999e+01 -5.579071902151420959e-03 5.137039223739224775e-04
-1.289999999999972857e+01 -5.485300508662900240e-03 5.133166684855712493e-04
-1.279999999999972715e+01 -5.391573516780285430e-03 5.132484036767199836e-04
-1.269999999999972573e+01 -5.297833190596464015e-03 5.135007924173880679e-04
-1.259999999999972431e+01 -5.204021449066361868e-03 5.140760616553148891e-04
-1.249999999999972289e+01 -5.110079765571477750e-03 5.149770084917797749e-04
-1.239999999999972147e+01 -5.015949065974469392e-03 5.162070098380902756e-04
-1.229999999999972005e+01 -4.921569624824272821e-03 5.177700341027148719e-04
-1.219999999999971863e+01 -4.826880959340121638e-03 5.196706549710463285e-04
-1.209999999999971720e+01 -4.731821720813879709e-03 5.219140673519078550e-04
-1.199999999999971578e+01 -4.636329583057896900e-03 5.245061055774752519e-04
-1.189999999999971436e+01 -4.540341127479372366e-03 5.274532639575806123e-04
-1.179999999999971294e+01 -4.443791724391717504e-03 5.307627198026136162e-04
-1.169999999999971152e+01 -4.346615410105184041e-03 5.344423590457085191e-04
-1.159999999999971010e+01 -4.248744759345980671e-03 5.385008046106246797e-04
-1.149999999999970868e+01 -4.150110752527528396e-03 5.429474476891470430e-04
-1.139999999999970726e+01 -4.050642637337245611e-03 5.477924821122285735e-04
-1.129999999999970584e+01 -3.950267784118652314e-03 5.530469420178081227e-04
-1.119999999999970441e+01 -3.848911534443871102e-03 5.587227430428139043e-04
-1.109999999999970299e+01 -3.746497042262623631e-03 5.648327272901849201e-04
-1.099999999999970157e+01 -3.642945106970604113e-03 5.713907123483198333e-04
-1.089999999999970015e+01 -3.538173997658867337e-03 5.784115446718245991e-04
-1.079999999999969873e+01 -3.432099267803218057e-03 5.859111576617808152e-04
-1.069999999999969731e+01 -3.324633559542223768e-03 5.939066348225315126e-04
-1.059999999999969589e+01 -3.215686396659606788e-03 6.024162784094138365e-04
-1.049999999999969447e+01 -3.105163965315727720e-03 6.114596840250153013e-04
-1.039999999999969305e+01 -2.992968881458790004e-03 6.210578216724106128e-04
-1.029999999999969162e+01 -2.878999943813340123e-03 6.312331238229868359e-04
-1.019999999999969020e+01 -2.763151871192410028e-03 6.420095811200325457e-04
-1.009999999999968878e+01 -2.645315022807650379e-03 6.534128464025192777e-04
-9.999999999999687361e+00 -2.525375100135524714e-03 6.654703478064915440e-04
-9.899999999999685940e+00 -2.403212828730273698e-03 6.782114117869894512e-04
-9.799999999999684519e+00 -2.278703618289117799e-03 6.916673969892002784e-04
-9.699999999999683098e+00 -2.151717199057785052e-03 7.058718400055016308e-04
-9.599999999999681677e+00 -2.022117232525617175e-03 7.208606141659714773e-04
-9.499999999999680256e+00 -1.889760894166429145e-03 7.366721026377677072e-04
-9.399999999999678835e+00 -1.754498425724122790e-03 7.533473872577410883e-04
-9.299999999999677414e+00 -1.616172654366754280e-03 7.709304546772436295e-04
-9.199999999999675993e+00 -1.474618475701905407e-03 7.894684215881300586e-04
-9.099999999999674571e+00 -1.329662297390604014e-03 8.090117809999998032e-04
-8.999999999999673150e+00 -1.181121439770348863e-03 8.296146717703843307e-04
-8.899999999999671729e+00 -1.028803489484027972e-03 8.513351738585459884e-04
-8.799999999999670308e+00 -8.725056017744071968e-04 8.742356320613562781e-04
-8.699999999999668887e+00 -7.120137465741714633e-04 8.983830113369476508e-04
-8.599999999999667466e+00 -5.471018930558041449e-04 9.238492871989974643e-04
-8.499999999999666045e+00 -3.775311267369754753e-04 9.507118750996300469e-04
-8.399999999999664624e+00 -2.030486925433741541e-04 9.790541032239220669e-04
-8.299999999999663203e+00 -2.338695659410972016e-05 1.008965733673402535e-03
-8.199999999999661782e+00 1.617377214153184473e-04 1.040543537677037552e-03
-8.099999999999660361e+00 3.526262142135618005e-04 1.073891931202644503e-03
-7.999999999999658939e+00 5.495979613377756368e-04 1.109123678192236147e-03
-7.899999999999657518e+00 7.529924231156094605e-04 1.146360669634353740e-03
-7.799999999999656097e+00 9.631706666661590810e-04 1.185734787796885589e-03
-7.699999999999654676e+00 1.180517097908714841e-03 1.227388866260869724e-03
-7.599999999999653255e+00 1.405441355174709417e-03 1.271477757887998043e-03
-7.499999999999651834e+00 1.638380381903163652e-03 1.318169524593385336e-03
-7.399999999999650413e+00 1.879800698117023439e-03 1.367646764828856420e-03
-7.299999999999648992e+00 2.130200892705949589e-03 1.420108097008897447e-03
-7.199999999999647571e+00 2.390114361431917855e-03 1.475769819870944612e-03
-7.099999999999646150e+00 2.660112318671976894e-03 1.534867773945300731e-03
-6.999999999999644729e+00 2.940807114524723181e-03 1.597659432051040315e-03
-6.899999999999643308e+00 3.232855893133528696e-03 1.664426251145914278e-03
-6.799999999999641886e+00 3.536964632687680105e-03 1.735476322996210843e-03
-6.699999999999640465e+00 3.853892613141226414e-03 1.811147367256232084e-03
-6.599999999999639044e+00 4.184457363858307133e-03 1.891810117733466268e-03
-6.499999999999637623e+00 4.529540150584036862e-03 1.977872161153752112e-03
-6.399999999999636202e+00 4.890092069543851977e-03 2.069782297919929223e-03
-6.299999999999634781e+00 5.267140825890088973e-03 2.168035506421191021e-03
-6.199999999999633360e+00 5.661798284957417909e-03 2.273178606962188673e-03
-6.099999999999631939e+00 6.075268897509828597e-03 2.385816738709442379e-03
-5.999999999999630518e+00 6.508859115019745983e-03 2.506620783923132340e-03
-5.899999999999629097e+00 6.963987928414412665e-03 2.636335898970585106e-03
-5.799999999999627676e+00 7.442198683584300839e-03 2.775791342065058245e-03
-5.699999999999626255e+00 7.945172350501447656e-03 2.925911824791410740e-03
-5.599999999999624833e+00 8.474742449853769205e-03 3.087730659634271152e-03
-5.499999999999623412e+00 9.032911872764028821e-03 3.262405031019786471e-03
-5.399999999999621991e+00 9.621871866261563072e-03 3.451233785371648956e-03
-5.299999999999620570e+00 1.024402349995508568e-02 3.655678219390639649e-03
-5.199999999999619149e+00 1.090200197976837551e-02 3.877386449609671569e-03
-5.099999999999617728e+00 1.159870423278099028e-02 4.118222075263104284e-03
-4.999999999999616307e+00 1.233732025493933931e-02 4.380298007670542504e-03
-4.899999999999614886e+00 1.312136879202982498e-02 4.666016541638386313e-03
-4.799999999999613465e+00 1.395473801425260035e-02 4.978116999189591621e-03
-4.699999999999612044e+00 1.484173194832350690e-02 5.319732598977373536e-03
-4.599999999999610623e+00 1.578712354761889480e-02 5.694458615777483156e-03
-4.499999999999609201e+00 1.679621541095417669e-02 6.106434420539519868e-03
-4.399999999999607780e+00 1.787490930244656218e-02 6.560442668471274524e-03
-4.299999999999606359e+00 1.902978577277349842e-02 7.062029778104921690e-03
-4.199999999999604938e+00 2.026819532829336745e-02 7.617652983754288898e-03
-4.099999999999603517e+00 2.159836271987927714e-02 8.234860734537521182e-03
-3.999999999999602096e+00 2.302950599851861374e-02 8.922515175732708553e-03
-3.899999999999600675e+00 2.457197195814492946e-02 9.691068047719441844e-03
-3.799999999999599254e+00 2.623738936928070309e-02 1.055290480094351994e-02
-3.699999999999597833e+00 2.803884085787600872e-02 1.152277636878449620e-02
-3.599999999999596412e+00 2.999105316100571933e-02 1.261834430180505326e-02
-3.499999999999594991e+00 3.211060340179699990e-02 1.386087345997155836e-02
-3.399999999999593570e+00 3.441613531805580439e-02 1.527611804047063204e-02
-3.299999999999592148e+00 3.692857296738785711e-02 1.689546258057998684e-02
-3.199999999999590727e+00 3.967130851379421091e-02 1.875740137557131010e-02
-3.099999999999589306e+00 4.267032224351142988e-02 2.090946975517895060e-02
-2.999999999999587885e+00 4.595416184700396034e-02 2.341078189330767639e-02
-2.899999999999586464e+00 4.955365554165543779e-02 2.633538612177325350e-02
-2.799999999999585043e+00 5.350114490980026338e-02 2.977672445173092097e-02
-2.699999999999583622e+00 5.782887280543574232e-02 3.385358187717389666e-02
-2.599999999999582201e+00 6.256590524028961264e-02 3.871803243441369197e-02
-2.499999999999580780e+00 6.773252804630755519e-02 4.456601849781145069e-02
-2.399999999999579359e+00 7.333031081767057979e-02 5.165128567166047541e-02
-2.299999999999577938e+00 7.932476081754313846e-02 6.030329298519783443e-02
-2.199999999999576517e+00 8.561537446138713092e-02 7.094906026959409140e-02
-2.099999999999575095e+00 9.198451953615985333e-02 8.413682912508636813e-02
-1.999999999999573674e+00 9.801170622184815495e-02 1.005539389195101441e-01
-1.899999999999572253e+00 1.029344595882772384e-01 1.210183823512156059e-01
-1.799999999999570832e+00 1.054370104401512187e-01 1.463958835851436879e-01
-1.699999999999569411e+00 1.033730452219509405e-01 1.773439897686094058e-01
-1.599999999999567990e+00 9.352802205716426176e-02 2.137218683796045515e-01
-1.499999999999566569e+00 7.177486368068823619e-02 2.535251910699901079e-01
-1.399999999999565148e+00 3.432497359113242941e-02 2.916011013622787917e-01
-1.299999999999563727e+00 -1.941329047524335827e-02 3.194630786452953841e-01
-1.199999999999562306e+00 -8.380396935809764081e-02 3.282589063281926012e-01
-1.099999999999560885e+00 -1.477310630966008620e-01 3.143478829639003713e-01
-9.999999999995594635e-01 -2.004563641323104106e-01 2.821247035721090590e-01
-8.999999999995580424e-01 -2.370890876393863811e-01 2.406025802887299114e-01
-7.999999999995566213e-01 -2.587440815754761814e-01 1.979221523546880190e-01
-6.999999999995552002e-01 -2.693623052420019981e-01 1.587846214478532969e-01
-5.999999999995537792e-01 -2.730085682010843784e-01 1.248584836609988313e-01
-4.999999999995523581e-01 -2.727771630583067930e-01 9.608279915578395169e-02
-3.999999999995509370e-01 -2.707108207317243664e-01 7.168614769276765442e-02
-2.999999999995495159e-01 -2.680693281688248386e-01 5.073565264333419755e-02
-1.999999999995480948e-01 -2.656331166856314985e-01 3.235214947858400247e-02
-9.999999999954667373e-02 -2.639290846965981485e-01 1.572034729798791469e-02
4.547473508864641190e-13 -2.633154441685269243e-01 -1.465910726139441067e-13
1.000000000004561684e-01 -2.639290846966090842e-01 -1.572034729813369391e-02
2.000000000004575895e-01 -2.656331166856510384e-01 -3.235214947874200803e-02
3.000000000004590106e-01 -2.680693281688488749e-01 -5.073565264351181242e-02
4.000000000004604317e-01 -2.707108207317471815e-01 -7.168614769297246281e-02
5.000000000004618528e-01 -2.727771630583196161e-01 -9.608279915602435661e-02
6.000000000004632739e-01 -2.730085682010726655e-01 -1.248584836612831317e-01
7.000000000004646949e-01 -2.693623052419426567e-01 -1.587846214481863916e-01
8.000000000004661160e-01 -2.587440815753360157e-01 -1.979221523550645512e-01
9.000000000004675371e-01 -2.370890876391262281e-01 -2.406025802891227361e-01
1.000000000000468958e+00 -2.004563641319019873e-01 -2.821247035724588348e-01
1.100000000000470379e+00 -1.477310630960576021e-01 -3.143478829641220273e-01
1.200000000000471800e+00 -8.380396935749531706e-02 -3.282589063282164710e-01
1.300000000000473221e+00 -1.941329047469229213e-02 -3.194630786451175264e-01
1.400000000000474643e+00 3.432497359155028960e-02 -2.916011013619643211e-01
1.500000000000476064e+00 7.177486368095298275e-02 -2.535251910696253441e-01
1.600000000000477485e+00 9.352802205730137430e-02 -2.137218683792531104e-01
1.700000000000478906e+00 1.033730452219994017e-01 -1.773439897683020405e-01
1.800000000000480327e+00 1.054370104401452235e-01 -1.463958835848881979e-01
1.900000000000481748e+00 1.029344595882409896e-01 -1.210183823510084383e-01
2.000000000000483169e+00 9.801170622179686265e-02 -1.005539389193437771e-01
2.100000000000484590e+00 9.198451953610259357e-02 -8.413682912495286381e-02
2.200000000000486011e+00 8.561537446132908014e-02 -7.094906026948664957e-02
2.300000000000487432e+00 7.932476081748707220e-02 -6.030329298511080682e-02
2.400000000000488853e+00 7.333031081761781644e-02 -5.165128567158949746e-02
2.500000000000490274e+00 6.773252804625859436e-02 -4.456601849775307378e-02
2.600000000000491696e+00 6.256590524024457922e-02 -3.871803243436530706e-02
2.700000000000493117e+00 5.782887280539457386e-02 -3.385358187713349148e-02
2.800000000000494538e+00 5.350114490976268233e-02 -2.977672445169692386e-02
2.900000000000495959e+00 4.955365554162115271e-02 -2.633538612174446056e-02
3.000000000000497380e+00 4.595416184697270062e-02 -2.341078189328313006e-02
3.100000000000498801e+00 4.267032224348291103e-02 -2.090946975515789799e-02
3.200000000000500222e+00 3.967130851376816925e-02 -1.875740137555314407e-02
3.300000000000501643e+00 3.692857296736399425e-02 -1.689546258056421821e-02
3.400000000000503064e+00 3.441613531803392606e-02 -1.527611804045689303e-02
3.500000000000504485e+00 3.211060340177690486e-02 -1.386087345995951764e-02
3.600000000000505906e+00 2.999105316098725493e-02 -1.261834430179446104e-02
3.700000000000507328e+00 2.803884085785895292e-02 -1.152277636877513042e-02
3.800000000000508749e+00 2.623738936926496568e-02 -1.055290480093521235e-02
3.900000000000510170e+00 2.457197195813035778e-02 -9.691068047712050187e-03
4.000000000000511591e+00 2.302950599850509678e-02 -8.922515175726100992e-03
4.100000000000513012e+00 2.159836271986673162e-02 -8.234860734531602305e-03
4.200000000000514433e+00 2.026819532828169623e-02 -7.617652983748966766e-03
4.300000000000515854e+00 1.902978577276262517e-02 -7.062029778100125180e-03
4.400000000000517275e+00 1.787490930243641057e-02 -6.560442668466939450e-03
4.500000000000518696e+00 1.679621541094467041e-02 -6.106434420535590719e-03
4.600000000000520117e+00 1.578712354761000608e-02 -5.694458615773912227e-03
4.700000000000521538e+00 1.484173194831516635e-02 -5.319732598974122664e-03
4.800000000000522959e+00 1.395473801424477328e-02 -4.978116999186624377e-03
4.900000000000524381e+00 1.312136879202249057e-02 -4.666016541635674073e-03
5.000000000000525802e+00 1.233732025493242124e-02 -4.380298007668053176e-03
5.100000000000527223e+00 1.159870423277448159e-02 -4.118222075260821388e-03
5.200000000000528644e+00 1.090200197976222418e-02 -3.877386449607573855e-03
5.300000000000530065e+00 1.024402349994926395e-02 -3.655678219388701963e-03
5.400000000000531486e+00 9.621871866256060529e-03 -3.451233785369864793e-03
5.500000000000532907e+00 9.032911872758824651e-03 -3.262405031018135882e-03
5.600000000000534328e+00 8.474742449848832182e-03 -3.087730659632741560e-03
5.700000000000535749e+00 7.945172350496760433e-03 -2.925911824789993905e-03
5.800000000000537170e+00 7.442198683579832191e-03 -2.775791342063742458e-03
5.900000000000538591e+00 6.963987928410173001e-03 -2.636335898969363861e-03
6.000000000000540012e+00 6.508859115015714486e-03 -2.506620783921995662e-03
6.100000000000541434e+00 6.075268897505987920e-03 -2.385816738708381162e-03
6.200000000000542855e+00 5.661798284953747235e-03 -2.273178606961199014e-03
6.300000000000544276e+00 5.267140825886581362e-03 -2.168035506420268148e-03
6.400000000000545697e+00 4.890092069540493552e-03 -2.069782297919065331e-03
6.500000000000547118e+00 4.529540150580834562e-03 -1.977872161152943731e-03
6.600000000000548539e+00 4.184457363855236672e-03 -1.891810117732708628e-03
6.700000000000549960e+00 3.853892613138284323e-03 -1.811147367255522148e-03
6.800000000000551381e+00 3.536964632684852505e-03 -1.735476322995543408e-03
6.900000000000552802e+00 3.232855893130808650e-03 -1.664426251145288043e-03
7.000000000000554223e+00 2.940807114522117627e-03 -1.597659432050451810e-03
7.100000000000555644e+00 2.660112318669471954e-03 -1.534867773944746487e-03
7.200000000000557066e+00 2.390114361429506590e-03 -1.475769819870422677e-03
7.300000000000558487e+00 2.130200892703625060e-03 -1.420108097008405653e-03
7.400000000000559908e+00 1.879800698114789115e-03 -1.367646764828393466e-03
7.500000000000561329e+00 1.638380381901012595e-03 -1.318169524592948836e-03
7.600000000000562750e+00 1.405441355172641626e-03 -1.271477757887586263e-03
7.700000000000564171e+00 1.180517097906709501e-03 -1.227388866260480061e-03
7.800000000000565592e+00 9.631706666642196601e-04 -1.185734787796518478e-03
7.900000000000567013e+00 7.529924231137324897e-04 -1.146360669634005928e-03
8.000000000000568434e+00 5.495979613359576466e-04 -1.109123678191906983e-03
8.100000000000569855e+00 3.526262142117993215e-04 -1.073891931202331602e-03
8.200000000000571276e+00 1.617377214136045405e-04 -1.040543537676742215e-03
8.300000000000572697e+00 -2.338695659577158525e-05 -1.008965733673122594e-03
8.400000000000574119e+00 -2.030486925449839775e-04 -9.790541032236568710e-04
8.500000000000575540e+00 -3.775311267385401959e-04 -9.507118750993793794e-04
8.600000000000576961e+00 -5.471018930573202932e-04 -9.238492871987598071e-04
8.700000000000578382e+00 -7.120137465756529171e-04 -8.983830113367225704e-04
8.800000000000579803e+00 -8.725056017758504867e-04 -8.742356320611422565e-04
8.900000000000581224e+00 -1.028803489485426159e-03 -8.513351738583430257e-04
9.000000000000582645e+00 -1.181121439771719295e-03 -8.296146717701915595e-04
9.100000000000584066e+00 -1.329662297391936282e-03 -8.090117809998175489e-04
9.200000000000585487e+00 -1.474618475703206449e-03 -7.894684215879570199e-04
9.300000000000586908e+00 -1.616172654368024098e-03 -7.709304546770794813e-04
9.400000000000588329e+00 -1.754498425725357913e-03 -7.533473872575856137e-04
9.500000000000589750e+00 -1.889760894167646921e-03 -7.366721026376202557e-04
9.600000000000591172e+00 -2.022117232526807196e-03 -7.208606141658316152e-04
9.700000000000592593e+00 -2.151717199058957725e-03 -7.058718400053690329e-04
9.800000000000594014e+00 -2.278703618290262717e-03 -6.916673969890744025e-04
9.900000000000595435e+00 -2.403212828731397799e-03 -6.782114117868702973e-04
1.000000000000059686e+01 -2.525375100136624529e-03 -6.654703478063788953e-04
1.010000000000059828e+01 -2.645315022808729377e-03 -6.534128464024127007e-04
1.020000000000059970e+01 -2.763151871193475148e-03 -6.420095811199312812e-04
1.030000000000060112e+01 -2.878999943814386162e-03 -6.312331238228916430e-04
1.040000000000060254e+01 -2.992968881459815225e-03 -6.210578216723209493e-04
1.050000000000060396e+01 -3.105163965316740798e-03 -6.114596840249304083e-04
1.060000000000060538e+01 -3.215686396660605989e-03 -6.024162784093339308e-04
1.070000000000060680e+01 -3.324633559543207356e-03 -5.939066348224563774e-04
1.080000000000060822e+01 -3.432099267804189502e-03 -5.859111576617103420e-04
1.090000000000060965e+01 -3.538173997659828374e-03 -5.784115446717590049e-04
1.100000000000061107e+01 -3.642945106971551272e-03 -5.713907123482583591e-04
1.110000000000061249e+01 -3.746497042263563851e-03 -5.648327272901272405e-04
1.120000000000061391e+01 -3.848911534444802648e-03 -5.587227430427601279e-04
1.130000000000061533e+01 -3.950267784119568248e-03 -5.530469420177581410e-04
1.140000000000061675e+01 -4.050642637338149402e-03 -5.477924821121829286e-04
1.150000000000061817e+01 -4.150110752528430452e-03 -5.429474476891051928e-04
1.160000000000061959e+01 -4.248744759346872318e-03 -5.385008046105861906e-04
1.170000000000062101e+01 -4.346615410106067015e-03 -5.344423590456732825e-04
1.180000000000062244e+01 -4.443791724392597009e-03 -5.307627198025819575e-04
1.190000000000062386e+01 -4.540341127480243197e-03 -5.274532639575520978e-04
1.200000000000062528e+01 -4.636329583058767731e-03 -5.245061055774503152e-04
1.210000000000062670e+01 -4.731821720814750540e-03 -5.219140673518860626e-04
1.220000000000062812e+01 -4.826880959340983795e-03 -5.196706549710276802e-04
1.230000000000062954e+01 -4.921569624825129774e-03 -5.177700341026991509e-04
1.240000000000063096e+01 -5.015949065975324611e-03 -5.162070098380778073e-04
1.250000000000063238e+01 -5.110079765572338173e-03 -5.149770084917701255e-04
1.260000000000063380e+01 -5.204021449067213617e-03 -5.140760616553083839e-04
1.270000000000063523e+01 -5.297833190597315764e-03 -5.135007924173839479e-04
1.280000000000063665e+01 -5.391573516780285430e-03 -5.132484036767202005e-04
1.290000000000063807e+01 -5.485300508663751989e-03 -5.133166684855732008e-04
1.300000000000063949e+01 -5.579071902152269238e-03 -5.137039223739276817e-04
1.310000000000064091e+01 -5.672945187272224188e-03 -5.144090576155468421e-04
1.320000000000064233e+01 -5.766977706600048825e-03 -5.154315194083677757e-04
1.330000000000064375e+01 -5.861226753176160958e-03 -5.167713039523873101e-04
1.340000000000064517e+01 -5.955749668247852652e-03 -5.184289584192643390e-04
1.350000000000064659e+01 -6.050603939161579986e-03 -5.204055828185430357e-04
1.360000000000064801e+01 -6.145847297725267472e-03 -5.227028337760825701e-04
1.370000000000064944e+01 -6.241537819395376330e-03 -5.253229302520081787e-04
1.380000000000065086e+01 -6.337734023601082275e-03 -5.282686612358933288e-04
1.390000000000065228e+01 -6.434494975572801166e-03 -5.315433954696435672e-04
1.400000000000065370e+01 -6.531880390021531022e-03 -5.351510932601868855e-04
1.410000000000065512e+01 -6.629950737026255904e-03 -5.390963204566679053e-04
1.420000000000065654e+01 -6.728767350531526630e-03 -5.433842646815820448e-04
1.430000000000065796e+01 -6.828392539824209607e-03 -5.480207539179245916e-04
1.440000000000065938e+01 -6.928889704425829875e-03 -5.530122775716638656e-04
1.450000000000066080e+01 -7.030323452826664835e-03 -5.583660101442968881e-04
1.460000000000066223e+01 -7.132759725511155294e-03 -5.640898376678899536e-04
1.470000000000066365e+01 -7.236265922783271208e-03 -5.701923870761404188e-04
1.480000000000066507e+01 -7.340911037879941682e-03 -5.766830587034760345e-04
1.490000000000066649e+01 -7.446765795945220479e-03 -5.835720621300195289e-04
1.500000000000066791e+01 -7.553902799443284501e-03 -5.908704556139088640e-04
1.510000000000066933e+01 -7.662396680629521631e-03 -5.985901893800233547e-04
1.520000000000067075e+01 -7.772324261779699206e-03 -6.067441530672582940e-04
1.530000000000067217e+01 -7.883764723875604993e-03 -6.153462276668178119e-04
1.540000000000067359e+01 -7.996799784556677185e-03 -6.244113423253161606e-04
1.550000000000067502e+01 -8.111513886177083854e-03 -6.339555364259912571e-04
1.560000000000067644e+01 -8.227994394877407441e-03 -6.439960274075216514e-04
1.570000000000067786e+01 -8.346331811695235567e-03 -6.545512848348567251e-04
1.580000000000067928e+01 -8.466619996768972797e-03 -6.656411112896663037e-04
1.590000000000068070e+01 -8.588956407843352861e-03 -6.772867307176394253e-04
1.600000000000068212e+01 -8.713442354356381106e-03 -6.895108849395493230e-04
1.610000000000068354e+01 -8.840183268505334008e-03 -7.023379391142021283e-04
1.620000000000068496e+01 -8.969288994862109968e-03 -7.157939970370925855e-04
1.630000000000068638e+01 -9.100874100193641694e-03 -7.299070272559203022e-04
1.640000000000068781e+01 -9.235058205370211271e-03 -7.447070011069662409e-04
1.650000000000068923e+01 -9.371966341388440758e-03 -7.602260439044057410e-04
1.660000000000069065e+01 -9.511729331738530760e-03 -7.764986006634953201e-04
1.670000000000069207e+01 -9.654484203617540866e-03 -7.935616179129399185e-04
1.680000000000069349e+01 -9.800374630677798765e-03 -8.114547433364580065e-04
1.690000000000069491e+01 -9.949551410354001701e-03 -8.302205452103582003e-04
1.700000000000069633e+01 -1.010217297908997704e-02 -8.499047538487096518e-04
1.710000000000069775e+01 -1.025840596914302447e-02 -8.705565275521842065e-04
1.720000000000069917e+01 -1.041842581109664496e-02 -8.922287458890808699e-04
1.730000000000070060e+01 -1.058241738659041788e-02 -9.149783335011180997e-04
1.740000000000070202e+01 -1.075057573636409650e-02 -9.388666180657462669e-04
1.750000000000070344e+01 -1.092310682924173618e-02 -9.639597265344583728e-04
1.760000000000070486e+01 -1.110022839833014856e-02 -9.903290243351583165e-04
1.770000000000070628e+01 -1.128217085149828616e-02 -1.018051602892384739e-03
1.780000000000070770e+01 -1.146917826395235304e-02 -1.047210821568004407e-03
1.790000000000070912e+01 -1.166150946175477723e-02 -1.077896911020741113e-03
1.800000000000071054e+01 -1.185943920615553822e-02 -1.110207646001689632e-03
1.810000000000071196e+01 -1.206325948982393641e-02 -1.144249096798089687e-03
1.820000000000071338e+01 -1.227328095752512269e-02 -1.180136469944944536e-03
1.830000000000071481e+01 -1.248983446527736525e-02 -1.217995050443303109e-03
1.840000000000071623e+01 -1.271327279394219266e-02 -1.257961259659269061e-03
1.850000000000071765e+01 -1.294397253521727305e-02 -1.300183845325261723e-03
1.860000000000071907e+01 -1.318233617038131085e-02 -1.344825222726339989e-03
1.870000000000072049e+01 -1.342879436495240594e-02 -1.392062989317035095e-03
1.880000000000072191e+01 -1.368380850545507232e-02 -1.442091638727642988e-03
1.890000000000072333e+01 -1.394787350823427016e-02 -1.495124504581577278e-03
1.900000000000072475e+01 -1.422152093436658028e-02 -1.551395969829682392e-03
1.910000000000072617e+01 -1.450532244954669432e-02 -1.611163983643160505e-03
1.920000000000072760e+01 -1.479989367350848482e-02 -1.674712935530909327e-03
1.930000000000072902e+01 -1.510589846988444167e-02 -1.742356945476834437e-03
1.940000000000073044e+01 -1.542405373506289604e-02 -1.814443639983770624e-03
1.950000000000073186e+01 -1.575513475324823165e-02 -1.891358497303088785e-03
1.960000000000073328e+01 -1.609998119507239506e-02 -1.973529861439429680e-03
1.970000000000073470e+01 -1.645950384902290092e-02 -2.061434744463220680e-03
1.980000000000073612e+01 -1.683469218853680949e-02 -2.155605561038794089e-03
1.990000000000073754e+01 -1.722662289378430744e-02 -2.256637969155469992e-03
2.000000000000073896e+01 -1.763646946569312826e-02 -2.365200028141267122e-03
2.010000000000074039e+01 -1.806551309141981795e-02 -2.482042931086726224e-03
2.020000000000074181e+01 -1.851515494575845661e-02 -2.608013626231494349e-03
2.030000000000074323e+01 -1.898693014189395054e-02 -2.744069713656610825e-03
2.040000000000074465e+01 -1.948252357868740514e-02 -2.891297094040589689e-03
2.050000000000074607e+01 -2.000378797001992059e-02 -3.050930960404244288e-03
2.060000000000074749e+01 -2.055276438538176237e-02 -3.224380868817188547e-03
2.070000000000074891e+01 -2.113170567999101551e-02 -3.413260809293299902e-03
2.080000000000075033e+01 -2.174310324619144197e-02 -3.619425435753437139e-03
2.090000000000075175e+01 -2.238971757530566764e-02 -3.845013920855278305e-03
2.100000000000075318e+01 -2.307461317667536954e-02 -4.092503299734923453e-03
2.110000000000075460e+01 -2.380119845342191370e-02 -4.364773686712896360e-03
2.120000000000075602e+01 -2.457327117292773533e-02 -4.665188432097217182e-03
2.130000000000075744e+01 -2.539507017671479433e-02 -4.997693188600222346e-03
2.140000000000075886e+01 -2.627133392246646174e-02 -5.366939056888229628e-03
2.150000000000076028e+01 -2.720736629240606483e-02 -5.778436584735953743e-03
2.160000000000076170e+01 -2.820910976042684259e-02 -6.238749554238099022e-03
2.170000000000076312e+01 -2.928322535749455086e-02 -6.755740415580950391e-03
2.180000000000076454e+01 -3.043717769827953418e-02 -7.338883205366439171e-03
2.190000000000076597e+01 -3.167932128266559566e-02 -7.999665230555366019e-03
2.200000000000076739e+01 -3.301898077783845670e-02 -8.752106271132303189e-03
2.210000000000076881e+01 -3.446651204263276314e-02 -9.613434334387003025e-03
2.220000000000077023e+01 -3.603332062669072772e-02 -1.060497112927651781e-02
2.230000000000077165e+01 -3.773179756232310222e-02 -1.175329977342719906e-02
2.240000000000077307e+01 -3.957510368854319505e-02 -1.309181340588748063e-02
2.250000000000077449e+01 -4.157668529179033706e-02 -1.466277789574250978e-02
2.260000000000077591e+01 -4.374932137289019862e-02 -1.652008517398768916e-02
2.270000000000077733e+01 -4.610336201599433276e-02 -1.873292252866507954e-02
2.280000000000077875e+01 -4.864357664527001884e-02 -2.139062350018374262e-02
2.290000000000078018e+01 -5.136362137988717547e-02 -2.460895675960085918e-02
2.300000000000078160e+01 -5.423644764286274234e-02 -2.853794433151907520e-02
2.310000000000078302e+01 -5.719786041034441437e-02 -3.337072296856677389e-02
2.320000000000078444e+01 -6.011876389587834935e-02 -3.935138506886555476e-02
2.330000000000078586e+01 -6.275957796811998390e-02 -4.677590539138629100e-02
2.340000000000078728e+01 -6.469931242174274677e-02 -5.597182073208600145e-02
2.350000000000078870e+01 -6.523722307058377190e-02 -6.722606169383074648e-02
2.360000000000079012e+01 -6.329153936539386183e-02 -8.060663818645812106e-02
2.370000000000079154e+01 -5.739458250519020172e-02 -9.561547491464694737e-02
2.380000000000079297e+01 -4.601373433702872495e-02 -1.107023749066696622e-01
2.390000000000079439e+01 -2.845829236235587756e-02 -1.230004820846813257e-01
2.400000000000079581e+01 -6.119542483395926970e-03 -1.290474805402023195e-01
2.410000000000079723e+01 1.725840335328913955e-02 -1.267367298255268893e-01
2.420000000000079865e+01 3.734082868168847602e-02 -1.169055961848151914e-01
2.430000000000080007e+01 5.156986720610821917e-02 -1.026728657226427949e-01
2.440000000000080149e+01 5.981655404382536789e-02 -8.735454300186352994e-02
2.450000000000080291e+01 6.337714657845361366e-02 -7.311212498656761982e-02
2.460000000000080433e+01 6.382022471068023173e-02 -6.086563056638098768e-02
2.470000000000080576e+01 6.241682171760846304e-02 -5.075235695470847741e-02
2.480000000000080718e+01 6.003221700180444431e-02 -4.255474402570349340e-02
2.490000000000080860e+01 5.720231257041079320e-02 -3.595006951659048683e-02
2.500000000000081002e+01 5.423939891770929861e-02 -3.062317809486356582e-02
2.510000000000081144e+01 5.131626285880538929e-02 -2.630546784915544639e-02
2.520000000000081286e+01 4.852254314504717003e-02 -2.278117174457799932e-02
2.530000000000081428e+01 4.589974233357815847e-02 -1.988159198048859364e-02
2.540000000000081570e+01 4.346218562677538200e-02 -1.747629257972155639e-02
2.550000000000081712e+01 4.120932292459371371e-02 -1.546468003739593505e-02
2.560000000000081855e+01 3.913286076914038875e-02 -1.376900300942912429e-02
2.570000000000081997e+01 3.722085047597113727e-02 -1.232886874830471657e-02
2.580000000000082139e+01 3.545999591887173674e-02 -1.109706576331591019e-02
2.590000000000082281e+01 3.383692370412851730e-02 -1.003642092783335778e-02
2.600000000000082423e+01 3.233885095580350810e-02 -9.117444578587331414e-03
2.610000000000082565e+01 3.095390579843273343e-02 -8.316564878367488367e-03
2.620000000000082707e+01 2.967125021768381860e-02 -7.614799390263379993e-03
2.630000000000082849e+01 2.848109315616617968e-02 -6.996750456282609283e-03
2.640000000000082991e+01 2.737464530257688322e-02 -6.449840806949684244e-03
2.650000000000083134e+01 2.634404552100091251e-02 -5.963728093457603373e-03
2.660000000000083276e+01 2.538227612049146625e-02 -5.529853374344284242e-03
2.670000000000083418e+01 2.448307660506189587e-02 -5.141090489720226246e-03
2.680000000000083560e+01 2.364086107240329082e-02 -4.791471905588831626e-03
2.690000000000083702e+01 2.285064180218917759e-02 -4.475972903360331788e-03
2.700000000000083844e+01 2.210796005229163919e-02 -4.190340581845501330e-03
2.710000000000083986e+01 2.140882422148505937e-02 -3.930957505397666973e-03
2.720000000000084128e+01 2.074965507203819018e-02 -3.694732312053178921e-03
2.730000000000084270e+01 2.012723747541471375e-02 -3.479011433701159790e-03
2.740000000000084412e+01 1.953867805062490387e-02 -3.281507450555247538e-03
2.750000000000084555e+01 1.898136804877834094e-02 -3.100240629901134925e-03
2.760000000000084697e+01 1.845295086424067477e-02 -2.933490974821360321e-03
2.770000000000084839e+01 1.795129360016646525e-02 -2.779758697397309401e-03
2.780000000000084981e+01 1.747446217273554772e-02 -2.637731480788152276e-03
2.790000000000085123e+01 1.702069949630111503e-02 -2.506257240201913931e-03
2.800000000000085265e+01 1.658840634705370520e-02 -2.384321359818960227e-03
2.810000000000085407e+01 1.617612455427715895e-02 -2.271027590353967649e-03
2.820000000000085549e+01 1.578252221414154499e-02 -2.165581954037741359e-03
2.830000000000085691e+01 1.540638066196265907e-02 -2.067279131216675971e-03
2.840000000000085834e+01 1.504658297461361829e-02 -1.975490903313169809e-03
2.850000000000085976e+01 1.470210380576233121e-02 -1.889656306631182225e-03
2.860000000000086118e+01 1.437200038371137280e-02 -1.809273215128000397e-03
2.870000000000086260e+01 1.405540452463894044e-02 -1.733891121144526043e-03
2.880000000000086402e+01 1.375151553413074025e-02 -1.663104924075723160e-03
2.890000000000086544e+01 1.345959388704657048e-02 -1.596549570045200338e-03
2.900000000000086686e+01 1.317895559041320011e-02 -1.533895412464484189e-03
2.910000000000086828e+01 1.290896714685203263e-02 -1.474844185251362105e-03
2.920000000000086970e+01 1.264904104678009344e-02 -1.419125498317307370e-03
2.930000000000087113e+01 1.239863172707651555e-02 -1.366493779622299318e-03
2.940000000000087255e+01 1.215723194195061224e-02 -1.316725600171649501e-03
2.950000000000087397e+01 1.192436949860620557e-02 -1.269617328296333272e-03
2.960000000000087539e+01 1.169960431640648842e-02 -1.224983067864093703e-03
2.970000000000087681e+01 1.148252577328774497e-02 -1.182652841930976724e-03
2.980000000000087823e+01 1.127275030772082430e-02 -1.142470989109449974e-03
2.990000000000087965e+01 1.106991924838633852e-02 -1.104294744741226393e-03
3.000000000000088107e+01 1.087369684702296606e-02 -1.067992982992570401e-03
3.010000000000088249e+01 1.068376849293328421e-02 -1.033445099414277181e-03
3.020000000000088392e+01 1.049983909006764124e-02 -1.000540016363313982e-03
3.030000000000088534e+01 1.032163157988818039e-02 -9.691752961303296389e-04
3.040000000000088676e+01 1.014888559514407797e-02 -9.392563486827320684e-04
3.050000000000088818e+01 9.981356231323323600e-03 -9.106957226823896197e-04
3.060000000000088960e+01 9.818812924116581548e-03 -8.834124699539143031e-04
3.070000000000089102e+01 9.661038422438525397e-03 -8.573315748478135779e-04
3.080000000000089244e+01 9.507827847750192907e-03 -8.323834410535914516e-04
3.090000000000089386e+01 9.358987831425923803e-03 -8.085034293628258050e-04
3.100000000000089528e+01 9.214335722744985968e-03 -7.856314406889334384e-04
3.110000000000089670e+01 9.073698860945528244e-03 -7.637115393658816358e-04
3.120000000000089813e+01 8.936913905392208576e-03 -7.426916123436142587e-04
3.130000000000089955e+01 8.803826218568665610e-03 -7.225230604327719398e-04
3.140000000000090097e+01 8.674289297144361158e-03 -7.031605182080253019e-04
3.150000000000090239e+01 8.548164246803820893e-03 -6.845615995709322709e-04
3.160000000000090381e+01 8.425319297020361989e-03 -6.666866663302237379e-04
3.170000000000090523e+01 8.305629352270057011e-03 -6.494986174502324168e-04
3.180000000000090665e+01 8.188975576563237505e-03 -6.329626968895400415e-04
3.190000000000090807e+01 8.075245008470689420e-03 -6.170463181835163192e-04
