-3.000000000000000000e+01 -6.617956109752391671e-05 -1.700786150271596736e-04
-2.989999999999999858e+01 -6.670833706709527631e-05 -1.709206450949188045e-04
-2.979999999999999716e+01 -6.724381532188930055e-05 -1.717719674313381701e-04
-2.969999999999999574e+01 -6.778611472905631083e-05 -1.726327443212496645e-04
-2.959999999999999432e+01 -6.833535689840231336e-05 -1.735031419248089096e-04
-2.949999999999999289e+01 -6.889166626082376217e-05 -1.743833303946631670e-04
-2.939999999999999147e+01 -6.945517014942783674e-05 -1.752734839974032319e-04
-2.929999999999999005e+01 -7.002599888344566504e-05 -1.761737812394834600e-04
-2.919999999999998863e+01 -7.060428585505027323e-05 -1.770844049978028865e-04
-2.909999999999998721e+01 -7.119016761919700655e-05 -1.780055426551498338e-04
-2.899999999999998579e+01 -7.178378398660877329e-05 -1.789373862407231050e-04
-2.889999999999998437e+01 -7.238527812003509162e-05 -1.798801325759517280e-04
-2.879999999999998295e+01 -7.299479663391860752e-05 -1.808339834258496602e-04
-2.869999999999998153e+01 -7.361248969761058597e-05 -1.817991456561502122e-04
-2.859999999999998010e+01 -7.423851114228251506e-05 -1.827758313964799653e-04
-2.849999999999997868e+01 -7.487301857168769854e-05 -1.837642582098451859e-04
-2.839999999999997726e+01 -7.551617347693594128e-05 -1.847646492687161782e-04
-2.829999999999997584e+01 -7.616814135544890487e-05 -1.857772335380115003e-04
-2.819999999999997442e+01 -7.682909183427625980e-05 -1.868022459653000122e-04
-2.809999999999997300e+01 -7.749919879795642017e-05 -1.878399276785536599e-04
-2.799999999999997158e+01 -7.817864052111965999e-05 -1.888905261918036598e-04
-2.789999999999997016e+01 -7.886759980603730562e-05 -1.899542956190707716e-04
-2.779999999999996874e+01 -7.956626412533243523e-05 -1.910314968969592693e-04
-2.769999999999996732e+01 -8.027482577007839901e-05 -1.921223980163286641e-04
-2.759999999999996589e+01 -8.099348200352230224e-05 -1.932272742634745326e-04
-2.749999999999996447e+01 -8.172243522068203163e-05 -1.943464084712795859e-04
-2.739999999999996305e+01 -8.246189311407955426e-05 -1.954800912808165019e-04
-2.729999999999996163e+01 -8.321206884588454832e-05 -1.966286214139142919e-04
-2.719999999999996021e+01 -8.397318122675872848e-05 -1.977923059572265336e-04
-2.709999999999995879e+01 -8.474545490170357531e-05 -1.989714606583723854e-04
-2.699999999999995737e+01 -8.552912054323285316e-05 -2.001664102347507318e-04
-2.689999999999995595e+01 -8.632441505220493508e-05 -2.013774886956660537e-04
-2.679999999999995453e+01 -8.713158176667045829e-05 -2.026050396784378517e-04
-2.669999999999995310e+01 -8.795087067910734046e-05 -2.038494167992071875e-04
-2.659999999999995168e+01 -8.878253866243611251e-05 -2.051109840191936494e-04
-2.649999999999995026e+01 -8.962684970522965166e-05 -2.063901160272029627e-04
-2.639999999999994884e+01 -9.048407515655275759e-05 -2.076871986392295959e-04
-2.629999999999994742e+01 -9.135449398089092094e-05 -2.090026292160528933e-04
-2.619999999999994600e+01 -9.223839302365410169e-05 -2.103368170997764171e-04
-2.609999999999994458e+01 -9.313606728776503815e-05 -2.116901840703207271e-04
-2.599999999999994316e+01 -9.404782022187272404e-05 -2.130631648229377854e-04
-2.589999999999994174e+01 -9.497396402075927041e-05 -2.144562074678860728e-04
-2.579999999999994031e+01 -9.591481993854216923e-05 -2.158697740534715908e-04
-2.569999999999993889e+01 -9.687071861530613566e-05 -2.173043411137381455e-04
-2.559999999999993747e+01 -9.784200041783541963e-05 -2.187604002421706230e-04
-2.549999999999993605e+01 -9.882901579515602098e-05 -2.202384586928616216e-04
-2.539999999999993463e+01 -9.983212564963612448e-05 -2.217390400106842045e-04
-2.529999999999993321e+01 -1.008517017244395697e-04 -2.232626846921145606e-04
-2.519999999999993179e+01 -1.018881270081691296e-04 -2.248099508784543940e-04
-2.509999999999993037e+01 -1.029417961575888061e-04 -2.263814150833174895e-04
-2.499999999999992895e+01 -1.040131159393648745e-04 -2.279776729563692621e-04
-2.489999999999992752e+01 -1.051025056918208401e-04 -2.295993400854403135e-04
-2.479999999999992610e+01 -1.062103978077627656e-04 -2.312470528392773772e-04
-2.469999999999992468e+01 -1.073372382394916440e-04 -2.329214692533489888e-04
-2.459999999999992326e+01 -1.084834870271901135e-04 -2.346232699612888850e-04
-2.449999999999992184e+01 -1.096496188519404839e-04 -2.363531591747368324e-04
-2.439999999999992042e+01 -1.108361236147104619e-04 -2.381118657145311467e-04
-2.429999999999991900e+01 -1.120435070427217852e-04 -2.399001440964107783e-04
-2.419999999999991758e+01 -1.132722913247086828e-04 -2.417187756746129251e-04
-2.409999999999991616e+01 -1.145230157766646844e-04 -2.435685698469893890e-04
-2.399999999999991473e+01 -1.157962375397766539e-04 -2.454503653255284850e-04
-2.389999999999991331e+01 -1.170925323123540770e-04 -2.473650314764512070e-04
-2.379999999999991189e+01 -1.184124951176755681e-04 -2.493134697343557722e-04
-2.369999999999991047e+01 -1.197567411097974152e-04 -2.512966150952149159e-04
-2.359999999999990905e+01 -1.211259064195028808e-04 -2.533154376933906965e-04
-2.349999999999990763e+01 -1.225206490427091846e-04 -2.553709444682183039e-04
-2.339999999999990621e+01 -1.239416497738054243e-04 -2.574641809261350224e-04
-2.329999999999990479e+01 -1.253896131865521002e-04 -2.595962330047862140e-04
-2.319999999999990337e+01 -1.268652686653522123e-04 -2.617682290460420121e-04
-2.309999999999990195e+01 -1.283693714898870872e-04 -2.639813418853955828e-04
-2.299999999999990052e+01 -1.299027039763151934e-04 -2.662367910658106117e-04
-2.289999999999989910e+01 -1.314660766784445502e-04 -2.685358451847210141e-04
-2.279999999999989768e+01 -1.330603296525243568e-04 -2.708798243835930939e-04
-2.269999999999989626e+01 -1.346863337895488617e-04 -2.732701029902217561e-04
-2.259999999999989484e+01 -1.363449922192364549e-04 -2.757081123247680276e-04
-2.249999999999989342e+01 -1.380372417901347144e-04 -2.781953436814598259e-04
-2.239999999999989200e+01 -1.397640546306120040e-04 -2.807333514988737599e-04
-2.229999999999989058e+01 -1.415264397958321035e-04 -2.833237567328126269e-04
-2.219999999999988916e+01 -1.433254450061668451e-04 -2.859682504469888823e-04
-2.209999999999988773e+01 -1.451621584828895217e-04 -2.886685976380404641e-04
-2.199999999999988631e+01 -1.470377108874091146e-04 -2.914266413128482154e-04
-2.189999999999988489e+01 -1.489532773707557124e-04 -2.942443068377091414e-04
-2.179999999999988347e+01 -1.509100797405118588e-04 -2.971236065806680672e-04
-2.169999999999988205e+01 -1.529093887529054730e-04 -3.000666448702257781e-04
-2.159999999999988063e+01 -1.549525265383462386e-04 -3.030756232957637240e-04
-2.149999999999987921e+01 -1.570408691692911740e-04 -3.061528463773616616e-04
-2.139999999999987779e+01 -1.591758493799813948e-04 -3.093007276352606754e-04
-2.129999999999987637e+01 -1.613589594482977836e-04 -3.125217960920832175e-04
-2.119999999999987494e+01 -1.635917542507424696e-04 -3.158187032440759731e-04
-2.109999999999987352e+01 -1.658758545023749796e-04 -3.191942305411424037e-04
-2.099999999999987210e+01 -1.682129501944142481e-04 -3.226512974193144622e-04
-2.089999999999987068e+01 -1.706048042431694924e-04 -3.261929699336256006e-04
-2.079999999999986926e+01 -1.730532563649892668e-04 -3.298224700441428374e-04
-2.069999999999986784e+01 -1.755602271930199374e-04 -3.335431856132519291e-04
-2.059999999999986642e+01 -1.781277226527523466e-04 -3.373586811782465175e-04
-2.049999999999986500e+01 -1.807578386146103488e-04 -3.412727095699101478e-04
-2.039999999999986358e+01 -1.834527658432020788e-04 -3.452892244552059750e-04
-2.029999999999986215e+01 -1.862147952643255599e-04 -3.494123938904995438e-04
-2.019999999999986073e+01 -1.890463235723859048e-04 -3.536466149810464426e-04
-2.009999999999985931e+01 -1.919498592025629805e-04 -3.579965297529290975e-04
-1.999999999999985789e+01 -1.949280286938528776e-04 -3.624670423553639511e-04
-1.989999999999985647e+01 -1.979835834710074491e-04 -3.670633377245184278e-04
-1.979999999999985505e+01 -2.011194070754072200e-04 -3.717909018548675761e-04
-1.969999999999985363e+01 -2.043385228770224762e-04 -3.766555438409316977e-04
-1.959999999999985221e+01 -2.076441023018412259e-04 -3.816634198712464624e-04
-1.949999999999985079e+01 -2.110394736114589668e-04 -3.868210593779367870e-04
-1.939999999999984936e+01 -2.145281312739167213e-04 -3.921353935696822142e-04
-1.929999999999984794e+01 -2.181137459673190880e-04 -3.976137866035982867e-04
-1.919999999999984652e+01 -2.218001752602241096e-04 -4.032640696831291875e-04
-1.909999999999984510e+01 -2.255914750152298166e-04 -4.090945784050387460e-04
-1.899999999999984368e+01 -2.294919115645188982e-04 -4.151141937197064648e-04
-1.889999999999984226e+01 -2.335059747082791036e-04 -4.213323869159790844e-04
-1.879999999999984084e+01 -2.376383915887750819e-04 -4.277592690957769607e-04
-1.869999999999983942e+01 -2.418941414942617132e-04 -4.344056456656265539e-04
-1.859999999999983800e+01 -2.462784716476913369e-04 -4.412830764436281167e-04
-1.849999999999983658e+01 -2.507969140350283996e-04 -4.484039420626589434e-04
-1.839999999999983515e+01 -2.554553033265975358e-04 -4.557815174457369124e-04
-1.829999999999983373e+01 -2.602597959418263807e-04 -4.634300532396712705e-04
-1.819999999999983231e+01 -2.652168903024232317e-04 -4.713648662210835182e-04
-1.809999999999983089e+01 -2.703334483107230598e-04 -4.796024398377925777e-04
-1.799999999999982947e+01 -2.756167180776813671e-04 -4.881605362222715162e-04
-1.789999999999982805e+01 -2.810743579075647772e-04 -4.970583212170167275e-04
-1.779999999999982663e+01 -2.867144615221593361e-04 -5.063165041898107059e-04
-1.769999999999982521e+01 -2.925455844742248898e-04 -5.159574946967441199e-04
-1.759999999999982379e+01 -2.985767716552415992e-04 -5.260055783807016929e-04
-1.749999999999982236e+01 -3.048175857426994395e-04 -5.364871148827556405e-04
-1.739999999999982094e+01 -3.112781363526631660e-04 -5.474307610057266510e-04
-1.729999999999981952e+01 -3.179691095580767807e-04 -5.588677229179800365e-04
-1.719999999999981810e+01 -3.249017972943515236e-04 -5.708320418395892602e-04
-1.709999999999981668e+01 -3.320881259908049971e-04 -5.833609184349124307e-04
-1.699999999999981526e+01 -3.395406835257815939e-04 -5.964950820732306449e-04
-1.689999999999981384e+01 -3.472727432866187011e-04 -6.102792122469963753e-04
-1.679999999999981242e+01 -3.552982836989016500e-04 -6.247624207984302323e-04
-1.669999999999981100e+01 -3.636320010405097100e-04 -6.399988052534197379e-04
-1.659999999999980957e+01 -3.722893126316722178e-04 -6.560480855641845398e-04
-1.649999999999980815e+01 -3.812863465346708535e-04 -6.729763390035028298e-04
-1.639999999999980673e+01 -3.906399126275703830e-04 -6.908568509400430388e-04
-1.629999999999980531e+01 -4.003674482290159667e-04 -7.097711028912432598e-04
-1.619999999999980389e+01 -4.104869292003943083e-04 -7.298099237681204745e-04
-1.609999999999980247e+01 -4.210167344380935346e-04 -7.510748358126234430e-04
-1.599999999999980105e+01 -4.319754476168277419e-04 -7.736796336595095107e-04
-1.589999999999979963e+01 -4.433815745726318934e-04 -7.977522435846040811e-04
-1.579999999999979821e+01 -4.552531472866320822e-04 -8.234369207811826187e-04
-1.569999999999979678e+01 -4.676071752961612508e-04 -8.508968560130077304e-04
-1.559999999999979536e+01 -4.804588914530476241e-04 -8.803172799621851972e-04
-1.549999999999979394e+01 -4.938207197505010190e-04 -9.119091749580205374e-04
-1.539999999999979252e+01 -5.077008662661729784e-04 -9.459137307206013723e-04
-1.529999999999979110e+01 -5.221013969573909700e-04 -9.826077147539926792e-04
-1.519999999999978968e+01 -5.370156134798780706e-04 -1.022309970882730439e-03
-1.509999999999978826e+01 -5.524244635935732879e-04 -1.065389313277097325e-03
-1.499999999999978684e+01 -5.682916159986819244e-04 -1.112274150536086319e-03
-1.489999999999978542e+01 -5.845566755577485951e-04 -1.163464257327373940e-03
-1.479999999999978400e+01 -6.011257911233405457e-04 -1.219545211309045396e-03
-1.469999999999978257e+01 -6.178585801785312949e-04 -1.281206129863857743e-03
-1.459999999999978115e+01 -6.345498096124750284e-04 -1.349261468282875838e-03
-1.449999999999977973e+01 -6.509035494318210968e-04 -1.424677759925474822e-03
-1.439999999999977831e+01 -6.664964316961988992e-04 -1.508606245371241564e-03
-1.429999999999977689e+01 -6.807250092241147162e-04 -1.602422254930191588e-03
-1.419999999999977547e+01 -6.927297258649162430e-04 -1.707771774181862136e-03
-1.409999999999977405e+01 -7.012842459484969638e-04 -1.826624419580641064e-03
-1.399999999999977263e+01 -7.046332197446630863e-04 -1.961329239535129949e-03
-1.389999999999977121e+01 -7.002531715566355074e-04 -2.114663650966480072e-03
-1.379999999999976978e+01 -6.844992806514561563e-04 -2.289853082076586960e-03
-1.369999999999976836e+01 -6.520853991958484169e-04 -2.490513008571130539e-03
-1.359999999999976694e+01 -5.953291713918835602e-04 -2.720413767707571644e-03
-1.349999999999976552e+01 -5.030928795319745007e-04 -2.982870237296997903e-03
-1.339999999999976410e+01 -3.594077765379974343e-04 -3.279381155146982117e-03
-1.329999999999976268e+01 -1.420018356045611556e-04 -3.606861394861716943e-03
-1.319999999999976126e+01 1.783808514630033041e-04 -3.952498219660476042e-03
-1.309999999999975984e+01 6.354536724196623932e-04 -4.285396448468753797e-03
-1.299999999999975842e+01 1.256777451556348674e-03 -4.546291681189646404e-03
-1.289999999999975699e+01 2.039340253577805184e-03 -4.643439468619785411e-03
-1.279999999999975557e+01 2.915249679831496184e-03 -4.473290941696564903e-03
-1.269999999999975415e+01 3.738974855995637597e-03 -3.979688363705526088e-03
-1.259999999999975273e+01 4.340469511256259995e-03 -3.217149648469285958e-03
-1.249999999999975131e+01 4.623370545586738892e-03 -2.340477439751231185e-03
-1.239999999999974989e+01 4.609910148768111594e-03 -1.513757931050386217e-03
-1.229999999999974847e+01 4.395371170869260061e-03 -8.334063661524190088e-04
-1.219999999999974705e+01 4.079956905463810735e-03 -3.214448410725153932e-04
-1.209999999999974563e+01 3.734676130237510154e-03 4.250964367057022235e-05
-1.199999999999974420e+01 3.399272350103076795e-03 2.918266702501984625e-04
-1.189999999999974278e+01 3.091798643395480758e-03 4.579033170686431066e-04
-1.179999999999974136e+01 2.818020674331114458e-03 5.654825335071859841e-04
-1.169999999999973994e+01 2.577637431767810551e-03 6.325936596317302931e-04
-1.159999999999973852e+01 2.367762754711203940e-03 6.719031687361242018e-04
-1.149999999999973710e+01 2.184688712355822935e-03 6.921708018535763576e-04
-1.139999999999973568e+01 2.024704867802902888e-03 6.994250856901083760e-04
-1.129999999999973426e+01 1.884435772099962800e-03 6.978183108557381832e-04
-1.119999999999973284e+01 1.760946129843315999e-03 6.902207546328620194e-04
-1.109999999999973141e+01 1.651741014021916197e-03 6.786256886050912171e-04
-1.099999999999972999e+01 1.554723714545491395e-03 6.644236528572997199e-04
-1.089999999999972857e+01 1.468140779563974945e-03 6.485883138200421822e-04
-1.079999999999972715e+01 1.390527417128609557e-03 6.318029776430891982e-04
-1.069999999999972573e+01 1.320658488389029684e-03 6.145472778171356260e-04
-1.059999999999972431e+01 1.257506607939393086e-03 5.971570283107360952e-04
-1.049999999999972289e+01 1.200207225863545541e-03 5.798658805552799967e-04
-1.039999999999972147e+01 1.148029924515689545e-03 5.628345477867039218e-04
-1.029999999999972005e+01 1.100354987665100315e-03 5.461714649706175904e-04
-1.019999999999971863e+01 1.056654328637956662e-03 5.299474995767846849e-04
-1.009999999999971720e+01 1.016475971527684014e-03 5.142064956495819407e-04
-9.999999999999715783e+00 9.794314068118845345e-04 4.989728762053350459e-04
-9.899999999999714362e+00 9.451852642985063366e-04 4.842571529849091735e-04
-9.799999999999712941e+00 9.134468526555827991e-04 4.700599368697082163e-04
-9.699999999999711520e+00 8.839632036848300498e-04 4.563748668972997724e-04
-9.599999999999710099e+00 8.565133319987813755e-04 4.431907545425854667e-04
-9.499999999999708677e+00 8.309034790382987439e-04 4.304931553880597325e-04
-9.399999999999707256e+00 8.069631568335492453e-04 4.182655209031296254e-04
-9.299999999999705835e+00 7.845418438050021440e-04 4.064900409953871177e-04
-9.199999999999704414e+00 7.635062141451099066e-04 3.951482580043664118e-04
-9.099999999999702993e+00 7.437378055031272639e-04 3.842215112718315321e-04
-8.999999999999701572e+00 7.251310480939585643e-04 3.736912558567063699e-04
-8.899999999999700151e+00 7.075915929834670527e-04 3.635392876426355303e-04
-8.799999999999698730e+00 6.910348889685722414e-04 3.537478988059256416e-04
-8.699999999999697309e+00 6.753849667992657636e-04 3.442999815220393767e-04
-8.599999999999695888e+00 6.605733969736669571e-04 3.351790932876702427e-04
-8.499999999999694467e+00 6.465383933615001608e-04 3.263694938928032472e-04
-8.399999999999693046e+00 6.332240397775512012e-04 3.178561615842192449e-04
-8.299999999999691624e+00 6.205796205712927130e-04 3.096247940953575470e-04
-8.199999999999690203e+00 6.085590395077994288e-04 3.016617988150041042e-04
-8.099999999999688782e+00 5.971203138348155862e-04 2.939542753102502085e-04
-7.999999999999687361e+00 5.862251325770254269e-04 2.864899926203468266e-04
-7.899999999999685940e+00 5.758384698629542744e-04 2.792573631330442911e-04
-7.799999999999684519e+00 5.659282455453109109e-04 2.722454143959381436e-04
-7.699999999999683098e+00 5.564650265801493424e-04 2.654437598665982181e-04
-7.599999999999681677e+00 5.474217636304254701e-04 2.588425693401486612e-04
-7.499999999999680256e+00 5.387735581927112233e-04 2.524325395914433839e-04
-7.399999999999678835e+00 5.304974562420454454e-04 2.462048656158947481e-04
-7.299999999999677414e+00 5.225722649734491172e-04 2.401512127369245103e-04
-7.199999999999675993e+00 5.149783897091856320e-04 2.342636897602029642e-04
-7.099999999999674571e+00 5.076976884544298456e-04 2.285348232886943976e-04
-6.999999999999673150e+00 5.007133419336798992e-04 2.229575332629865300e-04
-6.899999999999671729e+00 4.940097372366786125e-04 2.175251097545498379e-04
-6.799999999999670308e+00 4.875723634546100770e-04 2.122311910124979005e-04
-6.699999999999668887e+00 4.813877179020849511e-04 2.070697427448012565e-04
-6.599999999999667466e+00 4.754432217039242432e-04 2.020350386009839403e-04
-6.499999999999666045e+00 4.697271436829148742e-04 1.971216418137673059e-04
-6.399999999999664624e+00 4.642285316196392213e-04 1.923243879508358006e-04
-6.299999999999663203e+00 4.589371500716040429e-04 1.876383687241213395e-04
-6.199999999999661782e+00 4.538434240390480136e-04 1.830589168020748986e-04
-6.099999999999660361e+00 4.489383878513814540e-04 1.785815915698578003e-04
-5.999999999999658939e+00 4.442136387232118507e-04 1.742021657828647955e-04
-5.899999999999657518e+00 4.396612944940151563e-04 1.699166130601954545e-04
-5.799999999999656097e+00 4.352739551221436118e-04 1.657210961664145883e-04
-5.699999999999654676e+00 4.310446675532254813e-04 1.616119560320019178e-04
-5.599999999999653255e+00 4.269668936261127013e-04 1.575857014651775730e-04
-5.499999999999651834e+00 4.230344807172525465e-04 1.536389995101926516e-04
-5.399999999999650413e+00 4.192416348574125643e-04 1.497686664096297294e-04
-5.299999999999648992e+00 4.155828960837163496e-04 1.459716591307086745e-04
-5.199999999999647571e+00 4.120531158154870362e-04 1.422450674180103470e-04
-5.099999999999646150e+00 4.086474360648869372e-04 1.385861063373635066e-04
-4.999999999999644729e+00 4.053612703132069553e-04 1.349921092779047161e-04
-4.899999999999643308e+00 4.021902859012107699e-04 1.314605213814689418e-04
-4.799999999999641886e+00 3.991303877974831807e-04 1.279888933705183992e-04
-4.699999999999640465e+00 3.961777036225204896e-04 1.245748757477521652e-04
-4.599999999999639044e+00 3.933285698185391135e-04 1.212162133423616258e-04
-4.499999999999637623e+00 3.905795188658757228e-04 1.179107401796119120e-04
-4.399999999999636202e+00 3.879272674565456677e-04 1.146563746520281186e-04
-4.299999999999634781e+00 3.853687055441859825e-04 1.114511149719710448e-04
-4.199999999999633360e+00 3.829008861973376638e-04 1.082930348867792850e-04
-4.099999999999631939e+00 3.805210161899352274e-04 1.051802796389619626e-04
-3.999999999999630518e+00 3.782264472690664630e-04 1.021110621551379687e-04
-3.899999999999629097e+00 3.760146680456210276e-04 9.908365944854312173e-05
-3.799999999999627676e+00 3.738832964584327110e-04 9.609640922097678942e-05
-3.699999999999626255e+00 3.718300727670080996e-04 9.314770665102794340e-05
-3.599999999999624833e+00 3.698528530319705222e-04 9.023600135632577220e-05
-3.499999999999623412e+00 3.679496030459913545e-04 8.735979451839249879e-05
-3.399999999999621991e+00 3.661183926812626357e-04 8.451763615945420693e-05
-3.299999999999620570e+00 3.643573906225379454e-04 8.170812256128116282e-05
-3.199999999999619149e+00 3.626648594574498254e-04 7.892989381679595693e-05
-3.099999999999617728e+00 3.610391510982489949e-04 7.618163150580314338e-05
-2.999999999999616307e+00 3.594787025113138678e-04 7.346205648676499525e-05
-2.899999999999614886e+00 3.579820317327830296e-04 7.076992679707694908e-05
-2.799999999999613465e+00 3.565477341504847894e-04 6.810403565478431146e-05
-2.699999999999612044e+00 3.551744790339930128e-04 6.546320955513591864e-05
-2.599999999999610623e+00 3.538610062961517703e-04 6.284630645578980932e-05
-2.499999999999609201e+00 3.526061234707838815e-04 6.025221404487156752e-05
-2.399999999999607780e+00 3.514087028925617483e-04 5.767984808644871205e-05
-2.299999999999606359e+00 3.502676790661672559e-04 5.512815083831304973e-05
-2.199999999999604938e+00 3.491820462129209329e-04 5.259608953727282839e-05
-2.099999999999603517e+00 3.481508559840284286e-04 5.008265494743776788e-05
-1.999999999999602096e+00 3.471732153304797836e-04 4.758685996724540596e-05
-1.899999999999600675e+00 3.462482845204531597e-04 4.510773829121710239e-05
-1.799999999999599254e+00 3.453752752958254486e-04 4.264434312265685421e-05
-1.699999999999597833e+00 3.445534491600888349e-04 4.019574593371231749e-05
-1.599999999999596412e+00 3.437821157906102232e-04 3.776103526940833145e-05
-1.499999999999594991e+00 3.430606315687673483e-04 3.533931559243592762e-05
-1.399999999999593570e+00 3.423883982220432337e-04 3.292970616564425265e-05
-1.299999999999592148e+00 3.417648615726749553e-04 3.053133996932705960e-05
-1.199999999999590727e+00 3.411895103879302588e-04 2.814336265053298067e-05
-1.099999999999589306e+00 3.406618753275276069e-04 2.576493150175111942e-05
-9.999999999995878852e-01 3.401815279841382362e-04 2.339521446643696208e-05
-8.999999999995864641e-01 3.397480800132974339e-04 2.103338916894476420e-05
-7.999999999995850430e-01 3.393611823494218499e-04 1.867864196652583653e-05
-6.999999999995836220e-01 3.390205245049811040e-04 1.633016702113433737e-05
-5.999999999995822009e-01 3.387258339502020876e-04 1.398716538885763855e-05
-4.999999999995807798e-01 3.384768755709994820e-04 1.164884412485151432e-05
-3.999999999995793587e-01 3.382734512031305681e-04 9.314415401721307412e-06
-2.999999999995779376e-01 3.381153992408598248e-04 6.983095639336359389e-06
-1.999999999995765165e-01 3.380025943187008140e-04 4.654104644109769914e-06
-9.999999999957509544e-02 3.379349470650737375e-04 2.326664755808888771e-06
4.263256414560601115e-13 3.379124039269824648e-04 -9.947554932554503182e-18
1.000000000004277467e-01 3.379349470650741712e-04 -2.326664755828729671e-06
2.000000000004291678e-01 3.380025943187015729e-04 -4.654104644129637919e-06
3.000000000004305889e-01 3.381153992408610174e-04 -6.983095639356227393e-06
4.000000000004320100e-01 3.382734512031320860e-04 -9.314415401741202522e-06
5.000000000004334311e-01 3.384768755710014336e-04 -1.164884412487143654e-05
6.000000000004348522e-01 3.387258339502044729e-04 -1.398716538887758787e-05
7.000000000004362732e-01 3.390205245049838687e-04 -1.633016702115436800e-05
8.000000000004376943e-01 3.393611823494249399e-04 -1.867864196654581295e-05
9.000000000004391154e-01 3.397480800133009034e-04 -2.103338916896482194e-05
1.000000000000440536e+00 3.401815279841421394e-04 -2.339521446645712825e-05
1.100000000000441958e+00 3.406618753275319437e-04 -2.576493150177139400e-05
1.200000000000443379e+00 3.411895103879350293e-04 -2.814336265055328236e-05
1.300000000000444800e+00 3.417648615726801052e-04 -3.053133996934744260e-05
1.400000000000446221e+00 3.423883982220486547e-04 -3.292970616566471696e-05
1.500000000000447642e+00 3.430606315687732572e-04 -3.533931559245652746e-05
1.600000000000449063e+00 3.437821157906165658e-04 -3.776103526942898550e-05
1.700000000000450484e+00 3.445534491600955570e-04 -4.019574593373316128e-05
1.800000000000451905e+00 3.453752752958326585e-04 -4.264434312267775221e-05
1.900000000000453326e+00 3.462482845204608575e-04 -4.510773829123819012e-05
2.000000000000454747e+00 3.471732153304879693e-04 -4.758685996726665633e-05
2.100000000000456168e+00 3.481508559840369396e-04 -5.008265494745909956e-05
2.200000000000457590e+00 3.491820462129299318e-04 -5.259608953729432270e-05
2.300000000000459011e+00 3.502676790661767427e-04 -5.512815083833473378e-05
2.400000000000460432e+00 3.514087028925716146e-04 -5.767984808647055872e-05
2.500000000000461853e+00 3.526061234707942899e-04 -6.025221404489360393e-05
2.600000000000463274e+00 3.538610062961627207e-04 -6.284630645581203547e-05
2.700000000000464695e+00 3.551744790340045053e-04 -6.546320955515836162e-05
2.800000000000466116e+00 3.565477341504967156e-04 -6.810403565480691707e-05
2.900000000000467537e+00 3.579820317327956063e-04 -7.076992679709982574e-05
3.000000000000468958e+00 3.594787025113269866e-04 -7.346205648678808876e-05
3.100000000000470379e+00 3.610391510982626558e-04 -7.618163150582645373e-05
3.200000000000471800e+00 3.626648594574640285e-04 -7.892989381681956543e-05
3.300000000000473221e+00 3.643573906225526906e-04 -8.170812256130496106e-05
3.400000000000474643e+00 3.661183926812779229e-04 -8.451763615947827622e-05
3.500000000000476064e+00 3.679496030460072380e-04 -8.735979451841692045e-05
3.600000000000477485e+00 3.698528530319871105e-04 -9.023600135635046491e-05
3.700000000000478906e+00 3.718300727670252842e-04 -9.314770665105293426e-05
3.800000000000480327e+00 3.738832964584505461e-04 -9.609640922100205133e-05
3.900000000000481748e+00 3.760146680456395133e-04 -9.908365944856877667e-05
4.000000000000483169e+00 3.782264472690856534e-04 -1.021110621551639082e-04
4.100000000000484590e+00 3.805210161899551767e-04 -1.051802796389883629e-04
4.200000000000486011e+00 3.829008861973583720e-04 -1.082930348868060106e-04
4.300000000000487432e+00 3.853687055442073413e-04 -1.114511149719981905e-04
4.400000000000488853e+00 3.879272674565677854e-04 -1.146563746520556438e-04
4.500000000000490274e+00 3.905795188658987621e-04 -1.179107401796398302e-04
4.600000000000491696e+00 3.933285698185629660e-04 -1.212162133423900861e-04
4.700000000000493117e+00 3.961777036225451552e-04 -1.245748757477810049e-04
4.800000000000494538e+00 3.991303877975088763e-04 -1.279888933705477811e-04
4.900000000000495959e+00 4.021902859012373328e-04 -1.314605213814987574e-04
5.000000000000497380e+00 4.053612703132345482e-04 -1.349921092779350737e-04
5.100000000000498801e+00 4.086474360649153975e-04 -1.385861063373944064e-04
5.200000000000500222e+00 4.120531158155165807e-04 -1.422450674180418431e-04
5.300000000000501643e+00 4.155828960837470868e-04 -1.459716591307407398e-04
5.400000000000503064e+00 4.192416348574443314e-04 -1.497686664096623097e-04
5.500000000000504485e+00 4.230344807172855604e-04 -1.536389995102260451e-04
5.600000000000505906e+00 4.269668936261467995e-04 -1.575857014652114814e-04
5.700000000000507328e+00 4.310446675532607721e-04 -1.616119560320365310e-04
5.800000000000508749e+00 4.352739551221803662e-04 -1.657210961664500146e-04
5.900000000000510170e+00 4.396612944940532118e-04 -1.699166130602316398e-04
6.000000000000511591e+00 4.442136387232515325e-04 -1.742021657829017939e-04
6.100000000000513012e+00 4.489383878514225453e-04 -1.785815915698955847e-04
6.200000000000514433e+00 4.538434240390906227e-04 -1.830589168021134420e-04
6.300000000000515854e+00 4.589371500716482783e-04 -1.876383687241607503e-04
6.400000000000517275e+00 4.642285316196851914e-04 -1.923243879508761871e-04
6.500000000000518696e+00 4.697271436829627417e-04 -1.971216418138087225e-04
6.600000000000520117e+00 4.754432217039740623e-04 -2.020350386010264410e-04
6.700000000000521538e+00 4.813877179021366676e-04 -2.070697427448446246e-04
6.800000000000522959e+00 4.875723634546639618e-04 -2.122311910125424883e-04
6.900000000000524381e+00 4.940097372367345573e-04 -2.175251097545955370e-04
7.000000000000525802e+00 5.007133419337381208e-04 -2.229575332630334759e-04
7.100000000000527223e+00 5.076976884544906693e-04 -2.285348232887425904e-04
7.200000000000528644e+00 5.149783897092489494e-04 -2.342636897602524580e-04
7.300000000000530065e+00 5.225722649735152535e-04 -2.401512127369754136e-04
7.400000000000531486e+00 5.304974562421145090e-04 -2.462048656159470609e-04
7.500000000000532907e+00 5.387735581927833228e-04 -2.524325395914972145e-04
7.600000000000534328e+00 5.474217636305009306e-04 -2.588425693402040639e-04
7.700000000000535749e+00 5.564650265802282723e-04 -2.654437598666553556e-04
7.800000000000537170e+00 5.659282455453934187e-04 -2.722454143959970700e-04
7.900000000000538591e+00 5.758384698630406853e-04 -2.792573631331049522e-04
8.000000000000540012e+00 5.862251325771160662e-04 -2.864899926204094393e-04
8.100000000000541434e+00 5.971203138349106708e-04 -2.939542753103148269e-04
8.200000000000542855e+00 6.085590395078995006e-04 -3.016617988150708369e-04
8.300000000000544276e+00 6.205796205713976638e-04 -3.096247940954265565e-04
8.400000000000545697e+00 6.332240397776618982e-04 -3.178561615842906939e-04
8.500000000000547118e+00 6.465383933616166041e-04 -3.263694938928770272e-04
8.600000000000548539e+00 6.605733969737899057e-04 -3.351790932877466247e-04
8.700000000000549960e+00 6.753849667993955426e-04 -3.442999815221185235e-04
8.800000000000551381e+00 6.910348889687095014e-04 -3.537478988060076615e-04
8.900000000000552802e+00 7.075915929836123358e-04 -3.635392876427206944e-04
9.000000000000554223e+00 7.251310480941124126e-04 -3.736912558567944613e-04
9.100000000000555644e+00 7.437378055032909784e-04 -3.842215112719230387e-04
9.200000000000557066e+00 7.635062141452834874e-04 -3.951482580044613337e-04
9.300000000000558487e+00 7.845418438051872173e-04 -4.064900409954855091e-04
9.400000000000559908e+00 8.069631568337466785e-04 -4.182655209032318114e-04
9.500000000000561329e+00 8.309034790385095128e-04 -4.304931553881657675e-04
9.600000000000562750e+00 8.565133319990074316e-04 -4.431907545426957301e-04
9.700000000000564171e+00 8.839632036850726942e-04 -4.563748668974143725e-04
9.800000000000565592e+00 9.134468526558435497e-04 -4.700599368698270991e-04
9.900000000000567013e+00 9.451852642987870366e-04 -4.842571529850325015e-04
1.000000000000056843e+01 9.794314068121881111e-04 -4.989728762054627649e-04
1.010000000000056986e+01 1.016475971528012527e-03 -5.142064956497138881e-04
1.020000000000057128e+01 1.056654328638313798e-03 -5.299474995769209692e-04
1.030000000000057270e+01 1.100354987665489327e-03 -5.461714649707577777e-04
1.040000000000057412e+01 1.148029924516114336e-03 -5.628345477868476870e-04
1.050000000000057554e+01 1.200207225864011315e-03 -5.798658805554265808e-04
1.060000000000057696e+01 1.257506607939905480e-03 -5.971570283108843056e-04
1.070000000000057838e+01 1.320658488389595420e-03 -6.145472778172838364e-04
1.080000000000057980e+01 1.390527417129236660e-03 -6.318029776432350234e-04
1.090000000000058122e+01 1.468140779564672954e-03 -6.485883138201820443e-04
1.100000000000058265e+01 1.554723714546272020e-03 -6.644236528574289568e-04
1.110000000000058407e+01 1.651741014022792666e-03 -6.786256886052028899e-04
1.120000000000058549e+01 1.760946129844305225e-03 -6.902207546329460451e-04
1.130000000000058691e+01 1.884435772101083649e-03 -6.978183108557805756e-04
1.140000000000058833e+01 2.024704867804178344e-03 -6.994250856900889688e-04
1.150000000000058975e+01 2.184688712357280536e-03 -6.921708018534659859e-04
1.160000000000059117e+01 2.367762754712873178e-03 -6.719031687358804732e-04
1.170000000000059259e+01 2.577637431769725252e-03 -6.325936596312916249e-04
1.180000000000059401e+01 2.818020674333303680e-03 -5.654825335064624960e-04
1.190000000000059543e+01 3.091798643397961413e-03 -4.579033170675066459e-04
1.200000000000059686e+01 3.399272350105831536e-03 -2.918266702484677505e-04
1.210000000000059828e+01 3.734676130240449209e-03 -4.250964366800409199e-05
1.220000000000059970e+01 4.079956905466704253e-03 3.214448410762051501e-04
1.230000000000060112e+01 4.395371170871645305e-03 8.334063661574930750e-04
1.240000000000060254e+01 4.609910148769238297e-03 1.513757931056888394e-03
1.250000000000060396e+01 4.623370545585695456e-03 2.340477439758690496e-03
1.260000000000060538e+01 4.340469511252439266e-03 3.217149648476531031e-03
1.270000000000060680e+01 3.738974855989345321e-03 3.979688363711048581e-03
1.280000000000060822e+01 2.915249679824000011e-03 4.473290941699381226e-03
1.290000000000060965e+01 2.039340253570578760e-03 4.643439468619961485e-03
1.300000000000061107e+01 1.256777451550322462e-03 4.546291681187969794e-03
1.310000000000061249e+01 6.354536724150919389e-04 4.285396448466112680e-03
1.320000000000061391e+01 1.783808514597370908e-04 3.952498219657521808e-03
1.330000000000061533e+01 -1.420018356068074869e-04 3.606861394858819521e-03
1.340000000000061675e+01 -3.594077765395001386e-04 3.279381155144312811e-03
1.350000000000061817e+01 -5.030928795329535352e-04 2.982870237294614826e-03
1.360000000000061959e+01 -5.953291713924999291e-04 2.720413767705476531e-03
1.370000000000062101e+01 -6.520853991962155278e-04 2.490513008569300406e-03
1.380000000000062244e+01 -6.844992806516526137e-04 2.289853082074990148e-03
1.390000000000062386e+01 -7.002531715567151963e-04 2.114663650965084487e-03
1.400000000000062528e+01 -7.046332197446634115e-04 1.961329239533906969e-03
1.410000000000062670e+01 -7.012842459484434042e-04 1.826624419579564017e-03
1.420000000000062812e+01 -6.927297258648265794e-04 1.707771774180909339e-03
1.430000000000062954e+01 -6.807250092240013086e-04 1.602422254929344826e-03
1.440000000000063096e+01 -6.664964316960708549e-04 1.508606245370486092e-03
1.450000000000063238e+01 -6.509035494316842705e-04 1.424677759924797412e-03
1.460000000000063380e+01 -6.345498096123337569e-04 1.349261468282265865e-03
1.470000000000063523e+01 -6.178585801783883971e-04 1.281206129863305884e-03
1.480000000000063665e+01 -6.011257911231982984e-04 1.219545211308544494e-03
1.490000000000063807e+01 -5.845566755576085162e-04 1.163464257326917708e-03
1.500000000000063949e+01 -5.682916159985447729e-04 1.112274150535668901e-03
1.510000000000064091e+01 -5.524244635934399310e-04 1.065389313276714385e-03
1.520000000000064233e+01 -5.370156134797486169e-04 1.022309970882377857e-03
1.530000000000064375e+01 -5.221013969572658531e-04 9.826077147536674185e-04
1.540000000000064517e+01 -5.077008662660523067e-04 9.459137307203006146e-04
1.550000000000064659e+01 -4.938207197503849009e-04 9.119091749577412469e-04
1.560000000000064801e+01 -4.804588914529358970e-04 8.803172799619252056e-04
1.570000000000064944e+01 -4.676071752960536980e-04 8.508968560127654112e-04
1.580000000000065086e+01 -4.552531472865289745e-04 8.234369207809563457e-04
1.590000000000065228e+01 -4.433815745725326347e-04 7.977522435843921195e-04
1.600000000000065370e+01 -4.319754476167323321e-04 7.736796336593107764e-04
1.610000000000065512e+01 -4.210167344380018111e-04 7.510748358124364182e-04
1.620000000000065654e+01 -4.104869292003063795e-04 7.298099237679447253e-04
1.630000000000065796e+01 -4.003674482289313447e-04 7.097711028910772685e-04
1.640000000000065938e+01 -3.906399126274891220e-04 6.908568509398862632e-04
1.650000000000066080e+01 -3.812863465345925741e-04 6.729763390033546193e-04
1.660000000000066223e+01 -3.722893126315970284e-04 6.560480855640441356e-04
1.670000000000066365e+01 -3.636320010404372853e-04 6.399988052532864895e-04
1.680000000000066507e+01 -3.552982836988319900e-04 6.247624207983035974e-04
1.690000000000066649e+01 -3.472727432865515889e-04 6.102792122468761373e-04
1.700000000000066791e+01 -3.395406835257169754e-04 5.964950820731158279e-04
1.710000000000066933e+01 -3.320881259907425471e-04 5.833609184348029263e-04
1.720000000000067075e+01 -3.249017972942914046e-04 5.708320418394849599e-04
1.730000000000067217e+01 -3.179691095580188301e-04 5.588677229178805068e-04
1.740000000000067359e+01 -3.112781363526071128e-04 5.474307610056311328e-04
1.750000000000067502e+01 -3.048175857426453379e-04 5.364871148826642422e-04
1.760000000000067644e+01 -2.985767716551893406e-04 5.260055783806143062e-04
1.770000000000067786e+01 -2.925455844741743660e-04 5.159574946966602026e-04
1.780000000000067928e+01 -2.867144615221104385e-04 5.063165041897302581e-04
1.790000000000068070e+01 -2.810743579075175060e-04 4.970583212169394239e-04
1.800000000000068212e+01 -2.756167180776356138e-04 4.881605362221970315e-04
1.810000000000068354e+01 -2.703334483106787159e-04 4.796024398377209661e-04
1.820000000000068496e+01 -2.652168903023803515e-04 4.713648662210145630e-04
1.830000000000068638e+01 -2.602597959417846931e-04 4.634300532396048089e-04
1.840000000000068781e+01 -2.554553033265571493e-04 4.557815174456728360e-04
1.850000000000068923e+01 -2.507969140349893141e-04 4.484039420625971438e-04
1.860000000000069065e+01 -2.462784716476534440e-04 4.412830764435684856e-04
1.870000000000069207e+01 -2.418941414942249045e-04 4.344056456655689827e-04
1.880000000000069349e+01 -2.376383915887393303e-04 4.277592690957212869e-04
1.890000000000069491e+01 -2.335059747082444633e-04 4.213323869159251995e-04
1.900000000000069633e+01 -2.294919115644851525e-04 4.151141937196543147e-04
1.910000000000069775e+01 -2.255914750151969924e-04 4.090945784049882222e-04
1.920000000000069917e+01 -2.218001752601922612e-04 4.032640696830802900e-04
1.930000000000070060e+01 -2.181137459672881070e-04 3.976137866035509612e-04
1.940000000000070202e+01 -2.145281312738864991e-04 3.921353935696361356e-04
1.950000000000070344e+01 -2.110394736114296391e-04 3.868210593778921721e-04
1.960000000000070486e+01 -2.076441023018126572e-04 3.816634198712032027e-04
1.970000000000070628e+01 -2.043385228769946664e-04 3.766555438408895765e-04
1.980000000000070770e+01 -2.011194070753801150e-04 3.717909018548266474e-04
1.990000000000070912e+01 -1.979835834709809945e-04 3.670633377244786376e-04
2.000000000000071054e+01 -1.949280286938271278e-04 3.624670423553252993e-04
2.010000000000071196e+01 -1.919498592025379354e-04 3.579965297528915299e-04
2.020000000000071338e+01 -1.890463235723614289e-04 3.536466149810098508e-04
2.030000000000071481e+01 -1.862147952643016804e-04 3.494123938904638736e-04
2.040000000000071623e+01 -1.834527658431788497e-04 3.452892244551712805e-04
2.050000000000071765e+01 -1.807578386145876077e-04 3.412727095698762664e-04
2.060000000000071907e+01 -1.781277226527301747e-04 3.373586811782136119e-04
2.070000000000072049e+01 -1.755602271929982805e-04 3.335431856132197825e-04
2.080000000000072191e+01 -1.730532563649681249e-04 3.298224700441115039e-04
2.090000000000072333e+01 -1.706048042431488926e-04 3.261929699335950803e-04
2.100000000000072475e+01 -1.682129501943941091e-04 3.226512974192845924e-04
2.110000000000072617e+01 -1.658758545023552742e-04 3.191942305411132929e-04
2.120000000000072760e+01 -1.635917542507232250e-04 3.158187032440476212e-04
2.130000000000072902e+01 -1.613589594482789727e-04 3.125217960920554619e-04
2.140000000000073044e+01 -1.591758493799629904e-04 3.093007276352334619e-04
2.150000000000073186e+01 -1.570408691692731491e-04 3.061528463773350987e-04
2.160000000000073328e+01 -1.549525265383286474e-04 3.030756232957378116e-04
2.170000000000073470e+01 -1.529093887528882613e-04 3.000666448702004078e-04
2.180000000000073612e+01 -1.509100797404949994e-04 2.971236065806432932e-04
2.190000000000073754e+01 -1.489532773707392325e-04 2.942443068376848552e-04
2.200000000000073896e+01 -1.470377108873929058e-04 2.914266413128243629e-04
2.210000000000074039e+01 -1.451621584828737194e-04 2.886685976380172622e-04
2.220000000000074181e+01 -1.433254450061513681e-04 2.859682504469660599e-04
2.230000000000074323e+01 -1.415264397958169518e-04 2.833237567327902924e-04
2.240000000000074465e+01 -1.397640546305971504e-04 2.807333514988518590e-04
2.250000000000074607e+01 -1.380372417901201589e-04 2.781953436814384130e-04
2.260000000000074749e+01 -1.363449922192221705e-04 2.757081123247471025e-04
2.270000000000074891e+01 -1.346863337895348213e-04 2.732701029902011563e-04
2.280000000000075033e+01 -1.330603296525106416e-04 2.708798243835729277e-04
2.290000000000075175e+01 -1.314660766784311061e-04 2.685358451847012274e-04
2.300000000000075318e+01 -1.299027039763019933e-04 2.662367910657912045e-04
2.310000000000075460e+01 -1.283693714898741581e-04 2.639813418853765551e-04
2.320000000000075602e+01 -1.268652686653395001e-04 2.617682290460233096e-04
2.330000000000075744e+01 -1.253896131865396861e-04 2.595962330047678910e-04
2.340000000000075886e+01 -1.239416497737931729e-04 2.574641809261169704e-04
2.350000000000076028e+01 -1.225206490426972313e-04 2.553709444682006314e-04
2.360000000000076170e+01 -1.211259064194911172e-04 2.533154376933733493e-04
2.370000000000076312e+01 -1.197567411097858142e-04 2.512966150951978397e-04
2.380000000000076454e+01 -1.184124951176641433e-04 2.493134697343390212e-04
2.390000000000076597e+01 -1.170925323123428962e-04 2.473650314764347271e-04
2.400000000000076739e+01 -1.157962375397656899e-04 2.454503653255123304e-04
2.410000000000076881e+01 -1.145230157766539373e-04 2.435685698469735054e-04
2.420000000000077023e+01 -1.132722913246981525e-04 2.417187756745973126e-04
2.430000000000077165e+01 -1.120435070427113768e-04 2.399001440963953826e-04
2.440000000000077307e+01 -1.108361236147002433e-04 2.381118657145159679e-04
2.450000000000077449e+01 -1.096496188519304550e-04 2.363531591747219788e-04
2.460000000000077591e+01 -1.084834870271802608e-04 2.346232699612742483e-04
2.470000000000077733e+01 -1.073372382394819811e-04 2.329214692533345689e-04
2.480000000000077875e+01 -1.062103978077532382e-04 2.312470528392632013e-04
2.490000000000078018e+01 -1.051025056918114618e-04 2.295993400854263815e-04
2.500000000000078160e+01 -1.040131159393556316e-04 2.279776729563556012e-04
2.510000000000078302e+01 -1.029417961575797665e-04 2.263814150833039912e-04
2.520000000000078444e+01 -1.018881270081602121e-04 2.248099508784411125e-04
2.530000000000078586e+01 -1.008517017244308148e-04 2.232626846921014689e-04
2.540000000000078728e+01 -9.983212564962749152e-05 2.217390400106713025e-04
2.550000000000078870e+01 -9.882901579514750999e-05 2.202384586928489093e-04
2.560000000000079012e+01 -9.784200041782712548e-05 2.187604002421581276e-04
2.570000000000079154e+01 -9.687071861529792283e-05 2.173043411137258398e-04
2.580000000000079297e+01 -9.591481993853405127e-05 2.158697740534594478e-04
2.590000000000079439e+01 -9.497396402075130152e-05 2.144562074678740653e-04
2.600000000000079581e+01 -9.404782022186489068e-05 2.130631648229259676e-04
2.610000000000079723e+01 -9.313606728775734032e-05 2.116901840703090990e-04
2.620000000000079865e+01 -9.223839302364649872e-05 2.103368170997650059e-04
2.630000000000080007e+01 -9.135449398088343995e-05 2.090026292160415634e-04
2.640000000000080149e+01 -9.048407515654539857e-05 2.076871986392184557e-04
2.650000000000080291e+01 -8.962684970522242817e-05 2.063901160271920123e-04
2.660000000000080433e+01 -8.878253866242895678e-05 2.051109840191828616e-04
2.670000000000080576e+01 -8.795087067910029315e-05 2.038494167991965352e-04
2.680000000000080718e+01 -8.713158176666351939e-05 2.026050396784273349e-04
2.690000000000080860e+01 -8.632441505219813171e-05 2.013774886956556996e-04
2.700000000000081002e+01 -8.552912054322615821e-05 2.001664102347404861e-04
2.710000000000081144e+01 -8.474545490169696168e-05 1.989714606583622481e-04
2.720000000000081286e+01 -8.397318122675218261e-05 1.977923059572165589e-04
2.730000000000081428e+01 -8.321206884587812442e-05 1.966286214139044528e-04
2.740000000000081570e+01 -8.246189311407317102e-05 1.954800912808067983e-04
2.750000000000081712e+01 -8.172243522067578392e-05 1.943464084712699636e-04
2.760000000000081855e+01 -8.099348200351610873e-05 1.932272742634650730e-04
2.770000000000081997e+01 -8.027482577007230037e-05 1.921223980163192587e-04
2.780000000000082139e+01 -7.956626412532640435e-05 1.910314968969499994e-04
2.790000000000082281e+01 -7.886759980603138317e-05 1.899542956190616101e-04
2.800000000000082423e+01 -7.817864052111385951e-05 1.888905261917946880e-04
2.810000000000082565e+01 -7.749919879795068745e-05 1.878399276785447966e-04
2.820000000000082707e+01 -7.682909183427059484e-05 1.868022459652912302e-04
2.830000000000082849e+01 -7.616814135544332123e-05 1.857772335380028267e-04
2.840000000000082991e+01 -7.551617347693041185e-05 1.847646492687076130e-04
2.850000000000083134e+01 -7.487301857168223687e-05 1.837642582098367291e-04
2.860000000000083276e+01 -7.423851114227710761e-05 1.827758313964715628e-04
2.870000000000083418e+01 -7.361248969760525983e-05 1.817991456561418909e-04
2.880000000000083560e+01 -7.299479663391334914e-05 1.808339834258415016e-04
2.890000000000083702e+01 -7.238527812002991456e-05 1.798801325759436236e-04
2.900000000000083844e+01 -7.178378398660366399e-05 1.789373862407150819e-04
2.910000000000083986e+01 -7.119016761919196501e-05 1.780055426551419462e-04
2.920000000000084128e+01 -7.060428585504529946e-05 1.770844049977950802e-04
2.930000000000084270e+01 -7.002599888344075902e-05 1.761737812394757350e-04
2.940000000000084412e+01 -6.945517014942301204e-05 1.752734839973956425e-04
2.950000000000084555e+01 -6.889166626081899168e-05 1.743833303946556047e-04
2.960000000000084697e+01 -6.833535689839759708e-05 1.735031419248014286e-04
2.970000000000084839e+01 -6.778611472905167587e-05 1.726327443212422920e-04
2.980000000000084981e+01 -6.724381532188469270e-05 1.717719674313308788e-04
2.990000000000085123e+01 -6.670833706709072266e-05 1.709206450949115675e-04
