-3.000000000000000000e+01 2.021661679075627445e-03 5.195583239422979852e-03
-2.989999999999999858e+01 2.037814794883137381e-03 5.221305681403359822e-03
-2.979999999999999716e+01 2.054172652955059755e-03 5.247311984792770063e-03
-2.969999999999999574e+01 2.070738884460273169e-03 5.273607107088965767e-03
-2.959999999999999432e+01 2.087517204350653258e-03 5.300196124173589887e-03
-2.949999999999999289e+01 2.104511413757104415e-03 5.327084233891427219e-03
-2.939999999999999147e+01 2.121725402467639597e-03 5.354276759760536429e-03
-2.929999999999999005e+01 2.139163151490763859e-03 5.381779154818867525e-03
-2.919999999999998863e+01 2.156828735707602435e-03 5.409597005613274098e-03
-2.909999999999998721e+01 2.174726326616360783e-03 5.437736036337089025e-03
-2.899999999999998579e+01 2.192860195172847103e-03 5.466202113122785311e-03
-2.889999999999998437e+01 2.211234714731005139e-03 5.495001248496501380e-03
-2.879999999999998295e+01 2.229854364087542097e-03 5.524139606001635117e-03
-2.869999999999998153e+01 2.248723730634968106e-03 5.553623504999005873e-03
-2.859999999999998010e+01 2.267847513627541025e-03 5.583459425651525997e-03
-2.849999999999997868e+01 2.287230527564833738e-03 5.613654014101675596e-03
-2.839999999999997726e+01 2.306877705697880487e-03 5.644214087850563458e-03
-2.829999999999997584e+01 2.326794103663041343e-03 5.675146641347744714e-03
-2.819999999999997442e+01 2.346984903249076972e-03 5.706458851801540083e-03
-2.809999999999997300e+01 2.367455416303062415e-03 5.738158085220011750e-03
-2.799999999999997158e+01 2.388211088781157232e-03 5.770251902693377191e-03
-2.789999999999997016e+01 2.409257504950476116e-03 5.802748066929173942e-03
-2.779999999999996874e+01 2.430600391748636777e-03 5.835654549052097205e-03
-2.769999999999996732e+01 2.452245623307891011e-03 5.868979535681122586e-03
-2.759999999999996589e+01 2.474199225651087936e-03 5.902731436297145584e-03
-2.749999999999996447e+01 2.496467381567067483e-03 5.936918890915167391e-03
-2.739999999999996305e+01 2.519056435673497265e-03 5.971550778075768694e-03
-2.729999999999996163e+01 2.541972899675543681e-03 6.006636223171509144e-03
-2.719999999999996021e+01 2.565223457829228677e-03 6.042184607124679446e-03
-2.709999999999995879e+01 2.588814972618729959e-03 6.078205575433844390e-03
-2.699999999999995737e+01 2.612754490657438408e-03 6.114709047607554473e-03
-2.689999999999995595e+01 2.637049248823011491e-03 6.151705227004670637e-03
-2.679999999999995453e+01 2.661706680637278104e-03 6.189204611101888943e-03
-2.669999999999995310e+01 2.686734422902362085e-03 6.227218002210218629e-03
-2.659999999999995168e+01 2.712140322605023895e-03 6.265756518663450660e-03
-2.649999999999995026e+01 2.737932444101883519e-03 6.304831606503043424e-03
-2.639999999999994884e+01 2.764119076598800864e-03 6.344455051685240869e-03
-2.629999999999994742e+01 2.790708741938488328e-03 6.384638992837842961e-03
-2.619999999999994600e+01 2.817710202711137119e-03 6.425395934595679037e-03
-2.609999999999994458e+01 2.845132470703686314e-03 6.466738761545590131e-03
-2.599999999999994316e+01 2.872984815704191126e-03 6.508680752813619796e-03
-2.589999999999994174e+01 2.901276774678704373e-03 6.551235597329133943e-03
-2.579999999999994031e+01 2.930018161339009372e-03 6.594417409802757687e-03
-2.569999999999993889e+01 2.959219076120614064e-03 6.638240747457283680e-03
-2.559999999999993747e+01 2.988889916591486954e-03 6.682720627553229500e-03
-2.549999999999993605e+01 3.019041388313199823e-03 6.727872545753358496e-03
-2.539999999999993463e+01 3.049684516177362560e-03 6.773712495373274828e-03
-2.529999999999993321e+01 3.080830656241588528e-03 6.820256987568319024e-03
-2.519999999999993179e+01 3.112491508090596722e-03 6.867523072510212621e-03
-2.509999999999993037e+01 3.144679127749587869e-03 6.915528361610409798e-03
-2.499999999999992895e+01 3.177405941178595462e-03 6.964291050850913815e-03
-2.489999999999992752e+01 3.210684758378250497e-03 7.013829945287343264e-03
-2.479999999999992610e+01 3.244528788139179783e-03 7.064164484793395912e-03
-2.469999999999992468e+01 3.278951653469191086e-03 7.115314771120551281e-03
-2.459999999999992326e+01 3.313967407734499070e-03 7.167301596351922759e-03
-2.449999999999992184e+01 3.349590551553394049e-03 7.220146472834563373e-03
-2.439999999999992042e+01 3.385836050483160761e-03 7.273871664680461174e-03
-2.429999999999991900e+01 3.422719353543518962e-03 7.328500220932713909e-03
-2.419999999999991758e+01 3.460256412622569021e-03 7.384056010500282888e-03
-2.409999999999991616e+01 3.498463702814116200e-03 7.440563758972050870e-03
-2.399999999999991473e+01 3.537358243738243993e-03 7.498049087428884998e-03
-2.389999999999991331e+01 3.576957621900393562e-03 7.556538553381062992e-03
-2.379999999999991189e+01 3.617280014147618902e-03 7.616059693967742322e-03
-2.369999999999991047e+01 3.658344212284548886e-03 7.676641071565237784e-03
-2.359999999999990905e+01 3.700169648915539906e-03 7.738312321961858010e-03
-2.349999999999990763e+01 3.742776424583852193e-03 7.801104205268934340e-03
-2.339999999999990621e+01 3.786185336283377518e-03 7.865048659750554019e-03
-2.329999999999990479e+01 3.830417907423278034e-03 7.930178858768510697e-03
-2.319999999999990337e+01 3.875496419331386430e-03 7.996529271054261118e-03
-2.309999999999990195e+01 3.921443944387809424e-03 8.064135724536146410e-03
-2.299999999999990052e+01 3.968284380886403888e-03 8.133035473968276349e-03
-2.289999999999989910e+01 4.016042489728350803e-03 8.203267272626969808e-03
-2.279999999999989768e+01 4.064743933059168993e-03 8.274871448362239312e-03
-2.269999999999989626e+01 4.114415314968105156e-03 8.347889984314970507e-03
-2.259999999999989484e+01 4.165084224377064992e-03 8.422366604636124729e-03
-2.249999999999989342e+01 4.216779280255053899e-03 8.498346865572112621e-03
-2.239999999999989200e+01 4.269530179303540444e-03 8.575878252310971048e-03
-2.229999999999989058e+01 4.323367746268458323e-03 8.655010282017452233e-03
-2.219999999999988916e+01 4.378323987045450519e-03 8.735794613521677757e-03
-2.209999999999988773e+01 4.434432144756863051e-03 8.818285164166213969e-03
-2.199999999999988631e+01 4.491726758991730281e-03 8.902538234360485650e-03
-2.189999999999988489e+01 4.550243728413705044e-03 8.988612640439871265e-03
-2.179999999999988347e+01 4.610020376956758606e-03 9.076569856480250914e-03
-2.169999999999988205e+01 4.671095523844337807e-03 9.166474165777243471e-03
-2.159999999999988063e+01 4.733509557684940222e-03 9.258392822764274083e-03
-2.149999999999987921e+01 4.797304514915613251e-03 9.352396226214863481e-03
-2.139999999999987779e+01 4.862524162884822830e-03 9.448558104653384179e-03
-2.129999999999987637e+01 4.929214087887733020e-03 9.546955714985694980e-03
-2.119999999999987494e+01 4.997421788490185625e-03 9.647670055457552296e-03
-2.109999999999987352e+01 5.067196774502675909e-03 9.750786094155612996e-03
-2.099999999999987210e+01 5.138590671992657004e-03 9.856393014384392734e-03
-2.089999999999987068e+01 5.211657334752548346e-03 9.964584478384391417e-03
-2.079999999999986926e+01 5.286452962672171657e-03 1.007545891100295084e-02
-2.069999999999986784e+01 5.363036227498020267e-03 1.018911980509264355e-02
-2.059999999999986642e+01 5.441468406498009384e-03 1.030567605059365920e-02
-2.049999999999986500e+01 5.521813524589347204e-03 1.042524228945976295e-02
-2.039999999999986358e+01 5.604138505528896350e-03 1.054793929881395545e-02
-2.029999999999986215e+01 5.688513332810331453e-03 1.067389440497407832e-02
-2.019999999999986073e+01 5.775011220960236252e-03 1.080324193127268906e-02
-2.009999999999985931e+01 5.863708797976645293e-03 1.093612368291502907e-02
-1.999999999999985789e+01 5.954686299708038602e-03 1.107268947247728834e-02
-1.989999999999985647e+01 6.048027777028912658e-03 1.121309769005127827e-02
-1.979999999999985505e+01 6.143821316729389942e-03 1.135751592249641465e-02
-1.969999999999985363e+01 6.242159277101204558e-03 1.150612162677353348e-02
-1.959999999999985221e+01 6.343138539270214322e-03 1.165910286291575206e-02
-1.949999999999985079e+01 6.446860775396434998e-03 1.181665909284899257e-02
-1.939999999999984936e+01 6.553432734935590344e-03 1.197900205202064375e-02
-1.929999999999984794e+01 6.662966550230919188e-03 1.214635670164217890e-02
-1.919999999999984652e+01 6.775580062779082077e-03 1.231896227031592343e-02
-1.909999999999984510e+01 6.891397171588385488e-03 1.249707339491571562e-02
-1.899999999999984368e+01 7.010548205118868198e-03 1.268096137184725192e-02
-1.889999999999984226e+01 7.133170318359711298e-03 1.287091553125106064e-02
-1.879999999999984084e+01 7.259407916656153599e-03 1.306724474835911295e-02
-1.869999999999983942e+01 7.389413107941320003e-03 1.327027910810910094e-02
-1.859999999999983800e+01 7.523346185051680776e-03 1.348037174129976083e-02
-1.849999999999983658e+01 7.661376139800536722e-03 1.369790085308440070e-02
-1.839999999999983515e+01 7.803681210441657835e-03 1.392327196750568416e-02
-1.829999999999983373e+01 7.950449464061480273e-03 1.415692041514118871e-02
-1.819999999999983231e+01 8.101879415275762761e-03 1.439931409483806088e-02
-1.809999999999983089e+01 8.258180682352830870e-03 1.465095654506410466e-02
-1.799999999999982947e+01 8.419574681511252795e-03 1.491239036570913244e-02
-1.789999999999982805e+01 8.586295359607209327e-03 1.518420103737591446e-02
-1.779999999999982663e+01 8.758589964686848417e-03 1.546702119247465000e-02
-1.769999999999982521e+01 8.936719852867843275e-03 1.576153540098499187e-02
-1.759999999999982379e+01 9.120961328649552363e-03 1.606848554382542607e-02
-1.749999999999982236e+01 9.311606513924451656e-03 1.638867685867576723e-02
-1.739999999999982094e+01 9.508964238534400523e-03 1.672298475720613090e-02
-1.729999999999981952e+01 9.713360941999584983e-03 1.707236252943066315e-02
-1.719999999999981810e+01 9.925141571804163218e-03 1.743785007088493461e-02
-1.709999999999981668e+01 1.014467045803313372e-02 1.782058379221177283e-02
-1.699999999999981526e+01 1.037233213680078397e-02 1.822180789938237719e-02
-1.689999999999981384e+01 1.060853208523761249e-02 1.864288726723474163e-02
-1.679999999999981242e+01 1.085369731807249959e-02 1.908532217059329128e-02
-1.669999999999981100e+01 1.110827677907783029e-02 1.955076518758344303e-02
-1.659999999999980957e+01 1.137274143851972445e-02 2.004104065092782855e-02
-1.649999999999980815e+01 1.164758397850321897e-02 2.055816709758886626e-02
-1.639999999999980673e+01 1.193331790932893738e-02 2.110438325836225607e-02
-1.629999999999980531e+01 1.223047590843241196e-02 2.168217824104239425e-02
-1.619999999999980389e+01 1.253960710472159547e-02 2.229432669879575363e-02
-1.609999999999980247e+01 1.286127293906909330e-02 2.294392994602692526e-02
-1.599999999999980105e+01 1.319604110794195956e-02 2.363446419576238633e-02
-1.589999999999979963e+01 1.354447692998133300e-02 2.436983735620360664e-02
-1.579999999999979821e+01 1.390713124844812978e-02 2.515445615340643898e-02
-1.569999999999979678e+01 1.428452367285975785e-02 2.599330575965075329e-02
-1.559999999999979536e+01 1.467711953831808171e-02 2.689204462545499025e-02
-1.549999999999979394e+01 1.508529837455337488e-02 2.785711786594299855e-02
-1.539999999999979252e+01 1.550931086187310425e-02 2.889589337546767667e-02
-1.529999999999979110e+01 1.594922011140538845e-02 3.001682588306775132e-02
-1.519999999999978968e+01 1.640482150127434147e-02 3.122965547059001340e-02
-1.509999999999978826e+01 1.687553302121887894e-02 3.254564872038096662e-02
-1.499999999999978684e+01 1.736024481805581443e-02 3.397789271300154235e-02
-1.489999999999978542e+01 1.785711193341778247e-02 3.554165462878747239e-02
-1.479999999999978400e+01 1.836326739047453721e-02 3.725482276877670196e-02
-1.469999999999978257e+01 1.887442276618163384e-02 3.913844837873153848e-02
-1.459999999999978115e+01 1.938430857327451406e-02 4.121741154283447423e-02
-1.449999999999977973e+01 1.988388470454598503e-02 4.352123804550886432e-02
-1.439999999999977831e+01 2.036021806211807741e-02 4.608509613091570090e-02
-1.429999999999977689e+01 2.079487446447098389e-02 4.895099956490232829e-02
-1.419999999999977547e+01 2.116159608060720621e-02 5.216923012503384138e-02
-1.409999999999977405e+01 2.142292065195594911e-02 5.579995590614612866e-02
-1.399999999999977263e+01 2.152522553091941807e-02 5.991493593884026497e-02
-1.389999999999977121e+01 2.139142325983468124e-02 6.459901510971244321e-02
-1.379999999999976978e+01 2.091017138975343956e-02 6.995072421114398309e-02
-1.369999999999976836e+01 1.991998800198006500e-02 7.608050925644445350e-02
-1.359999999999976694e+01 1.818619151108047394e-02 8.310354698937265361e-02
-1.349999999999976552e+01 1.536854549498760727e-02 9.112110072038816233e-02
-1.339999999999976410e+01 1.097923462982645579e-02 1.001789540833244452e-01
-1.329999999999976268e+01 4.337890198109593462e-03 1.101828622432797361e-01
-1.319999999999976126e+01 -5.449201017700939544e-03 1.207414200817537031e-01
-1.309999999999975984e+01 -1.941191988967068405e-02 1.309108376640505111e-01
-1.299999999999975842e+01 -3.839219799589829729e-02 1.388806985319413489e-01
-1.289999999999975699e+01 -6.229802635256319332e-02 1.418483815415804983e-01
-1.279999999999975557e+01 -8.905541930034534259e-02 1.366506626246336564e-01
-1.269999999999975415e+01 -1.142186811159812132e-01 1.215720280723903701e-01
-1.259999999999975273e+01 -1.325932166152005431e-01 9.827789807456621674e-02
-1.249999999999975131e+01 -1.412353135193183395e-01 7.149720355070679489e-02
-1.239999999999974989e+01 -1.408241235993177298e-01 4.624247048256530102e-02
-1.229999999999974847e+01 -1.342703595202992817e-01 2.545900404303317807e-02
-1.219999999999974705e+01 -1.246350442835555544e-01 9.819538031919346557e-03
-1.209999999999974563e+01 -1.140873630928645605e-01 -1.298590020464202889e-03
-1.199999999999974420e+01 -1.038414056088663717e-01 -8.914758369395313006e-03
-1.189999999999974278e+01 -9.444865957269871215e-02 -1.398808897319693025e-02
-1.179999999999974136e+01 -8.608525523073048968e-02 -1.727443260757504859e-02
-1.169999999999973994e+01 -7.874199725617203605e-02 -1.932455185399414507e-02
-1.159999999999973852e+01 -7.233071883459921136e-02 -2.052538375528944678e-02
-1.149999999999973710e+01 -6.673814962251375937e-02 -2.114452199857178721e-02
-1.139999999999973568e+01 -6.185094271995949383e-02 -2.136612678709316759e-02
-1.129999999999973426e+01 -5.756598448151877684e-02 -2.131704282437600628e-02
-1.119999999999973284e+01 -5.379360712856046112e-02 -2.108495170718384729e-02
-1.109999999999973141e+01 -5.045759531231708978e-02 -2.073074415025925529e-02
-1.099999999999972999e+01 -4.749389846534254889e-02 -2.029689854959318765e-02
-1.089999999999972857e+01 -4.484895191672334802e-02 -1.981315859157778761e-02
-1.079999999999972715e+01 -4.247800901505371929e-02 -1.930039799968838801e-02
-1.069999999999972573e+01 -4.034364406236503470e-02 -1.877326867901558255e-02
-1.059999999999972431e+01 -3.841447235815178413e-02 -1.824202911753158851e-02
-1.049999999999972289e+01 -3.666408352123053105e-02 -1.771381692898402888e-02
-1.039999999999972147e+01 -3.507016466013236633e-02 -1.719354160181653726e-02
-1.029999999999972005e+01 -3.361378460434513715e-02 -1.668451562119839526e-02
-1.019999999999971863e+01 -3.227881129475587002e-02 -1.618890385564094453e-02
-1.009999999999971720e+01 -3.105143771368366890e-02 -1.570804565860773466e-02
-9.999999999999715783e+00 -2.991979562265187007e-02 -1.524268710751865499e-02
-9.899999999999714362e+00 -2.887364009022948957e-02 -1.479314931637528904e-02
-9.799999999999712941e+00 -2.790409104050594127e-02 -1.435945094646073374e-02
-9.699999999999711520e+00 -2.700342076867304902e-02 -1.394139768228274713e-02
-9.599999999999710099e+00 -2.616487858490955040e-02 -1.353864773534858845e-02
-9.499999999999708677e+00 -2.538254552802098052e-02 -1.315075985574873201e-02
-9.399999999999707256e+00 -2.465121350974508463e-02 -1.277722851685848815e-02
-9.299999999999705835e+00 -2.396628437765888076e-02 -1.241750965370182896e-02
-9.199999999999704414e+00 -2.332368527797670094e-02 -1.207103941931104985e-02
-9.099999999999702993e+00 -2.271979740768832745e-02 -1.173724776551663893e-02
-8.999999999999701572e+00 -2.215139580752448212e-02 -1.141556817909167645e-02
-8.899999999999700151e+00 -2.161559829420319281e-02 -1.110544455836629321e-02
-8.799999999999698730e+00 -2.110982198678125130e-02 -1.080633596248221050e-02
-8.699999999999697309e+00 -2.063174616691325347e-02 -1.051771977943194783e-02
-8.599999999999695888e+00 -2.017928044144191510e-02 -1.023909372152589231e-02
-8.499999999999694467e+00 -1.975053735977364694e-02 -9.969976954819551734e-03
-8.399999999999693046e+00 -1.934380878714580740e-02 -9.709910592878318036e-03
-8.299999999999691624e+00 -1.895754545539311137e-02 -9.458457728237860615e-03
-8.199999999999690203e+00 -1.859033921084768393e-02 -9.215203132075949072e-03
-8.099999999999688782e+00 -1.824090755903524236e-02 -8.979752720321578993e-03
-7.999999999999687361e+00 -1.790808017139211908e-02 -8.751732860024714553e-03
-7.899999999999685940e+00 -1.759078707312606432e-02 -8.530789571327399012e-03
-7.799999999999684519e+00 -1.728804827580314452e-02 -8.316587666353139618e-03
-7.699999999999683098e+00 -1.699896465504029119e-02 -8.108809855678109774e-03
-7.599999999999681677e+00 -1.672270990423709719e-02 -7.907155844949116663e-03
-7.499999999999680256e+00 -1.645852342073298238e-02 -7.711341438057002159e-03
-7.399999999999678835e+00 -1.620570400204375885e-02 -7.521097658597813464e-03
-7.299999999999677414e+00 -1.596360424765802880e-02 -7.336169897807665041e-03
-7.199999999999675993e+00 -1.573162557685937185e-02 -7.156317094474996983e-03
-7.099999999999674571e+00 -1.550921378567437364e-02 -6.981310950313315139e-03
-6.999999999999673150e+00 -1.529585507672830136e-02 -6.810935182764049287e-03
-6.899999999999671729e+00 -1.509107250484590865e-02 -6.644984816074069045e-03
-6.799999999999670308e+00 -1.489442278893262327e-02 -6.483265510665333145e-03
-6.699999999999668887e+00 -1.470549344723178463e-02 -6.325592930214747785e-03
-6.599999999999667466e+00 -1.452390021865895484e-02 -6.171792145437112603e-03
-6.499999999999666045e+00 -1.434928473771534749e-02 -6.021697073271684193e-03
-6.399999999999664624e+00 -1.418131243460432969e-02 -5.875149949980940783e-03
-6.299999999999663203e+00 -1.401967063572224365e-02 -5.732000836554521084e-03
-6.199999999999661782e+00 -1.386406684275430339e-02 -5.592107154752558665e-03
-6.099999999999660361e+00 -1.371422717125101408e-02 -5.455333252106197607e-03
-5.999999999999658939e+00 -1.356989493185174582e-02 -5.321549994207701480e-03
-5.899999999999657518e+00 -1.343082933931077916e-02 -5.190634382659427976e-03
-5.799999999999656097e+00 -1.329680433621138400e-02 -5.062469197103541818e-03
-5.699999999999654676e+00 -1.316760751976116597e-02 -4.936942659817324629e-03
-5.599999999999653255e+00 -1.304303916137889569e-02 -4.813948121428696277e-03
-5.499999999999651834e+00 -1.292291130993501215e-02 -4.693383766380045119e-03
-5.399999999999650413e+00 -1.280704697051789770e-02 -4.575152336843427148e-03
-5.299999999999648992e+00 -1.269527935148474090e-02 -4.459160873865093341e-03
-5.199999999999647571e+00 -1.258745117333588855e-02 -4.345320474591051960e-03
-5.099999999999646150e+00 -1.248341403363884515e-02 -4.233546064496789343e-03
-4.999999999999644729e+00 -1.238302782283469579e-02 -4.123756183613306973e-03
-4.899999999999643308e+00 -1.228616018629609744e-02 -4.015872785807293559e-03
-4.799999999999641886e+00 -1.219268602848072244e-02 -3.909821050235920414e-03
-4.699999999999640465e+00 -1.210248705544524767e-02 -3.805529204155762377e-03
-4.599999999999639044e+00 -1.201545135235891106e-02 -3.702928356321128281e-03
-4.499999999999637623e+00 -1.193147299298847122e-02 -3.601952340259364366e-03
-4.399999999999636202e+00 -1.185045167842255047e-02 -3.502537566759649206e-03
-4.299999999999634781e+00 -1.177229240256791494e-02 -3.404622884957688670e-03
-4.199999999999633360e+00 -1.169690514218623204e-02 -3.308149451441324239e-03
-4.099999999999631939e+00 -1.162420456945114158e-02 -3.213060606842002218e-03
-3.999999999999630518e+00 -1.155410978519467828e-02 -3.119301759413984493e-03
-3.899999999999629097e+00 -1.148654407118176665e-02 -3.026820275137691654e-03
-3.799999999999627676e+00 -1.142143465990387401e-02 -2.935565373915526369e-03
-3.699999999999626255e+00 -1.135871252051998646e-02 -2.845488031458197342e-03
-3.599999999999624833e+00 -1.129831215969639285e-02 -2.756540886487161487e-03
-3.499999999999623412e+00 -1.124017143620798312e-02 -2.668678152904261584e-03
-3.399999999999621991e+00 -1.118423138826413893e-02 -2.581855536603396353e-03
-3.299999999999620570e+00 -1.113043607261297342e-02 -2.496030156620922171e-03
-3.199999999999619149e+00 -1.107873241455973115e-02 -2.411160470341872520e-03
-3.099999999999617728e+00 -1.102907006810950608e-02 -2.327206202497840177e-03
-2.999999999999616307e+00 -1.098140128551172538e-02 -2.244128277709873075e-03
-2.899999999999614886e+00 -1.093568079554520234e-02 -2.161888756345810899e-03
-2.799999999999613465e+00 -1.089186568993804650e-02 -2.080450773476476625e-03
-2.699999999999612044e+00 -1.084991531736735626e-02 -1.999778480728956441e-03
-2.599999999999610623e+00 -1.080979118452986276e-02 -1.919836990848023707e-03
-2.499999999999609201e+00 -1.077145686381658293e-02 -1.840592324788573042e-03
-2.399999999999607780e+00 -1.073487790716316954e-02 -1.762011361172953483e-03
-2.299999999999606359e+00 -1.070002176568264976e-02 -1.684061787957190533e-03
-2.199999999999604938e+00 -1.066685771471955271e-02 -1.606712056159483905e-03
-2.099999999999603517e+00 -1.063535678399387188e-02 -1.529931335513047899e-03
-1.999999999999602096e+00 -1.060549169253046514e-02 -1.453689471913367087e-03
-1.899999999999600675e+00 -1.057723678809446149e-02 -1.377956946537346392e-03
-1.799999999999599254e+00 -1.055056799087610887e-02 -1.302704836518673789e-03
-1.699999999999597833e+00 -1.052546274118983105e-02 -1.227904777070007447e-03
-1.599999999999596412e+00 -1.050189995097172702e-02 -1.153528924948432968e-03
-1.499999999999594991e+00 -1.047985995887797638e-02 -1.079549923165936884e-03
-1.399999999999593570e+00 -1.045932448880336485e-02 -1.005940866851624642e-03
-1.299999999999592148e+00 -1.044027661165487092e-02 -9.326752701768505072e-04
-1.199999999999590727e+00 -1.042270071022973095e-02 -8.597270342586092046e-04
-1.099999999999589306e+00 -1.040658244706112352e-02 -7.870704159603069544e-04
-9.999999999995878852e-01 -1.039190873510729106e-02 -7.146799975124183343e-04
-8.999999999995864641e-01 -1.037866771117196101e-02 -6.425306568787576486e-04
-7.999999999995850430e-01 -1.036684871195514210e-02 -5.705975387967909818e-04
-6.999999999995836220e-01 -1.035644225264412480e-02 -4.988560264230432195e-04
-5.999999999995822009e-01 -1.034744000796461796e-02 -4.272817135168999192e-04
-4.999999999995807798e-01 -1.033983479562153654e-02 -3.558503770980528738e-04
-3.999999999995793587e-01 -1.033362056206829638e-02 -2.845379505146987051e-04
-2.999999999995779376e-01 -1.032879237055226926e-02 -2.133204968609962726e-04
-1.999999999995765165e-01 -1.032534639139257374e-02 -1.421741826836721290e-04
-9.999999999957509544e-02 -1.032327989445477878e-02 -7.107525191868760417e-05
4.263256414560601115e-13 -1.032259124379512547e-02 3.027092465579528380e-16
1.000000000004277467e-01 -1.032327989445479093e-02 7.107525191929389002e-05
2.000000000004291678e-01 -1.032534639139259455e-02 1.421741826842784148e-04
3.000000000004305889e-01 -1.032879237055230395e-02 2.133204968616025585e-04
4.000000000004320100e-01 -1.033362056206834148e-02 2.845379505153058583e-04
5.000000000004334311e-01 -1.033983479562159205e-02 3.558503770986617618e-04
6.000000000004348522e-01 -1.034744000796468909e-02 4.272817135175079398e-04
7.000000000004362732e-01 -1.035644225264420806e-02 4.988560264236547095e-04
8.000000000004376943e-01 -1.036684871195523577e-02 5.705975387974016044e-04
9.000000000004391154e-01 -1.037866771117206682e-02 6.425306568793708734e-04
1.000000000000440536e+00 -1.039190873510741076e-02 7.146799975130332938e-04
1.100000000000441958e+00 -1.040658244706125363e-02 7.870704159609245160e-04
1.200000000000443379e+00 -1.042270071022987493e-02 8.597270342592302356e-04
1.300000000000444800e+00 -1.044027661165502704e-02 9.326752701774732729e-04
1.400000000000446221e+00 -1.045932448880353485e-02 1.005940866852250877e-03
1.500000000000447642e+00 -1.047985995887815679e-02 1.079549923166566588e-03
1.600000000000449063e+00 -1.050189995097191957e-02 1.153528924949065275e-03
1.700000000000450484e+00 -1.052546274119003922e-02 1.227904777070644091e-03
1.800000000000451905e+00 -1.055056799087632918e-02 1.302704836519312168e-03
1.900000000000453326e+00 -1.057723678809469742e-02 1.377956946537989107e-03
2.000000000000454747e+00 -1.060549169253071321e-02 1.453689471914015006e-03
2.100000000000456168e+00 -1.063535678399413209e-02 1.529931335513699288e-03
2.200000000000457590e+00 -1.066685771471983027e-02 1.606712056160141365e-03
2.300000000000459011e+00 -1.070002176568294119e-02 1.684061787957852330e-03
2.400000000000460432e+00 -1.073487790716347312e-02 1.762011361173621352e-03
2.500000000000461853e+00 -1.077145686381690212e-02 1.840592324789246115e-03
2.600000000000463274e+00 -1.080979118453019756e-02 1.919836990848701984e-03
2.700000000000464695e+00 -1.084991531736770667e-02 1.999778480729641657e-03
2.800000000000466116e+00 -1.089186568993841253e-02 2.080450773477167045e-03
2.900000000000467537e+00 -1.093568079554558745e-02 2.161888756346509993e-03
3.000000000000468958e+00 -1.098140128551212263e-02 2.244128277710578673e-03
3.100000000000470379e+00 -1.102907006810992241e-02 2.327206202498552715e-03
3.200000000000471800e+00 -1.107873241456016483e-02 2.411160470342592864e-03
3.300000000000473221e+00 -1.113043607261341925e-02 2.496030156621650321e-03
3.400000000000474643e+00 -1.118423138826460730e-02 2.581855536604131876e-03
3.500000000000476064e+00 -1.124017143620847058e-02 2.668678152905007081e-03
3.600000000000477485e+00 -1.129831215969689939e-02 2.756540886487915658e-03
3.700000000000478906e+00 -1.135871252052051208e-02 2.845488031458960621e-03
3.800000000000480327e+00 -1.142143465990442044e-02 2.935565373916298321e-03
3.900000000000481748e+00 -1.148654407118233217e-02 3.026820275138474448e-03
4.000000000000483169e+00 -1.155410978519526635e-02 3.119301759414777261e-03
4.100000000000484590e+00 -1.162420456945175047e-02 3.213060606842807563e-03
4.200000000000486011e+00 -1.169690514218686521e-02 3.308149451442139559e-03
4.300000000000487432e+00 -1.177229240256856893e-02 3.404622884958515699e-03
4.400000000000488853e+00 -1.185045167842322875e-02 3.502537566760489680e-03
4.500000000000490274e+00 -1.193147299298917378e-02 3.601952340260217416e-03
4.600000000000491696e+00 -1.201545135235964137e-02 3.702928356321996510e-03
4.700000000000493117e+00 -1.210248705544600227e-02 3.805529204156642750e-03
4.800000000000494538e+00 -1.219268602848150654e-02 3.909821050236817266e-03
4.900000000000495959e+00 -1.228616018629690929e-02 4.015872785808206023e-03
5.000000000000497380e+00 -1.238302782283553886e-02 4.123756183614234183e-03
5.100000000000498801e+00 -1.248341403363971425e-02 4.233546064497734768e-03
5.200000000000500222e+00 -1.258745117333679060e-02 4.345320474592012996e-03
5.300000000000501643e+00 -1.269527935148567765e-02 4.459160873866073460e-03
5.400000000000503064e+00 -1.280704697051886914e-02 4.575152336844424614e-03
5.500000000000504485e+00 -1.292291130993601829e-02 4.693383766381065136e-03
5.600000000000505906e+00 -1.304303916137993825e-02 4.813948121429732774e-03
5.700000000000507328e+00 -1.316760751976224497e-02 4.936942659818382810e-03
5.800000000000508749e+00 -1.329680433621250636e-02 5.062469197104624286e-03
5.900000000000510170e+00 -1.343082933931194489e-02 5.190634382660532994e-03
6.000000000000511591e+00 -1.356989493185295492e-02 5.321549994208831652e-03
6.100000000000513012e+00 -1.371422717125226828e-02 5.455333252107352066e-03
6.200000000000514433e+00 -1.386406684275560269e-02 5.592107154753734807e-03
6.300000000000515854e+00 -1.401967063572359673e-02 5.732000836555726717e-03
6.400000000000517275e+00 -1.418131243460573482e-02 5.875149949982175906e-03
6.500000000000518696e+00 -1.434928473771680812e-02 6.021697073272951409e-03
6.600000000000520117e+00 -1.452390021866047619e-02 6.171792145438411044e-03
6.700000000000521538e+00 -1.470549344723336323e-02 6.325592930216075715e-03
6.800000000000522959e+00 -1.489442278893426952e-02 6.483265510666694903e-03
6.900000000000524381e+00 -1.509107250484761735e-02 6.644984816075463763e-03
7.000000000000525802e+00 -1.529585507673007945e-02 6.810935182765482168e-03
7.100000000000527223e+00 -1.550921378567622980e-02 6.981310950314787919e-03
7.200000000000528644e+00 -1.573162557686131127e-02 7.156317094476510529e-03
7.300000000000530065e+00 -1.596360424766004801e-02 7.336169897809218486e-03
7.400000000000531486e+00 -1.620570400204586828e-02 7.521097658599413746e-03
7.500000000000532907e+00 -1.645852342073518548e-02 7.711341438058646677e-03
7.600000000000534328e+00 -1.672270990423940090e-02 7.907155844950813223e-03
7.700000000000535749e+00 -1.699896465504269899e-02 8.108809855679854905e-03
7.800000000000537170e+00 -1.728804827580566333e-02 8.316587666354936792e-03
7.900000000000538591e+00 -1.759078707312870110e-02 8.530789571329251697e-03
8.000000000000540012e+00 -1.790808017139489117e-02 8.751732860026627953e-03
8.100000000000541434e+00 -1.824090755903814629e-02 8.979752720323554843e-03
8.200000000000542855e+00 -1.859033921085074051e-02 9.215203132077989107e-03
8.300000000000544276e+00 -1.895754545539632061e-02 9.458457728239968304e-03
8.400000000000545697e+00 -1.934380878714918317e-02 9.709910592880500319e-03
8.500000000000547118e+00 -1.975053735977720312e-02 9.969976954821806875e-03
8.600000000000548539e+00 -2.017928044144566904e-02 1.023909372152822725e-02
8.700000000000549960e+00 -2.063174616691721558e-02 1.051771977943436603e-02
8.800000000000551381e+00 -2.110982198678544586e-02 1.080633596248471717e-02
8.900000000000552802e+00 -2.161559829420763024e-02 1.110544455836889530e-02
9.000000000000554223e+00 -2.215139580752918322e-02 1.141556817909436874e-02
9.100000000000555644e+00 -2.271979740769331998e-02 1.173724776551943356e-02
9.200000000000557066e+00 -2.332368527798200572e-02 1.207103941931394683e-02
9.300000000000558487e+00 -2.396628437766453942e-02 1.241750965370483697e-02
9.400000000000559908e+00 -2.465121350975111800e-02 1.277722851686161239e-02
9.500000000000561329e+00 -2.538254552802742675e-02 1.315075985575197420e-02
9.600000000000562750e+00 -2.616487858491645113e-02 1.353864773535196075e-02
9.700000000000564171e+00 -2.700342076868045629e-02 1.394139768228624086e-02
9.800000000000565592e+00 -2.790409104051390365e-02 1.435945094646436278e-02
9.900000000000567013e+00 -2.887364009023807299e-02 1.479314931637905513e-02
1.000000000000056843e+01 -2.991979562266114043e-02 1.524268710752255118e-02
1.010000000000056986e+01 -3.105143771369370601e-02 1.570804565861176963e-02
1.020000000000057128e+01 -3.227881129476677796e-02 1.618890385564511480e-02
1.030000000000057270e+01 -3.361378460435701654e-02 1.668451562120268003e-02
1.040000000000057412e+01 -3.507016466014534206e-02 1.719354160182093305e-02
1.050000000000057554e+01 -3.666408352124475578e-02 1.771381692898850793e-02
1.060000000000057696e+01 -3.841447235816743133e-02 1.824202911753611614e-02
1.070000000000057838e+01 -4.034364406238231948e-02 1.877326867902010671e-02
1.080000000000057980e+01 -4.247800901507287757e-02 1.930039799969283931e-02
1.090000000000058122e+01 -4.484895191674467124e-02 1.981315859158206197e-02
1.100000000000058265e+01 -4.749389846536637705e-02 2.029689854959713935e-02
1.110000000000058407e+01 -5.045759531234386697e-02 2.073074415026266923e-02
1.120000000000058549e+01 -5.379360712859066612e-02 2.108495170718641815e-02
1.130000000000058691e+01 -5.756598448155302028e-02 2.131704282437730386e-02
1.140000000000058833e+01 -6.185094271999845572e-02 2.136612678709258473e-02
1.150000000000058975e+01 -6.673814962255827932e-02 2.114452199856841491e-02
1.160000000000059117e+01 -7.233071883465021223e-02 2.052538375528199788e-02
1.170000000000059259e+01 -7.874199725623053092e-02 1.932455185398074260e-02
1.180000000000059401e+01 -8.608525523079738062e-02 1.727443260755294474e-02
1.190000000000059543e+01 -9.444865957277447099e-02 1.398808897316221322e-02
1.200000000000059686e+01 -1.038414056089505405e-01 8.914758369342445574e-03
1.210000000000059828e+01 -1.140873630929543636e-01 1.298590020385811603e-03
1.220000000000059970e+01 -1.246350442836439421e-01 -9.819538032032053276e-03
1.230000000000060112e+01 -1.342703595203721123e-01 -2.545900404318818255e-02
1.240000000000060254e+01 -1.408241235993521467e-01 -4.624247048276394073e-02
1.250000000000060396e+01 -1.412353135192865039e-01 -7.149720355093468205e-02
1.260000000000060538e+01 -1.325932166150838032e-01 -9.827789807478756745e-02
1.270000000000060680e+01 -1.142186811157890197e-01 -1.215720280725590546e-01
1.280000000000060822e+01 -8.905541930011634522e-02 -1.366506626247196987e-01
1.290000000000060965e+01 -6.229802635234245323e-02 -1.418483815415858829e-01
1.300000000000061107e+01 -3.839219799571421537e-02 -1.388806985318901399e-01
1.310000000000061249e+01 -1.941191988953105615e-02 -1.309108376639698812e-01
1.320000000000061391e+01 -5.449201017601164321e-03 -1.207414200816634697e-01
1.330000000000061533e+01 4.337890198178219990e-03 -1.101828622431912097e-01
1.340000000000061675e+01 1.097923462987236698e-02 -1.001789540832428854e-01
1.350000000000061817e+01 1.536854549501751391e-02 -9.112110072031535946e-02
1.360000000000061959e+01 1.818619151109929916e-02 -8.310354698930866313e-02
1.370000000000062101e+01 1.991998800199127131e-02 -7.608050925638853990e-02
1.380000000000062244e+01 2.091017138975944170e-02 -6.995072421109520266e-02
1.390000000000062386e+01 2.139142325983711679e-02 -6.459901510966981064e-02
1.400000000000062528e+01 2.152522553091942153e-02 -5.991493593880288515e-02
1.410000000000062670e+01 2.142292065195430806e-02 -5.579995590611322442e-02
1.420000000000062812e+01 2.116159608060446881e-02 -5.216923012500473272e-02
1.430000000000062954e+01 2.079487446446751792e-02 -4.895099956487646703e-02
1.440000000000063096e+01 2.036021806211416041e-02 -4.608509613089262213e-02
1.450000000000063238e+01 1.988388470454180434e-02 -4.352123804548815866e-02
1.460000000000063380e+01 1.938430857327019460e-02 -4.121741154281583636e-02
1.470000000000063523e+01 1.887442276617727274e-02 -3.913844837871468391e-02
1.480000000000063665e+01 1.836326739047019693e-02 -3.725482276876140170e-02
1.490000000000063807e+01 1.785711193341350811e-02 -3.554165462877353215e-02
1.500000000000063949e+01 1.736024481805162334e-02 -3.397789271298879560e-02
1.510000000000064091e+01 1.687553302121480234e-02 -3.254564872036927459e-02
1.520000000000064233e+01 1.640482150127038630e-02 -3.122965547057924077e-02
1.530000000000064375e+01 1.594922011140157206e-02 -3.001682588305781482e-02
1.540000000000064517e+01 1.550931086186941969e-02 -2.889589337545848610e-02
1.550000000000064659e+01 1.508529837454983084e-02 -2.785711786593446371e-02
1.560000000000064801e+01 1.467711953831466430e-02 -2.689204462544705215e-02
1.570000000000064944e+01 1.428452367285647576e-02 -2.599330575964335296e-02
1.580000000000065086e+01 1.390713124844497953e-02 -2.515445615339952784e-02
1.590000000000065228e+01 1.354447692997830244e-02 -2.436983735619713612e-02
1.600000000000065370e+01 1.319604110793904696e-02 -2.363446419575631133e-02
1.610000000000065512e+01 1.286127293906629346e-02 -2.294392994602121108e-02
1.620000000000065654e+01 1.253960710471890838e-02 -2.229432669879038292e-02
1.630000000000065796e+01 1.223047590842982722e-02 -2.168217824103732538e-02
1.640000000000065938e+01 1.193331790932645499e-02 -2.110438325835747170e-02
1.650000000000066080e+01 1.164758397850082852e-02 -2.055816709758433863e-02
1.660000000000066223e+01 1.137274143851742421e-02 -2.004104065092353684e-02
1.670000000000066365e+01 1.110827677907561852e-02 -1.955076518757937337e-02
1.680000000000066507e+01 1.085369731807037108e-02 -1.908532217058942285e-02
1.690000000000066649e+01 1.060853208523555857e-02 -1.864288726723106401e-02
1.700000000000066791e+01 1.037233213679880466e-02 -1.822180789937887305e-02
1.710000000000066933e+01 1.014467045803122552e-02 -1.782058379220843175e-02
1.720000000000067075e+01 9.925141571802326146e-03 -1.743785007088174618e-02
1.730000000000067217e+01 9.713360941997810361e-03 -1.707236252942761698e-02
1.740000000000067359e+01 9.508964238532686616e-03 -1.672298475720321309e-02
1.750000000000067502e+01 9.311606513922800199e-03 -1.638867685867297433e-02
1.760000000000067644e+01 9.120961328647956418e-03 -1.606848554382275460e-02
1.770000000000067786e+01 8.936719852866299371e-03 -1.576153540098242795e-02
1.780000000000067928e+01 8.758589964685356555e-03 -1.546702119247219190e-02
1.790000000000068070e+01 8.586295359605767771e-03 -1.518420103737355177e-02
1.800000000000068212e+01 8.419574681509854608e-03 -1.491239036570685995e-02
1.810000000000068354e+01 8.258180682351476051e-03 -1.465095654506191718e-02
1.820000000000068496e+01 8.101879415274449575e-03 -1.439931409483595666e-02
1.830000000000068638e+01 7.950449464060208721e-03 -1.415692041513915908e-02
1.840000000000068781e+01 7.803681210440424447e-03 -1.392327196750372739e-02
1.850000000000068923e+01 7.661376139799341498e-03 -1.369790085308251158e-02
1.860000000000069065e+01 7.523346185050521981e-03 -1.348037174129793764e-02
1.870000000000069207e+01 7.389413107940196769e-03 -1.327027910810734193e-02
1.880000000000069349e+01 7.259407916655059856e-03 -1.306724474835740946e-02
1.890000000000069491e+01 7.133170318358653117e-03 -1.287091553124941438e-02
1.900000000000069633e+01 7.010548205117837772e-03 -1.268096137184565771e-02
1.910000000000069775e+01 6.891397171587383685e-03 -1.249707339491417345e-02
1.920000000000069917e+01 6.775580062778110632e-03 -1.231896227031442984e-02
1.930000000000070060e+01 6.662966550229973764e-03 -1.214635670164073214e-02
1.940000000000070202e+01 6.553432734934669206e-03 -1.197900205201923689e-02
1.950000000000070344e+01 6.446860775395539880e-03 -1.181665909284763255e-02
1.960000000000070486e+01 6.343138539269342624e-03 -1.165910286291443020e-02
1.970000000000070628e+01 6.242159277100355411e-03 -1.150612162677224978e-02
1.980000000000070770e+01 6.143821316728560744e-03 -1.135751592249516738e-02
1.990000000000070912e+01 6.048027777028104277e-03 -1.121309769005006396e-02
2.000000000000071054e+01 5.954686299707253640e-03 -1.107268947247610873e-02
2.010000000000071196e+01 5.863708797975879412e-03 -1.093612368291388241e-02
2.020000000000071338e+01 5.775011220959490321e-03 -1.080324193127157190e-02
2.030000000000071481e+01 5.688513332809602002e-03 -1.067389440497298891e-02
2.040000000000071623e+01 5.604138505528185113e-03 -1.054793929881289727e-02
2.050000000000071765e+01 5.521813524588652447e-03 -1.042524228945872732e-02
2.060000000000071907e+01 5.441468406497331975e-03 -1.030567605059265479e-02
2.070000000000072049e+01 5.363036227497358470e-03 -1.018911980509166169e-02
2.080000000000072191e+01 5.286452962671526340e-03 -1.007545891100199500e-02
2.090000000000072333e+01 5.211657334751917774e-03 -9.964584478383456401e-03
2.100000000000072475e+01 5.138590671992041177e-03 -9.856393014383480269e-03
2.110000000000072617e+01 5.067196774502075694e-03 -9.750786094154724817e-03
2.120000000000072760e+01 4.997421788489598421e-03 -9.647670055456684934e-03
2.130000000000072902e+01 4.929214087887157959e-03 -9.546955714984846700e-03
2.140000000000073044e+01 4.862524162884259912e-03 -9.448558104652554981e-03
2.150000000000073186e+01 4.797304514915064211e-03 -9.352396226214053365e-03
2.160000000000073328e+01 4.733509557684402458e-03 -9.258392822763481314e-03
2.170000000000073470e+01 4.671095523843812186e-03 -9.166474165776469785e-03
2.180000000000073612e+01 4.610020376956243393e-03 -9.076569856479492840e-03
2.190000000000073754e+01 4.550243728413200239e-03 -8.988612640439130538e-03
2.200000000000073896e+01 4.491726758991235018e-03 -8.902538234359757066e-03
2.210000000000074039e+01 4.434432144756379930e-03 -8.818285164165504467e-03
2.220000000000074181e+01 4.378323987044976939e-03 -8.735794613520980398e-03
2.230000000000074323e+01 4.323367746267995151e-03 -8.655010282016770487e-03
2.240000000000074465e+01 4.269530179303085947e-03 -8.575878252310303179e-03
2.250000000000074607e+01 4.216779280254608075e-03 -8.498346865571458630e-03
2.260000000000074749e+01 4.165084224376629576e-03 -8.422366604635482881e-03
2.270000000000074891e+01 4.114415314967676679e-03 -8.347889984314339068e-03
2.280000000000075033e+01 4.064743933058750057e-03 -8.274871448361623485e-03
2.290000000000075175e+01 4.016042489727939674e-03 -8.203267272626366124e-03
2.300000000000075318e+01 3.968284380885999697e-03 -8.133035473967683074e-03
2.310000000000075460e+01 3.921443944387413907e-03 -8.064135724535567012e-03
2.320000000000075602e+01 3.875496419330997852e-03 -7.996529271053690394e-03
2.330000000000075744e+01 3.830417907422897263e-03 -7.930178858767952116e-03
2.340000000000075886e+01 3.786185336283003685e-03 -7.865048659750004112e-03
2.350000000000076028e+01 3.742776424583487034e-03 -7.801104205268395708e-03
2.360000000000076170e+01 3.700169648915179518e-03 -7.738312321961328052e-03
2.370000000000076312e+01 3.658344212284195870e-03 -7.676641071564715632e-03
2.380000000000076454e+01 3.617280014147271090e-03 -7.616059693967231446e-03
2.390000000000076597e+01 3.576957621900052255e-03 -7.556538553380559055e-03
2.400000000000076739e+01 3.537358243737910926e-03 -7.498049087428389735e-03
2.410000000000076881e+01 3.498463702813787036e-03 -7.440563758971566015e-03
2.420000000000077023e+01 3.460256412622247230e-03 -7.384056010499805839e-03
2.430000000000077165e+01 3.422719353543201073e-03 -7.328500220932242931e-03
2.440000000000077307e+01 3.385836050482848511e-03 -7.273871664679998870e-03
2.450000000000077449e+01 3.349590551553087436e-03 -7.220146472834109742e-03
2.460000000000077591e+01 3.313967407734197661e-03 -7.167301596351476935e-03
2.470000000000077733e+01 3.278951653468894448e-03 -7.115314771120111528e-03
2.480000000000077875e+01 3.244528788138887915e-03 -7.064164484792962231e-03
2.490000000000078018e+01 3.210684758377964701e-03 -7.013829945286917389e-03
2.500000000000078160e+01 3.177405941178313570e-03 -6.964291050850494880e-03
2.510000000000078302e+01 3.144679127749310313e-03 -6.915528361609996934e-03
2.520000000000078444e+01 3.112491508090325237e-03 -6.867523072509805829e-03
2.530000000000078586e+01 3.080830656241320513e-03 -6.820256987567919170e-03
2.540000000000078728e+01 3.049684516177099316e-03 -6.773712495372881913e-03
2.550000000000078870e+01 3.019041388312940916e-03 -6.727872545752971653e-03
2.560000000000079012e+01 2.988889916591232383e-03 -6.682720627552846994e-03
2.570000000000079154e+01 2.959219076120363397e-03 -6.638240747456906378e-03
2.580000000000079297e+01 2.930018161338762608e-03 -6.594417409802387324e-03
2.590000000000079439e+01 2.901276774678461512e-03 -6.551235597328768784e-03
2.600000000000079581e+01 2.872984815703951301e-03 -6.508680752813258974e-03
2.610000000000079723e+01 2.845132470703450392e-03 -6.466738761545235380e-03
2.620000000000079865e+01 2.817710202710904666e-03 -6.425395934595329490e-03
2.630000000000080007e+01 2.790708741938260212e-03 -6.384638992837497751e-03
2.640000000000080149e+01 2.764119076598575350e-03 -6.344455051684899996e-03
2.650000000000080291e+01 2.737932444101661908e-03 -6.304831606502708623e-03
2.660000000000080433e+01 2.712140322604807054e-03 -6.265756518663120195e-03
2.670000000000080576e+01 2.686734422902146546e-03 -6.227218002209891634e-03
2.680000000000080718e+01 2.661706680637066467e-03 -6.189204611101566285e-03
2.690000000000080860e+01 2.637049248822803758e-03 -6.151705227004353183e-03
2.700000000000081002e+01 2.612754490657233277e-03 -6.114709047607240489e-03
2.710000000000081144e+01 2.588814972618528297e-03 -6.078205575433535610e-03
2.720000000000081286e+01 2.565223457829029184e-03 -6.042184607124374135e-03
2.730000000000081428e+01 2.541972899675347224e-03 -6.006636223171208169e-03
2.740000000000081570e+01 2.519056435673301675e-03 -5.971550778075472056e-03
2.750000000000081712e+01 2.496467381566876663e-03 -5.936918890914873355e-03
2.760000000000081855e+01 2.474199225650899718e-03 -5.902731436296857620e-03
2.770000000000081997e+01 2.452245623307704528e-03 -5.868979535680835490e-03
2.780000000000082139e+01 2.430600391748452896e-03 -5.835654549051813578e-03
2.790000000000082281e+01 2.409257504950296138e-03 -5.802748066928895519e-03
2.800000000000082423e+01 2.388211088780980290e-03 -5.770251902693103105e-03
2.810000000000082565e+01 2.367455416302887208e-03 -5.738158085219740266e-03
2.820000000000082707e+01 2.346984903248903933e-03 -5.706458851801272068e-03
2.830000000000082849e+01 2.326794103662870906e-03 -5.675146641347479301e-03
2.840000000000082991e+01 2.306877705697711785e-03 -5.644214087850301514e-03
2.850000000000083134e+01 2.287230527564668506e-03 -5.613654014101417122e-03
2.860000000000083276e+01 2.267847513627376660e-03 -5.583459425651268390e-03
2.870000000000083418e+01 2.248723730634805476e-03 -5.553623504998751736e-03
2.880000000000083560e+01 2.229854364087382503e-03 -5.524139606001385316e-03
2.890000000000083702e+01 2.211234714730847713e-03 -5.495001248496255049e-03
2.900000000000083844e+01 2.192860195172691845e-03 -5.466202113122541582e-03
2.910000000000083986e+01 2.174726326616207260e-03 -5.437736036336847031e-03
2.920000000000084128e+01 2.156828735707450647e-03 -5.409597005613034706e-03
2.930000000000084270e+01 2.139163151490613805e-03 -5.381779154818631603e-03
2.940000000000084412e+01 2.121725402467492146e-03 -5.354276759760303976e-03
2.950000000000084555e+01 2.104511413756958698e-03 -5.327084233891195633e-03
2.960000000000084697e+01 2.087517204350508408e-03 -5.300196124173360904e-03
2.970000000000084839e+01 2.070738884460130921e-03 -5.273607107088740253e-03
2.980000000000084981e+01 2.054172652954919243e-03 -5.247311984792547152e-03
2.990000000000085123e+01 2.037814794882999471e-03 -5.221305681403139512e-03
