-2.000000000000000000e+01 -2.240628292370989527e+01 -6.017342005520234238e-01
-1.989999999999999858e+01 -2.231688759425825097e+01 -6.030204867009532066e-01
-1.979999999999999716e+01 -2.222772895220477096e+01 -6.043513566113947189e-01
-1.969999999999999574e+01 -2.213881515892293095e+01 -6.057289089548221206e-01
-1.959999999999999432e+01 -2.205015475676024295e+01 -6.071553675386704985e-01
-1.949999999999999289e+01 -2.196175669148755460e+01 -6.086330903635051026e-01
-1.939999999999999147e+01 -2.187363033634773046e+01 -6.101645794533872014e-01
-1.929999999999999005e+01 -2.178578551783779460e+01 -6.117524915357001047e-01
-1.919999999999998863e+01 -2.169823254337164542e+01 -6.133996496552445166e-01
-1.909999999999998721e+01 -2.161098223098375115e+01 -6.151090558170286826e-01
-1.899999999999998579e+01 -2.152404594125123793e+01 -6.168839047630558792e-01
-1.889999999999998437e+01 -2.143743561162863287e+01 -6.187275990006575466e-01
-1.879999999999998295e+01 -2.135116379340919224e+01 -6.206437652137947181e-01
-1.869999999999998153e+01 -2.126524369154952154e+01 -6.226362722044345155e-01
-1.859999999999998010e+01 -2.117968920761671114e+01 -6.247092505289459918e-01
-1.849999999999997868e+01 -2.109451498614614806e+01 -6.268671140146520049e-01
-1.839999999999997726e+01 -2.100973646472801448e+01 -6.291145833647413532e-01
-1.829999999999997584e+01 -2.092536992817391095e+01 -6.314567120859401195e-01
-1.819999999999997442e+01 -2.084143256715386627e+01 -6.338989150033385034e-01
-1.809999999999997300e+01 -2.075794254173688103e+01 -6.364469996610030433e-01
-1.799999999999997158e+01 -2.067491905031548782e+01 -6.391072009462802628e-01
-1.789999999999997016e+01 -2.059238240445016288e+01 -6.418862193207599542e-01
-1.779999999999996874e+01 -2.051035411022906629e+01 -6.447912630926703192e-01
-1.769999999999996732e+01 -2.042885695680855207e+01 -6.478300952252089573e-01
-1.759999999999996589e+01 -2.034791511287748378e+01 -6.510110852442547724e-01
-1.749999999999996447e+01 -2.026755423187601934e+01 -6.543432668886356440e-01
-1.739999999999996305e+01 -2.018780156689986782e+01 -6.578364022386223864e-01
-1.729999999999996163e+01 -2.010868609633446269e+01 -6.615010531657237181e-01
-1.719999999999996021e+01 -2.003023866139177755e+01 -6.653486610719441252e-01
-1.709999999999995879e+01 -1.995249211687030666e+01 -6.693916360326738202e-01
-1.699999999999995737e+01 -1.987548149662498531e+01 -6.736434566281040981e-01
-1.689999999999995595e+01 -1.979924419542567193e+01 -6.781187819483700530e-01
-1.679999999999995453e+01 -1.972382016910196967e+01 -6.828335774930043289e-01
-1.669999999999995310e+01 -1.964925215512161216e+01 -6.878052569627348678e-01
-1.659999999999995168e+01 -1.957558591603856968e+01 -6.930528422695326762e-01
-1.649999999999995026e+01 -1.950287050857691185e+01 -6.985971444793325213e-01
-1.639999999999994884e+01 -1.943115858149759134e+01 -7.044609688634292377e-01
-1.629999999999994742e+01 -1.936050670583436784e+01 -7.106693477847797480e-01
-1.619999999999994600e+01 -1.929097574159148110e+01 -7.172498058029335155e-01
-1.609999999999994458e+01 -1.922263124558267577e+01 -7.242326621697954270e-01
-1.599999999999994316e+01 -1.915554392577026022e+01 -7.316513768367978177e-01
-1.589999999999994174e+01 -1.908979014824948806e+01 -7.395429472384498215e-01
-1.579999999999994031e+01 -1.902545250393873033e+01 -7.479483645031926864e-01
-1.569999999999993889e+01 -1.896262044309817441e+01 -7.569131394265486978e-01
-1.559999999999993747e+01 -1.890139098703542686e+01 -7.664879105955731964e-01
-1.549999999999993605e+01 -1.884186952779623780e+01 -7.767291495682964175e-01
-1.539999999999993463e+01 -1.878417072831192769e+01 -7.876999811023315257e-01
-1.529999999999993321e+01 -1.872841953742629784e+01 -7.994711402407023160e-01
-1.519999999999993179e+01 -1.867475233649287958e+01 -8.121220927889487573e-01
-1.509999999999993037e+01 -1.862331823686712795e+01 -8.257423515992379226e-01
-1.499999999999992895e+01 -1.857428055067295247e+01 -8.404330284303342946e-01
-1.489999999999992752e+01 -1.852781846074729799e+01 -8.563086703872593297e-01
-1.479999999999992610e+01 -1.848412891971408456e+01 -8.734994415989479899e-01
-1.469999999999992468e+01 -1.844342881274991441e+01 -8.921537255732489013e-01
-1.459999999999992326e+01 -1.840595742379007760e+01 -9.124412425109997837e-01
-1.449999999999992184e+01 -1.837197925066099913e+01 -9.345568000086605931e-01
-1.439999999999992042e+01 -1.834178722079548862e+01 -9.587248266948829034e-01
-1.429999999999991900e+01 -1.831570636553481179e+01 -9.852048786672100711e-01
-1.419999999999991758e+01 -1.829409801705216410e+01 -1.014298361147205840e+00
-1.409999999999991616e+01 -1.827736459674463987e+01 -1.046356776671067745e+00
-1.399999999999991473e+01 -1.826595506598203400e+01 -1.081791902009752171e+00
-1.389999999999991331e+01 -1.826037110673835429e+01 -1.121088416612295857e+00
-1.379999999999991189e+01 -1.826117408646217655e+01 -1.164819666393094089e+00
-1.369999999999991047e+01 -1.826899283127498208e+01 -1.213667463003026636e+00
-1.359999999999990905e+01 -1.828453217216017634e+01 -1.268447111045979181e+00
-1.349999999999990763e+01 -1.830858212028788756e+01 -1.330139252948668638e+00
-1.339999999999990621e+01 -1.834202733700356447e+01 -1.399930663757073868e+00
-1.329999999999990479e+01 -1.838585623637997202e+01 -1.479266872250525999e+00
-1.319999999999990337e+01 -1.844116850180264677e+01 -1.569920508065567155e+00
-1.309999999999990195e+01 -1.850917885839824351e+01 -1.674080682328731751e+00
-1.299999999999990052e+01 -1.859121335868097447e+01 -1.794470639770240572e+00
-1.289999999999989910e+01 -1.868869176369631191e+01 -1.934503542842333390e+00
-1.279999999999989768e+01 -1.880308507150573050e+01 -2.098489740689376326e+00
-1.269999999999989626e+01 -1.893582954247768768e+01 -2.291913343391266178e+00
-1.259999999999989484e+01 -1.908816542878686207e+01 -2.521801173333416024e+00
-1.249999999999989342e+01 -1.926084615236614184e+01 -2.797212140396226232e+00
-1.239999999999989200e+01 -1.945362537189492969e+01 -3.129876468173550030e+00
-1.229999999999989058e+01 -1.966436475458281308e+01 -3.535003152638708901e+00
-1.219999999999988916e+01 -1.988749910994854986e+01 -4.032228831134545999e+00
-1.209999999999988773e+01 -2.011143140598408152e+01 -4.646551329464413627e+00
-1.199999999999988631e+01 -2.031421091753320951e+01 -5.408766070536423776e+00
-1.189999999999988489e+01 -2.045667057987714799e+01 -6.354185341436799028e+00
-1.179999999999988347e+01 -2.047247681496062910e+01 -7.516927712035826659e+00
-1.169999999999988205e+01 -2.025650643884723578e+01 -8.914629422022800398e+00
-1.159999999999988063e+01 -1.965924297779444174e+01 -1.051643957048847255e+01
-1.149999999999987921e+01 -1.850783567874718116e+01 -1.219245292220577248e+01
-1.139999999999987779e+01 -1.668487675061329156e+01 -1.367015609128314857e+01
-1.129999999999987637e+01 -1.426309359285615308e+01 -1.457230070796234500e+01
-1.119999999999987494e+01 -1.158581215143328436e+01 -1.459856743983245408e+01
-1.109999999999987352e+01 -9.138435065678283564e+00 -1.373940853491084191e+01
-1.099999999999987210e+01 -7.277842651378308325e+00 -1.228365943382109826e+01
-1.089999999999987068e+01 -6.091101891663456946e+00 -1.061031821978141387e+01
-1.079999999999986926e+01 -5.467612337229945219e+00 -8.999944410738581979e+00
-1.069999999999986784e+01 -5.234878480578705862e+00 -7.589572754859355896e+00
-1.059999999999986642e+01 -5.241137704828922494e+00 -6.414112151102994375e+00
-1.049999999999986500e+01 -5.378816820063368809e+00 -5.457599002241367181e+00
-1.039999999999986358e+01 -5.579723334709822069e+00 -4.686309615188719135e+00
-1.029999999999986215e+01 -5.803466586740073652e+00 -4.064787823829488111e+00
-1.019999999999986073e+01 -6.027344746941825093e+00 -3.561927805083025422e+00
-1.009999999999985931e+01 -6.239317383664363170e+00 -3.152411783226475084e+00
-9.999999999999857891e+00 -6.433564460331680834e+00 -2.816327492639816299e+00
-9.899999999999856470e+00 -6.607804879586105962e+00 -2.538245212973051501e+00
-9.799999999999855049e+00 -6.761715066289770704e+00 -2.306263784239641623e+00
-9.699999999999853628e+00 -6.896009092994214384e+00 -2.111193875862648728e+00
-9.599999999999852207e+00 -7.011909512147468604e+00 -1.945909664427378560e+00
-9.499999999999850786e+00 -7.110847049637106565e+00 -1.804851861363502064e+00
-9.399999999999849365e+00 -7.194293811589204779e+00 -1.683652828177786276e+00
-9.299999999999847944e+00 -7.263674107824400039e+00 -1.578855512801633054e+00
-9.199999999999846523e+00 -7.320320139190725328e+00 -1.487702833921552337e+00
-9.099999999999845102e+00 -7.365453336228573455e+00 -1.407979416548421181e+00
-8.999999999999843681e+00 -7.400180071063799048e+00 -1.337892102902614955e+00
-8.899999999999842260e+00 -7.425495130340343586e+00 -1.275979207923820358e+00
-8.799999999999840838e+00 -7.442289091534656897e+00 -1.221041155199988237e+00
-8.699999999999839417e+00 -7.451357376254668097e+00 -1.172087093447188089e+00
-8.599999999999837996e+00 -7.453409721554203671e+00 -1.128293526647888179e+00
-8.499999999999836575e+00 -7.449079383266247412e+00 -1.088972032623905406e+00
-8.399999999999835154e+00 -7.438931722880751884e+00 -1.053543902223864404e+00
-8.299999999999833733e+00 -7.423472026043448579e+00 -1.021520083449680927e+00
-8.199999999999832312e+00 -7.403152512817261943e+00 -9.924852190031769883e-01
-8.099999999999830891e+00 -7.378378561395196655e+00 -9.660848630508570567e-01
-7.999999999999829470e+00 -7.349514198472657966e+00 -9.420151829499074925e-01
-7.899999999999828049e+00 -7.316886923381257013e+00 -9.200146153503208080e-01
-7.799999999999826628e+00 -7.280791936861120917e+00 -8.998570686258575702e-01
-7.699999999999825206e+00 -7.241495843525859399e+00 -8.813463558930898500e-01
-7.599999999999823785e+00 -7.199239892366950500e+00 -8.643116128366030715e-01
-7.499999999999822364e+00 -7.154242813655581124e+00 -8.486035079009950355e-01
-7.399999999999820943e+00 -7.106703304251950293e+00 -8.340910933248313341e-01
-7.299999999999819522e+00 -7.056802207144120764e+00 -8.206591770553991472e-01
-7.199999999999818101e+00 -7.004704425275148694e+00 -8.082061200707247872e-01
-7.099999999999816680e+00 -6.950560604495594319e+00 -7.966419827376831631e-01
-6.999999999999815259e+00 -6.894508615838559784e+00 -7.858869588150889651e-01
-6.899999999999813838e+00 -6.836674863235486121e+00 -7.758700475191577794e-01
-6.799999999999812417e+00 -6.777175439238171784e+00 -7.665279234231331396e-01
-6.699999999999810996e+00 -6.716117148235118073e+00 -7.578039714089975787e-01
-6.599999999999809575e+00 -6.653598413992770411e+00 -7.496474598440405757e-01
-6.499999999999808153e+00 -6.589710086065874606e+00 -7.420128299385213566e-01
-6.399999999999806732e+00 -6.524536157655396629e+00 -7.348590831000045842e-01
-6.299999999999805311e+00 -6.458154405802128295e+00 -7.281492512268255002e-01
-6.199999999999803890e+00 -6.390636963355071920e+00 -7.218499374266189594e-01
-6.099999999999802469e+00 -6.322050830906546182e+00 -7.159309167231705517e-01
-5.999999999999801048e+00 -6.252458335814953472e+00 -7.103647880177064167e-01
-5.899999999999799627e+00 -6.181917544515254548e+00 -7.051266699717599895e-01
-5.799999999999798206e+00 -6.110482633522490659e+00 -7.001939346356815808e-01
-5.699999999999796785e+00 -6.038204223850523356e+00 -6.955459736052793662e-01
-5.599999999999795364e+00 -5.965129682977616810e+00 -6.911639922858601182e-01
-5.499999999999793943e+00 -5.891303397978921552e+00 -6.870308285074854249e-01
-5.399999999999792522e+00 -5.816767023005266601e+00 -6.831307922910871966e-01
-5.299999999999791100e+00 -5.741559703904008494e+00 -6.794495240316003049e-01
-5.199999999999789679e+00 -5.665718282444837328e+00 -6.759738687568705995e-01
-5.099999999999788258e+00 -5.589277482325522683e+00 -6.726917644524013085e-01
-4.999999999999786837e+00 -5.512270078879114799e+00 -6.695921427225589584e-01
-4.899999999999785416e+00 -5.434727054186197392e+00 -6.666648402968431419e-01
-4.799999999999783995e+00 -5.356677739103751890e+00 -6.639005200924472661e-01
-4.699999999999782574e+00 -5.278149943553986034e+00 -6.612906007172347778e-01
-4.599999999999781153e+00 -5.199170076270949181e+00 -6.588271934451497280e-01
-4.499999999999779732e+00 -5.119763255073593200e+00 -6.565030458229789145e-01
-4.399999999999778311e+00 -5.039953408621244080e+00 -6.543114911765364194e-01
-4.299999999999776890e+00 -4.959763370509191027e+00 -6.522464033784469706e-01
-4.199999999999775468e+00 -4.879214966473950810e+00 -6.503021563211339728e-01
-4.099999999999774047e+00 -4.798329095402328548e+00 -6.484735876091964890e-01
-3.999999999999772626e+00 -4.717125804771132636e+00 -6.467559660467714355e-01
-3.899999999999771205e+00 -4.635624361084335732e+00 -6.451449625490941475e-01
-3.799999999999769784e+00 -4.553843315823771221e+00 -6.436366241543436395e-01
-3.699999999999768363e+00 -4.471800567383011682e+00 -6.422273508531595176e-01
-3.599999999999766942e+00 -4.389513419414177164e+00 -6.409138749895816334e-01
-3.499999999999765521e+00 -4.306998635983138257e+00 -6.396932430194555153e-01
-3.399999999999764100e+00 -4.224272493896847891e+00 -6.385627994411406938e-01
-3.299999999999762679e+00 -4.141350832541156990e+00 -6.375201727391657247e-01
-3.199999999999761258e+00 -4.058249101544607385e+00 -6.365632632047888428e-01
-3.099999999999759837e+00 -3.974982406563376980e+00 -6.356902325187092639e-01
-2.999999999999758415e+00 -3.891565553467372762e+00 -6.348994950006467963e-01
-2.899999999999756994e+00 -3.808013091193217292e+00 -6.341897104487097536e-01
-2.799999999999755573e+00 -3.724339353519212636e+00 -6.335597785084984279e-01
-2.699999999999754152e+00 -3.640558500009595910e+00 -6.330088345281639217e-01
-2.599999999999752731e+00 -3.556684556368633565e+00 -6.325362468713722208e-01
-2.499999999999751310e+00 -3.472731454442458787e+00 -6.321416156755166327e-01
-2.399999999999749889e+00 -3.388713072105542956e+00 -6.318247730579518162e-01
-2.299999999999748468e+00 -3.304643273269032733e+00 -6.315857847885826271e-01
-2.199999999999747047e+00 -3.220535948252975178e+00 -6.314249534632415672e-01
-2.099999999999745626e+00 -3.136405054769972889e+00 -6.313428232290627662e-01
-1.999999999999744205e+00 -3.052264659776561029e+00 -6.313401861309264618e-01
-1.899999999999742784e+00 -2.968128982460739529e+00 -6.314180901672261648e-01
-1.799999999999741362e+00 -2.884012438647495458e+00 -6.315778491640999803e-01
-1.699999999999739941e+00 -2.799929686922687289e+00 -6.318210546002884787e-01
-1.599999999999738520e+00 -2.715895676796858282e+00 -6.321495895403337340e-01
-1.499999999999737099e+00 -2.631925699254720641e+00 -6.325656448624797923e-01
-1.399999999999735678e+00 -2.548035440066491297e+00 -6.330717380000102645e-01
-1.299999999999734257e+00 -2.464241036270844898e+00 -6.336707344514835860e-01
-1.199999999999732836e+00 -2.380559136278944443e+00 -6.343658723573659675e-01
-1.099999999999731415e+00 -2.297006964095400505e+00 -6.351607904888001421e-01
-9.999999999997299938e-01 -2.213602388203859128e+00 -6.360595600499150404e-01
-8.999999999997285727e-01 -2.130363995726518578e+00 -6.370667207595882564e-01
-7.999999999997271516e-01 -2.047311172537012336e+00 -6.381873217535766196e-01
-6.999999999997257305e-01 -1.964464190085574158e+00 -6.394269679354700475e-01
-5.999999999997243094e-01 -1.881844299789169117e+00 -6.407918725074490673e-01
-4.999999999997228883e-01 -1.799473835945169187e+00 -6.422889165322691607e-01
-3.999999999997214672e-01 -1.717376328249915485e+00 -6.439257165198608579e-01
-2.999999999997200462e-01 -1.635576625145538365e+00 -6.457107011998139967e-01
-1.999999999997186251e-01 -1.554101029380593024e+00 -6.476531988400870965e-01
-9.999999999971720399e-02 -1.472977447359326675e+00 -6.497635367091949554e-01
2.842170943040400743e-13 -1.392235554072363657e+00 -6.520531545618972746e-01
1.000000000002856382e-01 -1.311906975652957996e+00 -6.545347343670036011e-01
2.000000000002870593e-01 -1.232025491896233893e+00 -6.572223489027420040e-01
3.000000000002884804e-01 -1.152627261417594084e+00 -6.601316323355728155e-01
4.000000000002899014e-01 -1.073751072520145788e+00 -6.632799764915633389e-01
5.000000000002913225e-01 -9.954386232998002626e-01 -6.666867572496975036e-01
6.000000000002927436e-01 -9.177348350483485184e-01 -6.703735963639927409e-01
7.000000000002941647e-01 -8.406882036360470156e-01 -6.743646650946228949e-01
8.000000000002955858e-01 -7.643511942777696522e-01 -6.786870373460847095e-01
9.000000000002970069e-01 -6.887806859267926463e-01 -6.833711016350281220e-01
1.000000000000298428e+00 -6.140384725204854899e-01 -6.884510432215735776e-01
1.100000000000299849e+00 -5.401918294390335440e-01 -6.939654102383916445e-01
1.200000000000301270e+00 -4.673141548577113280e-01 -6.999577807744092883e-01
1.300000000000302691e+00 -3.954856971987588121e-01 -7.064775517876838995e-01
1.400000000000304112e+00 -3.247943816413245699e-01 -7.135808756604302694e-01
1.500000000000305533e+00 -2.553367506499684136e-01 -7.213317764653148778e-01
1.600000000000306954e+00 -1.872190357421847917e-01 -7.298034859779893857e-01
1.700000000000308376e+00 -1.205583802238185953e-01 -7.390800496668677999e-01
1.800000000000309797e+00 -5.548423534273050350e-02 -7.492582660132056649e-01
1.900000000000311218e+00 7.860044856757175680e-03 -7.604500394965322263e-01
2.000000000000312639e+00 6.931538194316511081e-02 -7.727852496845096786e-01
2.100000000000314060e+00 1.287048944134512318e-01 -7.864152678072375835e-01
2.200000000000315481e+00 1.858315302852262541e-01 -8.015172903162270934e-01
2.300000000000316902e+00 2.404753801544774472e-01 -8.182997094463837495e-01
2.400000000000318323e+00 2.923906445725570347e-01 -8.370088081590744133e-01
2.500000000000319744e+00 3.413022410162303011e-01 -8.579371572092762133e-01
2.600000000000321165e+00 3.869020587054872173e-01 -8.814342140338948806e-01
2.700000000000322586e+00 4.288449120187762809e-01 -9.079197886823549002e-01
2.800000000000324007e+00 4.667443184167736625e-01 -9.379012678424998306e-01
2.900000000000325429e+00 5.001683564724332953e-01 -9.719957974814446011e-01
3.000000000000326850e+00 5.286360803153873356e-01 -1.010959050004924809e+00
3.100000000000328271e+00 5.516153398377809935e-01 -1.055722787159428577e+00
3.200000000000329692e+00 5.685234850526743600e-01 -1.107444233463053429e+00
3.300000000000331113e+00 5.787334945408564302e-01 -1.167571369684723415e+00
3.400000000000332534e+00 5.815898642666823548e-01 -1.237929722190423298e+00
3.500000000000333955e+00 5.764416443566684478e-01 -1.320838121807765164e+00
3.600000000000335376e+00 5.627052139741381964e-01 -1.419263194339227319e+00
3.700000000000336797e+00 5.399782756592204080e-01 -1.537024674215414333e+00
3.800000000000338218e+00 5.082417279466198146e-01 -1.679064835109170595e+00
3.900000000000339639e+00 4.682117701319938874e-01 -1.851792217204799584e+00
4.000000000000341061e+00 4.219471457782359991e-01 -2.063494437397640713e+00
4.100000000000342482e+00 3.738834413393785638e-01 -2.324768444269440515e+00
4.200000000000343903e+00 3.325601362905747926e-01 -2.648797480915563884e+00
4.300000000000345324e+00 3.133981123543891911e-01 -3.051027638980417400e+00
4.400000000000346745e+00 3.428374879416868914e-01 -3.547220485784584376e+00
4.500000000000348166e+00 4.635179397044231209e-01 -4.147854441798260794e+00
4.600000000000349587e+00 7.379459586334862209e-01 -4.845771291597936958e+00
4.700000000000351008e+00 1.242947906895994770e+00 -5.595117021821049974e+00
4.800000000000352429e+00 2.041304876267145740e+00 -6.289044283219827669e+00
4.900000000000353850e+00 3.125017301021572713e+00 -6.764756719176714839e+00
5.000000000000355271e+00 4.366942015983383385e+00 -6.870724329000477582e+00
5.100000000000356692e+00 5.554441591047158511e+00 -6.568440179936722245e+00
5.200000000000358114e+00 6.505808734445389874e+00 -5.962917310936125759e+00
5.300000000000359535e+00 7.155021167989249697e+00 -5.223719598862903268e+00
5.400000000000360956e+00 7.537060457250533752e+00 -4.490132422822372682e+00
5.500000000000362377e+00 7.727126108714883479e+00 -3.836961669984918721e+00
5.600000000000363798e+00 7.796769704396957046e+00 -3.287928895531256224e+00
5.700000000000365219e+00 7.798577724588022342e+00 -2.839416753516536218e+00
5.800000000000366640e+00 7.766560929987161188e+00 -2.477302886914433788e+00
5.900000000000368061e+00 7.721131476013800565e+00 -2.185570266623612312e+00
6.000000000000369482e+00 7.673895656106159535e+00 -1.949777474911264630e+00
6.100000000000370903e+00 7.631100778102421600e+00 -1.758026225573855905e+00
6.200000000000372324e+00 7.595847686741909577e+00 -1.600906286252307353e+00
6.300000000000373745e+00 7.569437065312821566e+00 -1.471109453962760050e+00
6.400000000000375167e+00 7.552166729701811576e+00 -1.362996380460561374e+00
6.500000000000376588e+00 7.543796639913521673e+00 -1.272215258387190628e+00
6.600000000000378009e+00 7.543817085464109340e+00 -1.195395399342846776e+00
6.700000000000379430e+00 7.551601422980420253e+00 -1.129910986290381558e+00
6.800000000000380851e+00 7.566491412423927976e+00 -1.073702409183925788e+00
6.900000000000382272e+00 7.587843335258011024e+00 -1.025142209694802631e+00
7.000000000000383693e+00 7.615051406831451430e+00 -9.829346502281227638e-01
7.100000000000385114e+00 7.647558166290242099e+00 -9.460403093743003922e-01
7.200000000000386535e+00 7.684857528025514029e+00 -9.136192194589011217e-01
7.300000000000387956e+00 7.726493828899916316e+00 -8.849877432824596601e-01
7.400000000000389377e+00 7.772058819483662617e+00 -8.595856607582430531e-01
7.500000000000390799e+00 7.821187727210017648e+00 -8.369508776850620446e-01
7.600000000000392220e+00 7.873555032924110186e+00 -8.166998567960754851e-01
7.700000000000393641e+00 7.928870314024517363e+00 -7.985123714801415362e-01
7.800000000000395062e+00 7.986874337301586912e+00 -7.821195462020531508e-01
7.900000000000396483e+00 8.047335485196928317e+00 -7.672944125361462753e-01
8.000000000000397904e+00 8.110046542211676979e+00 -7.538444034219669021e-01
8.100000000000399325e+00 8.174821836560035138e+00 -7.416053505719776284e-01
8.200000000000400746e+00 8.241494715633916002e+00 -7.304366551088838921e-01
8.300000000000402167e+00 8.309915326211593012e+00 -7.202173796497732816e-01
8.400000000000403588e+00 8.379948667849266286e+00 -7.108430684752722328e-01
8.500000000000405009e+00 8.451472888271769790e+00 -7.022231463685681963e-01
8.600000000000406430e+00 8.524377791468072729e+00 -6.942787799707514917e-01
8.700000000000407852e+00 8.598563531787835501e+00 -6.869411108258183241e-01
8.800000000000409273e+00 8.673939470160174636e+00 -6.801497886890663924e-01
8.900000000000410694e+00 8.750423171351565443e+00 -6.738517486198480899e-01
9.000000000000412115e+00 8.827939523803202349e+00 -6.680001869612768317e-01
9.100000000000413536e+00 8.906419965978898290e+00 -6.625537003329904362e-01
9.200000000000414957e+00 8.985801805286399713e+00 -6.574755588311417265e-01
9.300000000000416378e+00 9.066027617512917303e+00 -6.527330901947379083e-01
9.400000000000417799e+00 9.147044716354750804e+00 -6.482971561012225159e-01
9.500000000000419220e+00 9.228804684041801210e+00 -6.441417052556595024e-01
9.600000000000420641e+00 9.311262955284934861e+00 -6.402433907352389486e-01
9.700000000000422062e+00 9.394378447832515633e+00 -6.365812412957019273e-01
9.800000000000423483e+00 9.478113233830644191e+00 -6.331363781556071935e-01
9.900000000000424905e+00 9.562432246963370019e+00 -6.298917702389519313e-01
