-3.200000000000000000e+01 2.225106931116799301e-04
-3.189999999999999858e+01 2.244955405149396484e-04
-3.179999999999999716e+01 2.265084341271199342e-04
-3.169999999999999574e+01 2.285499233336701387e-04
-3.159999999999999432e+01 2.306205713411219396e-04
-3.149999999999999289e+01 2.327209556020466382e-04
-3.139999999999999147e+01 2.348516682558512134e-04
-3.129999999999999005e+01 2.370133165855070796e-04
-3.119999999999998863e+01 2.392065234910743820e-04
-3.109999999999998721e+01 2.414319279809384433e-04
-3.099999999999998579e+01 2.436901856809063529e-04
-3.089999999999998437e+01 2.459819693627448471e-04
-3.079999999999998295e+01 2.483079694923854804e-04
-3.069999999999998153e+01 2.506688947988531830e-04
-3.059999999999998010e+01 2.530654728650435256e-04
-3.049999999999997868e+01 2.554984507406509115e-04
-3.039999999999997726e+01 2.579685955791043931e-04
-3.029999999999997584e+01 2.604766952989151681e-04
-3.019999999999997442e+01 2.630235592707442236e-04
-3.009999999999997300e+01 2.656100190315822452e-04
-2.999999999999997158e+01 2.682369290265585750e-04
-2.989999999999997016e+01 2.709051673805827512e-04
-2.979999999999996874e+01 2.736156367004653560e-04
-2.969999999999996732e+01 2.763692649091576488e-04
-2.959999999999996589e+01 2.791670061138482842e-04
-2.949999999999996447e+01 2.820098415087295097e-04
-2.939999999999996305e+01 2.848987803150763976e-04
-2.929999999999996163e+01 2.878348607596244342e-04
-2.919999999999996021e+01 2.908191510933124985e-04
-2.909999999999995879e+01 2.938527506525937319e-04
-2.899999999999995737e+01 2.969367909645213963e-04
-2.889999999999995595e+01 3.000724368988344623e-04
-2.879999999999995453e+01 3.032608878684836160e-04
-2.869999999999995310e+01 3.065033790812378791e-04
-2.859999999999995168e+01 3.098011828451852924e-04
-2.849999999999995026e+01 3.131556099298866188e-04
-2.839999999999994884e+01 3.165680109871599483e-04
-2.829999999999994742e+01 3.200397780335692555e-04
-2.819999999999994600e+01 3.235723459980241207e-04
-2.809999999999994458e+01 3.271671943381240506e-04
-2.799999999999994316e+01 3.308258487277674601e-04
-2.789999999999994174e+01 3.345498828210059263e-04
-2.779999999999994031e+01 3.383409200950886230e-04
-2.769999999999993889e+01 3.422006357771455263e-04
-2.759999999999993747e+01 3.461307588592510399e-04
-2.749999999999993605e+01 3.501330742054518724e-04
-2.739999999999993463e+01 3.542094247570797385e-04
-2.729999999999993321e+01 3.583617138405166113e-04
-2.719999999999993179e+01 3.625919075832788742e-04
-2.709999999999993037e+01 3.669020374446866251e-04
-2.699999999999992895e+01 3.712942028661853165e-04
-2.689999999999992752e+01 3.757705740494727133e-04
-2.679999999999992610e+01 3.803333948683037505e-04
-2.669999999999992468e+01 3.849849859218134815e-04
-2.659999999999992326e+01 3.897277477377277238e-04
-2.649999999999992184e+01 3.945641641326290633e-04
-2.639999999999992042e+01 3.994968057399535971e-04
-2.629999999999991900e+01 4.045283337140123431e-04
-2.619999999999991758e+01 4.096615036206306790e-04
-2.609999999999991616e+01 4.148991695257352869e-04
-2.599999999999991473e+01 4.202442882920443814e-04
-2.589999999999991331e+01 4.256999240980638899e-04
-2.579999999999991189e+01 4.312692531911456960e-04
-2.569999999999991047e+01 4.369555688891086655e-04
-2.559999999999990905e+01 4.427622868459452445e-04
-2.549999999999990763e+01 4.486929505960872444e-04
-2.539999999999990621e+01 4.547512373964210266e-04
-2.529999999999990479e+01 4.609409643828262697e-04
-2.519999999999990337e+01 4.672660950613389901e-04
-2.509999999999990195e+01 4.737307461555141717e-04
-2.499999999999990052e+01 4.803391948307312296e-04
-2.489999999999989910e+01 4.870958863218310844e-04
-2.479999999999989768e+01 4.940054419881902397e-04
-2.469999999999989626e+01 5.010726678244972841e-04
-2.459999999999989484e+01 5.083025634576350147e-04
-2.449999999999989342e+01 5.157003316596803092e-04
-2.439999999999989200e+01 5.232713884139153547e-04
-2.429999999999989058e+01 5.310213735688476327e-04
-2.419999999999988916e+01 5.389561621205638756e-04
-2.409999999999988773e+01 5.470818761669209596e-04
-2.399999999999988631e+01 5.554048975774475991e-04
-2.389999999999988489e+01 5.639318814314790663e-04
-2.379999999999988347e+01 5.726697702759032168e-04
-2.369999999999988205e+01 5.816258092609814714e-04
-2.359999999999988063e+01 5.908075622174749917e-04
-2.349999999999987921e+01 6.002229287400398169e-04
-2.339999999999987779e+01 6.098801623530442388e-04
-2.329999999999987637e+01 6.197878898352563760e-04
-2.319999999999987494e+01 6.299551317895926619e-04
-2.309999999999987352e+01 6.403913245514330664e-04
-2.299999999999987210e+01 6.511063435330696498e-04
-2.289999999999987068e+01 6.621105281168799140e-04
-2.279999999999986926e+01 6.734147082127108072e-04
-2.269999999999986784e+01 6.850302326088702001e-04
-2.259999999999986642e+01 6.969689992575761649e-04
-2.249999999999986500e+01 7.092434876438023176e-04
-2.239999999999986358e+01 7.218667934074375582e-04
-2.229999999999986215e+01 7.348526653962473556e-04
-2.219999999999986073e+01 7.482155453477244353e-04
-2.209999999999985931e+01 7.619706104163110824e-04
-2.199999999999985789e+01 7.761338187775313749e-04
-2.189999999999985647e+01 7.907219585711748903e-04
-2.179999999999985505e+01 8.057527004615829078e-04
-2.169999999999985363e+01 8.212446541248627279e-04
-2.159999999999985221e+01 8.372174290030516336e-04
-2.149999999999985079e+01 8.536916996926666081e-04
-2.139999999999984936e+01 8.706892763817253517e-04
-2.129999999999984794e+01 8.882331807803175733e-04
-2.119999999999984652e+01 9.063477280407682439e-04
-2.109999999999984510e+01 9.250586152143737808e-04
-2.099999999999984368e+01 9.443930168413609567e-04
-2.089999999999984226e+01 9.643796883451481511e-04
-2.079999999999984084e+01 9.850490779607392038e-04
-2.069999999999983942e+01 1.006433448012124298e-03
-2.059999999999983800e+01 1.028567006442031567e-03
-2.049999999999983658e+01 1.051486049588136896e-03
-2.039999999999983515e+01 1.075229117324255591e-03
-2.029999999999983373e+01 1.099837161795993480e-03
-2.019999999999983231e+01 1.125353731128160995e-03
-2.009999999999983089e+01 1.151825169639877433e-03
-1.999999999999982947e+01 1.179300836272235368e-03
-1.989999999999982805e+01 1.207833343151338461e-03
-1.979999999999982663e+01 1.237478816421604556e-03
-1.969999999999982521e+01 1.268297181752162843e-03
-1.959999999999982379e+01 1.300352477213858118e-03
-1.949999999999982236e+01 1.333713196547213443e-03
-1.939999999999982094e+01 1.368452666242155231e-03
-1.929999999999981952e+01 1.404649460265186209e-03
-1.919999999999981810e+01 1.442387856777215200e-03
-1.909999999999981668e+01 1.481758341754723599e-03
-1.899999999999981526e+01 1.522858165064957994e-03
-1.889999999999981384e+01 1.565791955319000310e-03
-1.879999999999981242e+01 1.610672400664930112e-03
-1.869999999999981100e+01 1.657621003691973557e-03
-1.859999999999980957e+01 1.706768919759964588e-03
-1.849999999999980815e+01 1.758257889405837439e-03
-1.839999999999980673e+01 1.812241277003361463e-03
-1.829999999999980531e+01 1.868885229678081709e-03
-1.819999999999980389e+01 1.928369972538781585e-03
-1.809999999999980247e+01 1.990891258745230812e-03
-1.799999999999980105e+01 2.056661995790444453e-03
-1.789999999999979963e+01 2.125914072703097898e-03
-1.779999999999979821e+01 2.198900416855050204e-03
-1.769999999999979678e+01 2.275897313662265248e-03
-1.759999999999979536e+01 2.357207027975170843e-03
-1.749999999999979394e+01 2.443160772455215454e-03
-1.739999999999979252e+01 2.534122075921136762e-03
-1.729999999999979110e+01 2.630490613889874350e-03
-1.719999999999978968e+01 2.732706574458310458e-03
-1.709999999999978826e+01 2.841255645839552407e-03
-1.699999999999978684e+01 2.956674727649108349e-03
-1.689999999999978542e+01 3.079558486997787618e-03
-1.679999999999978400e+01 3.210566903471067692e-03
-1.669999999999978257e+01 3.350433974817465348e-03
-1.659999999999978115e+01 3.499977789008510039e-03
-1.649999999999977973e+01 3.660112209551090109e-03
-1.639999999999977831e+01 3.831860471284034668e-03
-1.629999999999977689e+01 4.016371045838068934e-03
-1.619999999999977547e+01 4.214936211983931133e-03
-1.609999999999977405e+01 4.429013860178008556e-03
-1.599999999999977263e+01 4.660253177125376484e-03
-1.589999999999977121e+01 4.910525000892379706e-03
-1.579999999999976978e+01 5.181957817741333905e-03
-1.569999999999976836e+01 5.476980597398346286e-03
-1.559999999999976694e+01 5.798373946442096465e-03
-1.549999999999976552e+01 6.149331414997312624e-03
-1.539999999999976410e+01 6.533533239327250948e-03
-1.529999999999976268e+01 6.955235367272770940e-03
-1.519999999999976126e+01 7.419377324737208915e-03
-1.509999999999975984e+01 7.931713378045495907e-03
-1.499999999999975842e+01 8.498972573919832268e-03
-1.489999999999975699e+01 9.129054647979393394e-03
-1.479999999999975557e+01 9.831270540278462186e-03
-1.469999999999975415e+01 1.061663839099023787e-02
-1.459999999999975273e+01 1.149824843590979695e-02
-1.449999999999975131e+01 1.249171313587438617e-02
-1.439999999999974989e+01 1.361572196362201975e-02
-1.429999999999974847e+01 1.489272303865540187e-02
-1.419999999999974705e+01 1.634975514282608483e-02
-1.409999999999974563e+01 1.801945131757826113e-02
-1.399999999999974420e+01 1.994122483395168594e-02
-1.389999999999974278e+01 2.216262149045122518e-02
-1.379999999999974136e+01 2.474076352884410288e-02
-1.369999999999973994e+01 2.774369234680101881e-02
-1.359999999999973852e+01 3.125119203347569846e-02
-1.349999999999973710e+01 3.535426641043469542e-02
-1.339999999999973568e+01 4.015173710107258764e-02
-1.329999999999973426e+01 4.574130569884077985e-02
-1.319999999999973284e+01 5.220085719062909912e-02
-1.309999999999973141e+01 5.955419466776097626e-02
-1.299999999999972999e+01 6.771541624901009082e-02
-1.289999999999972857e+01 7.641174883632938231e-02
-1.279999999999972715e+01 8.510219302189037105e-02
-1.269999999999972573e+01 9.294169395803315858e-02
-1.259999999999972431e+01 9.887005186630959397e-02
-1.249999999999972289e+01 1.018788924021086784e-01
-1.239999999999972147e+01 1.013846179233226091e-01
-1.229999999999972005e+01 9.748839617864782370e-02
-1.219999999999971863e+01 9.092896176202264202e-02
-1.209999999999971720e+01 8.276543408820387360e-02
-1.199999999999971578e+01 7.401683201253346500e-02
-1.189999999999971436e+01 6.544494619608771935e-02
-1.179999999999971294e+01 5.750864023589994517e-02
-1.169999999999971152e+01 5.041963562712870744e-02
-1.159999999999971010e+01 4.422609210894384163e-02
-1.149999999999970868e+01 3.888443675707707603e-02
-1.139999999999970726e+01 3.430857170901229630e-02
-1.129999999999970584e+01 3.039912708062881067e-02
-1.119999999999970441e+01 2.705889201023489385e-02
-1.109999999999970299e+01 2.419984713571632709e-02
-1.099999999999970157e+01 2.174554779281377345e-02
-1.089999999999970015e+01 1.963115168741827454e-02
-1.079999999999969873e+01 1.780238827445087407e-02
-1.069999999999969731e+01 1.621415784681221051e-02
-1.059999999999969589e+01 1.482910050236309688e-02
-1.049999999999969447e+01 1.361628637925821339e-02
-1.039999999999969305e+01 1.255008089269174336e-02
-1.029999999999969162e+01 1.160919111147444040e-02
-1.019999999999969020e+01 1.077587836311809030e-02
-1.009999999999968878e+01 1.003531464093143123e-02
-9.999999999999687361e+00 9.375059412697079458e-03
-9.899999999999685940e+00 8.784635336934760313e-03
-9.799999999999684519e+00 8.255184327252283044e-03
-9.699999999999683098e+00 7.779188479543824170e-03
-9.599999999999681677e+00 7.350243198637344648e-03
-9.499999999999680256e+00 6.962872292480929391e-03
-9.399999999999678835e+00 6.612376824302984048e-03
-9.299999999999677414e+00 6.294711159979033202e-03
-9.199999999999675993e+00 6.006380972793900520e-03
-9.099999999999674571e+00 5.744359025033046046e-03
-8.999999999999673150e+00 5.506015386387968016e-03
-8.899999999999671729e+00 5.289059416088342201e-03
-8.799999999999670308e+00 5.091491364357053281e-03
-8.699999999999668887e+00 4.911561868684628622e-03
-8.599999999999667466e+00 4.747737953974378797e-03
-8.499999999999666045e+00 4.598674411429130859e-03
-8.399999999999664624e+00 4.463189643417814038e-03
-8.299999999999663203e+00 4.340245231547176785e-03
-8.199999999999661782e+00 4.228928621984131588e-03
-8.099999999999660361e+00 4.128438432294633149e-03
-7.999999999999658939e+00 4.038071973378791479e-03
-7.899999999999657518e+00 3.957214652737415031e-03
-7.799999999999656097e+00 3.885330984569644337e-03
-7.699999999999654676e+00 3.821956980984645563e-03
-7.599999999999653255e+00 3.766693738816633517e-03
-7.499999999999651834e+00 3.719202070014039282e-03
-7.399999999999650413e+00 3.679198051667932796e-03
-7.299999999999648992e+00 3.646449395495761966e-03
-7.199999999999647571e+00 3.620772557034574249e-03
-7.099999999999646150e+00 3.602030522546331281e-03
-6.999999999999644729e+00 3.590131227411994495e-03
-6.899999999999643308e+00 3.585026574106869087e-03
-6.799999999999641886e+00 3.586712031169252222e-03
-6.699999999999640465e+00 3.595226807376530193e-03
-6.599999999999639044e+00 3.610654607999010546e-03
-6.499999999999637623e+00 3.633124992957324165e-03
-6.399999999999636202e+00 3.662815370365893591e-03
-6.299999999999634781e+00 3.699953673791673246e-03
-6.199999999999633360e+00 3.744821788072543161e-03
-6.099999999999631939e+00 3.797759807350617727e-03
-5.999999999999630518e+00 3.859171230771778639e-03
-5.899999999999629097e+00 3.929529226901611397e-03
-5.799999999999627676e+00 4.009384128422912447e-03
-5.699999999999626255e+00 4.099372355263516086e-03
-5.599999999999624833e+00 4.200227008660684103e-03
-5.499999999999623412e+00 4.312790432727036001e-03
-5.399999999999621991e+00 4.438029106313184403e-03
-5.299999999999620570e+00 4.577051309680685992e-03
-5.199999999999619149e+00 4.731128111493500439e-03
-5.099999999999617728e+00 4.901718347244176342e-03
-4.999999999999616307e+00 5.090498416839277229e-03
-4.899999999999614886e+00 5.299397924920043294e-03
-4.799999999999613465e+00 5.530642433397045359e-03
-4.699999999999612044e+00 5.786804904653865267e-03
-4.599999999999610623e+00 6.070867803264888389e-03
-4.499999999999609201e+00 6.386298314939263358e-03
-4.399999999999607780e+00 6.737139760001986319e-03
-4.299999999999606359e+00 7.128123057405757329e-03
-4.199999999999604938e+00 7.564803070795728807e-03
-4.099999999999603517e+00 8.053725882379869985e-03
-3.999999999999602096e+00 8.602634533060421820e-03
-3.899999999999600675e+00 9.220722565897799747e-03
-3.799999999999599254e+00 9.918946806261442692e-03
-3.699999999999597833e+00 1.071041311133277135e-02
-3.599999999999596412e+00 1.161085105399768495e-02
-3.499999999999594991e+00 1.263919504612908556e-02
-3.399999999999593570e+00 1.381828894591867647e-02
-3.299999999999592148e+00 1.517572614022678207e-02
-3.199999999999590727e+00 1.674482247293438558e-02
-3.099999999999589306e+00 1.856568594182372509e-02
-2.999999999999587885e+00 2.068627801248646217e-02
-2.899999999999586464e+00 2.316322727409138998e-02
-2.799999999999585043e+00 2.606190802152218502e-02
-2.699999999999583622e+00 2.945485961428629534e-02
-2.599999999999582201e+00 3.341690295974951430e-02
-2.499999999999580780e+00 3.801424591382451812e-02
-2.399999999999579359e+00 4.328360638310082414e-02
-2.299999999999577938e+00 4.919671881026434906e-02
-2.199999999999576517e+00 5.560777073509677593e-02
-2.099999999999575095e+00 6.219062016960284073e-02
-1.999999999999573674e+00 6.839320826179731694e-02
-1.899999999999572253e+00 7.346273568810747501e-02
-1.799999999999570832e+00 7.659673630324197180e-02
-1.699999999999569411e+00 7.720838329062325311e-02
-1.599999999999567990e+00 7.517502669378930968e-02
-1.499999999999566569e+00 7.089530578132940963e-02
-1.399999999999565148e+00 6.510992208763080602e-02
-1.299999999999563727e+00 5.862142458077974211e-02
-1.199999999999562306e+00 5.208284682120929709e-02
-1.099999999999560885e+00 4.592009709687456392e-02
-9.999999999995594635e-01 4.035323782472164528e-02
-8.999999999995580424e-01 3.545649308438660052e-02
-7.999999999995566213e-01 3.121725925532591386e-02
-6.999999999995552002e-01 2.757938331499639253e-02
-5.999999999995537792e-01 2.447013226064831057e-02
-4.999999999995523581e-01 2.181506079787132180e-02
-3.999999999995509370e-01 1.954521464553360746e-02
-2.999999999995495159e-01 1.759995226084206874e-02
-1.999999999995480948e-01 1.592747012840068505e-02
-9.999999999954667373e-02 1.448424199070875128e-02
4.547473508864641190e-13 1.323402903955624155e-02
1.000000000004561684e-01 1.214679510108077759e-02
2.000000000004575895e-01 1.119768243941204888e-02
3.000000000004590106e-01 1.036610982385175080e-02
4.000000000004604317e-01 9.635007568444544160e-03
5.000000000004618528e-01 8.990182586117449054e-03
6.000000000004632739e-01 8.419797917749438643e-03
7.000000000004646949e-01 7.913949081209419381e-03
8.000000000004661160e-01 7.464320439204003010e-03
9.000000000004675371e-01 7.063906811736422875e-03
1.000000000000468958e+00 6.706787878786835480e-03
1.100000000000470379e+00 6.387945128404889060e-03
1.200000000000471800e+00 6.103113045528937679e-03
1.300000000000473221e+00 5.848657869110793044e-03
1.400000000000474643e+00 5.621478583752874229e-03
1.500000000000476064e+00 5.418925894153072548e-03
1.600000000000477485e+00 5.238735797819240800e-03
1.700000000000478906e+00 5.078975063138427108e-03
1.800000000000480327e+00 4.937996471179368144e-03
1.900000000000481748e+00 4.814402119141980747e-03
2.000000000000483169e+00 4.707013435279901008e-03
2.100000000000484590e+00 4.614846838555252719e-03
2.200000000000486011e+00 4.537094206530874196e-03
2.300000000000487432e+00 4.473107504758474205e-03
2.400000000000488853e+00 4.422387089968965283e-03
2.500000000000490274e+00 4.384573336198893494e-03
2.600000000000491696e+00 4.359441354554826828e-03
2.700000000000493117e+00 4.346898689708437145e-03
2.800000000000494538e+00 4.346985985144332688e-03
2.900000000000495959e+00 4.359880719894137363e-03
3.000000000000497380e+00 4.385904237418429032e-03
3.100000000000498801e+00 4.425532417883331487e-03
3.200000000000500222e+00 4.479410493973907427e-03
3.300000000000501643e+00 4.548372683034462502e-03
3.400000000000503064e+00 4.633467509256829903e-03
3.500000000000504485e+00 4.735989920521100661e-03
3.600000000000505906e+00 4.857521560274621897e-03
3.700000000000507328e+00 4.999980816425230595e-03
3.800000000000508749e+00 5.165684488554498320e-03
3.900000000000510170e+00 5.357422988418233251e-03
4.000000000000511591e+00 5.578550707328047524e-03
4.100000000000513012e+00 5.833092142021333720e-03
4.200000000000514433e+00 6.125861806322346372e-03
4.300000000000515854e+00 6.462590476928865152e-03
4.400000000000517275e+00 6.850039468865106937e-03
4.500000000000518696e+00 7.296064264296039589e-03
4.600000000000520117e+00 7.809552475356531902e-03
4.700000000000521538e+00 8.400100244705333008e-03
4.800000000000522959e+00 9.077198685713314119e-03
4.900000000000524381e+00 9.848585614319492823e-03
5.000000000000525802e+00 1.071733563194564136e-02
5.100000000000527223e+00 1.167739028043614236e-02
5.200000000000528644e+00 1.270793372488365248e-02
5.300000000000530065e+00 1.376872729004945291e-02
5.400000000000531486e+00 1.480098261464928532e-02
5.500000000000532907e+00 1.573926425241817945e-02
5.600000000000534328e+00 1.653509454018678784e-02
5.700000000000535749e+00 1.718212536752552339e-02
5.800000000000537170e+00 1.772623263406383071e-02
5.900000000000538591e+00 1.825309440717742121e-02
6.000000000000540012e+00 1.886331823355572729e-02
6.100000000000541434e+00 1.965161407026339707e-02
6.200000000000542855e+00 2.069820395792055373e-02
6.300000000000544276e+00 2.207035256903030693e-02
6.400000000000545697e+00 2.382813068037768420e-02
6.500000000000547118e+00 2.602970064928423685e-02
6.600000000000548539e+00 2.873338157639427834e-02
6.700000000000549960e+00 3.199454675422545163e-02
6.800000000000551381e+00 3.585497448743865667e-02
6.900000000000552802e+00 4.032134818053106917e-02
7.000000000000554223e+00 4.532959540045574526e-02
7.100000000000555644e+00 5.069541870728657557e-02
7.200000000000557066e+00 5.606281737056251213e-02
7.300000000000558487e+00 6.088321687415037403e-02
7.400000000000559908e+00 6.447597401800499173e-02
7.500000000000561329e+00 6.620237911200559100e-02
7.600000000000562750e+00 6.570328252159142457e-02
7.700000000000564171e+00 6.305878667561383433e-02
7.800000000000565592e+00 5.875006427911171752e-02
7.900000000000567013e+00 5.345332314330403234e-02
8.000000000000568434e+00 4.781207618456224245e-02
8.100000000000569855e+00 4.230325930580391969e-02
8.200000000000571276e+00 3.721153572520874420e-02
8.300000000000572697e+00 3.266621504031225892e-02
8.400000000000574119e+00 2.869449275172727964e-02
8.500000000000575540e+00 2.526667558031840677e-02
8.600000000000576961e+00 2.232696499679939772e-02
8.700000000000578382e+00 1.981166947935418532e-02
8.800000000000579803e+00 1.765876375909171056e-02
8.900000000000581224e+00 1.581221143660018272e-02
9.000000000000582645e+00 1.422339851135581701e-02
9.100000000000584066e+00 1.285110890422590767e-02
9.200000000000585487e+00 1.166084919699999882e-02
9.300000000000586908e+00 1.062394962591794480e-02
9.400000000000588329e+00 9.716651774135854139e-03
9.500000000000589750e+00 8.919276073993512993e-03
9.600000000000591172e+00 8.215501655412738025e-03
9.700000000000592593e+00 7.591761642476512785e-03
9.800000000000594014e+00 7.036744051931951086e-03
9.900000000000595435e+00 6.540983892827412910e-03
1.000000000000059686e+01 6.096531555414913366e-03
1.010000000000059828e+01 5.696683838262319062e-03
1.020000000000059970e+01 5.335765847270667814e-03
1.030000000000060112e+01 5.008953958237296819e-03
1.040000000000060254e+01 4.712131826580381877e-03
1.050000000000060396e+01 4.441772968526373766e-03
1.060000000000060538e+01 4.194844718271579023e-03
1.070000000000060680e+01 3.968729407792750789e-03
1.080000000000060822e+01 3.761159453620916901e-03
1.090000000000060965e+01 3.570163703706753355e-03
1.100000000000061107e+01 3.394022928852635009e-03
1.110000000000061249e+01 3.231232764811717111e-03
1.120000000000061391e+01 3.080472745575387351e-03
1.130000000000061533e+01 2.940580333621520531e-03
1.140000000000061675e+01 2.810529063932101345e-03
1.150000000000061817e+01 2.689410086523849001e-03
1.160000000000061959e+01 2.576416526388933086e-03
1.170000000000062101e+01 2.470830187193177874e-03
1.180000000000062244e+01 2.372010211257148411e-03
1.190000000000062386e+01 2.279383377904167004e-03
1.200000000000062528e+01 2.192435778361560925e-03
1.210000000000062670e+01 2.110705650925240838e-03
1.220000000000062812e+01 2.033777197149844694e-03
1.230000000000062954e+01 1.961275229979809673e-03
1.240000000000063096e+01 1.892860529520093904e-03
1.250000000000063238e+01 1.828225802419014209e-03
1.260000000000063380e+01 1.767092157566428493e-03
1.270000000000063523e+01 1.709206024655395137e-03
1.280000000000063665e+01 1.654336453570541760e-03
1.290000000000063807e+01 1.602272742130879174e-03
1.300000000000063949e+01 1.552822347630313784e-03
1.310000000000064091e+01 1.505809044259516505e-03
1.320000000000064233e+01 1.461071294075807093e-03
1.330000000000064375e+01 1.418460803835366185e-03
1.340000000000064517e+01 1.377841243977704017e-03
1.350000000000064659e+01 1.339087109367175562e-03
1.360000000000064801e+01 1.302082704221992114e-03
1.370000000000064944e+01 1.266721236073627610e-03
1.380000000000065086e+01 1.232904005617202611e-03
1.390000000000065228e+01 1.200539681081061807e-03
1.400000000000065370e+01 1.169543647220173174e-03
1.410000000000065512e+01 1.139837420317157696e-03
1.420000000000065654e+01 1.111348121683774668e-03
1.430000000000065796e+01 1.084008003081416002e-03
1.440000000000065938e+01 1.057754018314567253e-03
1.450000000000066080e+01 1.032527435944836968e-03
1.460000000000066223e+01 1.008273488684779560e-03
1.470000000000066365e+01 9.849410555698165717e-04
1.480000000000066507e+01 9.624823734514818341e-04
1.490000000000066649e+01 9.408527747728451067e-04
1.500000000000066791e+01 9.200104489280181005e-04
1.510000000000066933e+01 8.999162248146244441e-04
1.520000000000067075e+01 8.805333724637704048e-04
1.530000000000067217e+01 8.618274218541349717e-04
1.540000000000067359e+01 8.437659972368193907e-04
1.550000000000067502e+01 8.263186654717973902e-04
1.560000000000067644e+01 8.094567970376518717e-04
1.570000000000067786e+01 7.931534385240221084e-04
1.580000000000067928e+01 7.773831955302359714e-04
1.590000000000068070e+01 7.621221250154846779e-04
1.600000000000068212e+01 7.473476362376528254e-04
1.610000000000068354e+01 7.330383995054796801e-04
1.620000000000068496e+01 7.191742620515112917e-04
1.630000000000068638e+01 7.057361703929145068e-04
1.640000000000068781e+01 6.927060986181361908e-04
1.650000000000068923e+01 6.800669820868236520e-04
1.660000000000069065e+01 6.678026560797763363e-04
1.670000000000069207e+01 6.558977989840951515e-04
1.680000000000069349e+01 6.443378796299750137e-04
1.690000000000069491e+01 6.331091084388976989e-04
1.700000000000069633e+01 6.221983920699651659e-04
1.710000000000069775e+01 6.115932912798107204e-04
1.720000000000069917e+01 6.012819817410356392e-04
1.730000000000070060e+01 5.912532175802396586e-04
1.740000000000070202e+01 5.814962974244768969e-04
1.750000000000070344e+01 5.720010327597053633e-04
1.760000000000070486e+01 5.627577184219792342e-04
1.770000000000070628e+01 5.537571050608693915e-04
1.780000000000070770e+01 5.449903734224668559e-04
1.790000000000070912e+01 5.364491103179619457e-04
1.800000000000071054e+01 5.281252861517234673e-04
1.810000000000071196e+01 5.200112338933370092e-04
1.820000000000071338e+01 5.120996293904770368e-04
1.830000000000071481e+01 5.043834729227745757e-04
1.840000000000071623e+01 4.968560719099504889e-04
1.850000000000071765e+01 4.895110246915399194e-04
1.860000000000071907e+01 4.823422053021597915e-04
1.870000000000072049e+01 4.753437491748271340e-04
1.880000000000072191e+01 4.685100397055870698e-04
1.890000000000072333e+01 4.618356956223265719e-04
1.900000000000072475e+01 4.553155591024836304e-04
1.910000000000072617e+01 4.489446845886161047e-04
1.920000000000072760e+01 4.427183282569403322e-04
1.930000000000072902e+01 4.366319380932855479e-04
1.940000000000073044e+01 4.306811445382625761e-04
1.950000000000073186e+01 4.248617516639851882e-04
1.960000000000073328e+01 4.191697288474796547e-04
1.970000000000073470e+01 4.136012029104913466e-04
1.980000000000073612e+01 4.081524506939840911e-04
1.990000000000073754e+01 4.028198920414394202e-04
2.000000000000073896e+01 3.976000831648621647e-04
2.010000000000074039e+01 3.924897103692746229e-04
2.020000000000074181e+01 3.874855841150062221e-04
2.030000000000074323e+01 3.825846333952951923e-04
2.040000000000074465e+01 3.777839004114486596e-04
2.050000000000074607e+01 3.730805355271940679e-04
2.060000000000074749e+01 3.684717924851351216e-04
2.070000000000074891e+01 3.639550238710271787e-04
2.080000000000075033e+01 3.595276768096355730e-04
2.090000000000075175e+01 3.551872888798899793e-04
2.100000000000075318e+01 3.509314842362114229e-04
2.110000000000075460e+01 3.467579699237749230e-04
2.120000000000075602e+01 3.426645323777653641e-04
2.130000000000075744e+01 3.386490340946931633e-04
2.140000000000075886e+01 3.347094104672027992e-04
2.150000000000076028e+01 3.308436667728635290e-04
2.160000000000076170e+01 3.270498753080553584e-04
2.170000000000076312e+01 3.233261726599876264e-04
2.180000000000076454e+01 3.196707571079259748e-04
2.190000000000076597e+01 3.160818861476273481e-04
2.200000000000076739e+01 3.125578741319925209e-04
2.210000000000076881e+01 3.090970900213994995e-04
2.220000000000077023e+01 3.056979552388201836e-04
2.230000000000077165e+01 3.023589416229360036e-04
2.240000000000077307e+01 2.990785694750376948e-04
2.250000000000077449e+01 2.958554056945065049e-04
2.260000000000077591e+01 2.926880619980043734e-04
2.270000000000077733e+01 2.895751932189264593e-04
2.280000000000077875e+01 2.865154956818719489e-04
2.290000000000078018e+01 2.835077056491756560e-04
2.300000000000078160e+01 2.805505978355788007e-04
2.310000000000078302e+01 2.776429839873626555e-04
2.320000000000078444e+01 2.747837115235247929e-04
2.330000000000078586e+01 2.719716622348802436e-04
2.340000000000078728e+01 2.692057510390205880e-04
2.350000000000078870e+01 2.664849247881411311e-04
2.360000000000079012e+01 2.638081611269275885e-04
2.370000000000079154e+01 2.611744673988149407e-04
2.380000000000079297e+01 2.585828795973344613e-04
2.390000000000079439e+01 2.560324613611195056e-04
2.400000000000079581e+01 2.535223030102632053e-04
2.410000000000079723e+01 2.510515206218564633e-04
2.420000000000079865e+01 2.486192551435474564e-04
2.430000000000080007e+01 2.462246715424622830e-04
2.440000000000080149e+01 2.438669579885175060e-04
2.450000000000080291e+01 2.415453250703218896e-04
2.460000000000080433e+01 2.392590050419726114e-04
2.470000000000080576e+01 2.370072510999655165e-04
2.480000000000080718e+01 2.347893366880345533e-04
2.490000000000080860e+01 2.326045548292835342e-04
2.500000000000081002e+01 2.304522174841862813e-04
2.510000000000081144e+01 2.283316549331162234e-04
2.520000000000081286e+01 2.262422151829010454e-04
2.530000000000081428e+01 2.241832633955836963e-04
2.540000000000081570e+01 2.221541813389922039e-04
2.550000000000081712e+01 2.201543668579824891e-04
2.560000000000081855e+01 2.181832333652846648e-04
2.570000000000081997e+01 2.162402093516491652e-04
2.580000000000082139e+01 2.143247379137581227e-04
2.590000000000082281e+01 2.124362762996803028e-04
2.600000000000082423e+01 2.105742954709521962e-04
2.610000000000082565e+01 2.087382796804227347e-04
2.620000000000082707e+01 2.069277260657035515e-04
2.630000000000082849e+01 2.051421442569149889e-04
2.640000000000082991e+01 2.033810559986331764e-04
2.650000000000083134e+01 2.016439947852896456e-04
2.660000000000083276e+01 1.999305055093203486e-04
2.670000000000083418e+01 1.982401441220127446e-04
2.680000000000083560e+01 1.965724773059189924e-04
2.690000000000083702e+01 1.949270821588337853e-04
2.700000000000083844e+01 1.933035458887195652e-04
2.710000000000083986e+01 1.917014655189992029e-04
2.720000000000084128e+01 1.901204476042434673e-04
2.730000000000084270e+01 1.885601079552640287e-04
2.740000000000084412e+01 1.870200713736778640e-04
2.750000000000084555e+01 1.854999713954285528e-04
2.760000000000084697e+01 1.839994500427827285e-04
2.770000000000084839e+01 1.825181575848832424e-04
2.780000000000084981e+01 1.810557523059892944e-04
2.790000000000085123e+01 1.796119002815143618e-04
2.800000000000085265e+01 1.781862751614316084e-04
2.810000000000085407e+01 1.767785579606404663e-04
2.820000000000085549e+01 1.753884368564165828e-04
2.830000000000085691e+01 1.740156069921713899e-04
2.840000000000085834e+01 1.726597702876662543e-04
2.850000000000085976e+01 1.713206352553155881e-04
2.860000000000086118e+01 1.699979168222345784e-04
2.870000000000086260e+01 1.686913361581817501e-04
2.880000000000086402e+01 1.674006205087015802e-04
2.890000000000086544e+01 1.661255030336379504e-04
2.900000000000086686e+01 1.648657226507020701e-04
2.910000000000086828e+01 1.636210238838027564e-04
2.920000000000086970e+01 1.623911567163067451e-04
2.930000000000087113e+01 1.611758764486026052e-04
2.940000000000087255e+01 1.599749435601531707e-04
2.950000000000087397e+01 1.587881235757647588e-04
2.960000000000087539e+01 1.576151869358190932e-04
2.970000000000087681e+01 1.564559088706489400e-04
2.980000000000087823e+01 1.553100692784894143e-04
2.990000000000087965e+01 1.541774526071965383e-04
3.000000000000088107e+01 1.530578477394993486e-04
3.010000000000088249e+01 1.519510478815621550e-04
3.020000000000088392e+01 1.508568504550463591e-04
3.030000000000088534e+01 1.497750569921521492e-04
3.040000000000088676e+01 1.487054730338382351e-04
3.050000000000088818e+01 1.476479080310124053e-04
3.060000000000088960e+01 1.466021752484988081e-04
3.070000000000089102e+01 1.455680916719738038e-04
3.080000000000089244e+01 1.445454779173932340e-04
3.090000000000089386e+01 1.435341581431116820e-04
3.100000000000089528e+01 1.425339599645099548e-04
3.110000000000089670e+01 1.415447143709592365e-04
3.120000000000089813e+01 1.405662556453146866e-04
3.130000000000089955e+01 1.395984212854990269e-04
3.140000000000090097e+01 1.386410519283743368e-04
3.150000000000090239e+01 1.376939912757406479e-04
3.160000000000090381e+01 1.367570860223066742e-04
3.170000000000090523e+01 1.358301857858257484e-04
3.180000000000090665e+01 1.349131430389886540e-04
3.190000000000090807e+01 1.340058130432707044e-04
