-3.200000000000000000e+01 5.976285689596949006e-04
-3.189999999999999858e+01 6.024699335460944943e-04
-3.179999999999999716e+01 6.073750187594225683e-04
-3.169999999999999574e+01 6.123450147960643637e-04
-3.159999999999999432e+01 6.173811409125669510e-04
-3.149999999999999289e+01 6.224846463030617129e-04
-3.139999999999999147e+01 6.276568110091891497e-04
-3.129999999999999005e+01 6.328989468624930453e-04
-3.119999999999998863e+01 6.382123984611079480e-04
-3.109999999999998721e+01 6.435985441826813386e-04
-3.099999999999998579e+01 6.490587972335919598e-04
-3.089999999999998437e+01 6.545946067379904577e-04
-3.079999999999998295e+01 6.602074588668808020e-04
-3.069999999999998153e+01 6.658988780094660760e-04
-3.059999999999998010e+01 6.716704279891205689e-04
-3.049999999999997868e+01 6.775237133243558257e-04
-3.039999999999997726e+01 6.834603805388740584e-04
-3.029999999999997584e+01 6.894821195212764986e-04
-3.019999999999997442e+01 6.955906649371684227e-04
-3.009999999999997300e+01 7.017877976965594634e-04
-2.999999999999997158e+01 7.080753464773545782e-04
-2.989999999999997016e+01 7.144551893097387998e-04
-2.979999999999996874e+01 7.209292552225113468e-04
-2.969999999999996732e+01 7.274995259547707791e-04
-2.959999999999996589e+01 7.341680377365677719e-04
-2.949999999999996447e+01 7.409368831398898672e-04
-2.939999999999996305e+01 7.478082130057002973e-04
-2.929999999999996163e+01 7.547842384487492328e-04
-2.919999999999996021e+01 7.618672329444300777e-04
-2.909999999999995879e+01 7.690595345022340282e-04
-2.899999999999995737e+01 7.763635479279612159e-04
-2.889999999999995595e+01 7.837817471815903582e-04
-2.879999999999995453e+01 7.913166778334345883e-04
-2.869999999999995310e+01 7.989709596240219310e-04
-2.859999999999995168e+01 8.067472891334839932e-04
-2.849999999999995026e+01 8.146484425637154489e-04
-2.839999999999994884e+01 8.226772786417434246e-04
-2.829999999999994742e+01 8.308367416481947333e-04
-2.819999999999994600e+01 8.391298645778554706e-04
-2.809999999999994458e+01 8.475597724397586482e-04
-2.799999999999994316e+01 8.561296857015908467e-04
-2.789999999999994174e+01 8.648429238888932303e-04
-2.779999999999994031e+01 8.737029093446919579e-04
-2.769999999999993889e+01 8.827131711586530365e-04
-2.759999999999993747e+01 8.918773492754459263e-04
-2.749999999999993605e+01 9.011991987892240029e-04
-2.739999999999993463e+01 9.106825944374316844e-04
-2.729999999999993321e+01 9.203315353020158568e-04
-2.719999999999993179e+01 9.301501497299996968e-04
-2.709999999999993037e+01 9.401427004861888414e-04
-2.699999999999992895e+01 9.503135901478827578e-04
-2.689999999999992752e+01 9.606673667585242764e-04
-2.679999999999992610e+01 9.712087297517775497e-04
-2.669999999999992468e+01 9.819425361619850065e-04
-2.659999999999992326e+01 9.928738071380059736e-04
-2.649999999999992184e+01 1.004007734774540377e-03
-2.639999999999992042e+01 1.015349689282958210e-03
-2.629999999999991900e+01 1.026905226518006441e-03
-2.619999999999991758e+01 1.038680095881880502e-03
-2.609999999999991616e+01 1.050680248628642214e-03
-2.599999999999991473e+01 1.062911846589084360e-03
-2.589999999999991331e+01 1.075381271345196565e-03
-2.579999999999991189e+01 1.088095133877559940e-03
-2.569999999999991047e+01 1.101060284715027655e-03
-2.559999999999990905e+01 1.114283824618140248e-03
-2.549999999999990763e+01 1.127773115825040197e-03
-2.539999999999990621e+01 1.141535793899116531e-03
-2.529999999999990479e+01 1.155579780211797190e-03
-2.519999999999990337e+01 1.169913295101128719e-03
-2.509999999999990195e+01 1.184544871749783519e-03
-2.499999999999990052e+01 1.199483370823871929e-03
-2.489999999999989910e+01 1.214737995926309108e-03
-2.479999999999989768e+01 1.230318309912895687e-03
-2.469999999999989626e+01 1.246234252128199755e-03
-2.459999999999989484e+01 1.262496156622667197e-03
-2.449999999999989342e+01 1.279114771410965086e-03
-2.439999999999989200e+01 1.296101278846506022e-03
-2.429999999999989058e+01 1.313467317182202181e-03
-2.419999999999988916e+01 1.331225003398833415e-03
-2.409999999999988773e+01 1.349386957388831786e-03
-2.399999999999988631e+01 1.367966327583372294e-03
-2.389999999999988489e+01 1.386976818129206793e-03
-2.379999999999988347e+01 1.406432717718240737e-03
-2.369999999999988205e+01 1.426348930187764730e-03
-2.359999999999988063e+01 1.446741007018845660e-03
-2.349999999999987921e+01 1.467625181863206098e-03
-2.339999999999987779e+01 1.489018407252621322e-03
-2.329999999999987637e+01 1.510938393644265703e-03
-2.319999999999987494e+01 1.533403650975733411e-03
-2.309999999999987352e+01 1.556433532918193811e-03
-2.299999999999987210e+01 1.580048284023576489e-03
-2.289999999999987068e+01 1.604269089993205560e-03
-2.279999999999986926e+01 1.629118131299846358e-03
-2.269999999999986784e+01 1.654618640423841840e-03
-2.259999999999986642e+01 1.680794962987097827e-03
-2.249999999999986500e+01 1.707672623084153856e-03
-2.239999999999986358e+01 1.735278393153165226e-03
-2.229999999999986215e+01 1.763640368743493768e-03
-2.219999999999986073e+01 1.792788048578826962e-03
-2.209999999999985931e+01 1.822752420351772019e-03
-2.199999999999985789e+01 1.853566052715354719e-03
-2.189999999999985647e+01 1.885263193999855112e-03
-2.179999999999985505e+01 1.917879878213995821e-03
-2.169999999999985363e+01 1.951454038954241561e-03
-2.159999999999985221e+01 1.986025631906754123e-03
-2.149999999999985079e+01 2.021636766680824995e-03
-2.139999999999984936e+01 2.058331848807983585e-03
-2.129999999999984794e+01 2.096157732801833939e-03
-2.119999999999984652e+01 2.135163887277057200e-03
-2.109999999999984510e+01 2.175402573228535277e-03
-2.099999999999984368e+01 2.216929036670541031e-03
-2.089999999999984226e+01 2.259801716987325931e-03
-2.079999999999984084e+01 2.304082472462993039e-03
-2.069999999999983942e+01 2.349836824630580946e-03
-2.059999999999983800e+01 2.397134223258289877e-03
-2.049999999999983658e+01 2.446048333972389820e-03
-2.039999999999983515e+01 2.496657350768378535e-03
-2.029999999999983373e+01 2.549044335883471520e-03
-2.019999999999983231e+01 2.603297589801851965e-03
-2.009999999999983089e+01 2.659511054483281421e-03
-1.999999999999982947e+01 2.717784753244465064e-03
-1.989999999999982805e+01 2.778225271162888203e-03
-1.979999999999982663e+01 2.840946280297616290e-03
-1.969999999999982521e+01 2.906069114561652973e-03
-1.959999999999982379e+01 2.973723399673276844e-03
-1.949999999999982236e+01 3.044047744262133072e-03
-1.939999999999982094e+01 3.117190499013409305e-03
-1.929999999999981952e+01 3.193310591566090803e-03
-1.919999999999981810e+01 3.272578445903384474e-03
-1.909999999999981668e+01 3.355176996119057110e-03
-1.899999999999981526e+01 3.441302805725664823e-03
-1.889999999999981384e+01 3.531167305228168247e-03
-1.879999999999981242e+01 3.624998162370793829e-03
-1.869999999999981100e+01 3.723040801495422925e-03
-1.859999999999980957e+01 3.825560090749513791e-03
-1.849999999999980815e+01 3.932842218572465444e-03
-1.839999999999980673e+01 4.045196783954695466e-03
-1.829999999999980531e+01 4.162959128638830421e-03
-1.819999999999980389e+01 4.286492943572769651e-03
-1.809999999999980247e+01 4.416193186871259467e-03
-1.799999999999980105e+01 4.552489356292850099e-03
-1.789999999999979963e+01 4.695849165931278470e-03
-1.779999999999979821e+01 4.846782684827714502e-03
-1.769999999999979678e+01 5.005847004468122821e-03
-1.759999999999979536e+01 5.173651513210963775e-03
-1.749999999999979394e+01 5.350863868767554397e-03
-1.739999999999979252e+01 5.538216775318853709e-03
-1.729999999999979110e+01 5.736515690445363400e-03
-1.719999999999978968e+01 5.946647609013739830e-03
-1.709999999999978826e+01 6.169591097653329310e-03
-1.699999999999978684e+01 6.406427785202725017e-03
-1.689999999999978542e+01 6.658355552648078692e-03
-1.679999999999978400e+01 6.926703712391343165e-03
-1.669999999999978257e+01 7.212950522491688027e-03
-1.659999999999978115e+01 7.518743449598469172e-03
-1.649999999999977973e+01 7.845922677209515861e-03
-1.639999999999977831e+01 8.196548457174029217e-03
-1.629999999999977689e+01 8.572933026976892537e-03
-1.619999999999977547e+01 8.977677968313065027e-03
-1.609999999999977405e+01 9.413718071724825470e-03
-1.599999999999977263e+01 9.884373006449394955e-03
-1.589999999999977121e+01 1.039340838572857910e-02
-1.579999999999976978e+01 1.094510818121487150e-02
-1.569999999999976836e+01 1.154436089380236376e-02
-1.559999999999976694e+01 1.219676245745400858e-02
-1.549999999999976552e+01 1.290873956771844758e-02
-1.539999999999976410e+01 1.368769802664673504e-02
-1.529999999999976268e+01 1.454220183108546199e-02
-1.519999999999976126e+01 1.548219016208528427e-02
-1.509999999999975984e+01 1.651924123684058582e-02
-1.499999999999975842e+01 1.766689425149495923e-02
-1.489999999999975699e+01 1.894104347784556289e-02
-1.479999999999975557e+01 2.036042209249880330e-02
-1.469999999999975415e+01 2.194719761100852665e-02
-1.459999999999975273e+01 2.372770592224563227e-02
-1.449999999999975131e+01 2.573335678095339113e-02
-1.439999999999974989e+01 2.800174983117495811e-02
-1.429999999999974847e+01 3.057804579948026832e-02
-1.419999999999974705e+01 3.351664019680284518e-02
-1.409999999999974563e+01 3.688318217706280933e-02
-1.399999999999974420e+01 4.075696026014860585e-02
-1.389999999999974278e+01 4.523362264310593767e-02
-1.379999999999974136e+01 5.042808181181687027e-02
-1.369999999999973994e+01 5.647721557112821839e-02
-1.359999999999973852e+01 6.354152369027539493e-02
-1.349999999999973710e+01 7.180407591796925115e-02
-1.339999999999973568e+01 8.146366861151879690e-02
-1.329999999999973426e+01 9.271684525662038379e-02
-1.319999999999973284e+01 1.057202861361182938e-01
-1.309999999999973141e+01 1.205218797215651533e-01
-1.299999999999972999e+01 1.369488303879957403e-01
-1.289999999999972857e+01 1.544524295398878311e-01
-1.279999999999972715e+01 1.719444003809285637e-01
-1.269999999999972573e+01 1.877248234598832277e-01
-1.259999999999972431e+01 1.996609905257795692e-01
-1.249999999999972289e+01 2.057244465164591307e-01
-1.239999999999972147e+01 2.047412244767624345e-01
-1.229999999999972005e+01 1.969148430940913241e-01
-1.219999999999971863e+01 1.837313613456806050e-01
-1.209999999999971720e+01 1.673213299427938061e-01
-1.199999999999971578e+01 1.497346330337346043e-01
-1.189999999999971436e+01 1.325037107053446683e-01
-1.179999999999971294e+01 1.165516304077479082e-01
-1.169999999999971152e+01 1.023043049251761566e-01
-1.159999999999971010e+01 8.985862399921548671e-02
-1.149999999999970868e+01 7.912694693941813018e-02
-1.139999999999970726e+01 6.993608972135756385e-02
-1.129999999999970584e+01 6.208617066582516886e-02
-1.119999999999970441e+01 5.538165181408071652e-02
-1.109999999999970299e+01 4.964548561028623436e-02
-1.099999999999970157e+01 4.472390902072548302e-02
-1.089999999999970015e+01 4.048649924104166797e-02
-1.079999999999969873e+01 3.682410052609248752e-02
-1.069999999999969731e+01 3.364600614180376925e-02
-1.059999999999969589e+01 3.087707972677413565e-02
-1.049999999999969447e+01 2.845512060321067974e-02
-1.039999999999969305e+01 2.632858112784588339e-02
-1.029999999999969162e+01 2.445464843137266919e-02
-1.019999999999969020e+01 2.279766055095448773e-02
-1.009999999999968878e+01 2.132781184277389094e-02
-9.999999999999687361e+00 2.002010060245058495e-02
-9.899999999999685940e+00 1.885347565622589802e-02
-9.799999999999684519e+00 1.781014458896618829e-02
-9.699999999999683098e+00 1.687501245932286273e-02
-9.599999999999681677e+00 1.603522552893705405e-02
-9.499999999999680256e+00 1.527979942388653020e-02
-9.399999999999678835e+00 1.459931521484611645e-02
-9.299999999999677414e+00 1.398567021528546520e-02
-9.199999999999675993e+00 1.343187296244324931e-02
-9.099999999999674571e+00 1.293187397273968739e-02
-8.999999999999673150e+00 1.248042555431895170e-02
-8.899999999999671729e+00 1.207296530118959210e-02
-8.799999999999670308e+00 1.170551895716639632e-02
-8.699999999999668887e+00 1.137461918271624739e-02
-8.599999999999667466e+00 1.107723742907606827e-02
-8.499999999999666045e+00 1.081072665904880478e-02
-8.399999999999664624e+00 1.057277308142773493e-02
-8.299999999999663203e+00 1.036135540837496323e-02
-8.199999999999661782e+00 1.017471042075584337e-02
-8.099999999999660361e+00 1.001130384870019437e-02
-7.999999999999658939e+00 9.869805754945342943e-03
-7.899999999999657518e+00 9.749069755370314005e-03
-7.799999999999656097e+00 9.648115531198065212e-03
-7.699999999999654676e+00 9.566114186408201936e-03
-7.599999999999653255e+00 9.502376085907289840e-03
-7.499999999999651834e+00 9.456340878650909554e-03
-7.399999999999650413e+00 9.427569467917751647e-03
-7.299999999999648992e+00 9.415737740508398068e-03
-7.199999999999647571e+00 9.420631909792226422e-03
-7.099999999999646150e+00 9.442145365673938057e-03
-6.999999999999644729e+00 9.480276959143239812e-03
-6.899999999999643308e+00 9.535130681221529875e-03
-6.799999999999641886e+00 9.606916726944043222e-03
-6.699999999999640465e+00 9.695953965468375596e-03
-6.599999999999639044e+00 9.802673868515502167e-03
-6.499999999999637623e+00 9.927625982134527169e-03
-6.399999999999636202e+00 1.007148506226521016e-02
-6.299999999999634781e+00 1.023506003412922964e-02
-6.199999999999633360e+00 1.041930498025559794e-02
-6.099999999999631939e+00 1.062533241380866390e-02
-5.999999999999630518e+00 1.085442915467449074e-02
-5.899999999999629097e+00 1.110807519778185710e-02
-5.799999999999627676e+00 1.138796604962233339e-02
-5.699999999999626255e+00 1.169603911305283107e-02
-5.599999999999624833e+00 1.203450482721874111e-02
-5.499999999999623412e+00 1.240588342428031697e-02
-5.399999999999621991e+00 1.281304835466049938e-02
-5.299999999999620570e+00 1.325927766736308654e-02
-5.199999999999619149e+00 1.374831492232870232e-02
-5.099999999999617728e+00 1.428444157327957327e-02
-4.999999999999616307e+00 1.487256321038247370e-02
-4.899999999999614886e+00 1.551831261608073616e-02
-4.799999999999613465e+00 1.622817329581168616e-02
-4.699999999999612044e+00 1.700962803545644567e-02
-4.599999999999610623e+00 1.787133815933501443e-02
-4.499999999999609201e+00 1.882336057699716958e-02
-4.399999999999607780e+00 1.987741148963251617e-02
-4.299999999999606359e+00 2.104718787092236393e-02
-4.199999999999604938e+00 2.234876064842792817e-02
-4.099999999999603517e+00 2.380105701087744177e-02
-3.999999999999602096e+00 2.542645356853418664e-02
-3.899999999999600675e+00 2.725150727727970040e-02
-3.799999999999599254e+00 2.930785707842577942e-02
-3.699999999999597833e+00 3.163333583272714272e-02
-3.599999999999596412e+00 3.427333856067010798e-02
-3.499999999999594991e+00 3.728249743922010251e-02
-3.399999999999593570e+00 4.072671267851680349e-02
-3.299999999999592148e+00 4.468557383751737416e-02
-3.199999999999590727e+00 4.925516400336830969e-02
-3.099999999999589306e+00 5.455114286219657493e-02
-2.999999999999587885e+00 6.071180562040701806e-02
-2.899999999999586464e+00 6.790042819642523597e-02
-2.799999999999585043e+00 7.630549397215632967e-02
-2.699999999999583622e+00 8.613613874271991433e-02
-2.599999999999582201e+00 9.760807692382018896e-02
-2.499999999999580780e+00 1.109122040716136876e-01
-2.399999999999579359e+00 1.261544308266359382e-01
-2.299999999999577938e+00 1.432533923589018598e-01
-2.199999999999576517e+00 1.617889629792386430e-01
-2.099999999999575095e+00 1.808213194835918969e-01
-1.999999999999573674e+00 1.987595606889302202e-01
-1.899999999999572253e+00 2.134342653362532038e-01
-1.799999999999570832e+00 2.225328810623403153e-01
-1.699999999999569411e+00 2.243643270670761525e-01
-1.599999999999567990e+00 2.185752703233739547e-01
-1.499999999999566569e+00 2.063147219232674134e-01
-1.399999999999565148e+00 1.897175127021769048e-01
-1.299999999999563727e+00 1.710967257955129384e-01
-1.199999999999562306e+00 1.523345580525396481e-01
-1.099999999999560885e+00 1.346586524475703039e-01
-9.999999999995594635e-01 1.187034256356201689e-01
-8.999999999995580424e-01 1.046830086043165492e-01
-7.999999999995566213e-01 9.256131444037585254e-02
-6.999999999995552002e-01 8.217676625213000963e-02
-5.999999999995537792e-01 7.332002370816663450e-02
-4.999999999995523581e-01 6.577683303712834884e-02
-3.999999999995509370e-01 5.934878878295507532e-02
-2.999999999995495159e-01 5.386146825680759170e-02
-1.999999999995480948e-01 4.916594802160884070e-02
-9.999999999954667373e-02 4.513719070696023405e-02
4.547473508864641190e-13 4.167119570150829705e-02
1.000000000004561684e-01 3.868187644121786478e-02
2.000000000004575895e-01 3.609811285533266051e-02
3.000000000004590106e-01 3.386115669415879631e-02
4.000000000004604317e-01 3.192243220558516753e-02
5.000000000004618528e-01 3.024171219743122807e-02
6.000000000004632739e-01 2.878562480524884601e-02
7.000000000004646949e-01 2.752644020693872928e-02
8.000000000004661160e-01 2.644108900741299478e-02
9.000000000004675371e-01 2.551036988374037057e-02
1.000000000000468958e+00 2.471831079742103920e-02
1.100000000000470379e+00 2.405165448507869119e-02
1.200000000000471800e+00 2.349944457473752274e-02
1.300000000000473221e+00 2.305269343251195244e-02
1.400000000000474643e+00 2.270411676761743824e-02
1.500000000000476064e+00 2.244792322142761393e-02
1.600000000000477485e+00 2.227964976211134138e-02
1.700000000000478906e+00 2.219603581835444608e-02
1.800000000000480327e+00 2.219493081995339845e-02
1.900000000000481748e+00 2.227523125947705046e-02
2.000000000000483169e+00 2.243684462550567249e-02
2.100000000000484590e+00 2.268067865018850993e-02
2.200000000000486011e+00 2.300865532064002780e-02
2.300000000000487432e+00 2.342375007836141471e-02
2.400000000000488853e+00 2.393005762525679189e-02
2.500000000000490274e+00 2.453288682166435142e-02
2.600000000000491696e+00 2.523888835771756836e-02
2.700000000000493117e+00 2.605622026918712197e-02
2.800000000000494538e+00 2.699475802605980426e-02
2.900000000000495959e+00 2.806635793553029570e-02
3.000000000000497380e+00 2.928518507397822115e-02
3.100000000000498801e+00 3.066812001455222064e-02
3.200000000000500222e+00 3.223526238257820586e-02
3.300000000000501643e+00 3.401055388062188684e-02
3.400000000000503064e+00 3.602254898362519664e-02
3.500000000000504485e+00 3.830536801765568877e-02
3.600000000000505906e+00 4.089987458187939462e-02
3.700000000000507328e+00 4.385512654978124952e-02
3.800000000000508749e+00 4.723015550834525761e-02
3.900000000000510170e+00 5.109612989859271814e-02
4.000000000000511591e+00 5.553894516037945900e-02
4.100000000000513012e+00 6.066224608160667581e-02
4.200000000000514433e+00 6.659079650231516934e-02
4.300000000000515854e+00 7.347392245757171370e-02
4.400000000000517275e+00 8.148838370415850685e-02
4.500000000000518696e+00 9.083933547855996271e-02
4.600000000000520117e+00 1.017568096278541195e-01
4.700000000000521538e+00 1.144830831124630938e-01
4.800000000000522959e+00 1.292431729286754594e-01
4.900000000000524381e+00 1.461867608490846904e-01
5.000000000000525802e+00 1.652870613608307393e-01
5.100000000000527223e+00 1.861864507089144583e-01
5.200000000000528644e+00 2.080023373161662970e-01
5.300000000000530065e+00 2.291642209509935080e-01
5.400000000000531486e+00 2.474358904109510982e-01
5.500000000000532907e+00 2.603073304580085234e-01
5.600000000000534328e+00 2.657786107471079573e-01
5.700000000000535749e+00 2.631940304362379579e-01
5.800000000000537170e+00 2.535655943349968133e-01
5.900000000000538591e+00 2.391349149562254084e-01
6.000000000000540012e+00 2.225122767642748467e-01
6.100000000000541434e+00 2.059486946697496046e-01
6.200000000000542855e+00 1.910183153786092769e-01
6.300000000000544276e+00 1.786438184804384766e-01
6.400000000000545697e+00 1.692749787865131805e-01
6.500000000000547118e+00 1.630783927705209413e-01
6.600000000000548539e+00 1.600767653687551473e-01
6.700000000000549960e+00 1.602253278509208345e-01
6.800000000000551381e+00 1.634294047194081168e-01
6.900000000000552802e+00 1.695067353955390377e-01
7.000000000000554223e+00 1.780951628264827724e-01
7.100000000000555644e+00 1.885132598428877759e-01
7.200000000000557066e+00 1.996115766503160915e-01
7.300000000000558487e+00 2.097101223402894066e-01
7.400000000000559908e+00 2.167686905941382525e-01
7.500000000000561329e+00 2.188826196724601159e-01
7.600000000000562750e+00 2.149612500832357442e-01
7.700000000000564171e+00 2.051833874413835634e-01
7.800000000000565592e+00 1.908859743856837210e-01
7.900000000000567013e+00 1.739719779555418400e-01
8.000000000000568434e+00 1.562563792967564258e-01
8.100000000000569855e+00 1.390813991131131522e-01
8.200000000000571276e+00 1.232420142311773242e-01
8.300000000000572697e+00 1.090911052236029910e-01
8.400000000000574119e+00 9.669151037023543394e-02
8.500000000000575540e+00 8.594521021459970711e-02
8.600000000000576961e+00 7.668119924204905291e-02
8.700000000000578382e+00 6.870739018366268935e-02
8.800000000000579803e+00 6.183776915863460621e-02
8.900000000000581224e+00 5.590458390884031625e-02
9.000000000000582645e+00 5.076228579130701024e-02
9.100000000000584066e+00 4.628732095335411773e-02
9.200000000000585487e+00 4.237607923692934125e-02
9.300000000000586908e+00 3.894222064657106019e-02
9.400000000000588329e+00 3.591397920817570449e-02
9.500000000000589750e+00 3.323170837628731944e-02
9.600000000000591172e+00 3.084575903803179336e-02
9.700000000000592593e+00 2.871469720659445418e-02
9.800000000000594014e+00 2.680383171368030601e-02
9.900000000000595435e+00 2.508400942182331325e-02
1.000000000000059686e+01 2.353063422679322822e-02
1.010000000000059828e+01 2.212286990774916043e-02
1.020000000000059970e+01 2.084299242599170834e-02
1.030000000000060112e+01 1.967586299973660482e-02
1.040000000000060254e+01 1.860849851253805129e-02
1.050000000000060396e+01 1.762972030573095247e-02
1.060000000000060538e+01 1.672986613785377996e-02
1.070000000000060680e+01 1.590055313328606751e-02
1.080000000000060822e+01 1.513448198618147326e-02
1.090000000000060965e+01 1.442527463864505879e-02
1.100000000000061107e+01 1.376733920474453379e-02
1.110000000000061249e+01 1.315575714525566049e-02
1.120000000000061391e+01 1.258618867739861973e-02
1.130000000000061533e+01 1.205479318142821041e-02
1.140000000000061675e+01 1.155816198558262849e-02
1.150000000000061817e+01 1.109326140455129360e-02
1.160000000000061959e+01 1.065738430160486847e-02
1.170000000000062101e+01 1.024810876142088351e-02
1.180000000000062244e+01 9.863262715109327033e-03
1.190000000000062386e+01 9.500893564812326955e-03
1.200000000000062528e+01 9.159242021495402411e-03
1.210000000000062670e+01 8.836719504727733390e-03
1.220000000000062812e+01 8.531888563508399290e-03
1.230000000000062954e+01 8.243445867024279047e-03
1.240000000000063096e+01 7.970207388301016327e-03
1.250000000000063238e+01 7.711095464357155434e-03
1.260000000000063380e+01 7.465127466654857338e-03
1.270000000000063523e+01 7.231405857278697460e-03
1.280000000000063665e+01 7.009109440620686117e-03
1.290000000000063807e+01 6.797485649268079216e-03
1.300000000000063949e+01 6.595843726720658148e-03
1.310000000000064091e+01 6.403548689707842280e-03
1.320000000000064233e+01 6.220015969868875928e-03
1.330000000000064375e+01 6.044706648691950367e-03
1.340000000000064517e+01 5.877123211786576713e-03
1.350000000000064659e+01 5.716805758697373306e-03
1.360000000000064801e+01 5.563328613144603862e-03
1.370000000000064944e+01 5.416297286017105438e-03
1.380000000000065086e+01 5.275345749644020331e-03
1.390000000000065228e+01 5.140133987366295350e-03
1.400000000000065370e+01 5.010345786993935548e-03
1.410000000000065512e+01 4.885686750714090913e-03
1.420000000000065654e+01 4.765882497485139820e-03
1.430000000000065796e+01 4.650677036825209311e-03
1.440000000000065938e+01 4.539831295543293212e-03
1.450000000000066080e+01 4.433121781129313078e-03
1.460000000000066223e+01 4.330339367447863692e-03
1.470000000000066365e+01 4.231288190093481470e-03
1.480000000000066507e+01 4.135784640158167783e-03
1.490000000000066649e+01 4.043656446505648934e-03
1.500000000000066791e+01 3.954741837723758750e-03
1.510000000000066933e+01 3.868888775907457223e-03
1.520000000000067075e+01 3.785954255315996438e-03
1.530000000000067217e+01 3.705803659647041119e-03
1.540000000000067359e+01 3.628310172393153180e-03
1.550000000000067502e+01 3.553354235300646910e-03
1.560000000000067644e+01 3.480823050472117448e-03
1.570000000000067786e+01 3.410610122140281947e-03
1.580000000000067928e+01 3.342614834500557894e-03
1.590000000000068070e+01 3.276742062399267200e-03
1.600000000000068212e+01 3.212901811968138770e-03
1.610000000000068354e+01 3.151008888583585899e-03
1.620000000000068496e+01 3.090982589807199105e-03
1.630000000000068638e+01 3.032746421151010559e-03
1.640000000000068781e+01 2.976227832755380404e-03
1.650000000000068923e+01 2.921357975225869538e-03
1.660000000000069065e+01 2.868071473039972893e-03
1.670000000000069207e+01 2.816306214100607660e-03
1.680000000000069349e+01 2.766003154109873251e-03
1.690000000000069491e+01 2.717106134589827512e-03
1.700000000000069633e+01 2.669561713463214705e-03
1.710000000000069775e+01 2.623319007204037105e-03
1.720000000000069917e+01 2.578329543671478361e-03
1.730000000000070060e+01 2.534547124788590327e-03
1.740000000000070202e+01 2.491927698328188796e-03
1.750000000000070344e+01 2.450429238114784462e-03
1.760000000000070486e+01 2.410011632010248053e-03
1.770000000000070628e+01 2.370636577118289973e-03
1.780000000000070770e+01 2.332267481664198824e-03
1.790000000000070912e+01 2.294869373076064561e-03
1.800000000000071054e+01 2.258408811817855071e-03
1.810000000000071196e+01 2.222853810561311108e-03
1.820000000000071338e+01 2.188173758329413007e-03
1.830000000000071481e+01 2.154339349250810037e-03
1.840000000000071623e+01 2.121322515615043421e-03
1.850000000000071765e+01 2.089096364929859690e-03
1.860000000000071907e+01 2.057635120705213552e-03
1.870000000000072049e+01 2.026914066720931183e-03
1.880000000000072191e+01 1.996909494533585794e-03
1.890000000000072333e+01 1.967598654016097012e-03
1.900000000000072475e+01 1.938959706727734576e-03
1.910000000000072617e+01 1.910971681927409746e-03
1.920000000000072760e+01 1.883614435066907232e-03
1.930000000000072902e+01 1.856868608594934231e-03
1.940000000000073044e+01 1.830715594932503989e-03
1.950000000000073186e+01 1.805137501480156724e-03
1.960000000000073328e+01 1.780117117527635091e-03
1.970000000000073470e+01 1.755637882954738617e-03
1.980000000000073612e+01 1.731683858604059299e-03
1.990000000000073754e+01 1.708239698230192699e-03
2.000000000000073896e+01 1.685290621927627982e-03
2.010000000000074039e+01 1.662822390946395480e-03
2.020000000000074181e+01 1.640821283818783135e-03
2.030000000000074323e+01 1.619274073711410647e-03
2.040000000000074465e+01 1.598168006936699984e-03
2.050000000000074607e+01 1.577490782554121299e-03
2.060000000000074749e+01 1.557230532996334293e-03
2.070000000000074891e+01 1.537375805666866234e-03
2.080000000000075033e+01 1.517915545446643687e-03
2.090000000000075175e+01 1.498839078063384390e-03
2.100000000000075318e+01 1.480136094273560698e-03
2.110000000000075460e+01 1.461796634809953317e-03
2.120000000000075602e+01 1.443811076057416364e-03
2.130000000000075744e+01 1.426170116410193376e-03
2.140000000000075886e+01 1.408864763278525577e-03
2.150000000000076028e+01 1.391886320707706216e-03
2.160000000000076170e+01 1.375226377575119400e-03
2.170000000000076312e+01 1.358876796338913395e-03
2.180000000000076454e+01 1.342829702303018503e-03
2.190000000000076597e+01 1.327077473375773550e-03
2.200000000000076739e+01 1.311612730294822856e-03
2.210000000000076881e+01 1.296428327292664185e-03
2.220000000000077023e+01 1.281517343184229761e-03
2.230000000000077165e+01 1.266873072849365820e-03
2.240000000000077307e+01 1.252489019094174452e-03
2.250000000000077449e+01 1.238358884870665840e-03
2.260000000000077591e+01 1.224476565835450710e-03
2.270000000000077733e+01 1.210836143234309253e-03
2.280000000000077875e+01 1.197431877091450570e-03
2.290000000000078018e+01 1.184258199692167631e-03
2.300000000000078160e+01 1.171309709343258763e-03
2.310000000000078302e+01 1.158581164396538157e-03
2.320000000000078444e+01 1.146067477526173297e-03
2.330000000000078586e+01 1.133763710243038732e-03
2.340000000000078728e+01 1.121665067638199717e-03
2.350000000000078870e+01 1.109766893343480665e-03
2.360000000000079012e+01 1.098064664697827753e-03
2.370000000000079154e+01 1.086553988112989085e-03
2.380000000000079297e+01 1.075230594624996096e-03
2.390000000000079439e+01 1.064090335625985945e-03
2.400000000000079581e+01 1.053129178767001940e-03
2.410000000000079723e+01 1.042343204022966102e-03
2.420000000000079865e+01 1.031728599915382330e-03
2.430000000000080007e+01 1.021281659881728872e-03
2.440000000000080149e+01 1.010998778787858786e-03
2.450000000000080291e+01 1.000876449576025432e-03
2.460000000000080433e+01 9.909112600416120770e-04
2.470000000000080576e+01 9.810998897355849378e-04
2.480000000000080718e+01 9.714391069835431663e-04
2.490000000000080860e+01 9.619257660189558167e-04
2.500000000000081002e+01 9.525568042247249201e-04
2.510000000000081144e+01 9.433292394775588978e-04
2.520000000000081286e+01 9.342401675932498518e-04
2.530000000000081428e+01 9.252867598652115416e-04
2.540000000000081570e+01 9.164662606948000608e-04
2.550000000000081712e+01 9.077759853087057074e-04
2.560000000000081855e+01 8.992133175589849111e-04
2.570000000000081997e+01 8.907757078046063840e-04
2.580000000000082139e+01 8.824606708680304574e-04
2.590000000000082281e+01 8.742657840660262355e-04
2.600000000000082423e+01 8.661886853109032353e-04
2.610000000000082565e+01 8.582270712785531903e-04
2.620000000000082707e+01 8.503786956427563390e-04
2.630000000000082849e+01 8.426413673701870985e-04
2.640000000000082991e+01 8.350129490758279038e-04
2.650000000000083134e+01 8.274913554356496314e-04
2.660000000000083276e+01 8.200745516536065392e-04
2.670000000000083418e+01 8.127605519828142106e-04
2.680000000000083560e+01 8.055474182960901388e-04
2.690000000000083702e+01 7.984332587059250405e-04
2.700000000000083844e+01 7.914162262312821614e-04
2.710000000000083986e+01 7.844945175087820848e-04
2.720000000000084128e+01 7.776663715484427196e-04
2.730000000000084270e+01 7.709300685297585482e-04
2.740000000000084412e+01 7.642839286384450455e-04
2.750000000000084555e+01 7.577263109416748762e-04
2.760000000000084697e+01 7.512556122997617178e-04
2.770000000000084839e+01 7.448702663146822365e-04
2.780000000000084981e+01 7.385687423117133932e-04
2.790000000000085123e+01 7.323495443546974718e-04
2.800000000000085265e+01 7.262112102930987339e-04
2.810000000000085407e+01 7.201523108391323733e-04
2.820000000000085549e+01 7.141714486755061349e-04
2.830000000000085691e+01 7.082672575904661559e-04
2.840000000000085834e+01 7.024384016407845405e-04
2.850000000000085976e+01 6.966835743411316445e-04
2.860000000000086118e+01 6.910014978783653866e-04
2.870000000000086260e+01 6.853909223513898405e-04
2.880000000000086402e+01 6.798506250336132633e-04
2.890000000000086544e+01 6.743794096587390216e-04
2.900000000000086686e+01 6.689761057285443548e-04
2.910000000000086828e+01 6.636395678413955883e-04
2.920000000000086970e+01 6.583686750422184080e-04
2.930000000000087113e+01 6.531623301912490090e-04
2.940000000000087255e+01 6.480194593523512991e-04
2.950000000000087397e+01 6.429390111997422292e-04
2.960000000000087539e+01 6.379199564420357351e-04
2.970000000000087681e+01 6.329612872643777853e-04
2.980000000000087823e+01 6.280620167862414286e-04
2.990000000000087965e+01 6.232211785357014968e-04
3.000000000000088107e+01 6.184378259391817411e-04
3.010000000000088249e+01 6.137110318257206270e-04
3.020000000000088392e+01 6.090398879465611353e-04
3.030000000000088534e+01 6.044235045078375076e-04
3.040000000000088676e+01 5.998610097172047241e-04
3.050000000000088818e+01 5.953515493435186309e-04
3.060000000000088960e+01 5.908942862887352427e-04
3.070000000000089102e+01 5.864884001728405292e-04
3.080000000000089244e+01 5.821330869297724944e-04
3.090000000000089386e+01 5.778275584151828506e-04
3.100000000000089528e+01 5.735710420252501836e-04
3.110000000000089670e+01 5.693627803258091919e-04
3.120000000000089813e+01 5.652020306926086113e-04
3.130000000000089955e+01 5.610880649608186851e-04
3.140000000000090097e+01 5.570201690846339655e-04
3.150000000000090239e+01 5.529976428062663906e-04
3.160000000000090381e+01 5.490197993336748622e-04
3.170000000000090523e+01 5.450859650278384047e-04
3.180000000000090665e+01 5.411954790978339537e-04
3.190000000000090807e+01 5.373476933045520914e-04
