-3.200000000000000000e+01 1.749645383544392349e-04
-3.189999999999999858e+01 1.763263789800546192e-04
-3.179999999999999716e+01 1.777058099825433381e-04
-3.169999999999999574e+01 1.791031599468999726e-04
-3.159999999999999432e+01 1.805187655805023223e-04
-3.149999999999999289e+01 1.819529719631951049e-04
-3.139999999999999147e+01 1.834061328063679795e-04
-3.129999999999999005e+01 1.848786107217398366e-04
-3.119999999999998863e+01 1.863707775001347423e-04
-3.109999999999998721e+01 1.878830144005422178e-04
-3.099999999999998579e+01 1.894157124502519125e-04
-3.089999999999998437e+01 1.909692727561279938e-04
-3.079999999999998295e+01 1.925441068278635904e-04
-3.069999999999998153e+01 1.941406369136026229e-04
-3.059999999999998010e+01 1.957592963483308513e-04
-3.049999999999997868e+01 1.974005299159731089e-04
-3.039999999999997726e+01 1.990647942253664536e-04
-3.029999999999997584e+01 2.007525581011100093e-04
-3.019999999999997442e+01 2.024643029898177428e-04
-3.009999999999997300e+01 2.042005233823195563e-04
-2.999999999999997158e+01 2.059617272529370730e-04
-2.989999999999997016e+01 2.077484365161456892e-04
-2.979999999999996874e+01 2.095611875018328618e-04
-2.969999999999996732e+01 2.114005314498635974e-04
-2.959999999999996589e+01 2.132670350246888813e-04
-2.949999999999996447e+01 2.151612808513725492e-04
-2.939999999999996305e+01 2.170838680735408602e-04
-2.929999999999996163e+01 2.190354129347393190e-04
-2.919999999999996021e+01 2.210165493841519536e-04
-2.909999999999995879e+01 2.230279297076833615e-04
-2.899999999999995737e+01 2.250702251860971031e-04
-2.889999999999995595e+01 2.271441267809868648e-04
-2.879999999999995453e+01 2.292503458504228876e-04
-2.869999999999995310e+01 2.313896148955643737e-04
-2.859999999999995168e+01 2.335626883395909310e-04
-2.849999999999995026e+01 2.357703433410750541e-04
-2.839999999999994884e+01 2.380133806429447622e-04
-2.829999999999994742e+01 2.402926254593574249e-04
-2.819999999999994600e+01 2.426089284022327284e-04
-2.809999999999994458e+01 2.449631664492828566e-04
-2.799999999999994316e+01 2.473562439562338572e-04
-2.789999999999994174e+01 2.497890937149079482e-04
-2.779999999999994031e+01 2.522626780601333824e-04
-2.769999999999993889e+01 2.547779900278588239e-04
-2.759999999999993747e+01 2.573360545669795062e-04
-2.749999999999993605e+01 2.599379298083465974e-04
-2.739999999999993463e+01 2.625847083933605781e-04
-2.729999999999993321e+01 2.652775188659918537e-04
-2.719999999999993179e+01 2.680175271314857652e-04
-2.709999999999993037e+01 2.708059379851864771e-04
-2.699999999999992895e+01 2.736439967160263459e-04
-2.689999999999992752e+01 2.765329907881047865e-04
-2.679999999999992610e+01 2.794742516054228446e-04
-2.669999999999992468e+01 2.824691563642546424e-04
-2.659999999999992326e+01 2.855191299979078124e-04
-2.649999999999992184e+01 2.886256472199040632e-04
-2.639999999999992042e+01 2.917902346704751059e-04
-2.629999999999991900e+01 2.950144731731408785e-04
-2.619999999999991758e+01 2.983000001075979991e-04
-2.609999999999991616e+01 3.016485119055391261e-04
-2.599999999999991473e+01 3.050617666775378334e-04
-2.589999999999991331e+01 3.085415869780015904e-04
-2.579999999999991189e+01 3.120898627173830870e-04
-2.569999999999991047e+01 3.157085542303819051e-04
-2.559999999999990905e+01 3.193996955094514055e-04
-2.549999999999990763e+01 3.231653976147550724e-04
-2.539999999999990621e+01 3.270078522706456399e-04
-2.529999999999990479e+01 3.309293356613411045e-04
-2.519999999999990337e+01 3.349322124381794857e-04
-2.509999999999990195e+01 3.390189399517333762e-04
-2.499999999999990052e+01 3.431920727240411750e-04
-2.489999999999989910e+01 3.474542671763397247e-04
-2.479999999999989768e+01 3.518082866287536130e-04
-2.469999999999989626e+01 3.562570065910217968e-04
-2.459999999999989484e+01 3.608034203625768137e-04
-2.449999999999989342e+01 3.654506449639213198e-04
-2.439999999999989200e+01 3.702019274214986624e-04
-2.429999999999989058e+01 3.750606514299341149e-04
-2.419999999999988916e+01 3.800303444189413976e-04
-2.409999999999988773e+01 3.851146850518769732e-04
-2.399999999999988631e+01 3.903175111875640635e-04
-2.389999999999988489e+01 3.956428283379430279e-04
-2.379999999999988347e+01 4.010948186566924093e-04
-2.369999999999988205e+01 4.066778504985698282e-04
-2.359999999999988063e+01 4.123964885897402131e-04
-2.349999999999987921e+01 4.182555048554963020e-04
-2.339999999999987779e+01 4.242598899538775918e-04
-2.329999999999987637e+01 4.304148655677374419e-04
-2.319999999999987494e+01 4.367258975142633798e-04
-2.309999999999987352e+01 4.431987097329276554e-04
-2.299999999999987210e+01 4.498392992213087554e-04
-2.289999999999987068e+01 4.566539519923023789e-04
-2.279999999999986926e+01 4.636492601326927358e-04
-2.269999999999986784e+01 4.708321400524493683e-04
-2.259999999999986642e+01 4.782098520186634145e-04
-2.249999999999986500e+01 4.857900210802039843e-04
-2.239999999999986358e+01 4.935806594966678619e-04
-2.229999999999986215e+01 5.015901907956935891e-04
-2.219999999999986073e+01 5.098274755969519267e-04
-2.209999999999985931e+01 5.183018393502326383e-04
-2.199999999999985789e+01 5.270231021533362988e-04
-2.189999999999985647e+01 5.360016108289457262e-04
-2.179999999999985505e+01 5.452482734571288160e-04
-2.169999999999985363e+01 5.547745965826072741e-04
-2.159999999999985221e+01 5.645927253332205060e-04
-2.149999999999985079e+01 5.747154867147631673e-04
-2.139999999999984936e+01 5.851564363715122544e-04
-2.129999999999984794e+01 5.959299091316460836e-04
-2.119999999999984652e+01 6.070510736936622284e-04
-2.109999999999984510e+01 6.185359918422456225e-04
-2.099999999999984368e+01 6.304016826292595937e-04
-2.089999999999984226e+01 6.426661919993003182e-04
-2.079999999999984084e+01 6.553486683917427108e-04
-2.069999999999983942e+01 6.684694449144169262e-04
-2.059999999999983800e+01 6.820501287445852141e-04
-2.049999999999983658e+01 6.961136984941325911e-04
-2.039999999999983515e+01 7.106846103566690160e-04
-2.029999999999983373e+01 7.257889139495003880e-04
-2.019999999999983231e+01 7.414543788762141541e-04
-2.009999999999983089e+01 7.577106331508069378e-04
-1.999999999999982947e+01 7.745893147705190098e-04
-1.989999999999982805e+01 7.921242378777299453e-04
-1.979999999999982663e+01 8.103515751303910731e-04
-1.969999999999982521e+01 8.293100581106934354e-04
-1.959999999999982379e+01 8.490411978265264593e-04
-1.949999999999982236e+01 8.695895276361959502e-04
-1.939999999999982094e+01 8.910028712273091595e-04
-1.929999999999981952e+01 9.133326386312376173e-04
-1.919999999999981810e+01 9.366341536650210197e-04
-1.909999999999981668e+01 9.609670166467198810e-04
-1.899999999999981526e+01 9.863955067773795462e-04
-1.889999999999981384e+01 1.012989029196130269e-03
-1.879999999999981242e+01 1.040822612432617698e-03
-1.869999999999981100e+01 1.069977462823398480e-03
-1.859999999999980957e+01 1.100541583415848420e-03
-1.849999999999980815e+01 1.132610466027514579e-03
-1.839999999999980673e+01 1.166287866441924293e-03
-1.829999999999980531e+01 1.201686674268270544e-03
-1.819999999999980389e+01 1.238929890819518353e-03
-1.809999999999980247e+01 1.278151730483706233e-03
-1.799999999999980105e+01 1.319498863600642715e-03
-1.789999999999979963e+01 1.363131821825778502e-03
-1.779999999999979821e+01 1.409226590494296223e-03
-1.769999999999979678e+01 1.457976416711188059e-03
-1.759999999999979536e+01 1.509593866875237871e-03
-1.749999999999979394e+01 1.564313173346504153e-03
-1.739999999999979252e+01 1.622392917119369875e-03
-1.729999999999979110e+01 1.684119101973715477e-03
-1.719999999999978968e+01 1.749808685976969504e-03
-1.709999999999978826e+01 1.819813648732588902e-03
-1.699999999999978684e+01 1.894525688021493062e-03
-1.689999999999978542e+01 1.974381657982169930e-03
-1.679999999999978400e+01 2.059869883569555391e-03
-1.669999999999978257e+01 2.151537513723504949e-03
-1.659999999999978115e+01 2.249999109616272579e-03
-1.649999999999977973e+01 2.355946706255852233e-03
-1.639999999999977831e+01 2.470161637451024923e-03
-1.629999999999977689e+01 2.593528478318317572e-03
-1.619999999999977547e+01 2.727051539384408533e-03
-1.609999999999977405e+01 2.871874445893771513e-03
-1.599999999999977263e+01 3.029303460630113163e-03
-1.589999999999977121e+01 3.200835364886804330e-03
-1.579999999999976978e+01 3.388190908808932315e-03
-1.569999999999976836e+01 3.593355089999965713e-03
-1.559999999999976694e+01 3.818625831409783438e-03
-1.549999999999976552e+01 4.066673023305263784e-03
-1.539999999999976410e+01 4.340610389917638062e-03
-1.529999999999976268e+01 4.644083263880919958e-03
-1.519999999999976126e+01 4.981376128619796270e-03
-1.509999999999975984e+01 5.357544748573471113e-03
-1.499999999999975842e+01 5.778578873305870688e-03
-1.489999999999975699e+01 6.251602878740172842e-03
-1.479999999999975557e+01 6.785123257935305602e-03
-1.469999999999975415e+01 7.389333460159509120e-03
-1.459999999999975273e+01 8.076487871514076433e-03
-1.449999999999975131e+01 8.861357028534950706e-03
-1.439999999999974989e+01 9.761774036164669321e-03
-1.429999999999974847e+01 1.079927487174803941e-02
-1.419999999999974705e+01 1.199981762178426933e-02
-1.409999999999974563e+01 1.339452824094335831e-02
-1.399999999999974420e+01 1.502034632771669098e-02
-1.389999999999974278e+01 1.692030511319991132e-02
-1.379999999999974136e+01 1.914293023288396109e-02
-1.369999999999973994e+01 2.173981996508792328e-02
-1.359999999999973852e+01 2.475981734541220225e-02
-1.349999999999973710e+01 2.823733106301373405e-02
-1.339999999999973568e+01 3.217165400740416847e-02
-1.329999999999973426e+01 3.649470095400807884e-02
-1.319999999999973284e+01 4.102892270465192254e-02
-1.309999999999973141e+01 4.544855824457339627e-02
-1.299999999999972999e+01 4.927541088089968518e-02
-1.289999999999972857e+01 5.195071334592110679e-02
-1.279999999999972715e+01 5.299699883926532740e-02
-1.269999999999972573e+01 5.220761262457124241e-02
-1.259999999999972431e+01 4.974128273455692001e-02
-1.249999999999972289e+01 4.604884461886025321e-02
-1.239999999999972147e+01 4.168918135865851138e-02
-1.229999999999972005e+01 3.715788461159084954e-02
-1.219999999999971863e+01 3.280260452891820694e-02
-1.209999999999971720e+01 2.881924538342094805e-02
-1.199999999999971578e+01 2.528825444471180517e-02
-1.189999999999971436e+01 2.221738549593615941e-02
-1.179999999999971294e+01 1.957557698053557019e-02
-1.169999999999971152e+01 1.731510877066488874e-02
-1.159999999999971010e+01 1.538431854915906644e-02
-1.149999999999970868e+01 1.373406580834211910e-02
-1.139999999999970726e+01 1.232050648564708001e-02
-1.129999999999970584e+01 1.110587564142261584e-02
-1.119999999999970441e+01 1.005829026321243547e-02
-1.109999999999970299e+01 9.151133654515938506e-03
-1.099999999999970157e+01 8.362313615259532248e-03
-1.089999999999970015e+01 7.673535309172283686e-03
-1.079999999999969873e+01 7.069648708255832012e-03
-1.069999999999969731e+01 6.538089238785691273e-03
-1.059999999999969589e+01 6.068410592548605445e-03
-1.049999999999969447e+01 5.651900339799278625e-03
-1.039999999999969305e+01 5.281266355697974285e-03
-1.029999999999969162e+01 4.950382145041281635e-03
-1.019999999999969020e+01 4.654080361443634246e-03
-1.009999999999968878e+01 4.387985388998556953e-03
-9.999999999999687361e+00 4.148377419689872232e-03
-9.899999999999685940e+00 3.932081864315749645e-03
-9.799999999999684519e+00 3.736379130091086517e-03
-9.699999999999683098e+00 3.558930784889526716e-03
-9.599999999999681677e+00 3.397718928504898928e-03
-9.499999999999680256e+00 3.250996233269563308e-03
-9.399999999999678835e+00 3.117244627965429574e-03
-9.299999999999677414e+00 2.995141005412250718e-03
-9.199999999999675993e+00 2.883528656319728819e-03
-9.099999999999674571e+00 2.781393387626486524e-03
-8.999999999999673150e+00 2.687843486425293797e-03
-8.899999999999671729e+00 2.602092851863414304e-03
-8.799999999999670308e+00 2.523446746011049312e-03
-8.699999999999668887e+00 2.451289717341890474e-03
-8.599999999999667466e+00 2.385075332782954360e-03
-8.499999999999666045e+00 2.324317420402666461e-03
-8.399999999999664624e+00 2.268582578080234613e-03
-8.299999999999663203e+00 2.217483746628630143e-03
-8.199999999999661782e+00 2.170674680771938862e-03
-8.099999999999660361e+00 2.127845179853478201e-03
-7.999999999999658939e+00 2.088716963381166084e-03
-7.899999999999657518e+00 2.053040095535176458e-03
-7.799999999999656097e+00 2.020589878424297863e-03
-7.699999999999654676e+00 1.991164146748943421e-03
-7.599999999999653255e+00 1.964580907203949608e-03
-7.499999999999651834e+00 1.940676274795317480e-03
-7.399999999999650413e+00 1.919302665594409566e-03
-7.299999999999648992e+00 1.900327211606413214e-03
-7.199999999999647571e+00 1.883630368555370320e-03
-7.099999999999646150e+00 1.869104691710092971e-03
-6.999999999999644729e+00 1.856653758504788919e-03
-6.899999999999643308e+00 1.846191219769674095e-03
-6.799999999999641886e+00 1.837639963990387584e-03
-6.699999999999640465e+00 1.830931381212721597e-03
-6.599999999999639044e+00 1.826004715092081464e-03
-6.499999999999637623e+00 1.822806493190621971e-03
-6.399999999999636202e+00 1.821290026999446230e-03
-6.299999999999634781e+00 1.821414974349445026e-03
-6.199999999999633360e+00 1.823146957893881500e-03
-6.099999999999631939e+00 1.826457234233414863e-03
-5.999999999999630518e+00 1.831322409024399881e-03
-5.899999999999629097e+00 1.837724194087442730e-03
-5.799999999999627676e+00 1.845649203125581447e-03
-5.699999999999626255e+00 1.855088783189140457e-03
-5.599999999999624833e+00 1.866038879492441316e-03
-5.499999999999623412e+00 1.878499931608352581e-03
-5.399999999999621991e+00 1.892476799453254822e-03
-5.299999999999620570e+00 1.907978717821096244e-03
-5.199999999999619149e+00 1.925019278557180613e-03
-5.099999999999617728e+00 1.943616439766081630e-03
-4.999999999999616307e+00 1.963792561740108650e-03
-4.899999999999614886e+00 1.985574469584882196e-03
-4.799999999999613465e+00 2.008993542789072953e-03
-4.699999999999612044e+00 2.034085832274534159e-03
-4.599999999999610623e+00 2.060892205741520974e-03
-4.499999999999609201e+00 2.089458522415771000e-03
-4.399999999999607780e+00 2.119835838619644683e-03
-4.299999999999606359e+00 2.152080645901501346e-03
-4.199999999999604938e+00 2.186255143819905000e-03
-4.099999999999603517e+00 2.222427549849024728e-03
-3.999999999999602096e+00 2.260672449283979840e-03
-3.899999999999600675e+00 2.301071188492763517e-03
-3.799999999999599254e+00 2.343712315350151773e-03
-3.699999999999597833e+00 2.388692071273426816e-03
-3.599999999999596412e+00 2.436114939904370988e-03
-3.499999999999594991e+00 2.486094258198004534e-03
-3.399999999999593570e+00 2.538752896506913433e-03
-3.299999999999592148e+00 2.594224015151194978e-03
-3.199999999999590727e+00 2.652651906043055913e-03
-3.099999999999589306e+00 2.714192929127820508e-03
-2.999999999999587885e+00 2.779016554786990691e-03
-2.899999999999586464e+00 2.847306524963715262e-03
-2.799999999999585043e+00 2.919262147580664862e-03
-2.699999999999583622e+00 2.995099740979811562e-03
-2.599999999999582201e+00 3.075054247562275609e-03
-2.499999999999580780e+00 3.159381038672131638e-03
-2.399999999999579359e+00 3.248357936135573467e-03
-2.299999999999577938e+00 3.342287479729978174e-03
-2.199999999999576517e+00 3.441499474466826278e-03
-2.099999999999575095e+00 3.546353856909585309e-03
-1.999999999999573674e+00 3.657243926052573292e-03
-1.899999999999572253e+00 3.774599991761085158e-03
-1.799999999999570832e+00 3.898893502519467508e-03
-1.699999999999569411e+00 4.030641724718183640e-03
-1.599999999999567990e+00 4.170413058078767908e-03
-1.499999999999566569e+00 4.318833086592185899e-03
-1.399999999999565148e+00 4.476591482060219250e-03
-1.299999999999563727e+00 4.644449898440998828e-03
-1.199999999999562306e+00 4.823251020735106961e-03
-1.099999999999560885e+00 5.013928962810555202e-03
-9.999999999995594635e-01 5.217521245694632312e-03
-8.999999999995580424e-01 5.435182632975745810e-03
-7.999999999995566213e-01 5.668201154693489237e-03
-6.999999999995552002e-01 5.918016718130064864e-03
-5.999999999995537792e-01 6.186242785840425501e-03
-4.999999999995523581e-01 6.474691701981547844e-03
-3.999999999995509370e-01 6.785404372261921897e-03
-2.999999999995495159e-01 7.120685156262267744e-03
-1.999999999995480948e-01 7.483143021526496123e-03
-9.999999999954667373e-02 7.875740245826275132e-03
4.547473508864641190e-13 8.301850249917161126e-03
1.000000000004561684e-01 8.765326513651581705e-03
2.000000000004575895e-01 9.270584992963853618e-03
3.000000000004590106e-01 9.822703040051594323e-03
4.000000000004604317e-01 1.042753856541896347e-02
5.000000000004618528e-01 1.109187410906259733e-02
6.000000000004632739e-01 1.182359165913409241e-02
7.000000000004646949e-01 1.263188553051983187e-02
8.000000000004661160e-01 1.352752246539975708e-02
9.000000000004675371e-01 1.452316042390472406e-02
1.000000000000468958e+00 1.563374037570552585e-02
1.100000000000470379e+00 1.687696884654411519e-02
1.200000000000471800e+00 1.827391301807725771e-02
1.300000000000473221e+00 1.984973468459232809e-02
1.400000000000474643e+00 2.163459389005074548e-02
1.500000000000476064e+00 2.366475654178107693e-02
1.600000000000477485e+00 2.598394047513667010e-02
1.700000000000478906e+00 2.864492682056580392e-02
1.800000000000480327e+00 3.171143942086029205e-02
1.900000000000481748e+00 3.526023819788370872e-02
2.000000000000483169e+00 3.938325311321493744e-02
2.100000000000484590e+00 4.418935135153120169e-02
2.200000000000486011e+00 4.980489336181521953e-02
2.300000000000487432e+00 5.637145605025260103e-02
2.400000000000488853e+00 6.403780105692598312e-02
2.500000000000490274e+00 7.294119004560772890e-02
2.600000000000491696e+00 8.317065755245692249e-02
2.700000000000493117e+00 9.470306687507050458e-02
2.800000000000494538e+00 1.073054328536520580e-01
2.900000000000495959e+00 1.204118272746858842e-01
3.000000000000497380e+00 1.330193639613409251e-01
3.100000000000498801e+00 1.437002982727188238e-01
3.200000000000500222e+00 1.508473108165078735e-01
3.300000000000501643e+00 1.531676134898503905e-01
3.400000000000503064e+00 1.502115350255570636e-01
3.500000000000504485e+00 1.425803304652499548e-01
3.600000000000505906e+00 1.316513241164857517e-01
3.700000000000507328e+00 1.190321615956202311e-01
3.800000000000508749e+00 1.060965215982091620e-01
3.900000000000510170e+00 9.377909852653326661e-02
4.000000000000511591e+00 8.258879387035641950e-02
4.100000000000513012e+00 7.272048557455521034e-02
4.200000000000514433e+00 6.417600000503051461e-02
4.300000000000515854e+00 5.685671268433220571e-02
4.400000000000517275e+00 5.062285957447971996e-02
4.500000000000518696e+00 4.532701256601614354e-02
4.600000000000520117e+00 4.083077809102904354e-02
4.700000000000521538e+00 3.701173116965538606e-02
4.800000000000522959e+00 3.376514401934345433e-02
4.900000000000524381e+00 3.100319654148693538e-02
5.000000000000525802e+00 2.865314630334332702e-02
5.100000000000527223e+00 2.665522029070521368e-02
5.200000000000528644e+00 2.496059180135035138e-02
5.300000000000530065e+00 2.352959390830586597e-02
5.400000000000531486e+00 2.233021405912237814e-02
5.500000000000532907e+00 2.133686440953286995e-02
5.600000000000534328e+00 2.052940228445441009e-02
5.700000000000535749e+00 1.989236992247201199e-02
5.800000000000537170e+00 1.941442454534167417e-02
5.900000000000538591e+00 1.908793477701740612e-02
6.000000000000540012e+00 1.890872554444748832e-02
6.100000000000541434e+00 1.887595992224546521e-02
6.200000000000542855e+00 1.899215256088875037e-02
6.300000000000544276e+00 1.926331519125408162e-02
6.400000000000545697e+00 1.969924003301849053e-02
6.500000000000547118e+00 2.031393130321243468e-02
6.600000000000548539e+00 2.112619739751666476e-02
6.700000000000549960e+00 2.216041454200852814e-02
6.800000000000551381e+00 2.344746251678187302e-02
6.900000000000552802e+00 2.502580632193014687e-02
7.000000000000554223e+00 2.694263945637332541e-02
7.100000000000555644e+00 2.925488822345531648e-02
7.200000000000557066e+00 3.202965686251169758e-02
7.300000000000558487e+00 3.534329845098743705e-02
7.400000000000559908e+00 3.927762691195346018e-02
7.500000000000561329e+00 4.391074493444393351e-02
7.600000000000562750e+00 4.929858712376038871e-02
7.700000000000564171e+00 5.544209489985609668e-02
7.800000000000565592e+00 6.223571519578945804e-02
7.900000000000567013e+00 6.939957320112088990e-02
8.000000000000568434e+00 7.641559576249745689e-02
8.100000000000569855e+00 8.251687858079793936e-02
8.200000000000571276e+00 8.679784678243357421e-02
8.300000000000572697e+00 8.847150165061871963e-02
8.400000000000574119e+00 8.717858849227327900e-02
8.500000000000575540e+00 8.315118124148700163e-02
8.600000000000576961e+00 7.710504009063313957e-02
8.700000000000578382e+00 6.994477640584263745e-02
8.800000000000579803e+00 6.248173206419611186e-02
8.900000000000581224e+00 5.529020354657735586e-02
9.000000000000582645e+00 4.869694360670429739e-02
9.100000000000584066e+00 4.283854399397885732e-02
9.200000000000585487e+00 3.773101904838831872e-02
9.300000000000586908e+00 3.332553289611828867e-02
9.400000000000588329e+00 2.954508072431224694e-02
9.500000000000589750e+00 2.630564734928894297e-02
9.600000000000591172e+00 2.352702200863650631e-02
9.700000000000592593e+00 2.113748435143326942e-02
9.800000000000594014e+00 1.907516930814037032e-02
9.900000000000595435e+00 1.728779092012526497e-02
1.000000000000059686e+01 1.573165973149221950e-02
1.010000000000059828e+01 1.437048150920982800e-02
1.020000000000059970e+01 1.317417338564294202e-02
1.030000000000060112e+01 1.211779851416472722e-02
1.040000000000060254e+01 1.118065139549918353e-02
1.050000000000060396e+01 1.034549307354857249e-02
1.060000000000060538e+01 9.597921340740325422e-03
1.070000000000060680e+01 8.925856564638822918e-03
1.080000000000060822e+01 8.319123741149419063e-03
1.090000000000060965e+01 7.769113294978393508e-03
1.100000000000061107e+01 7.268505684146556872e-03
1.110000000000061249e+01 6.811047406138426470e-03
1.120000000000061391e+01 6.391368289309052979e-03
1.130000000000061533e+01 6.004831899607025562e-03
1.140000000000061675e+01 5.647412498690530802e-03
1.150000000000061817e+01 5.315593289582190226e-03
1.160000000000061959e+01 5.006281724497428642e-03
1.170000000000062101e+01 4.716738472131556774e-03
1.180000000000062244e+01 4.444517288081590960e-03
1.190000000000062386e+01 4.187413535930100718e-03
1.200000000000062528e+01 3.943419495306885875e-03
1.210000000000062670e+01 3.710684887733066428e-03
1.220000000000062812e+01 3.487481267942057171e-03
1.230000000000062954e+01 3.272169079127642925e-03
1.240000000000063096e+01 3.063166263304847522e-03
1.250000000000063238e+01 2.858917357796016221e-03
1.260000000000063380e+01 2.657861997484179967e-03
1.270000000000063523e+01 2.458401680143893278e-03
1.280000000000063665e+01 2.258863536785169109e-03
1.290000000000063807e+01 2.057459678196920261e-03
1.300000000000063949e+01 1.852240462118254043e-03
1.310000000000064091e+01 1.641039747549075545e-03
1.320000000000064233e+01 1.421409892481185740e-03
1.330000000000064375e+01 1.190543957241820602e-03
1.340000000000064517e+01 9.451824040568206943e-04
1.350000000000064659e+01 6.815017541580417268e-04
1.360000000000064801e+01 3.949836078235045367e-04
1.370000000000064944e+01 8.026497136727932583e-05
1.380000000000065086e+01 -2.690235086522495679e-04
1.390000000000065228e+01 -6.604132848916593026e-04
1.400000000000065370e+01 -1.102707348151448722e-03
1.410000000000065512e+01 -1.605962452889182811e-03
1.420000000000065654e+01 -2.181192416083172891e-03
1.430000000000065796e+01 -2.839525882036484511e-03
1.440000000000065938e+01 -3.590386542342519083e-03
1.450000000000066080e+01 -4.438080360539681940e-03
1.460000000000066223e+01 -5.376118832866658495e-03
1.470000000000066365e+01 -6.379062169396291712e-03
1.480000000000066507e+01 -7.393304387967909383e-03
1.490000000000066649e+01 -8.331541127802913685e-03
1.500000000000066791e+01 -9.079320983176156906e-03
1.510000000000066933e+01 -9.520927056055542362e-03
1.520000000000067075e+01 -9.579949135753317371e-03
1.530000000000067217e+01 -9.252567054637329119e-03
1.540000000000067359e+01 -8.609373363313809618e-03
1.550000000000067502e+01 -7.764297190269088544e-03
1.560000000000067644e+01 -6.833548698188414254e-03
1.570000000000067786e+01 -5.907813815973861869e-03
1.580000000000067928e+01 -5.044038136790187504e-03
1.590000000000068070e+01 -4.270192482923711348e-03
1.600000000000068212e+01 -3.594404432607540330e-03
1.610000000000068354e+01 -3.013322566909083181e-03
1.620000000000068496e+01 -2.518041786179711986e-03
1.630000000000068638e+01 -2.097710510211535807e-03
1.640000000000068781e+01 -1.741477664090665010e-03
1.650000000000068923e+01 -1.439409878881782673e-03
1.660000000000069065e+01 -1.182829197288395081e-03
1.670000000000069207e+01 -9.643519051819559847e-04
1.680000000000069349e+01 -7.777892887381847049e-04
1.690000000000069491e+01 -6.179966271502341938e-04
1.700000000000069633e+01 -4.807137306045070318e-04
1.710000000000069775e+01 -3.624167853897130708e-04
1.720000000000069917e+01 -2.601889704316272104e-04
1.730000000000070060e+01 -1.716112375262332003e-04
1.740000000000070202e+01 -9.467189823163250819e-05
1.750000000000070344e+01 -2.769261942994117966e-05
1.760000000000070486e+01 3.073177591426889900e-05
1.770000000000070628e+01 8.178213541136174051e-05
1.780000000000070770e+01 1.264545506123947009e-04
1.790000000000070912e+01 1.655924544981966426e-04
1.800000000000071054e+01 1.999127010047478269e-04
1.810000000000071196e+01 2.300268067088612070e-04
1.820000000000071338e+01 2.564583025480982720e-04
1.830000000000071481e+01 2.796569536591720652e-04
1.840000000000071623e+01 3.000104525211633047e-04
1.850000000000071765e+01 3.178540683868578184e-04
1.860000000000071907e+01 3.334786388086546905e-04
1.870000000000072049e+01 3.471372119643060454e-04
1.880000000000072191e+01 3.590505873392345121e-04
1.890000000000072333e+01 3.694119538273600220e-04
1.900000000000072475e+01 3.783907857752830443e-04
1.910000000000072617e+01 3.861361268267756212e-04
1.920000000000072760e+01 3.927793669577138371e-04
1.930000000000072902e+01 3.984365985113777790e-04
1.940000000000073044e+01 4.032106213424319703e-04
1.950000000000073186e+01 4.071926545351907639e-04
1.960000000000073328e+01 4.104638019582742192e-04
1.970000000000073470e+01 4.130963106546638348e-04
1.980000000000073612e+01 4.151546543494014216e-04
1.990000000000073754e+01 4.166964688858715185e-04
2.000000000000073896e+01 4.177733619246838800e-04
2.010000000000074039e+01 4.184316155681247723e-04
2.020000000000074181e+01 4.187127975522285904e-04
2.030000000000074323e+01 4.186542941541463738e-04
2.040000000000074465e+01 4.182897758983253724e-04
2.050000000000074607e+01 4.176496054301841480e-04
2.060000000000074749e+01 4.167611954983896968e-04
2.070000000000074891e+01 4.156493237941391019e-04
2.080000000000075033e+01 4.143364103974632581e-04
2.090000000000075175e+01 4.128427627415721750e-04
2.100000000000075318e+01 4.111867923003173302e-04
2.110000000000075460e+01 4.093852066078887408e-04
2.120000000000075602e+01 4.074531797148299894e-04
2.130000000000075744e+01 4.054045037572850691e-04
2.140000000000075886e+01 4.032517239515796522e-04
2.150000000000076028e+01 4.010062590165139958e-04
2.160000000000076170e+01 3.986785087607763126e-04
2.170000000000076312e+01 3.962779503451984244e-04
2.180000000000076454e+01 3.938132245359500733e-04
2.190000000000076597e+01 3.912922130961752612e-04
2.200000000000076739e+01 3.887221083199884322e-04
2.210000000000076881e+01 3.861094755882100212e-04
2.220000000000077023e+01 3.834603097166186894e-04
2.230000000000077165e+01 3.807800857753651600e-04
2.240000000000077307e+01 3.780738049757911400e-04
2.250000000000077449e+01 3.753460361511493830e-04
2.260000000000077591e+01 3.726009532962575835e-04
2.270000000000077733e+01 3.698423695765626048e-04
2.280000000000077875e+01 3.670737681715210087e-04
2.290000000000078018e+01 3.642983302747251450e-04
2.300000000000078160e+01 3.615189605380112890e-04
2.310000000000078302e+01 3.587383102151057664e-04
2.320000000000078444e+01 3.559587982315980852e-04
2.330000000000078586e+01 3.531826303848497424e-04
2.340000000000078728e+01 3.504118168543707279e-04
2.350000000000078870e+01 3.476481881849162610e-04
2.360000000000079012e+01 3.448934098875943311e-04
2.370000000000079154e+01 3.421489957883626473e-04
2.380000000000079297e+01 3.394163202413354478e-04
2.390000000000079439e+01 3.366966293110932435e-04
2.400000000000079581e+01 3.339910510185182483e-04
2.410000000000079723e+01 3.313006047352849899e-04
2.420000000000079865e+01 3.286262098028950489e-04
2.430000000000080007e+01 3.259686934460207593e-04
2.440000000000080149e+01 3.233287980418884369e-04
2.450000000000080291e+01 3.207071878023089596e-04
2.460000000000080433e+01 3.181044549195928702e-04
2.470000000000080576e+01 3.155211252219479131e-04
2.480000000000080718e+01 3.129576633809514545e-04
2.490000000000080860e+01 3.104144777085054703e-04
2.500000000000081002e+01 3.078919245780244087e-04
2.510000000000081144e+01 3.053903125014535897e-04
2.520000000000081286e+01 3.029099058900785774e-04
2.530000000000081428e+01 3.004509285257965729e-04
2.540000000000081570e+01 2.980135667659508159e-04
2.550000000000081712e+01 2.955979725035477799e-04
2.560000000000081855e+01 2.932042659027756350e-04
2.570000000000081997e+01 2.908325379272635883e-04
2.580000000000082139e+01 2.884828526781864203e-04
2.590000000000082281e+01 2.861552495567016522e-04
2.600000000000082423e+01 2.838497452647089129e-04
2.610000000000082565e+01 2.815663356567193998e-04
2.620000000000082707e+01 2.793049974540079742e-04
2.630000000000082849e+01 2.770656898318350509e-04
2.640000000000082991e+01 2.748483558896596562e-04
2.650000000000083134e+01 2.726529240127583613e-04
2.660000000000083276e+01 2.704793091340612957e-04
2.670000000000083418e+01 2.683274139032354238e-04
2.680000000000083560e+01 2.661971297701555311e-04
2.690000000000083702e+01 2.640883379893362221e-04
2.700000000000083844e+01 2.620009105507141185e-04
2.710000000000083986e+01 2.599347110427761669e-04
2.720000000000084128e+01 2.578895954525443923e-04
2.730000000000084270e+01 2.558654129072139853e-04
2.740000000000084412e+01 2.538620063618767810e-04
2.750000000000084555e+01 2.518792132367883531e-04
2.760000000000084697e+01 2.499168660083562099e-04
2.770000000000084839e+01 2.479747927567351839e-04
2.780000000000084981e+01 2.460528176733149295e-04
2.790000000000085123e+01 2.441507615311331821e-04
2.800000000000085265e+01 2.422684421204257109e-04
2.810000000000085407e+01 2.404056746522914025e-04
2.820000000000085549e+01 2.385622721323067035e-04
2.830000000000085691e+01 2.367380457063736994e-04
2.840000000000085834e+01 2.349328049809140185e-04
2.850000000000085976e+01 2.331463583188031973e-04
2.860000000000086118e+01 2.313785131132203626e-04
2.870000000000086260e+01 2.296290760405573345e-04
2.880000000000086402e+01 2.278978532940007960e-04
2.890000000000086544e+01 2.261846507992858689e-04
2.900000000000086686e+01 2.244892744134710570e-04
2.910000000000086828e+01 2.228115301083682855e-04
2.920000000000086970e+01 2.211512241393109228e-04
2.930000000000087113e+01 2.195081632004208826e-04
2.940000000000087255e+01 2.178821545674550794e-04
2.950000000000087397e+01 2.162730062287212683e-04
2.960000000000087539e+01 2.146805270053188039e-04
2.970000000000087681e+01 2.131045266610830558e-04
2.980000000000087823e+01 2.115448160030835776e-04
2.990000000000087965e+01 2.100012069734665204e-04
3.000000000000088107e+01 2.084735127328931790e-04
3.010000000000088249e+01 2.069615477365643018e-04
3.020000000000088392e+01 2.054651278030034220e-04
3.030000000000088534e+01 2.039840701762357439e-04
3.040000000000088676e+01 2.025181935819504926e-04
3.050000000000088818e+01 2.010673182777384250e-04
3.060000000000088960e+01 1.996312660982052381e-04
3.070000000000089102e+01 1.982098604949975214e-04
3.080000000000089244e+01 1.968029265722245089e-04
3.090000000000089386e+01 1.954102911177250609e-04
3.100000000000089528e+01 1.940317826301614151e-04
3.110000000000089670e+01 1.926672313426047852e-04
3.120000000000089813e+01 1.913164692425578647e-04
3.130000000000089955e+01 1.899793300887896944e-04
3.140000000000090097e+01 1.886556494253316288e-04
3.150000000000090239e+01 1.873452645925449797e-04
3.160000000000090381e+01 1.860480147358234198e-04
3.170000000000090523e+01 1.847637408118165195e-04
3.180000000000090665e+01 1.834922855924704058e-04
3.190000000000090807e+01 1.822334936671638579e-04
