-3.200000000000000000e+01 1.552089557686100534e+02 -3.758982511817648309e+00
-3.189999999999999858e+01 1.547077145444038706e+02 -3.760131127861717104e+00
-3.179999999999999716e+01 1.542063197773434240e+02 -3.761292976821570377e+00
-3.169999999999999574e+01 1.537047696987497716e+02 -3.762468254561008862e+00
-3.159999999999999432e+01 1.532030625138024220e+02 -3.763657160470357699e+00
-3.149999999999999289e+01 1.527011964010181657e+02 -3.764859897540444145e+00
-3.139999999999999147e+01 1.521991695118151995e+02 -3.766076672438127826e+00
-3.129999999999999005e+01 1.516969799700026442e+02 -3.767307695583666405e+00
-3.119999999999998863e+01 1.511946258712601434e+02 -3.768553181229933102e+00
-3.109999999999998721e+01 1.506921052826714629e+02 -3.769813347543342630e+00
-3.099999999999998579e+01 1.501894162421504291e+02 -3.771088416686849687e+00
-3.089999999999998437e+01 1.496865567579520189e+02 -3.772378614904702054e+00
-3.079999999999998295e+01 1.491835248081089560e+02 -3.773684172609328868e+00
-3.069999999999998153e+01 1.486803183398550914e+02 -3.775005324470201540e+00
-3.059999999999998010e+01 1.481769352691023300e+02 -3.776342309504711725e+00
-3.049999999999997868e+01 1.476733734798083333e+02 -3.777695371171318151e+00
-3.039999999999997726e+01 1.471696308234297135e+02 -3.779064757464742463e+00
-3.029999999999997584e+01 1.466657051182961595e+02 -3.780450721013462356e+00
-3.019999999999997442e+01 1.461615941489720285e+02 -3.781853519179474876e+00
-3.009999999999997300e+01 1.456572956656702615e+02 -3.783273414160368109e+00
-2.999999999999997158e+01 1.451528073835551709e+02 -3.784710673093856670e+00
-2.989999999999997016e+01 1.446481269821273656e+02 -3.786165568164636674e+00
-2.979999999999996874e+01 1.441432521045311432e+02 -3.787638376713826194e+00
-2.969999999999996732e+01 1.436381803568461919e+02 -3.789129381350989867e+00
-2.959999999999996589e+01 1.431329093074297134e+02 -3.790638870068636646e+00
-2.949999999999996447e+01 1.426274364861451431e+02 -3.792167136359535284e+00
-2.939999999999996305e+01 1.421217593836740889e+02 -3.793714479336646850e+00
-2.929999999999996163e+01 1.416158754507458184e+02 -3.795281203855874530e+00
-2.919999999999996021e+01 1.411097820973506600e+02 -3.796867620641705798e+00
-2.909999999999995879e+01 1.406034766920025163e+02 -3.798474046415620364e+00
-2.899999999999995737e+01 1.400969565608854737e+02 -3.800100804027642720e+00
-2.889999999999995595e+01 1.395902189870807319e+02 -3.801748222590699999e+00
-2.879999999999995453e+01 1.390832612097111394e+02 -3.803416637618220353e+00
-2.869999999999995310e+01 1.385760804230663155e+02 -3.805106391164831514e+00
-2.859999999999995168e+01 1.380686737757752667e+02 -3.806817831970166210e+00
-2.849999999999995026e+01 1.375610383698606256e+02 -3.808551315606043541e+00
-2.839999999999994884e+01 1.370531712598718457e+02 -3.810307204626842914e+00
-2.829999999999994742e+01 1.365450694519330170e+02 -3.812085868723304571e+00
-2.819999999999994600e+01 1.360367299027704462e+02 -3.813887684879823325e+00
-2.809999999999994458e+01 1.355281495187827261e+02 -3.815713037534985030e+00
-2.799999999999994316e+01 1.350193251549934246e+02 -3.817562318745935546e+00
-2.789999999999994174e+01 1.345102536140787208e+02 -3.819435928356027521e+00
-2.779999999999994031e+01 1.340009316453069346e+02 -3.821334274166290790e+00
-2.769999999999993889e+01 1.334913559434561421e+02 -3.823257772110555841e+00
-2.759999999999993747e+01 1.329815231477720658e+02 -3.825206846434093144e+00
-2.749999999999993605e+01 1.324714298408056834e+02 -3.827181929876304789e+00
-2.739999999999993463e+01 1.319610725473227433e+02 -3.829183463856879577e+00
-2.729999999999993321e+01 1.314504477331243777e+02 -3.831211898665967119e+00
-2.719999999999993179e+01 1.309395518038407715e+02 -3.833267693658146680e+00
-2.709999999999993037e+01 1.304283811037649059e+02 -3.835351317450094388e+00
-2.699999999999992895e+01 1.299169319145616726e+02 -3.837463248122337411e+00
-2.689999999999992752e+01 1.294052004540472751e+02 -3.839603973424615901e+00
-2.679999999999992610e+01 1.288931828748766861e+02 -3.841773990985258180e+00
-2.669999999999992468e+01 1.283808752632010339e+02 -3.843973808524368874e+00
-2.659999999999992326e+01 1.278682736373636857e+02 -3.846203944070649694e+00
-2.649999999999992184e+01 1.273553739464675090e+02 -3.848464926182235679e+00
-2.639999999999992042e+01 1.268421720690106582e+02 -3.850757294170940259e+00
-2.629999999999991900e+01 1.263286638114272336e+02 -3.853081598330332369e+00
-2.619999999999991758e+01 1.258148449065956243e+02 -3.855438400167304991e+00
-2.609999999999991616e+01 1.253007110123831751e+02 -3.857828272636942835e+00
-2.599999999999991473e+01 1.247862577100578392e+02 -3.860251800380899212e+00
-2.589999999999991331e+01 1.242714805027681280e+02 -3.862709579968666596e+00
-2.579999999999991189e+01 1.237563748139232302e+02 -3.865202220141986444e+00
-2.569999999999991047e+01 1.232409359855404603e+02 -3.867730342062021709e+00
-2.559999999999990905e+01 1.227251592766239270e+02 -3.870294579558815062e+00
-2.549999999999990763e+01 1.222090398614109290e+02 -3.872895579383311748e+00
-2.539999999999990621e+01 1.216925728276825112e+02 -3.875534001460977152e+00
-2.529999999999990479e+01 1.211757531749722432e+02 -3.878210519147161417e+00
-2.519999999999990337e+01 1.206585758127420007e+02 -3.880925819483703965e+00
-2.509999999999990195e+01 1.201410355585780536e+02 -3.883680603455895941e+00
-2.499999999999990052e+01 1.196231271362959205e+02 -3.886475586249967584e+00
-2.489999999999989910e+01 1.191048451740061864e+02 -3.889311497510066662e+00
-2.479999999999989768e+01 1.185861842022121948e+02 -3.892189081594028099e+00
-2.469999999999989626e+01 1.180671386517716854e+02 -3.895109097827644362e+00
-2.459999999999989484e+01 1.175477028519229492e+02 -3.898072320756078568e+00
-2.449999999999989342e+01 1.170278710282065617e+02 -3.901079540391894529e+00
-2.439999999999989200e+01 1.165076373003543893e+02 -3.904131562458678761e+00
-2.429999999999989058e+01 1.159869956802076558e+02 -3.907229208628706374e+00
-2.419999999999988916e+01 1.154659400695016984e+02 -3.910373316754098827e+00
-2.409999999999988773e+01 1.149444642577153530e+02 -3.913564741089261112e+00
-2.399999999999988631e+01 1.144225619198223569e+02 -3.916804352503802988e+00
-2.389999999999988489e+01 1.139002266140082043e+02 -3.920093038683807318e+00
-2.379999999999988347e+01 1.133774517794241348e+02 -3.923431704319362723e+00
-2.369999999999988205e+01 1.128542307338102262e+02 -3.926821271276908831e+00
-2.359999999999988063e+01 1.123305566711906920e+02 -3.930262678753156713e+00
-2.349999999999987921e+01 1.118064226594763113e+02 -3.933756883408752625e+00
-2.339999999999987779e+01 1.112818216380423024e+02 -3.937304859478450769e+00
-2.329999999999987637e+01 1.107567464153514294e+02 -3.940907598854295202e+00
-2.319999999999987494e+01 1.102311896664578370e+02 -3.944566111139068632e+00
-2.309999999999987352e+01 1.097051439305956535e+02 -3.948281423665024548e+00
-2.299999999999987210e+01 1.091786016086887514e+02 -3.952054581474506278e+00
-2.289999999999987068e+01 1.086515549608524651e+02 -3.955886647257086608e+00
-2.279999999999986926e+01 1.081239961039595414e+02 -3.959778701237738119e+00
-2.269999999999986784e+01 1.075959170091069552e+02 -3.963731841010766477e+00
-2.259999999999986642e+01 1.070673094991924899e+02 -3.967747181312013982e+00
-2.249999999999986500e+01 1.065381652464376145e+02 -3.971825853722811939e+00
-2.239999999999986358e+01 1.060084757699342930e+02 -3.975969006297312536e+00
-2.229999999999986215e+01 1.054782324332875021e+02 -3.980177803103748246e+00
-2.219999999999986073e+01 1.049474264421987328e+02 -3.984453423670658356e+00
-2.209999999999985931e+01 1.044160488421990181e+02 -3.988797062325780463e+00
-2.199999999999985789e+01 1.038840905163782509e+02 -3.993209927416343508e+00
-2.189999999999985647e+01 1.033515421831876893e+02 -3.997693240396626546e+00
-2.179999999999985505e+01 1.028183943944006273e+02 -4.002248234767205481e+00
-2.169999999999985363e+01 1.022846375330765198e+02 -4.006876154849955185e+00
-2.159999999999985221e+01 1.017502618117494819e+02 -4.011578254378777686e+00
-2.149999999999985079e+01 1.012152572706926037e+02 -4.016355794886012021e+00
-2.139999999999984936e+01 1.006796137763476082e+02 -4.021210043860847350e+00
-2.129999999999984794e+01 1.001433210200113422e+02 -4.026142272653170373e+00
-2.119999999999984652e+01 9.960636851663825553e+01 -4.031153754094750852e+00
-2.109999999999984510e+01 9.906874560399111829e+01 -4.036245759804065081e+00
-2.099999999999984368e+01 9.853044144200580945e+01 -4.041419557139419361e+00
-2.089999999999984226e+01 9.799144501247430128e+01 -4.046676405759358275e+00
-2.079999999999984084e+01 9.745174511915404025e+01 -4.052017553744262202e+00
-2.069999999999983942e+01 9.691133038818438195e+01 -4.057444233229450248e+00
-2.059999999999983800e+01 9.637018926905953720e+01 -4.062957655491018727e+00
-2.049999999999983658e+01 9.582831003604999864e+01 -4.068559005421477082e+00
-2.039999999999983515e+01 9.528568079020145376e+01 -4.074249435322491841e+00
-2.029999999999983373e+01 9.474228946204986812e+01 -4.080030057933070609e+00
-2.019999999999983231e+01 9.419812381496213050e+01 -4.085901938602959582e+00
-2.009999999999983089e+01 9.365317144939160698e+01 -4.091866086506687594e+00
-1.999999999999982947e+01 9.310741980797946837e+01 -4.097923444783252656e+00
-1.989999999999982805e+01 9.256085618167325890e+01 -4.104074879469298054e+00
-1.979999999999982663e+01 9.201346771705394190e+01 -4.110321167076683047e+00
-1.969999999999982521e+01 9.146524142483630726e+01 -4.116662980647213033e+00
-1.959999999999982379e+01 9.091616418989306680e+01 -4.123100874091692347e+00
-1.949999999999982236e+01 9.036622278280287901e+01 -4.129635264597695254e+00
-1.939999999999982094e+01 8.981540387317394902e+01 -4.136266412858491393e+00
-1.929999999999981952e+01 8.926369404501977556e+01 -4.142994400841192970e+00
-1.919999999999981810e+01 8.871107981424772504e+01 -4.149819106774785382e+00
-1.909999999999981668e+01 8.815754764872450266e+01 -4.156740176989428548e+00
-1.899999999999981526e+01 8.760308399103655574e+01 -4.163756994189103722e+00
-1.889999999999981384e+01 8.704767528433598045e+01 -4.170868641675721911e+00
-1.879999999999981242e+01 8.649130800170244981e+01 -4.178073862971960040e+00
-1.869999999999981100e+01 8.593396867925241622e+01 -4.185371016208865314e+00
-1.859999999999980957e+01 8.537564395365437520e+01 -4.192758022544206042e+00
-1.849999999999980815e+01 8.481632060438136023e+01 -4.200232307767779893e+00
-1.839999999999980673e+01 8.425598560133616388e+01 -4.207790736115214258e+00
-1.829999999999980531e+01 8.369462615854919818e+01 -4.215429535156106411e+00
-1.819999999999980389e+01 8.313222979448244132e+01 -4.223144210441567736e+00
-1.809999999999980247e+01 8.256878439993796803e+01 -4.230929448376897994e+00
-1.799999999999980105e+01 8.200427831427815306e+01 -4.238779005533415578e+00
-1.789999999999979963e+01 8.143870041101388324e+01 -4.246685582308936446e+00
-1.779999999999979821e+01 8.087204019392603982e+01 -4.254640678486858896e+00
-1.769999999999979678e+01 8.030428790476823053e+01 -4.262634427818690952e+00
-1.759999999999979536e+01 7.973543464411758919e+01 -4.270655408239662165e+00
-1.749999999999979394e+01 7.916547250669862024e+01 -4.278690423719120339e+00
-1.739999999999979252e+01 7.859439473290932199e+01 -4.286724253010072871e+00
-1.729999999999979110e+01 7.802219587843558202e+01 -4.294739359676846391e+00
-1.719999999999978968e+01 7.744887200376243186e+01 -4.302715556713615719e+00
-1.709999999999978826e+01 7.687442088593435585e+01 -4.310629617767066435e+00
-1.699999999999978684e+01 7.629884225467870351e+01 -4.318454825406909059e+00
-1.689999999999978542e+01 7.572213805536577524e+01 -4.326160444966610896e+00
-1.679999999999978400e+01 7.514431274134241789e+01 -4.333711110131280186e+00
-1.669999999999978257e+01 7.456537359790701203e+01 -4.341066103574320323e+00
-1.659999999999978115e+01 7.398533110041586269e+01 -4.348178512399792695e+00
-1.649999999999977973e+01 7.340419930825784434e+01 -4.354994233779905244e+00
-1.639999999999977831e+01 7.282199629599830359e+01 -4.361450800760596991e+00
-1.629999999999977689e+01 7.223874462185547429e+01 -4.367475991483050990e+00
-1.619999999999977547e+01 7.165447183161110445e+01 -4.372986176689755311e+00
-1.609999999999977405e+01 7.106921099365536065e+01 -4.377884349906679518e+00
-1.599999999999977263e+01 7.048300125626150248e+01 -4.382057771570868177e+00
-1.589999999999977121e+01 6.989588841215628179e+01 -4.385375141883271155e+00
-1.579999999999976978e+01 6.930792544618843465e+01 -4.387683196415003373e+00
-1.569999999999976836e+01 6.871917302804706651e+01 -4.388802592339128950e+00
-1.559999999999976694e+01 6.812969989248503566e+01 -4.388522920168730579e+00
-1.549999999999976552e+01 6.753958302005106873e+01 -4.386596634296995312e+00
-1.539999999999976410e+01 6.694890748916994028e+01 -4.382731643323117154e+00
-1.529999999999976268e+01 6.635776580841863392e+01 -4.376582235637052065e+00
-1.519999999999976126e+01 6.576625644688921568e+01 -4.367737934335973904e+00
-1.509999999999975984e+01 6.517448114792230740e+01 -4.355709775728666244e+00
-1.499999999999975842e+01 6.458254041565830050e+01 -4.339913385907901322e+00
-1.489999999999975699e+01 6.399052627630157275e+01 -4.319648091349979069e+00
-1.479999999999975557e+01 6.339851099146829938e+01 -4.294071149656652153e+00
-1.469999999999975415e+01 6.280652977404611903e+01 -4.262166045711595963e+00
-1.459999999999975273e+01 6.221455463304739908e+01 -4.222703712613598448e+00
-1.449999999999975131e+01 6.162245511486945304e+01 -4.174195600769820658e+00
-1.439999999999974989e+01 6.102993972683558610e+01 -4.114837919847614600e+00
-1.429999999999974847e+01 6.043646898007160928e+01 -4.042447474065786750e+00
-1.419999999999974705e+01 5.984112699993734452e+01 -3.954391964342351518e+00
-1.409999999999974563e+01 5.924243333093139086e+01 -3.847522636928429218e+00
-1.399999999999974420e+01 5.863807010421108146e+01 -3.718126797622432367e+00
-1.389999999999974278e+01 5.802449349613013396e+01 -3.561935407708265444e+00
-1.379999999999974136e+01 5.739639661711986207e+01 -3.374251838273790938e+00
-1.369999999999973994e+01 5.674600419178143795e+01 -3.150318006459854381e+00
-1.359999999999973852e+01 5.606223038004089432e+01 -2.886106485094609653e+00
-1.349999999999973710e+01 5.532986157764997159e+01 -2.579807933139522280e+00
-1.339999999999973568e+01 5.452919395928225299e+01 -2.234309315961090281e+00
-1.329999999999973426e+01 5.363698909987681418e+01 -1.860763790048982180e+00
-1.319999999999973284e+01 5.263005575939959613e+01 -1.482643556192359657e+00
-1.309999999999973141e+01 5.149261160319345976e+01 -1.138218944768617957e+00
-1.299999999999972999e+01 5.022672205063393136e+01 -8.777892376472107294e-01
-1.289999999999972857e+01 4.886115997053556015e+01 -7.524432845541084713e-01
-1.279999999999972715e+01 4.745089279755162437e+01 -7.962771975128009050e-01
-1.269999999999972573e+01 4.606292241774312402e+01 -1.011635487843869363e+00
-1.259999999999972431e+01 4.475477306873990813e+01 -1.368068006294888228e+00
-1.249999999999972289e+01 4.355880595488680740e+01 -1.815826231369380928e+00
-1.239999999999972147e+01 4.248003018855214208e+01 -2.303923882186572403e+00
-1.229999999999972005e+01 4.150421701341981873e+01 -2.792479701062334563e+00
-1.219999999999971863e+01 4.060849147015375138e+01 -3.256441945273250038e+00
-1.209999999999971720e+01 3.976918919543122399e+01 -3.683550324406331899e+00
-1.199999999999971578e+01 3.896587150113008136e+01 -4.070332887559197310e+00
-1.189999999999971436e+01 3.818253514829401496e+01 -4.418419376150455768e+00
-1.179999999999971294e+01 3.740735812167005747e+01 -4.731922778958263187e+00
-1.169999999999971152e+01 3.663190774713932285e+01 -5.015842846024714419e+00
-1.159999999999971010e+01 3.585028735994728777e+01 -5.275203613340085695e+00
-1.149999999999970868e+01 3.505840857869485916e+01 -5.514647044461825409e+00
-1.139999999999970726e+01 3.425343160186414337e+01 -5.738283761751087120e+00
-1.129999999999970584e+01 3.343335760341576446e+01 -5.949676654663703879e+00
-1.119999999999970441e+01 3.259674087309955581e+01 -6.151886127357521161e+00
-1.109999999999970299e+01 3.174248899722956807e+01 -6.347538727964709082e+00
-1.099999999999970157e+01 3.086972537111673276e+01 -6.538899959387752148e+00
-1.089999999999970015e+01 2.997769487510700870e+01 -6.727942517811725587e+00
-1.079999999999969873e+01 2.906569903504588126e+01 -6.916406667637625461e+00
-1.069999999999969731e+01 2.813305113563738757e+01 -7.105852165448812485e+00
-1.059999999999969589e+01 2.717904473077769012e+01 -7.297702376739990449e+00
-1.049999999999969447e+01 2.620293106858482091e+01 -7.493281703593417831e+00
-1.039999999999969305e+01 2.520390237046526849e+01 -7.693847546552075478e+00
-1.029999999999969162e+01 2.418107887041136195e+01 -7.900617963429053425e+00
-1.019999999999969020e+01 2.313349817343060977e+01 -8.114796066310516309e+00
-1.009999999999968878e+01 2.206010593273814635e+01 -8.337592066258938672e+00
-9.999999999999687361e+00 2.095974714149778251e+01 -8.570243756754562625e+00
-9.899999999999685940e+00 1.983115753305827056e+01 -8.814036131111830485e+00
-9.799999999999684519e+00 1.867295471675755181e+01 -9.070320758414299078e+00
-9.699999999999683098e+00 1.748362876344181416e+01 -9.340535497185289415e+00
-9.599999999999681677e+00 1.626153201260748205e+01 -9.626225104626467299e+00
-9.499999999999680256e+00 1.500486791000401610e+01 -9.929063301157738053e+00
-9.399999999999678835e+00 1.371167870747090944e+01 -1.025087687494946564e+01
-9.299999999999677414e+00 1.237983187242966565e+01 -1.059367245945431790e+01
-9.199999999999675993e+00 1.100700506418041158e+01 -1.095966669085686718e+01
-9.099999999999674571e+00 9.590669544019057469e+00 -1.135132055432352693e+01
-8.999999999999673150e+00 8.128071898059818778e+00 -1.177137886269232503e+01
-8.899999999999671729e+00 6.616213969332683575e+00 -1.222291598503442778e+01
-8.799999999999670308e+00 5.051830926032167213e+00 -1.270938916316279510e+01
-8.699999999999668887e+00 3.431367439404120034e+00 -1.323470103325668745e+01
-8.599999999999667466e+00 1.750952019787952452e+00 -1.380327332074140756e+01
-8.499999999999666045e+00 6.369673959298438604e-03 -1.442013411807726264e+01
-8.399999999999664624e+00 -1.806966780493908686e+00 -1.509102171072201770e+01
-8.299999999999663203e+00 -3.694046148663268525e+00 -1.582250861556321908e+01
-8.199999999999661782e+00 -5.660288063386083479e+00 -1.662215037782549842e+01
-8.099999999999660361e+00 -7.711570423346501002e+00 -1.749866478423392735e+01
-7.999999999999658939e+00 -9.854252703237683875e+00 -1.846214855347386319e+01
-7.899999999999657518e+00 -1.209519157394709410e+01 -1.952434033532361468e+01
-7.799999999999656097e+00 -1.444174351438988424e+01 -2.069894107773551539e+01
-7.699999999999654676e+00 -1.690174653293641782e+01 -2.200200561556741263e+01
-7.599999999999653255e+00 -1.948346936295674681e+01 -2.345242281257603167e+01
-7.499999999999651834e+00 -2.219551099597074639e+01 -2.507250586646969381e+01
-7.399999999999650413e+00 -2.504662533594046181e+01 -2.688871954662059593e+01
-7.299999999999648992e+00 -2.804543386084651146e+01 -2.893257715177002964e+01
-7.199999999999647571e+00 -3.119997163544255159e+01 -3.124174659243567831e+01
-7.099999999999646150e+00 -3.451698612052028636e+01 -3.386141145360372207e+01
-6.999999999999644729e+00 -3.800087001236300921e+01 -3.684593741293190305e+01
-6.899999999999643308e+00 -4.165205312848465979e+01 -4.026089327683179420e+01
-6.799999999999641886e+00 -4.546459619720292267e+01 -4.418546179565894505e+01
-6.699999999999640465e+00 -4.942261090027083981e+01 -4.871523423629843563e+01
-6.599999999999639044e+00 -5.349496355729332464e+01 -5.396528812886319315e+01
-6.499999999999637623e+00 -5.762749449425842130e+01 -6.007325196387655097e+01
-6.399999999999636202e+00 -6.173170510815604928e+01 -6.720168024981531119e+01
-6.299999999999634781e+00 -6.566857632596064320e+01 -7.553835780178151538e+01
-6.199999999999633360e+00 -6.922604087189083089e+01 -8.529191045539208460e+01
-6.099999999999631939e+00 -7.208903760799839233e+01 -9.667804971090205868e+01
-5.999999999999630518e+00 -7.380291465212796709e+01 -1.098887354536649354e+02
-5.899999999999629097e+00 -7.373590061731685807e+01 -1.250329001186514262e+02
-5.799999999999627676e+00 -7.105693683147144668e+01 -1.420353693161953856e+02
-5.699999999999626255e+00 -6.476319291657553379e+01 -1.604865698370331017e+02
-5.599999999999624833e+00 -5.381255783378690438e+01 -1.794617364368688470e+02
-5.499999999999623412e+00 -3.741788015403804479e+01 -1.973867634085555096e+02
-5.399999999999621991e+00 -1.549511313615064978e+01 -2.121034991911914460e+02
-5.299999999999620570e+00 1.090467343160494096e+01 -2.212951743656383314e+02
-5.199999999999619149e+00 3.951467392730747719e+01 -2.232458129755686400e+02
-5.099999999999617728e+00 6.737332835626210681e+01 -2.175640213269443848e+02
-4.999999999999616307e+00 9.176196472312800267e+01 -2.053650964235335721e+02
-4.899999999999614886e+00 1.109915635233813305e+02 -1.887683635992023881e+02
-4.799999999999613465e+00 1.246151558799825807e+02 -1.700904347417335316e+02
-4.699999999999612044e+00 1.331271532143379659e+02 -1.512275690115010605e+02
-4.599999999999610623e+00 1.374892893890446430e+02 -1.334230165364986362e+02
-4.499999999999609201e+00 1.387498353504226998e+02 -1.173234680490522095e+02
-4.399999999999607780e+00 1.378348812293245658e+02 -1.031509011641216205e+02
-4.299999999999606359e+00 1.354758495702478172e+02 -9.087341628247826009e+01
-4.199999999999604938e+00 1.322123133743075414e+02 -8.033116395213134808e+01
-4.099999999999603517e+00 1.284247781438721745e+02 -7.131507919698205455e+01
-3.999999999999602096e+00 1.243729613050869176e+02 -6.361041251072410319e+01
-3.899999999999600675e+00 1.202293948975690228e+02 -5.701789837052380250e+01
-3.799999999999599254e+00 1.161056222720185644e+02 -5.136211114105787345e+01
-3.699999999999597833e+00 1.120713968601066597e+02 -4.649309099340494811e+01
-3.599999999999596412e+00 1.081682650495109783e+02 -4.228477717513318623e+01
-3.499999999999594991e+00 1.044189760880899769e+02 -3.863217176467804848e+01
-3.399999999999593570e+00 1.008339172160331145e+02 -3.544821335739761992e+01
-3.299999999999592148e+00 9.741547757960751142e+01 -3.266081824145905443e+01
-3.199999999999590727e+00 9.416098943911867991e+01 -3.021027137232024273e+01
-3.099999999999589306e+00 9.106469961178035533e+01 -2.804701178384918947e+01
-2.999999999999587885e+00 8.811908270003181087e+01 -2.612979335951501270e+01
-2.899999999999586464e+00 8.531570863393449144e+01 -2.442417650626538261e+01
-2.799999999999585043e+00 8.264580892154862113e+01 -2.290129986743646384e+01
-2.699999999999583622e+00 8.010063955835727256e+01 -2.153688353117492227e+01
-2.599999999999582201e+00 7.767170703876453786e+01 -2.031042098347158031e+01
-2.499999999999580780e+00 7.535090256742093118e+01 -1.920452373124024348e+01
-2.399999999999579359e+00 7.313057510254535032e+01 -1.820438889660248805e+01
-2.299999999999577938e+00 7.100356404840565006e+01 -1.729736569024378667e+01
-2.199999999999576517e+00 6.896320573768278450e+01 -1.647260138801704699e+01
-2.099999999999575095e+00 6.700332329629128481e+01 -1.572075130403511878e+01
-1.999999999999573674e+00 6.511820637679365120e+01 -1.503374037792645623e+01
-1.899999999999572253e+00 6.330258512119598890e+01 -1.440456649387720844e+01
-1.799999999999570832e+00 6.155160126039998403e+01 -1.382713763937233509e+01
-1.699999999999569411e+00 5.986077826065236707e+01 -1.329613659061328512e+01
-1.599999999999567990e+00 5.822599174707148961e+01 -1.280690806427708139e+01
-1.499999999999566569e+00 5.664344097000493150e+01 -1.235536426870753957e+01
-1.399999999999565148e+00 5.510962176444846250e+01 -1.193790557646895500e+01
-1.299999999999563727e+00 5.362130124175070733e+01 -1.155135366820393550e+01
-1.199999999999562306e+00 5.217549431105400970e+01 -1.119289499813912769e+01
-1.099999999999560885e+00 5.076944203661096822e+01 -1.086003283206422942e+01
-9.999999999995594635e-01 4.940059177882672259e+01 -1.055054642962046429e+01
-8.999999999995580424e-01 4.806657903111384655e+01 -1.026245620086405452e+01
-7.999999999995566213e-01 4.676521084580230081e+01 -9.993993875612147804e+00
-6.999999999995552002e-01 4.549445073236929460e+01 -9.743576892599715933e+00
-5.999999999995537792e-01 4.425240490949143890e+01 -9.509786352586262481e+00
-4.999999999995523581e-01 4.303730979456781114e+01 -9.291347991177584476e+00
-3.999999999995509370e-01 4.184752061881184204e+01 -9.087115718328060865e+00
-2.999999999995495159e-01 4.068150106322012505e+01 -8.896057346476634820e+00
-1.999999999995480948e-01 3.953781381728360600e+01 -8.717242190771830934e+00
-9.999999999954667373e-02 3.841511197030901315e+01 -8.549830275797855705e+00
4.547473508864641190e-13 3.731213115266526614e+01 -8.393062925362588800e+00
1.000000000004561684e-01 3.622768235102271461e+01 -8.246254546906442329e+00
2.000000000004575895e-01 3.516064532906237616e+01 -8.108785451420549961e+00
3.000000000004590106e-01 3.410996259072594228e+01 -7.980095574170375627e+00
4.000000000004604317e-01 3.307463382922675521e+01 -7.859678982165320349e+00
5.000000000004618528e-01 3.205371081021774415e+01 -7.747079071693150354e+00
6.000000000004632739e-01 3.104629264188968918e+01 -7.641884373958674814e+00
7.000000000004646949e-01 3.005152138926979433e+01 -7.543724899481088819e+00
8.000000000004661160e-01 2.906857799370869699e+01 -7.452268962700244970e+00
9.000000000004675371e-01 2.809667846144528980e+01 -7.367220437552937540e+00
1.000000000000468958e+00 2.713507028860739467e+01 -7.288316402981162234e+00
1.100000000000470379e+00 2.618302909190123273e+01 -7.215325144478800468e+00
1.200000000000471800e+00 2.523985541676257327e+01 -7.148044484245854591e+00
1.300000000000473221e+00 2.430487169654611534e+01 -7.086300418358094433e+00
1.400000000000474643e+00 2.337741933747388856e+01 -7.029946044750160716e+00
1.500000000000476064e+00 2.245685590585729940e+01 -6.978860770965926719e+00
1.600000000000477485e+00 2.154255239449217640e+01 -6.932949795565692241e+00
1.700000000000478906e+00 2.063389054619559815e+01 -6.892143862052394709e+00
1.800000000000480327e+00 1.973026021292030308e+01 -6.856399289245064921e+00
1.900000000000481748e+00 1.883105672878522086e+01 -6.825698287351242399e+00
2.000000000000483169e+00 1.793567827596987030e+01 -6.800049574772510041e+00
2.100000000000484590e+00 1.704352322174415946e+01 -6.779489317028323470e+00
2.200000000000486011e+00 1.615398740498514130e+01 -6.764082416387545926e+00
2.300000000000487432e+00 1.526646135014656025e+01 -6.753924189055975802e+00
2.400000000000488853e+00 1.438032738586064951e+01 -6.749142476400521673e+00
2.500000000000490274e+00 1.349495664547904994e+01 -6.749900248079120146e+00
2.600000000000491696e+00 1.260970592603071694e+01 -6.756398768518219633e+00
2.700000000000493117e+00 1.172391438243457706e+01 -6.768881414530161678e+00
2.800000000000494538e+00 1.083690003434871585e+01 -6.787638251677660328e+00
2.900000000000495959e+00 9.947956064106374896e+00 -6.813011501178570128e+00
3.000000000000497380e+00 9.056346887501913301e+00 -6.845402058806250523e+00
3.100000000000498801e+00 8.161303983470260093e+00 -6.885277263823246230e+00
3.200000000000500222e+00 7.262021476931248998e+00 -6.933180161272657571e+00
3.300000000000501643e+00 6.357651481455825149e+00 -6.989740557247417385e+00
3.400000000000503064e+00 5.447299227024464230e+00 -7.055688237012651243e+00
3.500000000000504485e+00 4.530018027233575495e+00 -7.131868803737905438e+00
3.600000000000505906e+00 3.604804182190192385e+00 -7.219262705936442259e+00
3.700000000000507328e+00 2.670591976284165447e+00 -7.319008160438807309e+00
3.800000000000508749e+00 1.726249021901772096e+00 -7.432428852487992010e+00
3.900000000000510170e+00 7.705723341979480168e-01 -7.561067514860356553e+00
4.000000000000511591e+00 -1.977142810073888590e-01 -7.706726765364968479e+00
4.100000000000513012e+00 -1.179960657843130978e+00 -7.871518930899297217e+00
4.200000000000514433e+00 -2.177587231401997059e+00 -8.057927022501393921e+00
4.300000000000515854e+00 -3.192076627009329037e+00 -8.268879567055122948e+00
4.400000000000517275e+00 -4.224957075206340562e+00 -8.507842663457537924e+00
4.500000000000518696e+00 -5.277773525043523151e+00 -8.778933422377674489e+00
4.600000000000520117e+00 -6.352040378033787071e+00 -9.087059858192432671e+00
4.700000000000521538e+00 -7.449166886344615435e+00 -9.438093273316548348e+00
4.800000000000522959e+00 -8.570342009417947438e+00 -9.839080062280276096e+00
4.900000000000524381e+00 -9.716359257388941018e+00 -1.029850033895226957e+01
5.000000000000525802e+00 -1.088735284494448230e+01 -1.082658018371148145e+01
5.100000000000527223e+00 -1.208240307413129244e+01 -1.143566130242355783e+01
5.200000000000528644e+00 -1.329894964520566347e+01 -1.214062398439248724e+01
5.300000000000530065e+00 -1.453192481698418526e+01 -1.295934181827587750e+01
5.400000000000531486e+00 -1.577248293537064150e+01 -1.391311136605612298e+01
5.500000000000532907e+00 -1.700616070252857170e+01 -1.502693253747647617e+01
5.600000000000534328e+00 -1.821026404871079052e+01 -1.632939233864672701e+01
5.700000000000535749e+00 -1.935027369096344074e+01 -1.785169174247814183e+01
5.800000000000537170e+00 -2.037516836611812465e+01 -1.962501361439262837e+01
5.900000000000538591e+00 -2.121194284593653734e+01 -2.167494749770035156e+01
6.000000000000540012e+00 -2.176053372239672257e+01 -2.401118063653324697e+01
6.100000000000541434e+00 -2.189223410645173118e+01 -2.661060651016203948e+01
6.200000000000542855e+00 -2.145757989263206156e+01 -2.939357576333588185e+01
6.300000000000544276e+00 -2.031234669404767956e+01 -3.219818213834935250e+01
6.400000000000545697e+00 -1.836827497229765527e+01 -3.476734696710012429e+01
6.500000000000547118e+00 -1.566124308177182201e+01 -3.677317433827770543e+01
6.600000000000548539e+00 -1.240314656460349241e+01 -3.789679982756587862e+01
6.700000000000549960e+00 -8.967138927291701478e+00 -3.794470436212120035e+01
6.800000000000551381e+00 -5.786104896769121098e+00 -3.693509777040794262e+01
6.900000000000552802e+00 -3.214191225780059114e+00 -3.509049225845224385e+01
7.000000000000554223e+00 -1.436126167802550313e+00 -3.274236151171404430e+01
7.100000000000555644e+00 -4.642898537551936045e-01 -3.021688654160879395e+01
7.200000000000557066e+00 -1.956348739148285887e-01 -2.776301533138695987e+01
7.300000000000558487e+00 -4.783279086097973476e-01 -2.553482175745837424e+01
7.400000000000559908e+00 -1.158360523761158944e+00 -2.360720435903240144e+01
7.500000000000561329e+00 -2.101810768332395440e+00 -2.200116504964388753e+01
7.600000000000562750e+00 -3.200420898821631610e+00 -2.070529768114165847e+01
7.700000000000564171e+00 -4.369359480039971544e+00 -1.968944265884778844e+01
7.800000000000565592e+00 -5.543520461764970264e+00 -1.891130257900603340e+01
7.900000000000567013e+00 -6.676118713726355125e+00 -1.831884778742204034e+01
8.000000000000568434e+00 -7.740982755819583616e+00 -1.785242207345738308e+01
8.100000000000569855e+00 -8.736885318489283847e+00 -1.745064574238718791e+01
8.200000000000571276e+00 -9.688832048446510470e+00 -1.706179194195011917e+01
8.300000000000572697e+00 -1.064082051620320790e+01 -1.665666779354178928e+01
8.400000000000574119e+00 -1.164035013976862487e+01 -1.623469633521633426e+01
8.500000000000575540e+00 -1.272271612569814536e+01 -1.581831914274897599e+01
8.600000000000576961e+00 -1.390373736974925833e+01 -1.543981947864682169e+01
8.700000000000578382e+00 -1.518229476489981522e+01 -1.512917262522114115e+01
8.800000000000579803e+00 -1.654769607750165505e+01 -1.490801467846508643e+01
8.900000000000581224e+00 -1.798659812204279973e+01 -1.478928104587410886e+01
9.000000000000582645e+00 -1.948723806186657725e+01 -1.477967378166735735e+01
9.100000000000584066e+00 -2.104114929245095311e+01 -1.488263091643849734e+01
9.200000000000585487e+00 -2.264334050497613404e+01 -1.510074165299655391e+01
9.300000000000586908e+00 -2.429178345100678627e+01 -1.543741910247396376e+01
9.400000000000588329e+00 -2.598669884029640897e+01 -1.589799711367448154e+01
9.500000000000589750e+00 -2.772985041783788063e+01 -1.649048255961506726e+01
9.600000000000591172e+00 -2.952389709804194950e+01 -1.722615429758637262e+01
9.700000000000592593e+00 -3.137177424084242361e+01 -1.812014365558279394e+01
9.800000000000594014e+00 -3.327603658943709064e+01 -1.919208704527529719e+01
9.900000000000595435e+00 -3.523806979947246987e+01 -2.046691160775419860e+01
1.000000000000059686e+01 -3.725704896298655910e+01 -2.197579347441591580e+01
1.010000000000059828e+01 -3.932848117433985635e+01 -2.375730607198144639e+01
1.020000000000059970e+01 -4.144210753743610098e+01 -2.585874053462516287e+01
1.030000000000060112e+01 -4.357885200043119056e+01 -2.833751287168668043e+01
1.040000000000060254e+01 -4.570638762272538713e+01 -3.126244195743580789e+01
1.050000000000060396e+01 -4.777275495215407375e+01 -3.471443675572259480e+01
1.060000000000060538e+01 -4.969735457597789718e+01 -3.878568792420637124e+01
1.070000000000060680e+01 -5.135866720184992573e+01 -4.357570133517869948e+01
1.080000000000060822e+01 -5.257851573418733437e+01 -4.918131743804642042e+01
1.090000000000060965e+01 -5.310416233497011262e+01 -5.567623702272626218e+01
1.100000000000061107e+01 -5.259303516161774184e+01 -6.307404081166577470e+01
1.110000000000061249e+01 -5.061159014909075893e+01 -7.126911666579994176e+01
1.120000000000061391e+01 -4.666958620630941112e+01 -7.995665569320202337e+01
1.130000000000061533e+01 -4.031827173027459565e+01 -8.855245669118829710e+01
1.140000000000061675e+01 -3.132900664529106294e+01 -9.616725309400172250e+01
1.150000000000061817e+01 -1.991487324425857608e+01 -1.017168283386795906e+02
1.160000000000061959e+01 -6.869955412582291032e+00 -1.042120586228853369e+02
1.170000000000062101e+01 6.532235906898836042e+00 -1.031359841228557315e+02
1.180000000000062244e+01 1.890818916252895932e+01 -9.867677760330016667e+01
1.190000000000062386e+01 2.920219486600398895e+01 -9.164001304694211569e+01
1.200000000000062528e+01 3.692774829596056918e+01 -8.310914526743434294e+01
1.210000000000062670e+01 4.212795132142210264e+01 -7.409119668887140620e+01
1.220000000000062812e+01 4.517292071870032544e+01 -6.531929486551706532e+01
1.230000000000062954e+01 4.655063498366855868e+01 -5.722319821594669520e+01
1.240000000000063096e+01 4.673000747942216293e+01 -4.999241881867524029e+01
1.250000000000063238e+01 4.609943918418123587e+01 -4.366073159174430174e+01
1.260000000000063380e+01 4.495422561691262331e+01 -3.817626976485624368e+01
1.270000000000063523e+01 4.350702870216827023e+01 -3.344860741840982143e+01
1.280000000000063665e+01 4.190544358845662032e+01 -2.937634228086371024e+01
1.290000000000063807e+01 4.024909443457714531e+01 -2.586142904040787727e+01
1.300000000000063949e+01 3.860361163669064410e+01 -2.281556034092648133e+01
1.310000000000064091e+01 3.701114306752452876e+01 -2.016219020633293013e+01
1.320000000000064233e+01 3.549790377787934403e+01 -1.783637521956507399e+01
1.330000000000064375e+01 3.407945516786197970e+01 -1.578365386030232287e+01
1.340000000000064517e+01 3.276433752954557121e+01 -1.395860627516080044e+01
1.350000000000064659e+01 3.155654491459047861e+01 -1.232340885464076763e+01
1.360000000000064801e+01 3.045720051264537531e+01 -1.084652101920992351e+01
1.370000000000064944e+01 2.946568559200955661e+01 -9.501550619224810035e+00
1.380000000000065086e+01 2.858039719818343372e+01 -8.266300385109438764e+00
1.390000000000065228e+01 2.779925455786353439e+01 -7.121978718906474271e+00
1.400000000000065370e+01 2.712003584471411344e+01 -6.052551563525279121e+00
1.410000000000065512e+01 2.654060076616437414e+01 -5.044211559699653513e+00
1.420000000000065654e+01 2.605903662861172876e+01 -4.084942781980967830e+00
1.430000000000065796e+01 2.567375347790204643e+01 -3.164162312201673544e+00
1.440000000000065938e+01 2.538354574495660998e+01 -2.272422937040418311e+00
1.450000000000066080e+01 2.518763229259143088e+01 -1.401163990642724677e+00
1.460000000000066223e+01 2.508568300313602251e+01 -5.424996786193435616e-01
1.470000000000066365e+01 2.507783749108419613e+01 3.109638972782203803e-01
1.480000000000066507e+01 2.516471978215780325e+01 1.166290309734712149e+00
1.490000000000066649e+01 2.534745160606350112e+01 2.030359134515420827e+00
1.500000000000066791e+01 2.562766612652216125e+01 2.910002369248188447e+00
1.510000000000066933e+01 2.600752335495742074e+01 3.812135706633688503e+00
1.520000000000067075e+01 2.648972807700777210e+01 4.743889091197090124e+00
1.530000000000067217e+01 2.707755080005186699e+01 5.712740865652275346e+00
1.540000000000067359e+01 2.777485195564536369e+01 6.726659895272164569e+00
1.550000000000067502e+01 2.858610931994423510e+01 7.794260347664824451e+00
1.560000000000067644e+01 2.951644830532661246e+01 8.924974316710379441e+00
1.570000000000067786e+01 3.057167437997308568e+01 1.012924824069999907e+01
1.580000000000067928e+01 3.175830632839470979e+01 1.141877011647780193e+01
1.590000000000068070e+01 3.308360829544095338e+01 1.280673591380454113e+01
1.600000000000068212e+01 3.455561744545197911e+01 1.430816542263725566e+01
1.610000000000068354e+01 3.618316245624431104e+01 1.594028012092396906e+01
1.620000000000068496e+01 3.797586572078975564e+01 1.772295865550724159e+01
1.630000000000068638e+01 3.994411870334639048e+01 1.967928932969268629e+01
1.640000000000068781e+01 4.209901488878502107e+01 2.183624375748249946e+01
1.650000000000068923e+01 4.445221742487078842e+01 2.422550174307224680e+01
1.660000000000069065e+01 4.701572778119398777e+01 2.688446460899680446e+01
1.670000000000069207e+01 4.980150589137414840e+01 2.985750263886002642e+01
1.680000000000069349e+01 5.282086886404273685e+01 3.319749173707061374e+01
1.690000000000069491e+01 5.608356083804597603e+01 3.696770393759175022e+01
1.700000000000069633e+01 5.959633562085413416e+01 4.124412384997627612e+01
1.710000000000069775e+01 6.336081874226545096e+01 4.611826391282558291e+01
1.720000000000069917e+01 6.737030573729533955e+01 5.170053620470449118e+01
1.730000000000070060e+01 7.160499450364548579e+01 5.812418972275202123e+01
1.740000000000070202e+01 7.602492421573384718e+01 6.554970607935467797e+01
1.750000000000070344e+01 8.055958558093287536e+01 7.416930249078234283e+01
1.760000000000070486e+01 8.509277598135543030e+01 8.421071091034842482e+01
1.770000000000070628e+01 8.944084661401736014e+01 9.593850409807673429e+01
1.780000000000070770e+01 9.332220612432071505e+01 1.096496385375887144e+02
1.790000000000070912e+01 9.631628659383994773e+01 1.256571981913286322e+02
1.800000000000071054e+01 9.781223817627707717e+01 1.442522210227383255e+02
1.810000000000071196e+01 9.695355486493988906e+01 1.656282611217022804e+02
1.820000000000071338e+01 9.259808381070557459e+01 1.897494162412430967e+02
1.830000000000071481e+01 8.333671229001828351e+01 2.161475149665448896e+02
1.840000000000071623e+01 6.764503448389532991e+01 2.436639430665125019e+02
1.850000000000071765e+01 4.425512198546754661e+01 2.702257744671687192e+02
1.860000000000071907e+01 1.276781490146385778e+01 2.928562863088517361e+02
1.870000000000072049e+01 -2.568123050896840809e+01 3.081683870822291738e+02
1.880000000000072191e+01 -6.815267773479411062e+01 3.133890571951042148e+02
1.890000000000072333e+01 -1.104680110119393390e+02 3.074839342457756857e+02
1.900000000000072475e+01 -1.484979334170614607e+02 2.916339303225743151e+02
1.910000000000072617e+01 -1.794200587048864008e+02 2.686935549135096721e+02
1.920000000000072760e+01 -2.022207431913065534e+02 2.420496853644449402e+02
1.930000000000072902e+01 -2.173817539434135711e+02 2.146260626451908706e+02
1.940000000000073044e+01 -2.262059277747065948e+02 1.884289200997936575e+02
1.950000000000073186e+01 -2.302186350369125023e+02 1.645609855999853721e+02
1.960000000000073328e+01 -2.308133076707665623e+02 1.434528555433429062e+02
1.970000000000073470e+01 -2.291118526846614714e+02 1.251190961203324008e+02
1.980000000000073612e+01 -2.259520474478408119e+02 1.093561210913032369e+02
1.990000000000073754e+01 -2.219296455932280026e+02 9.586965975214647528e+01
2.000000000000073896e+01 -2.174538892594204356e+02 8.434702858361117705e+01
2.010000000000074039e+01 -2.127982049845052188e+02 7.449336376527099901e+01
2.020000000000074181e+01 -2.081404797878144564e+02 6.604679535839881055e+01
2.030000000000074323e+01 -2.035928856728124856e+02 5.878235198828874530e+01
2.040000000000074465e+01 -1.992231081156426171e+02 5.251038374861498426e+01
2.050000000000074607e+01 -1.950691065888570392e+02 4.707269290279126039e+01
2.060000000000074749e+01 -1.911492320141226742e+02 4.233802100567918814e+01
2.070000000000074891e+01 -1.874690984534858558e+02 3.819767969123149953e+01
2.080000000000075033e+01 -1.840262201871229024e+02 3.456165345584146564e+01
2.090000000000075175e+01 -1.808131236351557050e+02 3.135527032309024165e+01
2.100000000000075318e+01 -1.778194233644603628e+02 2.851642650731395179e+01
2.110000000000075460e+01 -1.750331963729140057e+02 2.599330553133746946e+01
2.120000000000075602e+01 -1.724418818399239228e+02 2.374251868243082697e+01
2.130000000000075744e+01 -1.700328604892130500e+02 2.172759517366865722e+01
2.140000000000075886e+01 -1.677938181165334868e+02 1.991775810206502229e+01
2.150000000000076028e+01 -1.657129642361487640e+02 1.828693188605293329e+01
2.160000000000076170e+01 -1.637791540349254547e+02 1.681293627480320652e+01
2.170000000000076312e+01 -1.619819463789032170e+02 1.547683040580872316e+01
2.180000000000076454e+01 -1.603116201214242835e+02 1.426237749520962694e+01
2.190000000000076597e+01 -1.587591638109028906e+02 1.315560659942867971e+01
2.200000000000076739e+01 -1.573162490163746838e+02 1.214445262853241303e+01
2.210000000000076881e+01 -1.559751941516866225e+02 1.121845959162480000e+01
2.220000000000077023e+01 -1.547289233944235320e+02 1.036853508138951341e+01
2.230000000000077165e+01 -1.535709237321952116e+02 9.586746409084062392e+00
2.240000000000077307e+01 -1.524952020983972147e+02 8.866150706977123264e+00
2.250000000000077449e+01 -1.514962438299198766e+02 8.200652827320929816e+00
2.260000000000077591e+01 -1.505689731833723215e+02 7.584886067128497444e+00
2.270000000000077733e+01 -1.497087163118189608e+02 7.014111702349257627e+00
2.280000000000077875e+01 -1.489111668815525036e+02 6.484134076195480212e+00
2.290000000000078018e+01 -1.481723543619787051e+02 5.991228594033238153e+00
2.300000000000078160e+01 -1.474886149286938064e+02 5.532080464700781519e+00
2.310000000000078302e+01 -1.468565648627113376e+02 5.103732419727151637e+00
2.320000000000078444e+01 -1.462730762961436142e+02 4.703539957561975626e+00
2.330000000000078586e+01 -1.457352551389409712e+02 4.329132915586967556e+00
2.340000000000078728e+01 -1.452404210160595710e+02 3.978382379727039009e+00
2.350000000000078870e+01 -1.447860890466936894e+02 3.649372110370340927e+00
2.360000000000079012e+01 -1.443699533037149649e+02 3.340373801106940821e+00
2.370000000000079154e+01 -1.439898718005324270e+02 3.049825599614826022e+00
2.380000000000079297e+01 -1.436438528632332350e+02 2.776313413002395869e+00
2.390000000000079439e+01 -1.433300427567914994e+02 2.518554596277736479e+00
2.400000000000079581e+01 -1.430467144452691173e+02 2.275383686009207374e+00
2.410000000000079723e+01 -1.427922573765999630e+02 2.045739893726530756e+00
2.420000000000079865e+01 -1.425651681926791525e+02 1.828656117213002030e+00
2.430000000000080007e+01 -1.423640422749764411e+02 1.623249264402979231e+00
2.440000000000080149e+01 -1.421875660446127654e+02 1.428711714970194446e+00
2.450000000000080291e+01 -1.420345099438617922e+02 1.244303770352310767e+00
2.460000000000080433e+01 -1.419037220333238167e+02 1.069346964472515094e+00
2.470000000000080576e+01 -1.417941221456331675e+02 9.032181255143796328e-01
2.480000000000080718e+01 -1.417046965425130338e+02 7.453440945527169958e-01
2.490000000000080860e+01 -1.416344930273879186e+02 5.951970197665918949e-01
2.500000000000081002e+01 -1.415826164705771930e+02 4.522901560814620581e-01
2.510000000000081144e+01 -1.415482247084217988e+02 3.161741095045994543e-01
2.520000000000081286e+01 -1.415305247816223186e+02 1.864334734190089549e-01
2.530000000000081428e+01 -1.415287694814854831e+02 6.268381105936016162e-02
2.540000000000081570e+01 -1.415422541759636204e+02 -5.543105577204276990e-02
2.550000000000081712e+01 -1.415703138901259877e+02 -1.682414865684109806e-01
2.560000000000081855e+01 -1.416123206181813430e+02 -2.760542210121658124e-01
2.570000000000081997e+01 -1.416676808464929991e+02 -3.791543636113358096e-01
2.580000000000082139e+01 -1.417358332689187250e+02 -4.778071774701249108e-01
2.590000000000082281e+01 -1.418162466777176292e+02 -5.722597078126425707e-01
2.600000000000082423e+01 -1.419084180148119003e+02 -6.627422533871274446e-01
2.610000000000082565e+01 -1.420118705696285701e+02 -7.494697017457019328e-01
2.620000000000082707e+01 -1.421261523111146801e+02 -8.326427425560480877e-01
2.630000000000082849e+01 -1.422508343426247279e+02 -9.124489714523481565e-01
2.640000000000082991e+01 -1.423855094694072250e+02 -9.890638955140359512e-01
2.650000000000083134e+01 -1.425297908694766988e+02 -1.062651850241409512e+00
2.660000000000083276e+01 -1.426833108593308452e+02 -1.133366836765099306e+00
2.670000000000083418e+01 -1.428457197469147388e+02 -1.201353287106579515e+00
2.680000000000083560e+01 -1.430166847648054613e+02 -1.266746764436776029e+00
2.690000000000083702e+01 -1.431958890772183963e+02 -1.329674604537465887e+00
2.700000000000083844e+01 -1.433830308551102917e+02 -1.390256504033337892e+00
2.710000000000083986e+01 -1.435778224139770600e+02 -1.448605060348680418e+00
2.720000000000084128e+01 -1.437799894095934121e+02 -1.504826267860547073e+00
2.730000000000084270e+01 -1.439892700872344165e+02 -1.559019974243105455e+00
2.740000000000084412e+01 -1.442054145802936205e+02 -1.611280300594397863e+00
2.750000000000084555e+01 -1.444281842546844814e+02 -1.661696028593640406e+00
2.760000000000084697e+01 -1.446573510955161623e+02 -1.710350957589318543e+00
2.770000000000084839e+01 -1.448926971330218976e+02 -1.757324234259364015e+00
2.780000000000084981e+01 -1.451340139048449203e+02 -1.802690657212458802e+00
2.790000000000085123e+01 -1.453811019520146033e+02 -1.846520958672602353e+00
2.800000000000085265e+01 -1.456337703462994853e+02 -1.888882065199541049e+00
2.810000000000085407e+01 -1.458918362465923906e+02 -1.929837339192028267e+00
2.820000000000085549e+01 -1.461551244823885440e+02 -1.969446802779741823e+00
2.830000000000085691e+01 -1.464234671624281532e+02 -2.007767345547884830e+00
2.840000000000085834e+01 -1.466967033067275850e+02 -2.044852917407401272e+00
2.850000000000085976e+01 -1.469746785004974470e+02 -2.080754707816786730e+00
2.860000000000086118e+01 -1.472572445683449871e+02 -2.115521312434966550e+00
2.870000000000086260e+01 -1.475442592674956472e+02 -2.149198888207246583e+00
2.880000000000086402e+01 -1.478355859987291296e+02 -2.181831297786728463e+00
2.890000000000086544e+01 -1.481310935338163119e+02 -2.213460244115684095e+00
2.900000000000086686e+01 -1.484306557584806399e+02 -2.244125395930228528e+00
2.910000000000086828e+01 -1.487341514297503693e+02 -2.273864504870807046e+00
2.920000000000086970e+01 -1.490414639468800146e+02 -2.302713514838703013e+00
2.930000000000087113e+01 -1.493524811349369372e+02 -2.330706664175307807e+00
2.940000000000087255e+01 -1.496670950401983191e+02 -2.357876581193229626e+00
2.950000000000087397e+01 -1.499852017367389010e+02 -2.384254373553762019e+00
2.960000000000087539e+01 -1.503067011433683433e+02 -2.409869711930756608e+00
2.970000000000087681e+01 -1.506314968503980367e+02 -2.434750908379311962e+00
2.980000000000087823e+01 -1.509594959555898868e+02 -2.458924989785105097e+00
2.990000000000087965e+01 -1.512906089086797579e+02 -2.482417766741085163e+00
3.000000000000088107e+01 -1.516247493640772177e+02 -2.505253898178114724e+00
3.010000000000088249e+01 -1.519618340411126667e+02 -2.527456952039073279e+00
3.020000000000088392e+01 -1.523017825915007677e+02 -2.549049462274898925e+00
3.030000000000088534e+01 -1.526445174735490014e+02 -2.570052982412482034e+00
3.040000000000088676e+01 -1.529899638326698721e+02 -2.590488135925378188e+00
3.050000000000088818e+01 -1.533380493879507185e+02 -2.610374663627520242e+00
3.060000000000088960e+01 -1.536887043242901996e+02 -2.629731468283311280e+00
3.070000000000089102e+01 -1.540418611899005441e+02 -2.648576656623168102e+00
3.080000000000089244e+01 -1.543974547988307222e+02 -2.666927578933237175e+00
3.090000000000089386e+01 -1.547554221381703314e+02 -2.684800866375954165e+00
3.100000000000089528e+01 -1.551157022798056744e+02 -2.702212466192440043e+00
3.110000000000089670e+01 -1.554782362963194089e+02 -2.719177674917779619e+00
3.120000000000089813e+01 -1.558429671809342665e+02 -2.735711169739844628e+00
3.130000000000089955e+01 -1.562098397712327653e+02 -2.751827038117426127e+00
3.140000000000090097e+01 -1.565788006763921203e+02 -2.767538805765350940e+00
3.150000000000090239e+01 -1.569497982078774783e+02 -2.782859463112015597e+00
3.160000000000090381e+01 -1.573227823132539243e+02 -2.797801490319304918e+00
3.170000000000090523e+01 -1.576977045130788895e+02 -2.812376880956659164e+00
3.180000000000090665e+01 -1.580745178406637024e+02 -2.826597164409748508e+00
3.190000000000090807e+01 -1.584531767845021477e+02 -2.840473427098988424e+00
