-3.200000000000000000e+01 2.180695383143194327e-04
-3.189999999999999858e+01 2.199109163334156132e-04
-3.179999999999999716e+01 2.217776943775852578e-04
-3.169999999999999574e+01 2.236703688142977376e-04
-3.159999999999999432e+01 2.255894486250544753e-04
-3.149999999999999289e+01 2.275354557999253189e-04
-3.139999999999999147e+01 2.295089257464440603e-04
-3.129999999999999005e+01 2.315104077139236416e-04
-3.119999999999998863e+01 2.335404652336774188e-04
-3.109999999999998721e+01 2.355996765756470073e-04
-3.099999999999998579e+01 2.376886352226201694e-04
-3.089999999999998437e+01 2.398079503622407567e-04
-3.079999999999998295e+01 2.419582473980725311e-04
-3.069999999999998153e+01 2.441401684803690640e-04
-3.059999999999998010e+01 2.463543730572275857e-04
-3.049999999999997868e+01 2.486015384475403936e-04
-3.039999999999997726e+01 2.508823604361181412e-04
-3.029999999999997584e+01 2.531975538925011824e-04
-3.019999999999997442e+01 2.555478534143344380e-04
-3.009999999999997300e+01 2.579340139962158353e-04
-2.999999999999997158e+01 2.603568117257321480e-04
-2.989999999999997016e+01 2.628170445072872206e-04
-2.979999999999996874e+01 2.653155328155728751e-04
-2.969999999999996732e+01 2.678531204798527908e-04
-2.959999999999996589e+01 2.704306755002797874e-04
-2.949999999999996447e+01 2.730490908983514349e-04
-2.939999999999996305e+01 2.757092856024292516e-04
-2.929999999999996163e+01 2.784122053705999377e-04
-2.919999999999996021e+01 2.811588237524516071e-04
-2.909999999999995879e+01 2.839501430914029745e-04
-2.899999999999995737e+01 2.867871955702036850e-04
-2.889999999999995595e+01 2.896710443009673256e-04
-2.879999999999995453e+01 2.926027844625894931e-04
-2.869999999999995310e+01 2.955835444876619674e-04
-2.859999999999995168e+01 2.986144873010893974e-04
-2.849999999999995026e+01 3.016968116137097849e-04
-2.839999999999994884e+01 3.048317532728829623e-04
-2.829999999999994742e+01 3.080205866736652098e-04
-2.819999999999994600e+01 3.112646262334143612e-04
-2.809999999999994458e+01 3.145652279328118878e-04
-2.799999999999994316e+01 3.179237909275201587e-04
-2.789999999999994174e+01 3.213417592332764531e-04
-2.779999999999994031e+01 3.248206234890753342e-04
-2.769999999999993889e+01 3.283619228022948604e-04
-2.759999999999993747e+01 3.319672466798303319e-04
-2.749999999999993605e+01 3.356382370506962119e-04
-2.739999999999993463e+01 3.393765903840754604e-04
-2.729999999999993321e+01 3.431840599088758332e-04
-2.719999999999993179e+01 3.470624579400560794e-04
-2.709999999999993037e+01 3.510136583172853504e-04
-2.699999999999992895e+01 3.550395989631073839e-04
-2.689999999999992752e+01 3.591422845662496990e-04
-2.679999999999992610e+01 3.633237893980840951e-04
-2.669999999999992468e+01 3.675862602694793496e-04
-2.659999999999992326e+01 3.719319196357179875e-04
-2.649999999999992184e+01 3.763630688590365839e-04
-2.639999999999992042e+01 3.808820916367908508e-04
-2.629999999999991900e+01 3.854914576059830129e-04
-2.619999999999991758e+01 3.901937261341963331e-04
-2.609999999999991616e+01 3.949915503076157470e-04
-2.599999999999991473e+01 3.998876811290616017e-04
-2.589999999999991331e+01 4.048849719374338508e-04
-2.579999999999991189e+01 4.099863830631876572e-04
-2.569999999999991047e+01 4.151949867339110737e-04
-2.559999999999990905e+01 4.205139722450121635e-04
-2.549999999999990763e+01 4.259466514132717032e-04
-2.539999999999990621e+01 4.314964643295984424e-04
-2.529999999999990479e+01 4.371669854311971545e-04
-2.519999999999990337e+01 4.429619299130844318e-04
-2.509999999999990195e+01 4.488851605003313372e-04
-2.499999999999990052e+01 4.549406946054239918e-04
-2.489999999999989910e+01 4.611327118955002883e-04
-2.479999999999989768e+01 4.674655622959456697e-04
-2.469999999999989626e+01 4.739437744608369311e-04
-2.459999999999989484e+01 4.805720647398328718e-04
-2.449999999999989342e+01 4.873553466765937620e-04
-2.439999999999989200e+01 4.942987410744447601e-04
-2.429999999999989058e+01 5.014075866676888675e-04
-2.419999999999988916e+01 5.086874514422488891e-04
-2.409999999999988773e+01 5.161441446491666241e-04
-2.399999999999988631e+01 5.237837295615877875e-04
-2.389999999999988489e+01 5.316125370275878639e-04
-2.379999999999988347e+01 5.396371798753524978e-04
-2.369999999999988205e+01 5.478645682343980233e-04
-2.359999999999988063e+01 5.563019258377080792e-04
-2.349999999999987921e+01 5.649568073791598694e-04
-2.339999999999987779e+01 5.738371170042261878e-04
-2.329999999999987637e+01 5.829511280184338081e-04
-2.319999999999987494e+01 5.923075039081915740e-04
-2.309999999999987352e+01 6.019153207721515296e-04
-2.299999999999987210e+01 6.117840912744793849e-04
-2.289999999999987068e+01 6.219237902382111598e-04
-2.279999999999986926e+01 6.323448820072393416e-04
-2.269999999999986784e+01 6.430583497203148360e-04
-2.259999999999986642e+01 6.540757266481590174e-04
-2.249999999999986500e+01 6.654091297639289299e-04
-2.239999999999986358e+01 6.770712957295701821e-04
-2.229999999999986215e+01 6.890756194974702884e-04
-2.219999999999986073e+01 7.014361957494310391e-04
-2.209999999999985931e+01 7.141678634100464022e-04
-2.199999999999985789e+01 7.272862535005269417e-04
-2.189999999999985647e+01 7.408078406209159857e-04
-2.179999999999985505e+01 7.547499983767486575e-04
-2.169999999999985363e+01 7.691310591020239940e-04
-2.159999999999985221e+01 7.839703782586154466e-04
-2.149999999999985079e+01 7.992884039379787638e-04
-2.139999999999984936e+01 8.151067519301054319e-04
-2.129999999999984794e+01 8.314482868726736590e-04
-2.119999999999984652e+01 8.483372100523756728e-04
-2.109999999999984510e+01 8.657991544828271338e-04
-2.099999999999984368e+01 8.838612879588814576e-04
-2.089999999999984226e+01 9.025524248577915677e-04
-2.079999999999984084e+01 9.219031475420300928e-04
-2.069999999999983942e+01 9.419459383198016539e-04
-2.059999999999983800e+01 9.627153230170911033e-04
-2.049999999999983658e+01 9.842480273450993425e-04
-2.039999999999983515e+01 1.006583147377070747e-03
-2.029999999999983373e+01 1.029762335601606656e-03
-2.019999999999983231e+01 1.053830004200430109e-03
-2.009999999999983089e+01 1.078833547384227967e-03
-1.999999999999982947e+01 1.104823584854614394e-03
-1.989999999999982805e+01 1.131854228706789681e-03
-1.979999999999982663e+01 1.159983376375299481e-03
-1.969999999999982521e+01 1.189273032562751997e-03
-1.959999999999982379e+01 1.219789663453248272e-03
-1.949999999999982236e+01 1.251604586955081238e-03
-1.939999999999982094e+01 1.284794403200407867e-03
-1.929999999999981952e+01 1.319441470092838761e-03
-1.919999999999981810e+01 1.355634429353077489e-03
-1.909999999999981668e+01 1.393468789243126936e-03
-1.899999999999981526e+01 1.433047571028205200e-03
-1.889999999999981384e+01 1.474482027221549717e-03
-1.879999999999981242e+01 1.517892440810526605e-03
-1.869999999999981100e+01 1.563409016015817558e-03
-1.859999999999980957e+01 1.611172872673795982e-03
-1.849999999999980815e+01 1.661337158170503314e-03
-1.839999999999980673e+01 1.714068292966088470e-03
-1.829999999999980531e+01 1.769547368233600950e-03
-1.819999999999980389e+01 1.827971717071601816e-03
-1.809999999999980247e+01 1.889556684157906678e-03
-1.799999999999980105e+01 1.954537622788508813e-03
-1.789999999999979963e+01 2.023172153018166445e-03
-1.779999999999979821e+01 2.095742720293634464e-03
-1.769999999999979678e+01 2.172559500739706332e-03
-1.759999999999979536e+01 2.253963707264943113e-03
-1.749999999999979394e+01 2.340331360297639128e-03
-1.739999999999979252e+01 2.432077598456591511e-03
-1.729999999999979110e+01 2.529661618297860716e-03
-1.719999999999978968e+01 2.633592348990733151e-03
-1.709999999999978826e+01 2.744434987900297614e-03
-1.699999999999978684e+01 2.862818547560700387e-03
-1.689999999999978542e+01 2.989444594250829489e-03
-1.679999999999978400e+01 3.125097394692095271e-03
-1.669999999999978257e+01 3.270655731884817424e-03
-1.659999999999978115e+01 3.427106705638060212e-03
-1.649999999999977973e+01 3.595561900689776824e-03
-1.639999999999977831e+01 3.777276388440240461e-03
-1.629999999999977689e+01 3.973671131446391766e-03
-1.619999999999977547e+01 4.186359488176141612e-03
-1.609999999999977405e+01 4.417178675503861951e-03
-1.599999999999977263e+01 4.668227246811403400e-03
-1.589999999999977121e+01 4.941909894767716055e-03
-1.579999999999976978e+01 5.240991203765213435e-03
-1.569999999999976836e+01 5.568660374982841235e-03
-1.559999999999976694e+01 5.928609448612349141e-03
-1.549999999999976552e+01 6.325128180572819024e-03
-1.539999999999976410e+01 6.763219527751004358e-03
-1.529999999999976268e+01 7.248740696160120914e-03
-1.519999999999976126e+01 7.788575955075579225e-03
-1.509999999999975984e+01 8.390848962436981903e-03
-1.499999999999975842e+01 9.065184220764915465e-03
-1.489999999999975699e+01 9.823029495905629543e-03
-1.479999999999975557e+01 1.067805352036221671e-02
-1.469999999999975415e+01 1.164663585212598156e-02
-1.459999999999975273e+01 1.274846784010930274e-02
-1.449999999999975131e+01 1.400728412642982847e-02
-1.439999999999974989e+01 1.545174070901807889e-02
-1.429999999999974847e+01 1.711644387381534155e-02
-1.419999999999974705e+01 1.904310596749175105e-02
-1.409999999999974563e+01 2.128174378993967150e-02
-1.399999999999974420e+01 2.389171631903262705e-02
-1.389999999999974278e+01 2.694217463621256109e-02
-1.379999999999974136e+01 3.051109578537688355e-02
-1.369999999999973994e+01 3.468139434982202979e-02
-1.359999999999973852e+01 3.953155736357027994e-02
-1.349999999999973710e+01 4.511687664065272552e-02
-1.339999999999973568e+01 5.143621482970175268e-02
-1.329999999999973426e+01 5.838016166893546244e-02
-1.319999999999973284e+01 6.566340435082802796e-02
-1.309999999999973141e+01 7.276246189353328953e-02
-1.299999999999972999e+01 7.890889762931446727e-02
-1.289999999999972857e+01 8.320480242520178482e-02
-1.279999999999972715e+01 8.488291243882063741e-02
-1.269999999999972573e+01 8.361114370712378896e-02
-1.259999999999972431e+01 7.964456200546755904e-02
-1.249999999999972289e+01 7.370763343285570424e-02
-1.239999999999972147e+01 6.669845057779728859e-02
-1.229999999999972005e+01 5.941340018982251003e-02
-1.219999999999971863e+01 5.241113520530433362e-02
-1.209999999999971720e+01 4.600646133151481409e-02
-1.199999999999971578e+01 4.032865124812060054e-02
-1.189999999999971436e+01 3.539016319701287355e-02
-1.179999999999971294e+01 3.114108127701497794e-02
-1.169999999999971152e+01 2.750472013576450714e-02
-1.159999999999971010e+01 2.439805948581195635e-02
-1.149999999999970868e+01 2.174213138881823243e-02
-1.139999999999970726e+01 1.946647893830972739e-02
-1.129999999999970584e+01 1.751041397696958060e-02
-1.119999999999970441e+01 1.582270021158611872e-02
-1.109999999999970299e+01 1.436056395742912016e-02
-1.099999999999970157e+01 1.308850207280478142e-02
-1.089999999999970015e+01 1.197711349451760325e-02
-1.079999999999969873e+01 1.100205061443550007e-02
-1.069999999999969731e+01 1.014312042558375426e-02
-1.059999999999969589e+01 9.383533772490881483e-03
-1.049999999999969447e+01 8.709287659128232481e-03
-1.039999999999969305e+01 8.108661350000639229e-03
-1.029999999999969162e+01 7.571807117336229985e-03
-1.019999999999969020e+01 7.090418433884601232e-03
-1.009999999999968878e+01 6.657460936743500070e-03
-9.999999999999687361e+00 6.266954002888948556e-03
-9.899999999999685940e+00 5.913793034022826745e-03
-9.799999999999684519e+00 5.593604469299223031e-03
-9.699999999999683098e+00 5.302627130213247164e-03
-9.599999999999681677e+00 5.037614788164598845e-03
-9.499999999999680256e+00 4.795755876797618521e-03
-9.399999999999678835e+00 4.574607093326387049e-03
-9.299999999999677414e+00 4.372038286195895074e-03
-9.199999999999675993e+00 4.186186544186562726e-03
-9.099999999999674571e+00 4.015417812863499025e-03
-8.999999999999673150e+00 3.858294690281436137e-03
-8.899999999999671729e+00 3.713549313035707615e-03
-8.799999999999670308e+00 3.580060450410782382e-03
-8.699999999999668887e+00 3.456834089327130103e-03
-8.599999999999667466e+00 3.342986925059803546e-03
-8.499999999999666045e+00 3.237732278937990871e-03
-8.399999999999664624e+00 3.140368049838374032e-03
-8.299999999999663203e+00 3.050266375592527394e-03
-8.199999999999661782e+00 2.966864736550011133e-03
-8.099999999999660361e+00 2.889658279296770417e-03
-7.999999999999658939e+00 2.818193175854610474e-03
-7.899999999999657518e+00 2.752060864242875365e-03
-7.799999999999656097e+00 2.690893041450532867e-03
-7.699999999999654676e+00 2.634357300542074232e-03
-7.599999999999653255e+00 2.582153320772916268e-03
-7.499999999999651834e+00 2.534009533791902434e-03
-7.399999999999650413e+00 2.489680200809767444e-03
-7.299999999999648992e+00 2.448942845498876166e-03
-7.199999999999647571e+00 2.411595995614331314e-03
-7.099999999999646150e+00 2.377457193267277103e-03
-6.999999999999644729e+00 2.346361239605652092e-03
-6.899999999999643308e+00 2.318158644564739974e-03
-6.799999999999641886e+00 2.292714256529188033e-03
-6.699999999999640465e+00 2.269906050263430057e-03
-6.599999999999639044e+00 2.249624054484730511e-03
-6.499999999999637623e+00 2.231769403016985436e-03
-6.399999999999636202e+00 2.216253495653702169e-03
-6.299999999999634781e+00 2.202997256755023867e-03
-6.199999999999633360e+00 2.191930481218298202e-03
-6.099999999999631939e+00 2.182991258872568792e-03
-5.999999999999630518e+00 2.176125469563866197e-03
-5.899999999999629097e+00 2.171286342256592561e-03
-5.799999999999627676e+00 2.168434072409117230e-03
-5.699999999999626255e+00 2.167535492693591602e-03
-5.599999999999624833e+00 2.168563792854576351e-03
-5.499999999999623412e+00 2.171498285141930037e-03
-5.399999999999621991e+00 2.176324212329618611e-03
-5.299999999999620570e+00 2.183032595852367128e-03
-5.199999999999619149e+00 2.191620122067900519e-03
-5.099999999999617728e+00 2.202089065090923926e-03
-4.999999999999616307e+00 2.214447245053272409e-03
-4.899999999999614886e+00 2.228708021036003920e-03
-4.799999999999613465e+00 2.244890318286605225e-03
-4.699999999999612044e+00 2.263018689703182908e-03
-4.599999999999610623e+00 2.283123411924242296e-03
-4.499999999999609201e+00 2.305240616723630131e-03
-4.399999999999607780e+00 2.329412458787129270e-03
-4.299999999999606359e+00 2.355687321321757802e-03
-4.199999999999604938e+00 2.384120061363557887e-03
-4.099999999999603517e+00 2.414772297074659069e-03
-3.999999999999602096e+00 2.447712739783908936e-03
-3.899999999999600675e+00 2.483017574041806400e-03
-3.799999999999599254e+00 2.520770889502177946e-03
-3.699999999999597833e+00 2.561065169075518733e-03
-3.599999999999596412e+00 2.604001838477585859e-03
-3.499999999999594991e+00 2.649691883067394407e-03
-3.399999999999593570e+00 2.698256538753749083e-03
-3.299999999999592148e+00 2.749828064715319643e-03
-3.199999999999590727e+00 2.804550606824105993e-03
-3.099999999999589306e+00 2.862581161931260394e-03
-2.999999999999587885e+00 2.924090654641465451e-03
-2.899999999999586464e+00 2.989265139909353265e-03
-2.799999999999585043e+00 3.058307146708877378e-03
-2.699999999999583622e+00 3.131437180305053809e-03
-2.599999999999582201e+00 3.208895403245585164e-03
-2.499999999999580780e+00 3.290943518214695714e-03
-2.399999999999579359e+00 3.377866879442519010e-03
-2.299999999999577938e+00 3.469976863441702735e-03
-2.199999999999576517e+00 3.567613534700633023e-03
-2.099999999999575095e+00 3.671148647592599717e-03
-1.999999999999573674e+00 3.780989032407670956e-03
-1.899999999999572253e+00 3.897580421291645981e-03
-1.799999999999570832e+00 4.021411779100326697e-03
-1.699999999999569411e+00 4.153020215226167940e-03
-1.599999999999567990e+00 4.292996565494114521e-03
-1.499999999999566569e+00 4.441991748800256344e-03
-1.399999999999565148e+00 4.600724021837805482e-03
-1.299999999999563727e+00 4.769987277513552774e-03
-1.199999999999562306e+00 4.950660559572820328e-03
-1.099999999999560885e+00 5.143718998276739299e-03
-9.999999999995594635e-01 5.350246411118220538e-03
-8.999999999995580424e-01 5.571449860122078615e-03
-7.999999999995566213e-01 5.808676514983139930e-03
-6.999999999995552002e-01 6.063433241964997535e-03
-5.999999999995537792e-01 6.337409424856210553e-03
-4.999999999995523581e-01 6.632503630473953957e-03
-3.999999999995509370e-01 6.950854862213219458e-03
-2.999999999995495159e-01 7.294879306911680739e-03
-1.999999999995480948e-01 7.667313681306721362e-03
-9.999999999954667373e-02 8.071266534254706998e-03
4.547473508864641190e-13 8.510279172890412858e-03
1.000000000004561684e-01 8.988398271605482770e-03
2.000000000004575895e-01 9.510262712660401407e-03
3.000000000004590106e-01 1.008120782387313813e-02
4.000000000004604317e-01 1.070739095524924495e-02
5.000000000004618528e-01 1.139594331558359264e-02
6.000000000004632739e-01 1.215515422487003193e-02
7.000000000004646949e-01 1.299469549272911674e-02
8.000000000004661160e-01 1.392589558340611919e-02
9.000000000004675371e-01 1.496207565953220839e-02
1.000000000000468958e+00 1.611896259438439644e-02
1.100000000000470379e+00 1.741519767308583391e-02
1.200000000000471800e+00 1.887296396783581798e-02
1.300000000000473221e+00 2.051876012282877193e-02
1.400000000000474643e+00 2.238435305057006469e-02
1.500000000000476064e+00 2.450794570323298546e-02
1.600000000000477485e+00 2.693559627013116312e-02
1.700000000000478906e+00 2.972291711374578163e-02
1.800000000000480327e+00 3.293705633897264090e-02
1.900000000000481748e+00 3.665890494290725832e-02
2.000000000000483169e+00 4.098534673727481648e-02
2.100000000000484590e+00 4.603112146460638238e-02
2.200000000000486011e+00 5.192941071687390275e-02
2.300000000000487432e+00 5.882943655490927709e-02
2.400000000000488853e+00 6.688799148899116087e-02
2.500000000000490274e+00 7.624973477650712206e-02
2.600000000000491696e+00 8.700846281676258287e-02
2.700000000000493117e+00 9.913967906361718929e-02
2.800000000000494538e+00 1.123975921382069920e-01
2.900000000000495959e+00 1.261853111028096441e-01
3.000000000000497380e+00 1.394451602288494518e-01
3.100000000000498801e+00 1.506714367784685316e-01
3.200000000000500222e+00 1.581690623978657673e-01
3.300000000000501643e+00 1.605746185589865260e-01
3.400000000000503064e+00 1.574137405825545566e-01
3.500000000000504485e+00 1.493202516567411486e-01
3.600000000000505906e+00 1.377463226367995064e-01
3.700000000000507328e+00 1.243869758743013504e-01
3.800000000000508749e+00 1.106904883077886037e-01
3.900000000000510170e+00 9.764219636154297666e-02
4.000000000000511591e+00 8.577840241002709920e-02
4.100000000000513012e+00 7.530423155446172578e-02
4.200000000000514433e+00 6.622119186778706312e-02
4.300000000000515854e+00 5.842481621305931766e-02
4.400000000000517275e+00 5.176719919248043422e-02
4.500000000000518696e+00 4.609228895467358533e-02
4.600000000000520117e+00 4.125348629994636529e-02
4.700000000000521538e+00 3.712094531645892398e-02
4.800000000000522959e+00 3.358338282950133757e-02
4.900000000000524381e+00 3.054723003288743396e-02
5.000000000000525802e+00 2.793468394569609964e-02
5.100000000000527223e+00 2.568146188647456307e-02
5.200000000000528644e+00 2.373464135982228038e-02
5.300000000000530065e+00 2.205074406937938478e-02
5.400000000000531486e+00 2.059410984682698981e-02
5.500000000000532907e+00 1.933555329644083207e-02
5.600000000000534328e+00 1.825127427108494751e-02
5.700000000000535749e+00 1.732198729863401038e-02
5.800000000000537170e+00 1.653223646989211010e-02
5.900000000000538591e+00 1.586986680935231070e-02
6.000000000000540012e+00 1.532562867100503712e-02
6.100000000000541434e+00 1.489289725764714883e-02
6.200000000000542855e+00 1.456749455333483483e-02
6.300000000000544276e+00 1.434760563843528493e-02
6.400000000000545697e+00 1.423378544545276722e-02
6.500000000000547118e+00 1.422905534675799125e-02
6.600000000000548539e+00 1.433909112037805474e-02
6.700000000000549960e+00 1.457250387618073614e-02
6.800000000000551381e+00 1.494121152705394848e-02
6.900000000000552802e+00 1.546088667592194869e-02
7.000000000000554223e+00 1.615144054569913820e-02
7.100000000000555644e+00 1.703744964564549505e-02
7.200000000000557066e+00 1.814833150516737340e-02
7.300000000000558487e+00 1.951789509205091241e-02
7.400000000000559908e+00 2.118258487875908022e-02
7.500000000000561329e+00 2.317726087397247586e-02
7.600000000000562750e+00 2.552672677875455348e-02
7.700000000000564171e+00 2.823067654143142716e-02
7.800000000000565592e+00 3.124008501683538108e-02
7.900000000000567013e+00 3.442611936514353849e-02
8.000000000000568434e+00 3.755086196983105362e-02
8.100000000000569855e+00 4.026243144650122618e-02
8.200000000000571276e+00 4.214545368576548545e-02
8.300000000000572697e+00 4.283893049609444753e-02
8.400000000000574119e+00 4.217789987162224447e-02
8.500000000000575540e+00 4.026838868331173577e-02
8.600000000000576961e+00 3.743808611800197861e-02
8.700000000000578382e+00 3.410124339779008196e-02
8.800000000000579803e+00 3.062939979713994940e-02
8.900000000000581224e+00 2.728550037779593415e-02
9.000000000000582645e+00 2.421908355321759562e-02
9.100000000000584066e+00 2.149257290392700415e-02
9.200000000000585487e+00 1.911315982535755076e-02
9.300000000000586908e+00 1.705833720076860294e-02
9.400000000000588329e+00 1.529270617265071804e-02
9.500000000000589750e+00 1.377767037957866245e-02
9.600000000000591172e+00 1.247639069951548586e-02
9.700000000000592593e+00 1.135593184614416482e-02
9.800000000000594014e+00 1.038788732753263139e-02
9.900000000000595435e+00 9.548252597165853353e-03
1.000000000000059686e+01 8.816974642429930425e-03
1.010000000000059828e+01 8.177401511701135398e-03
1.020000000000059970e+01 7.615739964427016388e-03
1.030000000000060112e+01 7.120567570972363529e-03
1.040000000000060254e+01 6.682414005941247730e-03
1.050000000000060396e+01 6.293411179774584599e-03
1.060000000000060538e+01 5.947005415234436244e-03
1.070000000000060680e+01 5.637722804732687130e-03
1.080000000000060822e+01 5.360978886491306328e-03
1.090000000000060965e+01 5.112924661020144465e-03
1.100000000000061107e+01 4.890322138479794370e-03
1.110000000000061249e+01 4.690443780115805157e-03
1.120000000000061391e+01 4.510991254605394712e-03
1.130000000000061533e+01 4.350029834404761479e-03
1.140000000000061675e+01 4.205935508218771809e-03
1.150000000000061817e+01 4.077352500018463499e-03
1.160000000000061959e+01 3.963159383854261697e-03
1.170000000000062101e+01 3.862442389126878942e-03
1.180000000000062244e+01 3.774474822577637834e-03
1.190000000000062386e+01 3.698701808352316059e-03
1.200000000000062528e+01 3.634729780978857277e-03
1.210000000000062670e+01 3.582320370542832044e-03
1.220000000000062812e+01 3.541388506138358136e-03
1.230000000000062954e+01 3.512004742897536017e-03
1.240000000000063096e+01 3.494401999300849378e-03
1.250000000000063238e+01 3.488987084726697264e-03
1.260000000000063380e+01 3.496357612153214254e-03
1.270000000000063523e+01 3.517325137969134347e-03
1.280000000000063665e+01 3.552945660362771037e-03
1.290000000000063807e+01 3.604558949273219386e-03
1.300000000000063949e+01 3.673838580369999905e-03
1.310000000000064091e+01 3.762854999939921601e-03
1.320000000000064233e+01 3.874154433930496015e-03
1.330000000000064375e+01 4.010856908391299824e-03
1.340000000000064517e+01 4.176776924621500124e-03
1.350000000000064659e+01 4.376570128436002051e-03
1.360000000000064801e+01 4.615908033959574032e-03
1.370000000000064944e+01 4.901679373527862218e-03
1.380000000000065086e+01 5.242208841195941833e-03
1.390000000000065228e+01 5.647468082058335059e-03
1.400000000000065370e+01 6.129223151895792435e-03
1.410000000000065512e+01 6.701006478829495822e-03
1.420000000000065654e+01 7.377703450175865547e-03
1.430000000000065796e+01 8.174384855643689399e-03
1.440000000000065938e+01 9.103787669880965272e-03
1.450000000000066080e+01 1.017159296392395641e-02
1.460000000000066223e+01 1.136857295771574218e-02
1.470000000000066365e+01 1.265930829641911948e-02
1.480000000000066507e+01 1.396944215833645538e-02
1.490000000000066649e+01 1.517802776202683418e-02
1.500000000000066791e+01 1.612658765398681734e-02
1.510000000000066933e+01 1.665490702549294114e-02
1.520000000000067075e+01 1.665714443836240413e-02
1.530000000000067217e+01 1.612786212578296019e-02
1.540000000000067359e+01 1.516454591469934901e-02
1.550000000000067502e+01 1.392462580397778316e-02
1.560000000000067644e+01 1.256869498881602563e-02
1.570000000000067786e+01 1.122205422518624332e-02
1.580000000000067928e+01 9.963348282810228704e-03
1.590000000000068070e+01 8.831156237019948535e-03
1.600000000000068212e+01 7.836619980083274484e-03
1.610000000000068354e+01 6.975011617601974481e-03
1.620000000000068496e+01 6.233927834964696560e-03
1.630000000000068638e+01 5.598278317576644604e-03
1.640000000000068781e+01 5.052978107321857634e-03
1.650000000000068923e+01 4.584215782809679916e-03
1.660000000000069065e+01 4.179920217052034495e-03
1.670000000000069207e+01 3.829814012028746883e-03
1.680000000000069349e+01 3.525275995885140002e-03
1.690000000000069491e+01 3.259132148520753076e-03
1.700000000000069633e+01 3.025434851664508904e-03
1.710000000000069775e+01 2.819257792808387442e-03
1.720000000000069917e+01 2.636516844819121984e-03
1.730000000000070060e+01 2.473818845530651594e-03
1.740000000000070202e+01 2.328336399386485983e-03
1.750000000000070344e+01 2.197705383676093385e-03
1.760000000000070486e+01 2.079941557815272787e-03
1.770000000000070628e+01 1.973372910495769638e-03
1.780000000000070770e+01 1.876584812949270336e-03
1.790000000000070912e+01 1.788375519440824589e-03
1.800000000000071054e+01 1.707719998055215634e-03
1.810000000000071196e+01 1.633740459079899158e-03
1.820000000000071338e+01 1.565682269532141062e-03
1.830000000000071481e+01 1.502894204921235424e-03
1.840000000000071623e+01 1.444812200820600996e-03
1.850000000000071765e+01 1.390945935880428044e-03
1.860000000000071907e+01 1.340867712341282676e-03
1.870000000000072049e+01 1.294203206762156722e-03
1.880000000000072191e+01 1.250623748287914890e-03
1.890000000000072333e+01 1.209839848860600614e-03
1.900000000000072475e+01 1.171595763108539351e-03
1.910000000000072617e+01 1.135664898081616006e-03
1.920000000000072760e+01 1.101845926849854629e-03
1.930000000000072902e+01 1.069959487092405574e-03
1.940000000000073044e+01 1.039845367522526046e-03
1.950000000000073186e+01 1.011360102501906479e-03
1.960000000000073328e+01 9.843749093220795394e-04
1.970000000000073470e+01 9.587739140634797498e-04
1.980000000000073612e+01 9.344526212547231252e-04
1.990000000000073754e+01 9.113165901202952002e-04
2.000000000000073896e+01 8.892802864131601126e-04
2.010000000000074039e+01 8.682660839141367317e-04
2.020000000000074181e+01 8.482033938592554957e-04
2.030000000000074323e+01 8.290279040236077932e-04
2.040000000000074465e+01 8.106809120414066282e-04
2.050000000000074607e+01 7.931087399263164490e-04
2.060000000000074749e+01 7.762622187358339185e-04
2.070000000000074891e+01 7.600962339724109257e-04
2.080000000000075033e+01 7.445693237088789763e-04
2.090000000000075175e+01 7.296433225813182995e-04
2.100000000000075318e+01 7.152830457788684777e-04
2.110000000000075460e+01 7.014560079877358396e-04
2.120000000000075602e+01 6.881321729433702815e-04
2.130000000000075744e+01 6.752837298471826280e-04
2.140000000000075886e+01 6.628848934034294472e-04
2.150000000000076028e+01 6.509117246683604778e-04
2.160000000000076170e+01 6.393419702725585633e-04
2.170000000000076312e+01 6.281549178899179528e-04
2.180000000000076454e+01 6.173312661043162510e-04
2.190000000000076597e+01 6.068530070527398739e-04
2.200000000000076739e+01 5.967033204289671827e-04
2.210000000000076881e+01 5.868664776057486935e-04
2.220000000000077023e+01 5.773277547809548427e-04
2.230000000000077165e+01 5.680733541890165429e-04
2.240000000000077307e+01 5.590903325275630364e-04
2.250000000000077449e+01 5.503665358513494532e-04
2.260000000000077591e+01 5.418905402716717515e-04
2.270000000000077733e+01 5.336515978721221480e-04
2.280000000000077875e+01 5.256395873219467732e-04
2.290000000000078018e+01 5.178449687217948896e-04
2.300000000000078160e+01 5.102587422702811347e-04
2.310000000000078302e+01 5.028724103843346073e-04
2.320000000000078444e+01 4.956779429433154751e-04
2.330000000000078586e+01 4.886677453654589449e-04
2.340000000000078728e+01 4.818346292521521156e-04
2.350000000000078870e+01 4.751717853651697427e-04
2.360000000000079012e+01 4.686727587259646526e-04
2.370000000000079154e+01 4.623314256454020784e-04
2.380000000000079297e+01 4.561419725146807877e-04
2.390000000000079439e+01 4.500988762017950513e-04
2.400000000000079581e+01 4.441968859150983344e-04
2.410000000000079723e+01 4.384310064088814862e-04
2.420000000000079865e+01 4.327964824160382635e-04
2.430000000000080007e+01 4.272887842066096491e-04
2.440000000000080149e+01 4.219035941776952208e-04
2.450000000000080291e+01 4.166367943907437377e-04
2.460000000000080433e+01 4.114844549799038425e-04
2.470000000000080576e+01 4.064428233604222909e-04
2.480000000000080718e+01 4.015083141749967470e-04
2.490000000000080860e+01 3.966774999190132061e-04
2.500000000000081002e+01 3.919471021923849456e-04
2.510000000000081144e+01 3.873139835302270655e-04
2.520000000000081286e+01 3.827751397672713991e-04
2.530000000000081428e+01 3.783276928970557835e-04
2.540000000000081570e+01 3.739688843879749301e-04
2.550000000000081712e+01 3.696960689228756319e-04
2.560000000000081855e+01 3.655067085316204530e-04
2.570000000000081997e+01 3.613983670872320019e-04
2.580000000000082139e+01 3.573687051406906814e-04
2.590000000000082281e+01 3.534154750694288270e-04
2.600000000000082423e+01 3.495365165178526950e-04
2.610000000000082565e+01 3.457297521098720182e-04
2.620000000000082707e+01 3.419931834140642812e-04
2.630000000000082849e+01 3.383248871445383135e-04
2.640000000000082991e+01 3.347230115818776962e-04
2.650000000000083134e+01 3.311857731986032416e-04
2.660000000000083276e+01 3.277114534765405052e-04
2.670000000000083418e+01 3.242983959026771146e-04
2.680000000000083560e+01 3.209450031321935582e-04
2.690000000000083702e+01 3.176497343081706188e-04
2.700000000000083844e+01 3.144111025271976783e-04
2.710000000000083986e+01 3.112276724425145605e-04
2.720000000000084128e+01 3.080980579953127929e-04
2.730000000000084270e+01 3.050209202665026269e-04
2.740000000000084412e+01 3.019949654417818400e-04
2.750000000000084555e+01 2.990189428823823757e-04
2.760000000000084697e+01 2.960916432958977875e-04
2.770000000000084839e+01 2.932118970004975156e-04
2.780000000000084981e+01 2.903785722772308565e-04
2.790000000000085123e+01 2.875905738054592591e-04
2.800000000000085265e+01 2.848468411759134326e-04
2.810000000000085407e+01 2.821463474776110753e-04
2.820000000000085549e+01 2.794880979537586480e-04
2.830000000000085691e+01 2.768711287229414712e-04
2.840000000000085834e+01 2.742945055621321022e-04
2.850000000000085976e+01 2.717573227474579032e-04
2.860000000000086118e+01 2.692587019501971627e-04
2.870000000000086260e+01 2.667977911843791208e-04
2.880000000000086402e+01 2.643737638033831559e-04
2.890000000000086544e+01 2.619858175430869458e-04
2.900000000000086686e+01 2.596331736085069641e-04
2.910000000000086828e+01 2.573150758022455420e-04
2.920000000000086970e+01 2.550307896919899709e-04
2.930000000000087113e+01 2.527796018152192545e-04
2.940000000000087255e+01 2.505608189193694771e-04
2.950000000000087397e+01 2.483737672351151501e-04
2.960000000000087539e+01 2.462177917816572924e-04
2.970000000000087681e+01 2.440922557018884622e-04
2.980000000000087823e+01 2.419965396261169761e-04
2.990000000000087965e+01 2.399300410630980868e-04
3.000000000000088107e+01 2.378921738165392784e-04
3.010000000000088249e+01 2.358823674263731834e-04
3.020000000000088392e+01 2.339000666331169590e-04
3.030000000000088534e+01 2.319447308643771708e-04
3.040000000000088676e+01 2.300158337425973402e-04
3.050000000000088818e+01 2.281128626125887137e-04
3.060000000000088960e+01 2.262353180884190806e-04
3.070000000000089102e+01 2.243827136183091601e-04
3.080000000000089244e+01 2.225545750668626974e-04
3.090000000000089386e+01 2.207504403139805066e-04
3.100000000000089528e+01 2.189698588692743221e-04
3.110000000000089670e+01 2.172123915017526951e-04
3.120000000000089813e+01 2.154776098836767341e-04
3.130000000000089955e+01 2.137650962481022995e-04
3.140000000000090097e+01 2.120744430596438804e-04
3.150000000000090239e+01 2.104052526974823398e-04
3.160000000000090381e+01 2.087571371505280837e-04
3.170000000000090523e+01 2.071297177238244256e-04
3.180000000000090665e+01 2.055226247558480230e-04
3.190000000000090807e+01 2.039354973463749718e-04
