-3.200000000000000000e+01 -2.231019298243352642e-03 -4.051604541075277889e-04
-3.189999999999999858e+01 -2.256652851489356071e-03 -4.144065195782452586e-04
-3.179999999999999716e+01 -2.282830307161396594e-03 -4.239817430909533316e-04
-3.169999999999999574e+01 -2.309568900259593993e-03 -4.339021077287538220e-04
-3.159999999999999432e+01 -2.336886565908339111e-03 -4.441845738204195401e-04
-3.149999999999999289e+01 -2.364801971464604649e-03 -4.548471506110820682e-04
-3.139999999999999147e+01 -2.393334549985184564e-03 -4.659089740345469331e-04
-3.129999999999999005e+01 -2.422504535068476308e-03 -4.773903911784414811e-04
-3.119999999999998863e+01 -2.452332997065698877e-03 -4.893130520933729188e-04
-3.109999999999998721e+01 -2.482841880640952043e-03 -5.017000096674578040e-04
-3.099999999999998579e+01 -2.514054043649844097e-03 -5.145758283701575963e-04
-3.089999999999998437e+01 -2.545993297268255018e-03 -5.279667027515003771e-04
-3.079999999999998295e+01 -2.578684447288575460e-03 -5.419005866873202520e-04
-3.069999999999998153e+01 -2.612153336455994013e-03 -5.564073344677942547e-04
-3.059999999999998010e+01 -2.646426887673412540e-03 -5.715188549498550780e-04
-3.049999999999997868e+01 -2.681533147861318508e-03 -5.872692801373753917e-04
-3.039999999999997726e+01 -2.717501332177945511e-03 -6.036951497013554914e-04
-3.029999999999997584e+01 -2.754361868243737632e-03 -6.208356131342059785e-04
-3.019999999999997442e+01 -2.792146439908840816e-03 -6.387326514236276419e-04
-3.009999999999997300e+01 -2.830888029987018231e-03 -6.574313203511698411e-04
-2.999999999999997158e+01 -2.870620961252821207e-03 -6.769800177734322348e-04
-2.989999999999997016e+01 -2.911380934812128618e-03 -6.974307775125807626e-04
-2.979999999999996874e+01 -2.953205064772489868e-03 -7.188395928036290811e-04
-2.969999999999996732e+01 -2.996131907882688267e-03 -7.412667725903169993e-04
-2.959999999999996589e+01 -3.040201486514185897e-03 -7.647773343535879068e-04
-2.949999999999996447e+01 -3.085455303013080741e-03 -7.894414376042243340e-04
-2.939999999999996305e+01 -3.131936342997404879e-03 -8.153348626534218102e-04
-2.929999999999996163e+01 -3.179689064673432708e-03 -8.425395398381216924e-04
-2.919999999999996021e+01 -3.228759370598938139e-03 -8.711441349868870310e-04
-2.909999999999995879e+01 -3.279194557555363890e-03 -9.012446975971734331e-04
-2.899999999999995737e+01 -3.331043239280635782e-03 -9.329453789654372844e-04
-2.889999999999995595e+01 -3.384355235668259562e-03 -9.663592283391355450e-04
-2.879999999999995453e+01 -3.439181420703502773e-03 -1.001609076099834210e-03
-2.869999999999995310e+01 -3.495573519743838328e-03 -1.038828513988933333e-03
-2.859999999999995168e+01 -3.553583844749862858e-03 -1.078162983481136504e-03
-2.849999999999995026e+01 -3.613264953663252246e-03 -1.119770984594371278e-03
-2.839999999999994884e+01 -3.674669217152280731e-03 -1.163825418640545900e-03
-2.829999999999994742e+01 -3.737848272391864485e-03 -1.210515079711973249e-03
-2.819999999999994600e+01 -3.802852339174992574e-03 -1.260046310955592348e-03
-2.809999999999994458e+01 -3.869729368361704558e-03 -1.312644842889620477e-03
-2.799999999999994316e+01 -3.938523986265303131e-03 -1.368557832080765030e-03
-2.789999999999994174e+01 -4.009276190736077092e-03 -1.428056119232628358e-03
-2.779999999999994031e+01 -4.082019745259983165e-03 -1.491436726035686063e-03
-2.769999999999993889e+01 -4.156780205881629997e-03 -1.559025609635095351e-03
-2.759999999999993747e+01 -4.233572501856861306e-03 -1.631180691958100497e-03
-2.749999999999993605e+01 -4.312397974179357774e-03 -1.708295177891940193e-03
-2.739999999999993463e+01 -4.393240755891147931e-03 -1.790801170609255741e-03
-2.729999999999993321e+01 -4.476063353929179978e-03 -1.879173583327236816e-03
-2.719999999999993179e+01 -4.560801263425904098e-03 -1.973934332979513425e-03
-2.709999999999993037e+01 -4.647356411349197816e-03 -2.075656780912417572e-03
-2.699999999999992895e+01 -4.735589186631708469e-03 -2.184970356340312347e-03
-2.689999999999992752e+01 -4.825308768126130785e-03 -2.302565256508307123e-03
-2.679999999999992610e+01 -4.916261410166862175e-03 -2.429197059144578685e-03
-2.669999999999992468e+01 -5.008116289065557905e-03 -2.565691001997916307e-03
-2.659999999999992326e+01 -5.100448454983485397e-03 -2.712945573859050583e-03
-2.649999999999992184e+01 -5.192718376886834922e-03 -2.871934912290309734e-03
-2.639999999999992042e+01 -5.284247521605651629e-03 -3.043709303895883629e-03
-2.629999999999991900e+01 -5.374189384759956237e-03 -3.229392820299583668e-03
-2.619999999999991758e+01 -5.461495412197679006e-03 -3.430176782068487720e-03
-2.609999999999991616e+01 -5.544875347562852955e-03 -3.647307309147540706e-03
-2.599999999999991473e+01 -5.622751761690610375e-03 -3.882064678735616930e-03
-2.589999999999991331e+01 -5.693208929653567618e-03 -4.135731567852627029e-03
-2.579999999999991189e+01 -5.753936913465118944e-03 -4.409546526426843388e-03
-2.569999999999991047e+01 -5.802172801981562295e-03 -4.704638261619500939e-03
-2.559999999999990905e+01 -5.834642698803307881e-03 -5.021935631466301064e-03
-2.549999999999990763e+01 -5.847510387904542029e-03 -5.362047857953896289e-03
-2.539999999999990621e+01 -5.836341771072695375e-03 -5.725109727106122634e-03
-2.529999999999990479e+01 -5.796098183197680512e-03 -6.110587978187103156e-03
-2.519999999999990337e+01 -5.721176339728554008e-03 -6.517048426623138838e-03
-2.509999999999990195e+01 -5.605517317025967075e-03 -6.941889497769206628e-03
-2.499999999999990052e+01 -5.442810304195664500e-03 -7.381057621708276770e-03
-2.489999999999989910e+01 -5.226816705699632859e-03 -7.828773759540323673e-03
-2.479999999999989768e+01 -4.951833437978283084e-03 -8.277317463413820520e-03
-2.469999999999989626e+01 -4.613297472292865117e-03 -8.716932501272332823e-03
-2.459999999999989484e+01 -4.208504295506751078e-03 -9.135930474292518894e-03
-2.449999999999989342e+01 -3.737371733302108021e-03 -9.521067391659180160e-03
-2.439999999999989200e+01 -3.203134330900333018e-03 -9.858243229810529154e-03
-2.429999999999989058e+01 -2.612816749474578329e-03 -1.013352005928017281e-02
-2.419999999999988916e+01 -1.977327550966190284e-03 -1.033437433633732291e-02
-2.409999999999988773e+01 -1.311055306516069677e-03 -1.045101227178457833e-02
-2.399999999999988631e+01 -6.309411520240160859e-04 -1.047751563203114071e-02
-2.389999999999988489e+01 4.487371257856989648e-05 -1.041258172125183491e-02
-2.379999999999988347e+01 6.986114457839930764e-04 -1.025969101273868644e-02
-2.369999999999988205e+01 1.314356391163994456e-03 -1.002666331844041803e-02
-2.359999999999988063e+01 1.879232848977337861e-03 -9.724704954563710008e-03
-2.349999999999987921e+01 2.384096573721319196e-03 -9.367154329891786563e-03
-2.339999999999987779e+01 2.823700344062618842e-03 -8.968169352856143403e-03
-2.329999999999987637e+01 3.196407564340766894e-03 -8.541566444337988714e-03
-2.319999999999987494e+01 3.503597223286939941e-03 -8.099943441391300319e-03
-2.309999999999987352e+01 3.748920595045812307e-03 -7.654131740158632950e-03
-2.299999999999987210e+01 3.937546759187391873e-03 -7.212953382991140784e-03
-2.289999999999987068e+01 4.075490639068313214e-03 -6.783218161039840030e-03
-2.279999999999986926e+01 4.169071981907917709e-03 -6.369882744162706605e-03
-2.269999999999986784e+01 4.224517496981872872e-03 -5.976299957452423789e-03
-2.259999999999986642e+01 4.247694937088886298e-03 -5.604502036120466782e-03
-2.249999999999986500e+01 4.243956147973295193e-03 -5.255479611974411651e-03
-2.239999999999986358e+01 4.218062820864869854e-03 -4.929433997488443832e-03
-2.229999999999986215e+01 4.174170461886242411e-03 -4.625992298435063765e-03
-2.219999999999986073e+01 4.115850245359000369e-03 -4.344382897779689064e-03
-2.209999999999985931e+01 4.046133181332305442e-03 -4.083573591579190212e-03
-2.199999999999985789e+01 3.967565432041072343e-03 -3.842377021373770060e-03
-2.189999999999985647e+01 3.882267243271298948e-03 -3.619528863156243857e-03
-2.179999999999985505e+01 3.791990730760010087e-03 -3.413744139945507246e-03
-2.169999999999985363e+01 3.698173760915014069e-03 -3.223756467515983756e-03
-2.159999999999985221e+01 3.601988534861141900e-03 -3.048344302873839430e-03
-2.149999999999985079e+01 3.504384377492991004e-03 -2.886347505314991718e-03
-2.139999999999984936e+01 3.406124782807619031e-03 -2.736676824740452534e-03
-2.129999999999984794e+01 3.307819079888250566e-03 -2.598318336188137727e-03
-2.119999999999984652e+01 3.209949240435595180e-03 -2.470334350530449096e-03
-2.109999999999984510e+01 3.112892406037268828e-03 -2.351861941989444142e-03
-2.099999999999984368e+01 3.016939710727377724e-03 -2.242109929909545576e-03
-2.089999999999984226e+01 2.922311938342404131e-03 -2.140354920413891932e-03
-2.079999999999984084e+01 2.829172501613068380e-03 -2.045936838774744040e-03
-2.069999999999983942e+01 2.737638171410934629e-03 -1.958254253173793979e-03
-2.059999999999983800e+01 2.647787926448664717e-03 -1.876759694812057695e-03
-2.049999999999983658e+01 2.559670239279714099e-03 -1.800955109577801177e-03
-2.039999999999983515e+01 2.473309065485179703e-03 -1.730387526370795372e-03
-2.029999999999983373e+01 2.388708759932915010e-03 -1.664644991567716236e-03
-2.019999999999983231e+01 2.305858106887421696e-03 -1.603352794189543936e-03
-2.009999999999983089e+01 2.224733619229027001e-03 -1.546169989287449285e-03
-1.999999999999982947e+01 2.145302235382980441e-03 -1.492786215614833566e-03
-1.989999999999982805e+01 2.067523520301867493e-03 -1.442918796328980903e-03
-1.979999999999982663e+01 1.991351458282065653e-03 -1.396310107004221888e-03
-1.969999999999982521e+01 1.916735909970584267e-03 -1.352725192789800118e-03
-1.959999999999982379e+01 1.843623793217416193e-03 -1.311949615534761804e-03
-1.949999999999982236e+01 1.771960036872065672e-03 -1.273787511584607759e-03
-1.939999999999982094e+01 1.701688347976812107e-03 -1.238059841495053881e-03
-1.929999999999981952e+01 1.632751825667570766e-03 -1.204602813816741140e-03
-1.919999999999981810e+01 1.565093449192891256e-03 -1.173266466227146148e-03
-1.909999999999981668e+01 1.498656462660142089e-03 -1.143913388547505893e-03
-1.899999999999981526e+01 1.433384675102922570e-03 -1.116417573441482857e-03
-1.889999999999981384e+01 1.369222691210260703e-03 -1.090663381862401471e-03
-1.879999999999981242e+01 1.306116085360796084e-03 -1.066544611522543106e-03
-1.869999999999981100e+01 1.244011529363587415e-03 -1.043963657787894432e-03
-1.859999999999980957e+01 1.182856882509304708e-03 -1.022830757472015630e-03
-1.849999999999980815e+01 1.122601250994488195e-03 -1.003063306962211727e-03
-1.839999999999980673e+01 1.063195022557453587e-03 -9.845852470066630141e-04
-1.829999999999980531e+01 1.004589881136001145e-03 -9.673265072948466613e-04
-1.819999999999980389e+01 9.467388054900834071e-04 -9.512225046842980904e-04
-1.809999999999980247e+01 8.895960550607453360e-04 -9.362136895896319005e-04
-1.799999999999980105e+01 8.331171457276482367e-04 -9.222451356267575770e-04
-1.789999999999979963e+01 7.772588176666282711e-04 -9.092661681358250782e-04
-1.779999999999979821e+01 7.219789971116934157e-04 -8.972300276744841780e-04
-1.769999999999979678e+01 6.672367534795876215e-04 -8.860935649873812221e-04
-1.759999999999979536e+01 6.129922530712563628e-04 -8.758169643375075981e-04
-1.749999999999979394e+01 5.592067103114169158e-04 -8.663634924110101727e-04
-1.739999999999979252e+01 5.058423373190748529e-04 -8.576992703074636567e-04
-1.729999999999979110e+01 4.528622924468966165e-04 -8.497930663907663114e-04
-1.719999999999978968e+01 4.002306282829912881e-04 -8.426161080081324105e-04
-1.709999999999978826e+01 3.479122395295148468e-04 -8.361419102983845119e-04
-1.699999999999978684e+01 2.958728110586516385e-04 -8.303461204930387592e-04
-1.689999999999978542e+01 2.440787663913947941e-04 -8.252063762828258479e-04
-1.679999999999978400e+01 1.924972167847392723e-04 -8.207021769701598572e-04
-1.669999999999978257e+01 1.410959110472800870e-04 -8.168147662589819551e-04
-1.659999999999978115e+01 8.984318618914660659e-05 -8.135270256543164318e-04
-1.649999999999977973e+01 3.870791895263514526e-05 -8.108233775472072687e-04
-1.639999999999977831e+01 -1.234052174037963967e-05 -8.086896971570124801e-04
-1.629999999999977689e+01 -6.333232141075492705e-05 -8.071132325874457586e-04
-1.619999999999977547e+01 -1.142972657348119425e-04 -8.060825323281768304e-04
-1.609999999999977405e+01 -1.652647853575897607e-04 -8.055873796032320643e-04
-1.599999999999977263e+01 -2.162639998539578334e-04 -8.056187330277965811e-04
-1.589999999999977121e+01 -2.673237608786065145e-04 -8.061686730910402714e-04
-1.579999999999976978e+01 -3.184726945534566145e-04 -8.072303540320843913e-04
-1.569999999999976836e+01 -3.697392431637816501e-04 -8.087979607214383724e-04
-1.559999999999976694e+01 -4.211517062134503830e-04 -8.108666702008567647e-04
-1.549999999999976552e+01 -4.727382809196385705e-04 -8.134326175717688980e-04
-1.539999999999976410e+01 -5.245271022138904560e-04 -8.164928659559833948e-04
-1.529999999999976268e+01 -5.765462823192034347e-04 -8.200453802826191286e-04
-1.519999999999976126e+01 -6.288239499911037200e-04 -8.240890046842311561e-04
-1.509999999999975984e+01 -6.813882894866757356e-04 -8.286234433093090865e-04
-1.499999999999975842e+01 -7.342675793525731132e-04 -8.336492443834825263e-04
-1.489999999999975699e+01 -7.874902311082385142e-04 -8.391677873726944258e-04
-1.479999999999975557e+01 -8.410848279010209316e-04 -8.451812731214473039e-04
-1.469999999999975415e+01 -8.950801632280590281e-04 -8.516927168599026324e-04
-1.459999999999975273e+01 -9.495052797944686374e-04 -8.587059439885578668e-04
-1.449999999999975131e+01 -1.004389508604812409e-03 -8.662255885686347828e-04
-1.439999999999974989e+01 -1.059762508369119921e-03 -8.742570944603709777e-04
-1.429999999999974847e+01 -1.115654305306103961e-03 -8.828067190660691434e-04
-1.419999999999974705e+01 -1.172095333444575505e-03 -8.918815396517692021e-04
-1.409999999999974563e+01 -1.229116475498857886e-03 -9.014894622313789335e-04
-1.399999999999974420e+01 -1.286749104422620082e-03 -9.116392330147293690e-04
-1.389999999999974278e+01 -1.345025125730779647e-03 -9.223404524318519742e-04
-1.379999999999974136e+01 -1.403977020680194365e-03 -9.336035917585500110e-04
-1.369999999999973994e+01 -1.463637890421514570e-03 -9.454400123849230307e-04
-1.359999999999973852e+01 -1.524041501207662463e-03 -9.578619877763877664e-04
-1.349999999999973710e+01 -1.585222330777003724e-03 -9.708827281954583114e-04
-1.339999999999973568e+01 -1.647215616013754380e-03 -9.845164082627894109e-04
-1.329999999999973426e+01 -1.710057401991395970e-03 -9.987781974495051757e-04
-1.319999999999973284e+01 -1.773784592528578757e-03 -1.013684293611598298e-03
-1.309999999999973141e+01 -1.838435002360014336e-03 -1.029251959685343904e-03
-1.299999999999972999e+01 -1.904047411060979383e-03 -1.045499563685190619e-03
-1.289999999999972857e+01 -1.970661618848835311e-03 -1.062446622157593550e-03
-1.279999999999972715e+01 -2.038318504390665420e-03 -1.080113847261341548e-03
-1.269999999999972573e+01 -2.107060084768543756e-03 -1.098523197667020026e-03
-1.259999999999972431e+01 -2.176929577741838068e-03 -1.117697933484730448e-03
-1.249999999999972289e+01 -2.247971466456329809e-03 -1.137662675447563120e-03
-1.239999999999972147e+01 -2.320231566772846393e-03 -1.158443468608760622e-03
-1.229999999999972005e+01 -2.393757097365771525e-03 -1.180067850823055160e-03
-1.219999999999971863e+01 -2.468596752782527270e-03 -1.202564926318737144e-03
-1.209999999999971720e+01 -2.544800779641951533e-03 -1.225965444688345476e-03
-1.199999999999971578e+01 -2.622421056157564490e-03 -1.250301885655013406e-03
-1.189999999999971436e+01 -2.701511175205669607e-03 -1.275608550011254113e-03
-1.179999999999971294e+01 -2.782126531130271058e-03 -1.301921657150277491e-03
-1.169999999999971152e+01 -2.864324410525465742e-03 -1.329279449659524076e-03
-1.159999999999971010e+01 -2.948164087223363594e-03 -1.357722305480060961e-03
-1.149999999999970868e+01 -3.033706921725807387e-03 -1.387292858179489750e-03
-1.139999999999970726e+01 -3.121016465357655950e-03 -1.418036125944072568e-03
-1.129999999999970584e+01 -3.210158569390258315e-03 -1.449999649934941362e-03
-1.119999999999970441e+01 -3.301201499439132547e-03 -1.483233642725757199e-03
-1.109999999999970299e+01 -3.394216055427438927e-03 -1.517791147593958428e-03
-1.099999999999970157e+01 -3.489275697419927380e-03 -1.553728209506474549e-03
-1.089999999999970015e+01 -3.586456677676451432e-03 -1.591104058728214001e-03
-1.079999999999969873e+01 -3.685838179243110246e-03 -1.629981308048049707e-03
-1.069999999999969731e+01 -3.787502461461433184e-03 -1.670426164726322021e-03
-1.059999999999969589e+01 -3.891535012762070700e-03 -1.712508658357757372e-03
-1.049999999999969447e+01 -3.998024711123742553e-03 -1.756302885953510157e-03
-1.039999999999969305e+01 -4.107063992627349447e-03 -1.801887275681496575e-03
-1.029999999999969162e+01 -4.218749028498256642e-03 -1.849344870817449561e-03
-1.019999999999969020e+01 -4.333179911097100045e-03 -1.898763635628380152e-03
-1.009999999999968878e+01 -4.450460849300216792e-03 -1.950236785060009779e-03
-9.999999999999687361e+00 -4.570700373721689469e-03 -2.003863140278546850e-03
-9.899999999999685940e+00 -4.694011552277173316e-03 -2.059747512332671306e-03
-9.799999999999684519e+00 -4.820512216539722672e-03 -2.118001116395939326e-03
-9.699999999999683098e+00 -4.950325199402427073e-03 -2.178742019319170834e-03
-9.599999999999681677e+00 -5.083578584526841915e-03 -2.242095623475731051e-03
-9.499999999999680256e+00 -5.220405968051042983e-03 -2.308195190179555129e-03
-9.399999999999678835e+00 -5.360946733064066161e-03 -2.377182406307459285e-03
-9.299999999999677414e+00 -5.505346337270393409e-03 -2.449207998093374129e-03
-9.199999999999675993e+00 -5.653756614308811518e-03 -2.524432396502696192e-03
-9.099999999999674571e+00 -5.806336089110318566e-03 -2.603026459029085613e-03
-8.999999999999673150e+00 -5.963250307625178603e-03 -2.685172253259285064e-03
-8.899999999999671729e+00 -6.124672181230285395e-03 -2.771063908139380361e-03
-8.799999999999670308e+00 -6.290782345961885846e-03 -2.860908539463911156e-03
-8.699999999999668887e+00 -6.461769536682555187e-03 -2.954927256848267902e-03
-8.599999999999667466e+00 -6.637830976098470226e-03 -3.053356260200648480e-03
-8.499999999999666045e+00 -6.819172778359767345e-03 -3.156448034578948278e-03
-8.399999999999664624e+00 -7.006010366809062306e-03 -3.264472653324027723e-03
-8.299999999999663203e+00 -7.198568905079080066e-03 -3.377719200402172668e-03
-8.199999999999661782e+00 -7.397083740489057702e-03 -3.496497324159388020e-03
-8.099999999999660361e+00 -7.601800858217929585e-03 -3.621138936026412937e-03
-7.999999999999658939e+00 -7.812977344221285619e-03 -3.752000069241676755e-03
-7.899999999999657518e+00 -8.030881854307114764e-03 -3.889462914418070558e-03
-7.799999999999656097e+00 -8.255795085934374000e-03 -4.033938050645785242e-03
-7.699999999999654676e+00 -8.488010248493549348e-03 -4.185866893051913562e-03
-7.599999999999653255e+00 -8.727833526665076946e-03 -4.345724380130702551e-03
-7.499999999999651834e+00 -8.975584530119231491e-03 -4.514021926886949143e-03
-7.399999999999650413e+00 -9.231596721293852670e-03 -4.691310672959146492e-03
-7.299999999999648992e+00 -9.496217810931847220e-03 -4.878185058264488880e-03
-7.199999999999647571e+00 -9.769810108846692376e-03 -5.075286762674122674e-03
-7.099999999999646150e+00 -1.005275081449168162e-02 -5.283309050545819188e-03
-6.999999999999644729e+00 -1.034543222850753397e-02 -5.503001565846822943e-03
-6.899999999999643308e+00 -1.064826186241656092e-02 -5.735175629187213957e-03
-6.799999999999641886e+00 -1.096166241855019846e-02 -5.980710094182503135e-03
-6.699999999999640465e+00 -1.128607160647662755e-02 -6.240557827629533358e-03
-6.599999999999639044e+00 -1.162194175490947889e-02 -6.515752885717731452e-03
-6.499999999999637623e+00 -1.196973916937890681e-02 -6.807418467222182794e-03
-6.399999999999636202e+00 -1.232994317555358849e-02 -7.116775734470292408e-03
-6.299999999999634781e+00 -1.270304477523753056e-02 -7.445153603607905339e-03
-6.199999999999633360e+00 -1.308954482687704063e-02 -7.793999617902485494e-03
-6.099999999999631939e+00 -1.348995164371532413e-02 -8.164892031084501275e-03
-5.999999999999630518e+00 -1.390477788020371558e-02 -8.559553242396537864e-03
-5.899999999999629097e+00 -1.433453655011158318e-02 -8.979864741172561421e-03
-5.799999999999627676e+00 -1.477973598647342596e-02 -9.427883735936955223e-03
-5.699999999999626255e+00 -1.524087351353929642e-02 -9.905861661750187813e-03
-5.599999999999624833e+00 -1.571842755199127917e-02 -1.041626477892130392e-02
-5.499999999999623412e+00 -1.621284781942753522e-02 -1.096179709623756361e-02
-5.399999999999621991e+00 -1.672454321627515894e-02 -1.154542587194819746e-02
-5.299999999999620570e+00 -1.725386689956762143e-02 -1.217040996426010241e-02
-5.199999999999619149e+00 -1.780109794094918846e-02 -1.284033131946550089e-02
-5.099999999999617728e+00 -1.836641883597428526e-02 -1.355912989689345323e-02
-4.999999999999616307e+00 -1.894988797498140670e-02 -1.433114233304459695e-02
-4.899999999999614886e+00 -1.955140599589320904e-02 -1.516114463820564078e-02
-4.799999999999613465e+00 -2.017067470885297586e-02 -1.605439919045329594e-02
-4.699999999999612044e+00 -2.080714700488933006e-02 -1.701670623688632256e-02
-4.599999999999610623e+00 -2.145996582589067281e-02 -1.805446001690747676e-02
-4.499999999999609201e+00 -2.212788987185150547e-02 -1.917470947179642643e-02
-4.399999999999607780e+00 -2.280920324320538650e-02 -2.038522327656260708e-02
-4.299999999999606359e+00 -2.350160564992827272e-02 -2.169455859271701009e-02
-4.199999999999604938e+00 -2.420207915713523672e-02 -2.311213245543767072e-02
-4.099999999999603517e+00 -2.490672667244032967e-02 -2.464829401955239557e-02
-3.999999999999602096e+00 -2.561057651585107314e-02 -2.631439492526356852e-02
-3.899999999999600675e+00 -2.630734646307632957e-02 -2.812285371318642285e-02
-3.799999999999599254e+00 -2.698915965346603690e-02 -3.008720839639525413e-02
-3.699999999999597833e+00 -2.764620377734707674e-02 -3.222214883461491097e-02
-3.599999999999596412e+00 -2.826632412987230281e-02 -3.454351726100345771e-02
-3.499999999999594991e+00 -2.883454065130578586e-02 -3.706826096248794222e-02
-3.399999999999593570e+00 -2.933247930198674969e-02 -3.981431545903812985e-02
-3.299999999999592148e+00 -2.973770955727522008e-02 -4.280038930675925807e-02
-3.199999999999590727e+00 -3.002298321737594672e-02 -4.604561265807215892e-02
-3.099999999999589306e+00 -3.015537620210754360e-02 -4.956900087498014584e-02
-2.999999999999587885e+00 -3.009534605231998367e-02 -5.338867204478577044e-02
-2.899999999999586464e+00 -2.979573547171726622e-02 -5.752074399724022014e-02
-2.799999999999585043e+00 -2.920077884855506317e-02 -6.197782414555119690e-02
-2.699999999999583622e+00 -2.824520696623517707e-02 -6.676699750680743783e-02
-2.599999999999582201e+00 -2.685359738193802276e-02 -7.188722018966409166e-02
-2.499999999999580780e+00 -2.494018505694675647e-02 -7.732604607843679423e-02
-2.399999999999579359e+00 -2.240942703068291020e-02 -8.305566544759278302e-02
-2.299999999999577938e+00 -1.915769679564743866e-02 -8.902833075663010853e-02
-2.199999999999576517e+00 -1.507654829532990848e-02 -9.517140210000465950e-02
-2.099999999999575095e+00 -1.005800113383023553e-02 -1.013824718390026608e-01
-1.999999999999573674e+00 -4.002206815002060103e-03 -1.075253166788289472e-01
-1.899999999999572253e+00 3.172399505999651259e-03 -1.134277347453809537e-01
-1.799999999999570832e+00 1.151682531799828879e-02 -1.188825654863353287e-01
-1.699999999999569411e+00 2.103817002254303875e-02 -1.236532198703835794e-01
-1.599999999999567990e+00 3.168704035691823767e-02 -1.274846997997736431e-01
-1.499999999999566569e+00 4.334826214474531147e-02 -1.301202361757680392e-01
-1.399999999999565148e+00 5.583765624727246579e-02 -1.313223550236869985e-01
-1.299999999999563727e+00 6.890710351095215291e-02 -1.308956691847892317e-01
-1.199999999999562306e+00 8.225867339180005511e-02 -1.287075103994872738e-01
-1.099999999999560885e+00 9.556649412457243753e-02 -1.247022497144955611e-01
-9.999999999995594635e-01 1.085029556387936550e-01 -1.189061445378640919e-01
-8.999999999995580424e-01 1.207645629183046465e-01 -1.114216286251959454e-01
-7.999999999995566213e-01 1.320928358127340940e-01 -1.024124401163047926e-01
-6.999999999995552002e-01 1.422870485594083800e-01 -9.208297406499077464e-02
-5.999999999995537792e-01 1.512077343618181968e-01 -8.065610907215457759e-02
-4.999999999995523581e-01 1.587719449136046346e-01 -6.835338445332506119e-02
-3.999999999995509370e-01 1.649426354180634768e-01 -5.538017657951968542e-02
-2.999999999995495159e-01 1.697150343211638046e-01 -4.191702843001042511e-02
-1.999999999995480948e-01 1.731026164078561802e-01 -2.811701513020509191e-02
-9.999999999954667373e-02 1.751246679140271434e-01 -1.410821570122666735e-02
4.547473508864641190e-13 1.757967339791551009e-01 -3.191891195797325054e-16
1.000000000004561684e-01 1.751246679140148754e-01 1.410821570135468994e-02
2.000000000004575895e-01 1.731026164078316443e-01 2.811701513033171285e-02
3.000000000004590106e-01 1.697150343211267787e-01 4.191702843013467294e-02
4.000000000004604317e-01 1.649426354180137388e-01 5.538017657964014462e-02
5.000000000004618528e-01 1.587719449135421845e-01 6.835338445344028846e-02
6.000000000004632739e-01 1.512077343617431180e-01 8.065610907226281046e-02
7.000000000004646949e-01 1.422870485593212553e-01 9.208297406509002858e-02
8.000000000004661160e-01 1.320928358126359226e-01 1.024124401163930276e-01
9.000000000004675371e-01 1.207645629181970243e-01 1.114216286252712323e-01
1.000000000000468958e+00 1.085029556386786498e-01 1.189061445379246962e-01
1.100000000000470379e+00 9.556649412445261671e-02 1.247022497145402475e-01
1.200000000000471800e+00 8.225867339167833303e-02 1.287075103995153902e-01
1.300000000000473221e+00 6.890710351083152718e-02 1.308956691848009446e-01
1.400000000000474643e+00 5.583765624715580911e-02 1.313223550236832238e-01
1.500000000000476064e+00 4.334826214463512878e-02 1.301202361757502479e-01
1.600000000000477485e+00 3.168704035681655512e-02 1.274846997997438336e-01
1.700000000000478906e+00 2.103817002245120249e-02 1.236532198703440555e-01
1.800000000000480327e+00 1.151682531791700659e-02 1.188825654862884773e-01
1.900000000000481748e+00 3.172399505929110464e-03 1.134277347453289675e-01
2.000000000000483169e+00 -4.002206815062109291e-03 1.075253166787738940e-01
2.100000000000484590e+00 -1.005800113388043149e-02 1.013824718389462892e-01
2.200000000000486011e+00 -1.507654829537113939e-02 9.517140209994831568e-02
2.300000000000487432e+00 -1.915769679568062045e-02 8.902833075657488882e-02
2.400000000000488853e+00 -2.240942703070904207e-02 8.305566544753947844e-02
2.500000000000490274e+00 -2.494018505696680987e-02 7.732604607838595989e-02
2.600000000000491696e+00 -2.685359738195290669e-02 7.188722018961601901e-02
2.700000000000493117e+00 -2.824520696624571725e-02 6.676699750676234890e-02
2.800000000000494538e+00 -2.920077884856202288e-02 6.197782414550916108e-02
2.900000000000495959e+00 -2.979573547172126302e-02 5.752074399720118192e-02
3.000000000000497380e+00 -3.009534605232156573e-02 5.338867204474964656e-02
3.100000000000498801e+00 -3.015537620210714115e-02 4.956900087494678364e-02
3.200000000000500222e+00 -3.002298321737398995e-02 4.604561265804141268e-02
3.300000000000501643e+00 -2.973770955727205595e-02 4.280038930673095432e-02
3.400000000000503064e+00 -2.933247930198259329e-02 3.981431545901208818e-02
3.500000000000504485e+00 -2.883454065130088700e-02 3.706826096246400998e-02
3.600000000000505906e+00 -2.826632412986686271e-02 3.454351726098145448e-02
3.700000000000507328e+00 -2.764620377734122031e-02 3.222214883459465634e-02
3.800000000000508749e+00 -2.698915965345993068e-02 3.008720839637664402e-02
3.900000000000510170e+00 -2.630734646307002905e-02 2.812285371316929072e-02
4.000000000000511591e+00 -2.561057651584469630e-02 2.631439492524778254e-02
4.100000000000513012e+00 -2.490672667243393895e-02 2.464829401953786206e-02
4.200000000000514433e+00 -2.420207915712883212e-02 2.311213245542425090e-02
4.300000000000515854e+00 -2.350160564992195833e-02 2.169455859270463111e-02
4.400000000000517275e+00 -2.280920324319912068e-02 2.038522327655114402e-02
4.500000000000518696e+00 -2.212788987184535067e-02 1.917470947178583768e-02
4.600000000000520117e+00 -2.145996582588465679e-02 1.805446001689767904e-02
4.700000000000521538e+00 -2.080714700488346669e-02 1.701670623687723954e-02
4.800000000000522959e+00 -2.017067470884727209e-02 1.605439919044487213e-02
4.900000000000524381e+00 -1.955140599588767181e-02 1.516114463819781891e-02
5.000000000000525802e+00 -1.894988797497602906e-02 1.433114233303731458e-02
5.100000000000527223e+00 -1.836641883596906027e-02 1.355912989688668781e-02
5.200000000000528644e+00 -1.780109794094413000e-02 1.284033131945919518e-02
5.300000000000530065e+00 -1.725386689956272257e-02 1.217040996425421476e-02
5.400000000000531486e+00 -1.672454321627042662e-02 1.154542587194270532e-02
5.500000000000532907e+00 -1.621284781942295555e-02 1.096179709623243403e-02
5.600000000000534328e+00 -1.571842755198685909e-02 1.041626477891650741e-02
5.700000000000535749e+00 -1.524087351353502900e-02 9.905861661745694879e-03
5.800000000000537170e+00 -1.477973598646933201e-02 9.427883735932750253e-03
5.900000000000538591e+00 -1.433453655010760025e-02 8.979864741168613190e-03
6.000000000000540012e+00 -1.390477788019986449e-02 8.559553242392830760e-03
6.100000000000541434e+00 -1.348995164371161876e-02 8.164892031081023155e-03
6.200000000000542855e+00 -1.308954482687348098e-02 7.793999617899220744e-03
6.300000000000544276e+00 -1.270304477523408887e-02 7.445153603604827940e-03
6.400000000000545697e+00 -1.232994317555025782e-02 7.116775734467392818e-03
6.500000000000547118e+00 -1.196973916937569410e-02 6.807418467219452339e-03
6.600000000000548539e+00 -1.162194175490637027e-02 6.515752885715151051e-03
6.700000000000549960e+00 -1.128607160647363689e-02 6.240557827627103010e-03
6.800000000000551381e+00 -1.096166241854728413e-02 5.980710094180203759e-03
6.900000000000552802e+00 -1.064826186241375067e-02 5.735175629185038614e-03
7.000000000000554223e+00 -1.034543222850482086e-02 5.503001565844769898e-03
7.100000000000555644e+00 -1.005275081448905872e-02 5.283309050543878033e-03
7.200000000000557066e+00 -9.769810108844166618e-03 5.075286762672281266e-03
7.300000000000558487e+00 -9.496217810929411668e-03 4.878185058262745483e-03
7.400000000000559908e+00 -9.231596721291479568e-03 4.691310672957489832e-03
7.500000000000561329e+00 -8.975584530116934717e-03 4.514021926885379218e-03
7.600000000000562750e+00 -8.727833526662859970e-03 4.345724380129208954e-03
7.700000000000564171e+00 -8.488010248491401760e-03 4.185866893050497160e-03
7.800000000000565592e+00 -8.255795085932302740e-03 4.033938050644436495e-03
7.900000000000567013e+00 -8.030881854305099016e-03 3.889462914416785995e-03
8.000000000000568434e+00 -7.812977344219325382e-03 3.752000069240458979e-03
8.100000000000569855e+00 -7.601800858216031798e-03 3.621138936025251540e-03
8.200000000000571276e+00 -7.397083740487225834e-03 3.496497324158282134e-03
8.300000000000572697e+00 -7.198568905077310648e-03 3.377719200401117956e-03
8.400000000000574119e+00 -7.006010366807337991e-03 3.264472653323023318e-03
8.500000000000575540e+00 -6.819172778358098541e-03 3.156448034577988976e-03
8.600000000000576961e+00 -6.637830976096846525e-03 3.053356260199732546e-03
8.700000000000578382e+00 -6.461769536680980058e-03 2.954927256847392734e-03
8.800000000000579803e+00 -6.290782345960352351e-03 2.860908539463074586e-03
8.900000000000581224e+00 -6.124672181228803941e-03 2.771063908138582822e-03
9.000000000000582645e+00 -5.963250307623735313e-03 2.685172253258522219e-03
9.100000000000584066e+00 -5.806336089108903031e-03 2.603026459028353994e-03
9.200000000000585487e+00 -5.653756614307444556e-03 2.524432396501996665e-03
9.300000000000586908e+00 -5.505346337269057672e-03 2.449207998092705393e-03
9.400000000000588329e+00 -5.360946733062765118e-03 2.377182406306817871e-03
9.500000000000589750e+00 -5.220405968049783574e-03 2.308195190178942337e-03
9.600000000000591172e+00 -5.083578584525606792e-03 2.242095623475140378e-03
9.700000000000592593e+00 -4.950325199401226645e-03 2.178742019318607049e-03
9.800000000000594014e+00 -4.820512216538563877e-03 2.118001116395398960e-03
9.900000000000595435e+00 -4.694011552276038807e-03 2.059747512332153491e-03
1.000000000000059686e+01 -4.570700373720586185e-03 2.003863140278050719e-03
1.010000000000059828e+01 -4.450460849299134325e-03 1.950236785059530995e-03
1.020000000000059970e+01 -4.333179911096048803e-03 1.898763635627922185e-03
1.030000000000060112e+01 -4.218749028497229686e-03 1.849344870817008941e-03
1.040000000000060254e+01 -4.107063992626346777e-03 1.801887275681073736e-03
1.050000000000060396e+01 -3.998024711122771108e-03 1.756302885953105533e-03
1.060000000000060538e+01 -3.891535012761109663e-03 1.712508658357366192e-03
1.070000000000060680e+01 -3.787502461460496433e-03 1.670426164725946887e-03
1.080000000000060822e+01 -3.685838179242190843e-03 1.629981308047688451e-03
1.090000000000060965e+01 -3.586456677675549376e-03 1.591104058727867056e-03
1.100000000000061107e+01 -3.489275697419056549e-03 1.553728209506142349e-03
1.110000000000061249e+01 -3.394216055426585443e-03 1.517791147593638805e-03
1.120000000000061391e+01 -3.301201499438292941e-03 1.483233642725447984e-03
1.130000000000061533e+01 -3.210158569389442995e-03 1.449999649934644724e-03
1.140000000000061675e+01 -3.121016465356857977e-03 1.418036125943787640e-03
1.150000000000061817e+01 -3.033706921725019823e-03 1.387292858179214362e-03
1.160000000000061959e+01 -2.948164087222600316e-03 1.357722305479798584e-03
1.170000000000062101e+01 -2.864324410524709402e-03 1.329279449659269939e-03
1.180000000000062244e+01 -2.782126531129525127e-03 1.301921657150032895e-03
1.190000000000062386e+01 -2.701511175204951432e-03 1.275608550011020359e-03
1.200000000000062528e+01 -2.622421056156856722e-03 1.250301885654787459e-03
1.210000000000062670e+01 -2.544800779641261113e-03 1.225965444688128635e-03
1.220000000000062812e+01 -2.468596752781847259e-03 1.202564926318528977e-03
1.230000000000062954e+01 -2.393757097365088043e-03 1.180067850822854366e-03
1.240000000000063096e+01 -2.320231566772183729e-03 1.158443468608568935e-03
1.250000000000063238e+01 -2.247971466455681022e-03 1.137662675447377938e-03
1.260000000000063380e+01 -2.176929577741192751e-03 1.117697933484552205e-03
1.270000000000063523e+01 -2.107060084767912317e-03 1.098523197666849589e-03
1.280000000000063665e+01 -2.038318504389610708e-03 1.080113847260953837e-03
1.290000000000063807e+01 -1.970661618848217750e-03 1.062446622157435690e-03
1.300000000000063949e+01 -1.904047411060379169e-03 1.045499563685039265e-03
1.310000000000064091e+01 -1.838435002359424530e-03 1.029251959685199922e-03
1.320000000000064233e+01 -1.773784592527992421e-03 1.013684293611459520e-03
1.330000000000064375e+01 -1.710057401990820042e-03 9.987781974493733367e-04
1.340000000000064517e+01 -1.647215616013185391e-03 9.845164082626623424e-04
1.350000000000064659e+01 -1.585222330776448613e-03 9.708827281953366639e-04
1.360000000000064801e+01 -1.524041501207117760e-03 9.578619877762724073e-04
1.370000000000064944e+01 -1.463637890420962928e-03 9.454400123848120084e-04
1.380000000000065086e+01 -1.403977020679663540e-03 9.336035917584452771e-04
1.390000000000065228e+01 -1.345025125730248822e-03 9.223404524317524444e-04
1.400000000000065370e+01 -1.286749104422099665e-03 9.116392330146339592e-04
1.410000000000065512e+01 -1.229116475498333999e-03 9.014894622312880773e-04
1.420000000000065654e+01 -1.172095333444068965e-03 8.918815396516844175e-04
1.430000000000065796e+01 -1.115654305305593952e-03 8.828067190659884787e-04
1.440000000000065938e+01 -1.059762508368620321e-03 8.742570944602953004e-04
1.450000000000066080e+01 -1.004389508604305870e-03 8.662255885685636592e-04
1.460000000000066223e+01 -9.495052797939690370e-04 8.587059439884915137e-04
1.470000000000066365e+01 -8.950801632275663666e-04 8.516927168598410498e-04
1.480000000000066507e+01 -8.410848279005317396e-04 8.451812731213907085e-04
1.490000000000066649e+01 -7.874902311077597306e-04 8.391677873726423841e-04
1.500000000000066791e+01 -7.342675793520908600e-04 8.336492443834343877e-04
1.510000000000066933e+01 -6.813882894861969519e-04 8.286234433092655016e-04
1.520000000000067075e+01 -6.288239499906318752e-04 8.240890046841914743e-04
1.530000000000067217e+01 -5.765462823187246511e-04 8.200453802825840004e-04
1.540000000000067359e+01 -5.245271022134186112e-04 8.164928659559536877e-04
1.550000000000067502e+01 -4.727382809191701951e-04 8.134326175717435277e-04
1.560000000000067644e+01 -4.211517062129785383e-04 8.108666702008361649e-04
1.570000000000067786e+01 -3.697392431633098053e-04 8.087979607214216757e-04
1.580000000000067928e+01 -3.184726945529882391e-04 8.072303540320718146e-04
1.590000000000068070e+01 -2.673237608781381391e-04 8.061686730910335493e-04
1.600000000000068212e+01 -2.162639998534929275e-04 8.056187330277931116e-04
1.610000000000068354e+01 -1.652647853571265896e-04 8.055873796032340158e-04
1.620000000000068496e+01 -1.142972657343470366e-04 8.060825323281829019e-04
1.630000000000068638e+01 -6.333232141028828643e-05 8.071132325874572511e-04
1.640000000000068781e+01 -1.234052173991473378e-05 8.086896971570291769e-04
1.650000000000068923e+01 3.870791895309831643e-05 8.108233775472293865e-04
1.660000000000069065e+01 8.984318618961498193e-05 8.135270256543431031e-04
1.670000000000069207e+01 1.410959110477415235e-04 8.168147662590146980e-04
1.680000000000069349e+01 1.924972167852059129e-04 8.207021769701986717e-04
1.690000000000069491e+01 2.440787663918683736e-04 8.252063762828689992e-04
1.700000000000069633e+01 2.958728110591200139e-04 8.303461204930888493e-04
1.710000000000069775e+01 3.479122395299901610e-04 8.361419102984398062e-04
1.720000000000069917e+01 4.002306282834718065e-04 8.426161080081942100e-04
1.730000000000070060e+01 4.528622924473806044e-04 8.497930663908348330e-04
1.740000000000070202e+01 5.058423373195571060e-04 8.576992703075391172e-04
1.750000000000070344e+01 5.592067103119026383e-04 8.663634924110930058e-04
1.760000000000070486e+01 6.129922530717420853e-04 8.758169643375975869e-04
1.770000000000070628e+01 6.672367534800872219e-04 8.860935649874790172e-04
1.780000000000070770e+01 7.219789971121947508e-04 8.972300276745893456e-04
1.790000000000070912e+01 7.772588176671278715e-04 9.092661681359393532e-04
1.800000000000071054e+01 8.331171457281617149e-04 9.222451356268794413e-04
1.810000000000071196e+01 8.895960550612640183e-04 9.362136895897635227e-04
1.820000000000071338e+01 9.467388054906020894e-04 9.512225046844394703e-04
1.830000000000071481e+01 1.004589881136528501e-03 9.673265072949986665e-04
1.840000000000071623e+01 1.063195022557989616e-03 9.845852470068254276e-04
1.850000000000071765e+01 1.122601250995039837e-03 1.003063306962384982e-03
1.860000000000071907e+01 1.182856882509859819e-03 1.022830757472201245e-03
1.870000000000072049e+01 1.244011529364151200e-03 1.043963657788092407e-03
1.880000000000072191e+01 1.306116085361365073e-03 1.066544611522754742e-03
1.890000000000072333e+01 1.369222691210838366e-03 1.090663381862628069e-03
1.900000000000072475e+01 1.433384675103510641e-03 1.116417573441724634e-03
1.910000000000072617e+01 1.498656462660740568e-03 1.143913388547764150e-03
1.920000000000072760e+01 1.565093449193500144e-03 1.173266466227421969e-03
1.930000000000072902e+01 1.632751825668195267e-03 1.204602813817035609e-03
1.940000000000073044e+01 1.701688347977443547e-03 1.238059841495368300e-03
1.950000000000073186e+01 1.771960036872709254e-03 1.273787511584943861e-03
1.960000000000073328e+01 1.843623793218075388e-03 1.311949615535120675e-03
1.970000000000073470e+01 1.916735909971253871e-03 1.352725192790183491e-03
1.980000000000073612e+01 1.991351458282752604e-03 1.396310107004632584e-03
1.990000000000073754e+01 2.067523520302566586e-03 1.442918796329419138e-03
2.000000000000073896e+01 2.145302235383696882e-03 1.492786215615302375e-03
2.010000000000074039e+01 2.224733619229755585e-03 1.546169989287951270e-03
2.020000000000074181e+01 2.305858106888171097e-03 1.603352794190082350e-03
2.030000000000074323e+01 2.388708759933678288e-03 1.664644991568292815e-03
2.040000000000074465e+01 2.473309065485951655e-03 1.730387526371414669e-03
2.050000000000074607e+01 2.559670239280503398e-03 1.800955109578466443e-03
2.060000000000074749e+01 2.647787926449478302e-03 1.876759694812771967e-03
2.070000000000074891e+01 2.737638171411765561e-03 1.958254253174562028e-03
2.080000000000075033e+01 2.829172501613907986e-03 2.045936838775571504e-03
2.090000000000075175e+01 2.922311938343255880e-03 2.140354920414783146e-03
2.100000000000075318e+01 3.016939710728248555e-03 2.242109929910506179e-03
2.110000000000075460e+01 3.112892406038146598e-03 2.351861941990481073e-03
2.120000000000075602e+01 3.209949240436481624e-03 2.470334350531568426e-03
2.130000000000075744e+01 3.307819079889142214e-03 2.598318336189347263e-03
2.140000000000075886e+01 3.406124782808521087e-03 2.736676824741760515e-03
2.150000000000076028e+01 3.504384377493882652e-03 2.886347505316407686e-03
2.160000000000076170e+01 3.601988534862026609e-03 3.048344302875371625e-03
2.170000000000076312e+01 3.698173760915877961e-03 3.223756467517643887e-03
2.180000000000076454e+01 3.791990730760847958e-03 3.413744139947306588e-03
2.190000000000076597e+01 3.882267243272102125e-03 3.619528863158190651e-03
2.200000000000076739e+01 3.967565432041820009e-03 3.842377021375879050e-03
2.210000000000076881e+01 4.046133181332984587e-03 4.083573591581472241e-03
2.220000000000077023e+01 4.115850245359586705e-03 4.344382897782153238e-03
2.230000000000077165e+01 4.174170461886710787e-03 4.625992298437722229e-03
2.240000000000077307e+01 4.218062820865193380e-03 4.929433997491305258e-03
2.250000000000077449e+01 4.243956147973438307e-03 5.255479611977481244e-03
2.260000000000077591e+01 4.247694937088805633e-03 5.604502036123744542e-03
2.270000000000077733e+01 4.224517496981522457e-03 5.976299957455907114e-03
2.280000000000077875e+01 4.169071981907247239e-03 6.369882744166380749e-03
2.290000000000078018e+01 4.075490639067268911e-03 6.783218161043680708e-03
2.300000000000078160e+01 3.937546759185913889e-03 7.212953382995110699e-03
2.310000000000078302e+01 3.748920595043848600e-03 7.654131740162678325e-03
2.320000000000078444e+01 3.503597223284435000e-03 8.099943441395350899e-03
2.330000000000078586e+01 3.196407564337677351e-03 8.541566444341954292e-03
2.340000000000078728e+01 2.823700344058925615e-03 8.968169352859918161e-03
2.350000000000078870e+01 2.384096573717017081e-03 9.367154329895247336e-03
2.360000000000079012e+01 1.879232848972461553e-03 9.724704954566730161e-03
2.370000000000079154e+01 1.314356391158609874e-03 1.002666331844287093e-02
2.380000000000079297e+01 6.986114457781991000e-04 1.025969101274045586e-02
2.390000000000079439e+01 4.487371257249489487e-05 1.041258172125283411e-02
2.400000000000079581e+01 -6.309411520302073140e-04 1.047751563203131765e-02
2.410000000000079723e+01 -1.311055306522217537e-03 1.045101227178392087e-02
2.420000000000079865e+01 -1.977327550972135181e-03 1.033437433633586748e-02
2.430000000000080007e+01 -2.612816749480167608e-03 1.013352005927798880e-02
2.440000000000080149e+01 -3.203134330905459126e-03 9.858243229807720637e-03
2.450000000000080291e+01 -3.737371733306691160e-03 9.521067391655872042e-03
2.460000000000080433e+01 -4.208504295510735738e-03 9.135930474288843015e-03
2.470000000000080576e+01 -4.613297472296240889e-03 8.716932501268408878e-03
2.480000000000080718e+01 -4.951833437981070785e-03 8.277317463409764736e-03
2.490000000000080860e+01 -5.226816705701853305e-03 7.828773759536233195e-03
2.500000000000081002e+01 -5.442810304197378407e-03 7.381057621704235731e-03
2.510000000000081144e+01 -5.605517317027221280e-03 6.941889497765269673e-03
2.520000000000081286e+01 -5.721176339729414431e-03 6.517048426619354538e-03
2.530000000000081428e+01 -5.796098183198193990e-03 6.110587978183497533e-03
2.540000000000081570e+01 -5.836341771072924359e-03 5.725109727102716504e-03
2.550000000000081712e+01 -5.847510387904528151e-03 5.362047857950696592e-03
2.560000000000081855e+01 -5.834642698803021651e-03 5.021935631460347493e-03
2.570000000000081997e+01 -5.802172801981192798e-03 4.704638261616717575e-03
2.580000000000082139e+01 -5.753936913464617608e-03 4.409546526424258650e-03
2.590000000000082281e+01 -5.693208929652969139e-03 4.135731567850230508e-03
2.600000000000082423e+01 -5.622751761689932098e-03 3.882064678733397785e-03
2.610000000000082565e+01 -5.544875347562119167e-03 3.647307309145487661e-03
2.620000000000082707e+01 -5.461495412196901850e-03 3.430176782066588631e-03
2.630000000000082849e+01 -5.374189384759149590e-03 3.229392820297828995e-03
2.640000000000082991e+01 -5.284247521604824166e-03 3.043709303894259928e-03
2.650000000000083134e+01 -5.192718376885998785e-03 2.871934912288808331e-03
2.660000000000083276e+01 -5.100448454982645791e-03 2.712945573857659769e-03
2.670000000000083418e+01 -5.008116289064718299e-03 2.565691001996627842e-03
2.680000000000083560e+01 -4.916261410166031243e-03 2.429197059143383460e-03
2.690000000000083702e+01 -4.825308768125311995e-03 2.302565256507198201e-03
2.700000000000083844e+01 -4.735589186630900088e-03 2.184970356339281487e-03
2.710000000000083986e+01 -4.647356411348405048e-03 2.075656780911459137e-03
2.720000000000084128e+01 -4.560801263425126942e-03 1.973934332978620910e-03
2.730000000000084270e+01 -4.476063353928420169e-03 1.879173583326404582e-03
2.740000000000084412e+01 -4.393240755890403734e-03 1.790801170608479452e-03
2.750000000000084555e+01 -4.312397974178629190e-03 1.708295177891214862e-03
2.760000000000084697e+01 -4.233572501856151804e-03 1.631180691957422220e-03
2.770000000000084839e+01 -4.156780205880944781e-03 1.559025609634460876e-03
2.780000000000084981e+01 -4.082019745259310092e-03 1.491436726035090619e-03
2.790000000000085123e+01 -4.009276190735426570e-03 1.428056119232070644e-03
2.800000000000085265e+01 -3.938523986264671692e-03 1.368557832080240710e-03
2.810000000000085407e+01 -3.869729368361086996e-03 1.312644842889127382e-03
2.820000000000085549e+01 -3.802852339174390625e-03 1.260046310955128526e-03
2.830000000000085691e+01 -3.737848272391283352e-03 1.210515079711536098e-03
2.840000000000085834e+01 -3.674669217151713477e-03 1.163825418640133686e-03
2.850000000000085976e+01 -3.613264953662700604e-03 1.119770984593982050e-03
2.860000000000086118e+01 -3.553583844749330298e-03 1.078162983480768743e-03
2.870000000000086260e+01 -3.495573519743319646e-03 1.038828513988585738e-03
2.880000000000086402e+01 -3.439181420702996234e-03 1.001609076099505046e-03
2.890000000000086544e+01 -3.384355235667766901e-03 9.663592283388232947e-04
2.900000000000086686e+01 -3.331043239280156998e-03 9.329453789651412973e-04
2.910000000000086828e+01 -3.279194557554895514e-03 9.012446975968926247e-04
2.920000000000086970e+01 -3.228759370598487111e-03 8.711441349866205341e-04
2.930000000000087113e+01 -3.179689064672993823e-03 8.425395398378679890e-04
2.940000000000087255e+01 -3.131936342996974668e-03 8.153348626531809005e-04
2.950000000000087397e+01 -3.085455303012662673e-03 7.894414376039943747e-04
2.960000000000087539e+01 -3.040201486513779972e-03 7.647773343533687896e-04
2.970000000000087681e+01 -2.996131907882291015e-03 7.412667725901082904e-04
2.980000000000087823e+01 -2.953205064772104760e-03 7.188395928034295879e-04
2.990000000000087965e+01 -2.911380934811753918e-03 6.974307775123907019e-04
3.000000000000088107e+01 -2.870620961252453446e-03 6.769800177732500888e-04
3.010000000000088249e+01 -2.830888029986660878e-03 6.574313203509961519e-04
3.020000000000088392e+01 -2.792146439908492137e-03 6.387326514234612168e-04
3.030000000000088534e+01 -2.754361868243399361e-03 6.208356131340466008e-04
3.040000000000088676e+01 -2.717501332177614179e-03 6.036951497012028357e-04
3.050000000000088818e+01 -2.681533147860997585e-03 5.872692801372290244e-04
3.060000000000088960e+01 -2.646426887673096820e-03 5.715188549497145654e-04
3.070000000000089102e+01 -2.612153336455685232e-03 5.564073344676597052e-04
3.080000000000089244e+01 -2.578684447288273618e-03 5.419005866871910151e-04
3.090000000000089386e+01 -2.545993297267965319e-03 5.279667027513761275e-04
3.100000000000089528e+01 -2.514054043649556133e-03 5.145758283700382256e-04
3.110000000000089670e+01 -2.482841880640669283e-03 5.017000096673429870e-04
3.120000000000089813e+01 -2.452332997065426526e-03 4.893130520932626555e-04
3.130000000000089955e+01 -2.422504535068205692e-03 4.773903911783352293e-04
3.140000000000090097e+01 -2.393334549984920887e-03 4.659089740344442049e-04
3.150000000000090239e+01 -2.364801971464346175e-03 4.548471506109831347e-04
3.160000000000090381e+01 -2.336886565908087576e-03 4.441845738203243472e-04
3.170000000000090523e+01 -2.309568900259347662e-03 4.339021077286619359e-04
3.180000000000090665e+01 -2.282830307161151998e-03 4.239817430908645354e-04
3.190000000000090807e+01 -2.256652851489121883e-03 4.144065195781597151e-04
