-3.200000000000000000e+01 1.285571998386333438e-02 2.720704815008328625e-03
-3.189999999999999858e+01 1.302655723848961458e-02 2.788354152865404629e-03
-3.179999999999999716e+01 1.320134555327188465e-02 2.858501757629216145e-03
-3.169999999999999574e+01 1.338021508238941559e-02 2.931270553717540278e-03
-3.159999999999999432e+01 1.356330134796231331e-02 3.006791014262397664e-03
-3.149999999999999289e+01 1.375074548760013907e-02 3.085201715484932675e-03
-3.139999999999999147e+01 1.394269451245081469e-02 3.166649938286791258e-03
-3.129999999999999005e+01 1.413930157586359287e-02 3.251292321632515137e-03
-3.119999999999998863e+01 1.434072625262925761e-02 3.339295572762944649e-03
-3.109999999999998721e+01 1.454713482863943461e-02 3.430837239822862473e-03
-3.099999999999998579e+01 1.475870060072435701e-02 3.526106553123766613e-03
-3.089999999999998437e+01 1.497560418614593200e-02 3.625305341900596483e-03
-3.079999999999998295e+01 1.519803384109984397e-02 3.728649034228297826e-03
-3.069999999999998153e+01 1.542618578724214498e-02 3.836367748590838438e-03
-3.059999999999998010e+01 1.566026454491562317e-02 3.948707486549605378e-03
-3.049999999999997868e+01 1.590048327141477952e-02 4.065931437065906096e-03
-3.039999999999997726e+01 1.614706410201662695e-02 4.188321404182598906e-03
-3.029999999999997584e+01 1.640023849101407416e-02 4.316179371175106992e-03
-3.019999999999997442e+01 1.666024754918402073e-02 4.449829215764996779e-03
-3.009999999999997300e+01 1.692734237322983046e-02 4.589618592688710780e-03
-2.999999999999997158e+01 1.720178436174739714e-02 4.735921001869824315e-03
-2.989999999999997016e+01 1.748384551083590616e-02 4.889138062525163336e-03
-2.979999999999996874e+01 1.777380868103592762e-02 5.049702016015484608e-03
-2.969999999999996732e+01 1.807196782529858076e-02 5.218078482918353869e-03
-2.959999999999996589e+01 1.837862816539327648e-02 5.394769502835948874e-03
-2.949999999999996447e+01 1.869410630148747587e-02 5.580316888913089933e-03
-2.939999999999996305e+01 1.901873023613717337e-02 5.775305932775249076e-03
-2.929999999999996163e+01 1.935283929003074610e-02 5.980369499951649660e-03
-2.919999999999996021e+01 1.969678388184132461e-02 6.196192560563244800e-03
-2.909999999999995879e+01 2.005092513861590070e-02 6.423517205357543586e-03
-2.899999999999995737e+01 2.041563429607194669e-02 6.663148203134622652e-03
-2.889999999999995595e+01 2.079129183932015498e-02 6.915959162016785573e-03
-2.879999999999995453e+01 2.117828632418344154e-02 7.182899364287999473e-03
-2.869999999999995310e+01 2.157701280641690159e-02 7.465001352288451637e-03
-2.859999999999995168e+01 2.198787079064734584e-02 7.763389351313688090e-03
-2.849999999999995026e+01 2.241126159218970182e-02 8.079288624626451698e-03
-2.839999999999994884e+01 2.284758498188174322e-02 8.414035865101069170e-03
-2.829999999999994742e+01 2.329723495655765947e-02 8.769090738004917812e-03
-2.819999999999994600e+01 2.376059444396918727e-02 9.146048699154344166e-03
-2.809999999999994458e+01 2.423802871001567993e-02 9.546655221989325604e-03
-2.799999999999994316e+01 2.472987718654726108e-02 9.972821575340254374e-03
-2.789999999999994174e+01 2.523644337735231682e-02 1.042664229933264533e-02
-2.779999999999994031e+01 2.575798242683517703e-02 1.091041452919225101e-02
-2.769999999999993889e+01 2.629468584683465615e-02 1.142665931289081616e-02
-2.759999999999993747e+01 2.684666278942225703e-02 1.197814505607706567e-02
-2.749999999999993605e+01 2.741391712378261902e-02 1.256791320257497936e-02
-2.739999999999993463e+01 2.799631941869109089e-02 1.319930621466598904e-02
-2.729999999999993321e+01 2.859357274511147018e-02 1.387599784762826895e-02
-2.719999999999993179e+01 2.920517099028354865e-02 1.460202560614587419e-02
-2.709999999999993037e+01 2.983034811127066588e-02 1.538182511256414205e-02
-2.699999999999992895e+01 3.046801644838726883e-02 1.622026588959929808e-02
-2.689999999999992752e+01 3.111669186436839124e-02 1.712268773670249170e-02
-2.679999999999992610e+01 3.177440307609667725e-02 1.809493642754310058e-02
-2.669999999999992468e+01 3.243858210879067838e-02 1.914339683082012800e-02
-2.659999999999992326e+01 3.310593234681445673e-02 2.027502070217812244e-02
-2.649999999999992184e+01 3.377227021613170982e-02 2.149734524045068124e-02
-2.639999999999992042e+01 3.443233617212291403e-02 2.281849695823573790e-02
-2.629999999999991900e+01 3.507957048645865550e-02 2.424717338387123375e-02
-2.619999999999991758e+01 3.570584948834935879e-02 2.579259247322171489e-02
-2.609999999999991616e+01 3.630117866603285726e-02 2.746439625321680025e-02
-2.599999999999991473e+01 3.685334073766777241e-02 2.927249105798776507e-02
-2.589999999999991331e+01 3.734749997506475044e-02 3.122680173660204866e-02
-2.579999999999991189e+01 3.776576942088404054e-02 3.333691155046896587e-02
-2.569999999999991047e+01 3.808675610351058838e-02 3.561155355680956092e-02
-2.559999999999990905e+01 3.828511204106604254e-02 3.805791399122378238e-02
-2.549999999999990763e+01 3.833113692844261622e-02 4.068070515970673845e-02
-2.539999999999990621e+01 3.819050289217713889e-02 4.348096734308987132e-02
-2.529999999999990479e+01 3.782420274902430907e-02 4.645457031962456351e-02
-2.519999999999990337e+01 3.718885918004537217e-02 4.959041098109518569e-02
-2.509999999999990195e+01 3.623756819351837272e-02 5.286835098130261701e-02
-2.499999999999990052e+01 3.492147608373448453e-02 5.625701399562442473e-02
-2.489999999999989910e+01 3.319228785992141967e-02 5.971166913409905325e-02
-2.479999999999989768e+01 3.100585298491365799e-02 6.317255964420984138e-02
-2.469999999999989626e+01 2.832684430688721389e-02 6.656417247927567948e-02
-2.459999999999989484e+01 2.513431867343904336e-02 6.979604025655720967e-02
-2.449999999999989342e+01 2.142762863389412187e-02 7.276565580354796281e-02
-2.439999999999989200e+01 1.723179668237354370e-02 7.536388648385128342e-02
-2.429999999999989058e+01 1.260117916436801974e-02 7.748285411768274233e-02
-2.419999999999988916e+01 7.620192130589103358e-03 7.902562725072714844e-02
-2.409999999999988773e+01 2.400185360558125883e-03 7.991640161664646802e-02
-2.399999999999988631e+01 -2.927735718470745457e-03 8.010936820837932792e-02
-2.389999999999988489e+01 -8.223177890318688482e-03 7.959444046189539934e-02
-2.379999999999988347e+01 -1.334856046458545407e-02 7.839855165749073929e-02
-2.369999999999988205e+01 -1.818071564408382801e-02 7.658221983398948163e-02
-2.359999999999988063e+01 -2.262000404580127161e-02 7.423217320168482014e-02
-2.349999999999987921e+01 -2.659566664174140699e-02 7.145164145917407006e-02
-2.339999999999987779e+01 -3.006710621580595266e-02 6.835019680886973703e-02
-2.329999999999987637e+01 -3.302167075336401997e-02 6.503476834435124865e-02
-2.319999999999987494e+01 -3.547004805069543798e-02 6.160285364773143701e-02
-2.309999999999987352e+01 -3.744051286522022404e-02 5.813827857578748870e-02
-2.299999999999987210e+01 -3.897308752910789986e-02 5.470931720067386678e-02
-2.289999999999987068e+01 -4.011434122445941414e-02 5.136866938097028878e-02
-2.279999999999986926e+01 -4.091320269889865691e-02 4.815469236374583795e-02
-2.269999999999986784e+01 -4.141788097201330732e-02 4.509333008778564078e-02
-2.259999999999986642e+01 -4.167380723390764347e-02 4.220030546650446052e-02
-2.249999999999986500e+01 -4.172242011548505519e-02 3.948327963481702840e-02
-2.239999999999986358e+01 -4.160059105038023397e-02 3.694380452914429458e-02
-2.229999999999986215e+01 -4.134050021408017250e-02 3.457898777413657282e-02
-2.219999999999986073e+01 -4.096980567064463508e-02 3.238285085752808101e-02
-2.209999999999985931e+01 -4.051198522351372178e-02 3.034739824520700166e-02
-2.199999999999985789e+01 -3.998676455521636003e-02 2.846343338311049104e-02
-2.189999999999985647e+01 -3.941057334545353813e-02 2.672116384495756489e-02
-2.179999999999985505e+01 -3.879699252791694170e-02 2.511063716460396403e-02
-2.169999999999985363e+01 -3.815717131896941006e-02 2.362204457714843844e-02
-2.159999999999985221e+01 -3.750020325240548125e-02 2.224592416590489424e-02
-2.149999999999985079e+01 -3.683345736351370525e-02 2.097328903211864368e-02
-2.139999999999984936e+01 -3.616286491928488722e-02 1.979570072403455047e-02
-2.129999999999984794e+01 -3.549316451486802387e-02 1.870530355130091069e-02
-2.119999999999984652e+01 -3.482810956785681311e-02 1.769483162593220305e-02
-2.109999999999984510e+01 -3.417064268537543803e-02 1.675759745804521889e-02
-2.099999999999984368e+01 -3.352304135856112866e-02 1.588746858782569271e-02
-2.089999999999984226e+01 -3.288703916002813643e-02 1.507883694103527399e-02
-2.079999999999984084e+01 -3.226392621305475966e-02 1.432658424251450659e-02
-2.069999999999983942e+01 -3.165463224833485467e-02 1.362604581478245140e-02
-2.059999999999983800e+01 -3.105979511426319034e-02 1.297297434803562112e-02
-2.049999999999983658e+01 -3.047981718532543141e-02 1.236350468798924629e-02
-2.039999999999983515e+01 -2.991491173421669328e-02 1.179412030017569502e-02
-2.029999999999983373e+01 -2.936514100048821102e-02 1.126162179367953299e-02
-2.019999999999983231e+01 -2.883044740136455134e-02 1.076309769437793634e-02
-2.009999999999983089e+01 -2.831067908637024261e-02 1.029589752584910735e-02
-1.999999999999982947e+01 -2.780561083113455498e-02 9.857607167489082500e-03
-1.989999999999982805e+01 -2.731496109344956277e-02 9.446026402696899860e-03
-1.979999999999982663e+01 -2.683840591098836034e-02 9.059148535456822485e-03
-1.969999999999982521e+01 -2.637559020074749586e-02 8.695141934684798291e-03
-1.959999999999982379e+01 -2.592613692192131253e-02 8.352333357894278429e-03
-1.949999999999982236e+01 -2.548965448226861441e-02 8.029192904812330195e-03
-1.939999999999982094e+01 -2.506574270108272509e-02 7.724320455768060242e-03
-1.929999999999981952e+01 -2.465399758659936325e-02 7.436433456705675987e-03
-1.919999999999981810e+01 -2.425401514005218889e-02 7.164355921351043058e-03
-1.909999999999981668e+01 -2.386539436136529690e-02 6.907008530837451324e-03
-1.899999999999981526e+01 -2.348773960045809697e-02 6.663399720823741379e-03
-1.889999999999981384e+01 -2.312066237292242574e-02 6.432617655975504667e-03
-1.879999999999981242e+01 -2.276378273795435364e-02 6.213823001017809364e-03
-1.869999999999981100e+01 -2.241673031911812705e-02 6.006242406300911496e-03
-1.859999999999980957e+01 -2.207914503454169730e-02 5.809162634117729339e-03
-1.849999999999980815e+01 -2.175067759128357023e-02 5.621925259420143192e-03
-1.839999999999980673e+01 -2.143098978909640032e-02 5.443921885519600358e-03
-1.829999999999980531e+01 -2.111975467085592736e-02 5.274589821575650928e-03
-1.819999999999980389e+01 -2.081665655025796702e-02 5.113408174240616569e-03
-1.809999999999980247e+01 -2.052139094212181852e-02 4.959894310973508511e-03
-1.799999999999980105e+01 -2.023366441599537199e-02 4.813600656981922334e-03
-1.789999999999979963e+01 -1.995319439015059287e-02 4.674111791865338816e-03
-1.779999999999979821e+01 -1.967970887998482174e-02 4.541041815653050311e-03
-1.769999999999979678e+01 -1.941294621221560657e-02 4.414031957121111217e-03
-1.759999999999979536e+01 -1.915265471429706753e-02 4.292748400226891435e-03
-1.749999999999979394e+01 -1.889859238660660315e-02 4.176880306999804053e-03
-1.739999999999979252e+01 -1.865052656360193309e-02 4.066138017559743981e-03
-1.729999999999979110e+01 -1.840823356895285659e-02 3.960251409967977670e-03
-1.719999999999978968e+01 -1.817149836858972592e-02 3.858968404394543840e-03
-1.709999999999978826e+01 -1.794011422492157448e-02 3.762053597757474173e-03
-1.699999999999978684e+01 -1.771388235468145111e-02 3.669287016372610108e-03
-1.689999999999978542e+01 -1.749261159238250235e-02 3.580462975470427925e-03
-1.679999999999978400e+01 -1.727611806090812926e-02 3.495389035575473778e-03
-1.669999999999978257e+01 -1.706422485031524466e-02 3.413885046735185350e-03
-1.659999999999978115e+01 -1.685676170573364996e-02 3.335782272538695414e-03
-1.649999999999977973e+01 -1.665356472488294451e-02 3.260922586633741883e-03
-1.639999999999977831e+01 -1.645447606559490711e-02 3.189157735203471643e-03
-1.629999999999977689e+01 -1.625934366356023009e-02 3.120348659510726631e-03
-1.619999999999977547e+01 -1.606802096032165783e-02 3.054364873174949396e-03
-1.609999999999977405e+01 -1.588036664152853161e-02 2.991083889402271732e-03
-1.599999999999977263e+01 -1.569624438528313681e-02 2.930390693819041881e-03
-1.589999999999977121e+01 -1.551552262040601683e-02 2.872177258999413993e-03
-1.579999999999976978e+01 -1.533807429439260940e-02 2.816342097150275128e-03
-1.569999999999976836e+01 -1.516377665073712078e-02 2.762789847735021807e-03
-1.559999999999976694e+01 -1.499251101536035538e-02 2.711430897149632712e-03
-1.549999999999976552e+01 -1.482416259176709723e-02 2.662181027807869731e-03
-1.539999999999976410e+01 -1.465862026460209785e-02 2.614961094256485711e-03
-1.529999999999976268e+01 -1.449577641126223448e-02 2.569696724160987038e-03
-1.519999999999976126e+01 -1.433552672116590772e-02 2.526318042187359128e-03
-1.509999999999975984e+01 -1.417777002236246184e-02 2.484759415009462572e-03
-1.499999999999975842e+01 -1.402240811508378808e-02 2.444959215811593443e-03
-1.489999999999975699e+01 -1.386934561189707982e-02 2.406859606818678114e-03
-1.479999999999975557e+01 -1.371848978412140360e-02 2.370406338519428883e-03
-1.469999999999975415e+01 -1.356975041412949480e-02 2.335548564357503663e-03
-1.459999999999975273e+01 -1.342303965324021485e-02 2.302238669795622032e-03
-1.449999999999975131e+01 -1.327827188483957609e-02 2.270432114739423437e-03
-1.439999999999974989e+01 -1.313536359242555886e-02 2.240087288412029049e-03
-1.429999999999974847e+01 -1.299423323227947256e-02 2.211165375853064996e-03
-1.419999999999974705e+01 -1.285480111043038956e-02 2.183630235283249687e-03
-1.409999999999974563e+01 -1.271698926365941867e-02 2.157448285661385783e-03
-1.399999999999974420e+01 -1.258072134422818893e-02 2.132588403810265973e-03
-1.389999999999974278e+01 -1.244592250806947353e-02 2.109021830557432711e-03
-1.379999999999974136e+01 -1.231251930618498976e-02 2.086722085390809497e-03
-1.369999999999973994e+01 -1.218043957895995240e-02 2.065664889172925001e-03
-1.359999999999973852e+01 -1.204961235317878257e-02 2.045828094516744227e-03
-1.349999999999973710e+01 -1.191996774146543252e-02 2.027191623458702002e-03
-1.339999999999973568e+01 -1.179143684392100835e-02 2.009737412113538763e-03
-1.329999999999973426e+01 -1.166395165173578219e-02 1.993449362033650023e-03
-1.319999999999973284e+01 -1.153744495251703139e-02 1.978313298027057666e-03
-1.309999999999973141e+01 -1.141185023714279094e-02 1.964316932231834935e-03
-1.299999999999972999e+01 -1.128710160789112016e-02 1.951449834269758810e-03
-1.289999999999972857e+01 -1.116313368763889417e-02 1.939703407339531550e-03
-1.279999999999972715e+01 -1.103988152992542784e-02 1.929070870140481547e-03
-1.269999999999972573e+01 -1.091728052964197060e-02 1.919547244543081278e-03
-1.259999999999972431e+01 -1.079526633416160938e-02 1.911129348962011323e-03
-1.249999999999972289e+01 -1.067377475468272996e-02 1.903815797403659270e-03
-1.239999999999972147e+01 -1.055274167757429618e-02 1.897607004202120796e-03
-1.229999999999972005e+01 -1.043210297552894100e-02 1.892505194478878369e-03
-1.219999999999971863e+01 -1.031179441828945775e-02 1.888514420392999049e-03
-1.209999999999971720e+01 -1.019175158274524678e-02 1.885640583279767427e-03
-1.199999999999971578e+01 -1.007190976219369052e-02 1.883891461805945865e-03
-1.189999999999971436e+01 -9.952203874520625798e-03 1.883276746300858919e-03
-1.179999999999971294e+01 -9.832568369110235296e-03 1.883808079457095254e-03
-1.169999999999971152e+01 -9.712937132231421605e-03 1.885499103627803069e-03
-1.159999999999971010e+01 -9.593243390680555177e-03 1.888365514984938730e-03
-1.149999999999970868e+01 -9.473419613455970334e-03 1.892425124840330444e-03
-1.139999999999970726e+01 -9.353397411195150252e-03 1.897697928473227828e-03
-1.129999999999970584e+01 -9.233107433159557648e-03 1.904206181850099516e-03
-1.119999999999970441e+01 -9.112479261485034732e-03 1.911974486670524939e-03
-1.109999999999970299e+01 -8.991441302446442213e-03 1.921029884222211388e-03
-1.099999999999970157e+01 -8.869920674477598660e-03 1.931401958581282184e-03
-1.089999999999970015e+01 -8.747843092640435192e-03 1.943122949755203555e-03
-1.079999999999969873e+01 -8.625132749289578932e-03 1.956227877424572287e-03
-1.069999999999969731e+01 -8.501712190608006620e-03 1.970754676013433942e-03
-1.059999999999969589e+01 -8.377502188719652965e-03 1.986744341889798947e-03
-1.049999999999969447e+01 -8.252421609074616499e-03 2.004241093578983460e-03
-1.039999999999969305e+01 -8.126387272754397734e-03 2.023292545966864052e-03
-1.029999999999969162e+01 -7.999313813396708578e-03 2.043949899560327035e-03
-1.019999999999969020e+01 -7.871113528368108708e-03 2.066268145987712815e-03
-1.009999999999968878e+01 -7.741696223843616553e-03 2.090306291035314012e-03
-9.999999999999687361e+00 -7.610969053445229560e-03 2.116127596644703894e-03
-9.899999999999685940e+00 -7.478836350043475967e-03 2.143799843446662391e-03
-9.799999999999684519e+00 -7.345199450385322959e-03 2.173395615553459607e-03
-9.699999999999683098e+00 -7.209956512143879392e-03 2.204992609517814062e-03
-9.599999999999681677e+00 -7.073002323026142402e-03 2.238673969552125269e-03
-9.499999999999680256e+00 -6.934228101578121528e-03 2.274528651313521832e-03
-9.399999999999678835e+00 -6.793521289290914422e-03 2.312651816807407938e-03
-9.299999999999677414e+00 -6.650765333690984021e-03 2.353145263207494058e-03
-9.199999999999675993e+00 -6.505839462048329525e-03 2.396117888698133004e-03
-9.099999999999674571e+00 -6.358618445405844061e-03 2.441686198757266058e-03
-8.999999999999673150e+00 -6.208972352670996675e-03 2.489974856655753112e-03
-8.899999999999671729e+00 -6.056766294511517490e-03 2.541117282363221201e-03
-8.799999999999670308e+00 -5.901860156933006613e-03 2.595256304473116636e-03
-8.699999999999668887e+00 -5.744108324421522138e-03 2.652544870278911171e-03
-8.599999999999667466e+00 -5.583359392681584710e-03 2.713146819672863051e-03
-8.499999999999666045e+00 -5.419455871128062152e-03 2.777237729154711544e-03
-8.399999999999664624e+00 -5.252233875394675400e-03 2.845005832947932259e-03
-8.299999999999663203e+00 -5.081522810395887324e-03 2.916653028963609243e-03
-8.199999999999661782e+00 -4.907145044634866893e-03 2.992395978246977471e-03
-8.099999999999660361e+00 -4.728915576791996311e-03 3.072467307490910939e-03
-7.999999999999658939e+00 -4.546641695984683651e-03 3.157116925282638445e-03
-7.899999999999657518e+00 -4.360122637463735573e-03 3.246613463992326087e-03
-7.799999999999656097e+00 -4.169149236123763369e-03 3.341245860537381436e-03
-7.699999999999654676e+00 -3.973503580749257469e-03 3.441325090828972234e-03
-7.599999999999653255e+00 -3.772958672742875164e-03 3.547186074403620333e-03
-7.499999999999651834e+00 -3.567278094012082956e-03 3.659189767672692099e-03
-7.399999999999650413e+00 -3.356215689747643616e-03 3.777725466430544368e-03
-7.299999999999648992e+00 -3.139515273279352980e-03 3.903213340653446418e-03
-7.199999999999647571e+00 -2.916910361724686651e-03 4.036107227423011562e-03
-7.099999999999646150e+00 -2.688123953177967707e-03 4.176897710865101754e-03
-6.999999999999644729e+00 -2.452868358563793649e-03 4.326115521464526242e-03
-6.899999999999643308e+00 -2.210845104068055733e-03 4.484335291066092119e-03
-6.799999999999641886e+00 -1.961744923625829973e-03 4.652179704189523743e-03
-6.699999999999640465e+00 -1.705247864995595997e-03 4.830324091280814927e-03
-6.599999999999639044e+00 -1.441023538049916730e-03 5.019501514999724287e-03
-6.499999999999637623e+00 -1.168731539987970247e-03 5.220508406817305977e-03
-6.399999999999636202e+00 -8.880220994262194578e-04 5.434210818165386217e-03
-6.299999999999634781e+00 -5.985369903216894438e-04 5.661551357984644442e-03
-6.199999999999633360e+00 -2.999107772742176659e-04 5.903556897168125289e-03
-6.099999999999631939e+00 8.227533181588697619e-06 6.161347129803262934e-03
-5.999999999999630518e+00 3.262523449563611844e-04 6.436144091524938216e-03
-5.899999999999629097e+00 6.545387191646614977e-04 6.729282746766533652e-03
-5.799999999999627676e+00 9.934588827112678100e-04 7.042222768913329600e-03
-5.699999999999626255e+00 1.343377838271625491e-03 7.376561650717778501e-03
-5.599999999999624833e+00 1.704647881100709861e-03 7.734049296202210114e-03
-5.499999999999623412e+00 2.077601786756817781e-03 8.116604259648725617e-03
-5.399999999999621991e+00 2.462544383717221730e-03 8.526331811772369651e-03
-5.299999999999620570e+00 2.859742163652173597e-03 8.965544026676843664e-03
-5.199999999999619149e+00 3.269410508147926886e-03 9.436782095320261562e-03
-5.099999999999617728e+00 3.691698020474643016e-03 9.942841079817238761e-03
-4.999999999999616307e+00 4.126667341634408792e-03 1.048679732619774846e-02
-4.899999999999614886e+00 4.574271697450824070e-03 1.107203874827575839e-02
-4.799999999999613465e+00 5.034326262692158382e-03 1.170229817717734731e-02
-4.699999999999612044e+00 5.506473234467963718e-03 1.238168993481589958e-02
-4.599999999999610623e+00 5.990139273403610742e-03 1.311474972605959979e-02
-4.499999999999609201e+00 6.484483690927383970e-03 1.390647784280303612e-02
-4.399999999999607780e+00 6.988335427040776038e-03 1.476238551844941474e-02
-4.299999999999606359e+00 7.500116467224315908e-03 1.568854404180976964e-02
-4.199999999999604938e+00 8.017748884006054011e-03 1.669163590854308085e-02
-4.099999999999603517e+00 8.538542153123426792e-03 1.777900681738742508e-02
-3.999999999999602096e+00 9.059056787318081616e-03 1.895871665901737238e-02
-3.899999999999600675e+00 9.574939661972925453e-03 2.023958673308351788e-02
-3.799999999999599254e+00 1.008072569953331887e-02 2.163123917926525544e-02
-3.699999999999597833e+00 1.056959988293079689e-02 2.314412291745903891e-02
-3.599999999999596412e+00 1.103311296665991648e-02 2.478951812823487755e-02
-3.499999999999594991e+00 1.146084389107641932e-02 2.657950831334622913e-02
-3.399999999999593570e+00 1.184000200831127059e-02 2.852690508291564134e-02
-3.299999999999592148e+00 1.215496314589677163e-02 3.064510584014387695e-02
-3.199999999999590727e+00 1.238673578703122780e-02 3.294785832983146423e-02
-3.099999999999589306e+00 1.251235797964930785e-02 3.544889852506794697e-02
-2.999999999999587885e+00 1.250423303168536615e-02 3.816141969815791540e-02
-2.899999999999586464e+00 1.232942396339399560e-02 4.109732129317669735e-02
-2.799999999999585043e+00 1.194894473558583137e-02 4.426617758304909195e-02
-2.699999999999583622e+00 1.131711228901130517e-02 4.767386030637443817e-02
-2.599999999999582201e+00 1.038105903063062108e-02 5.132075032206657311e-02
-2.499999999999580780e+00 9.080551192677296934e-03 5.519948663166989594e-02
-2.399999999999579359e+00 7.348312667003864540e-03 5.929223508385857849e-02
-2.299999999999577938e+00 5.111110128753579285e-03 6.356752385119608662e-02
-2.199999999999576517e+00 2.291899831644336749e-03 6.797679869674044806e-02
-2.099999999999575095e+00 -1.186654289033847731e-03 7.245100435495710478e-02
-1.999999999999573674e+00 -5.397042031726181910e-03 7.689769356044307003e-02
-1.899999999999572253e+00 -1.040006952430984344e-02 8.119937451902714542e-02
-1.799999999999570832e+00 -1.623655898136797116e-02 8.521397024154579725e-02
-1.699999999999569411e+00 -2.291827942577476240e-02 8.877828329136307206e-02
-1.599999999999567990e+00 -3.041933746632313751e-02 9.171512397205665301e-02
-1.499999999999566569e+00 -3.866971449698401730e-02 9.384418677166175837e-02
-1.399999999999565148e+00 -4.755278628100282484e-02 9.499587189887448435e-02
-1.299999999999563727e+00 -5.690827892996291187e-02 9.502623868010379171e-02
-1.199999999999562306e+00 -6.654111993756593735e-02 9.383050334501787104e-02
-1.099999999999560885e+00 -7.623521886572377781e-02 9.135235664443355774e-02
-9.999999999995594635e-01 -8.576981792286092476e-02 8.758710755273718673e-02
-8.999999999995580424e-01 -9.493524851915914609e-02 8.257813315164909407e-02
-7.999999999995566213e-01 -1.035450945877825907e-01 7.640784310652139200e-02
-6.999999999995552002e-01 -1.114428756635436890e-01 6.918571017983564386e-02
-5.999999999995537792e-01 -1.185030014864760506e-01 6.103639558047488367e-02
-4.999999999995523581e-01 -1.246273085410991993e-01 5.209049935628154437e-02
-3.999999999995509370e-01 -1.297394495356636035e-01 4.247925408360844757e-02
-2.999999999995495159e-01 -1.337795191992133259e-01 3.233303398946957286e-02
-1.999999999995480948e-01 -1.367006202092123091e-01 2.178237535056012919e-02
-9.999999999954667373e-02 -1.384679121734235241e-01 1.095967544026216212e-02
4.547473508864641190e-13 -1.390595126566409878e-01 -1.215694211964546412e-14
1.000000000004561684e-01 -1.384679121734127549e-01 -1.095967544036141605e-02
2.000000000004575895e-01 -1.367006202091909373e-01 -2.178237535065752351e-02
3.000000000004590106e-01 -1.337795191991816013e-01 -3.233303398956388630e-02
4.000000000004604317e-01 -1.297394495356219146e-01 -4.247925408369845890e-02
5.000000000004618528e-01 -1.246273085410479903e-01 -5.209049935636617112e-02
6.000000000004632739e-01 -1.185030014864159598e-01 -6.103639558055276582e-02
7.000000000004646949e-01 -1.114428756634754797e-01 -6.918571017990571281e-02
8.000000000004661160e-01 -1.035450945877072898e-01 -7.640784310658246814e-02
9.000000000004675371e-01 -9.493524851907805817e-02 -8.257813315170008106e-02
1.000000000000468958e+00 -8.576981792277559025e-02 -8.758710755277718252e-02
1.100000000000470379e+00 -7.623521886563601468e-02 -9.135235664446200721e-02
1.200000000000471800e+00 -6.654111993747774401e-02 -9.383050334503452439e-02
1.300000000000473221e+00 -5.690827892987626591e-02 -9.502623868010892649e-02
1.400000000000474643e+00 -4.755278628091962057e-02 -9.499587189886890548e-02
1.500000000000476064e+00 -3.866971449690588536e-02 -9.384418677164660383e-02
1.600000000000477485e+00 -3.041933746625137547e-02 -9.171512397203333833e-02
1.700000000000478906e+00 -2.291827942571018906e-02 -8.877828329133319318e-02
1.800000000000480327e+00 -1.623655898131104447e-02 -8.521397024151108890e-02
1.900000000000481748e+00 -1.040006952426057729e-02 -8.119937451898910641e-02
2.000000000000483169e+00 -5.397042031684395891e-03 -7.689769356040307424e-02
2.100000000000484590e+00 -1.186654288999014484e-03 -7.245100435491635960e-02
2.200000000000486011e+00 2.291899831672855603e-03 -6.797679869669993880e-02
2.300000000000487432e+00 5.111110128776449879e-03 -6.356752385115650716e-02
2.400000000000488853e+00 7.348312667021794642e-03 -5.929223508382047009e-02
2.500000000000490274e+00 9.080551192690994311e-03 -5.519948663163361247e-02
2.600000000000491696e+00 1.038105903064069635e-02 -5.132075032203235743e-02
2.700000000000493117e+00 1.131711228901834121e-02 -4.767386030634235966e-02
2.800000000000494538e+00 1.194894473559036940e-02 -4.426617758301921307e-02
2.900000000000495959e+00 1.232942396339646585e-02 -4.109732129314894178e-02
3.000000000000497380e+00 1.250423303168612943e-02 -3.816141969813226925e-02
3.100000000000498801e+00 1.251235797964871110e-02 -3.544889852504426453e-02
3.200000000000500222e+00 1.238673578702954858e-02 -3.294785832980964141e-02
3.300000000000501643e+00 1.215496314589427362e-02 -3.064510584012379232e-02
3.400000000000503064e+00 1.184000200830807870e-02 -2.852690508289715959e-02
3.500000000000504485e+00 1.146084389107272783e-02 -2.657950831332926006e-02
3.600000000000505906e+00 1.103311296665585028e-02 -2.478951812821927198e-02
3.700000000000507328e+00 1.056959988292643926e-02 -2.314412291744469274e-02
3.800000000000508749e+00 1.008072569952879471e-02 -2.163123917925206807e-02
3.900000000000510170e+00 9.574939661968276394e-03 -2.023958673307137829e-02
4.000000000000511591e+00 9.059056787313377046e-03 -1.895871665900619382e-02
4.100000000000513012e+00 8.538542153118694467e-03 -1.777900681737713470e-02
4.200000000000514433e+00 8.017748884001349441e-03 -1.669163590853357457e-02
4.300000000000515854e+00 7.500116467219625216e-03 -1.568854404180100581e-02
4.400000000000517275e+00 6.988335427036126979e-03 -1.476238551844132399e-02
4.500000000000518696e+00 6.484483690922838994e-03 -1.390647784279555599e-02
4.600000000000520117e+00 5.990139273399162911e-03 -1.311474972605267825e-02
4.700000000000521538e+00 5.506473234463626909e-03 -1.238168993480947763e-02
4.800000000000522959e+00 5.034326262687925657e-03 -1.170229817717139895e-02
4.900000000000524381e+00 4.574271697446688489e-03 -1.107203874827024197e-02
5.000000000000525802e+00 4.126667341630411989e-03 -1.048679732619261715e-02
5.100000000000527223e+00 3.691698020470736419e-03 -9.942841079812473476e-03
5.200000000000528644e+00 3.269410508144138250e-03 -9.436782095315818936e-03
5.300000000000530065e+00 2.859742163648509861e-03 -8.965544026672709818e-03
5.400000000000531486e+00 2.462544383713648199e-03 -8.526331811768513361e-03
5.500000000000532907e+00 2.077601786753383029e-03 -8.116604259645127800e-03
5.600000000000534328e+00 1.704647881097372253e-03 -7.734049296198848220e-03
5.700000000000535749e+00 1.343377838268391966e-03 -7.376561650714633447e-03
5.800000000000537170e+00 9.934588827081383688e-04 -7.042222768910389244e-03
5.900000000000538591e+00 6.545387191616292011e-04 -6.729282746763777176e-03
6.000000000000540012e+00 3.262523449534260322e-04 -6.436144091522355212e-03
6.100000000000541434e+00 8.227533178764567801e-06 -6.161347129800841260e-03
6.200000000000542855e+00 -2.999107772769654678e-04 -5.903556897165861475e-03
6.300000000000544276e+00 -5.985369903243747958e-04 -5.661551357982507263e-03
6.400000000000545697e+00 -8.880220994288215430e-04 -5.434210818163379142e-03
6.500000000000547118e+00 -1.168731539990489066e-03 -5.220508406815422067e-03
6.600000000000548539e+00 -1.441023538052373099e-03 -5.019501514997949665e-03
6.700000000000549960e+00 -1.705247864997969098e-03 -4.830324091279146123e-03
6.800000000000551381e+00 -1.961744923628133686e-03 -4.652179704187950349e-03
6.900000000000552802e+00 -2.210845104070296996e-03 -4.484335291064608930e-03
7.000000000000554223e+00 -2.452868358565951645e-03 -4.326115521463126321e-03
7.100000000000555644e+00 -2.688123953180070191e-03 -4.176897710863785099e-03
7.200000000000557066e+00 -2.916910361726740564e-03 -4.036107227421767765e-03
7.300000000000558487e+00 -3.139515273281351382e-03 -3.903213340652273745e-03
7.400000000000559908e+00 -3.356215689749593445e-03 -3.777725466429437615e-03
7.500000000000561329e+00 -3.567278094013984213e-03 -3.659189767671643459e-03
7.600000000000562750e+00 -3.772958672744741726e-03 -3.547186074402628071e-03
7.700000000000564171e+00 -3.973503580751054642e-03 -3.441325090828037218e-03
7.800000000000565592e+00 -4.169149236125511970e-03 -3.341245860536494125e-03
7.900000000000567013e+00 -4.360122637465456419e-03 -3.246613463991489951e-03
8.000000000000568434e+00 -4.546641695986362863e-03 -3.157116925281843942e-03
8.100000000000569855e+00 -4.728915576793640829e-03 -3.072467307490162405e-03
8.200000000000571276e+00 -4.907145044636469777e-03 -2.992395978246270571e-03
8.300000000000572697e+00 -5.081522810397455514e-03 -2.916653028962937037e-03
8.400000000000574119e+00 -5.252233875396208895e-03 -2.845005832947299085e-03
8.500000000000575540e+00 -5.419455871129560953e-03 -2.777237729154115667e-03
8.600000000000576961e+00 -5.583359392683062694e-03 -2.713146819672298399e-03
8.700000000000578382e+00 -5.744108324422965428e-03 -2.652544870278374274e-03
8.800000000000579803e+00 -5.901860156934429086e-03 -2.595256304472610097e-03
8.900000000000581224e+00 -6.056766294512905269e-03 -2.541117282362744152e-03
9.000000000000582645e+00 -6.208972352672367107e-03 -2.489974856655301216e-03
9.100000000000584066e+00 -6.358618445407200614e-03 -2.441686198756840183e-03
9.200000000000585487e+00 -6.505839462049668731e-03 -2.396117888697730548e-03
9.300000000000586908e+00 -6.650765333692292003e-03 -2.353145263207115020e-03
9.400000000000588329e+00 -6.793521289292198118e-03 -2.312651816807052320e-03
9.500000000000589750e+00 -6.934228101579384407e-03 -2.274528651313187898e-03
9.600000000000591172e+00 -7.073002323027391403e-03 -2.238673969551809549e-03
9.700000000000592593e+00 -7.209956512145124924e-03 -2.204992609517518291e-03
9.800000000000594014e+00 -7.345199450386537265e-03 -2.173395615553182052e-03
9.900000000000595435e+00 -7.478836350044690273e-03 -2.143799843446402183e-03
1.000000000000059686e+01 -7.610969053446423049e-03 -2.116127596644461033e-03
1.010000000000059828e+01 -7.741696223844796165e-03 -2.090306291035087631e-03
1.020000000000059970e+01 -7.871113528369284851e-03 -2.066268145987501179e-03
1.030000000000060112e+01 -7.999313813397870843e-03 -2.043949899560131012e-03
1.040000000000060254e+01 -8.126387272755539182e-03 -2.023292545966684508e-03
1.050000000000060396e+01 -8.252421609075747538e-03 -2.004241093578816926e-03
1.060000000000060538e+01 -8.377502188720787474e-03 -1.986744341889646291e-03
1.070000000000060680e+01 -8.501712190609148068e-03 -1.970754676013294297e-03
1.080000000000060822e+01 -8.625132749290699563e-03 -1.956227877424447387e-03
1.090000000000060965e+01 -8.747843092641562762e-03 -1.943122949755088195e-03
1.100000000000061107e+01 -8.869920674478698475e-03 -1.931401958581183305e-03
1.110000000000061249e+01 -8.991441302447545497e-03 -1.921029884222124218e-03
1.120000000000061391e+01 -9.112479261486131077e-03 -1.911974486670447743e-03
1.130000000000061533e+01 -9.233107433160653993e-03 -1.904206181850035332e-03
1.140000000000061675e+01 -9.353397411196243127e-03 -1.897697928473172750e-03
1.150000000000061817e+01 -9.473419613457063210e-03 -1.892425124840286209e-03
1.160000000000061959e+01 -9.593243390681644583e-03 -1.888365514984907938e-03
1.170000000000062101e+01 -9.712937132232511012e-03 -1.885499103627783120e-03
1.180000000000062244e+01 -9.832568369111324702e-03 -1.883808079457084412e-03
1.190000000000062386e+01 -9.952203874521711735e-03 -1.883276746300858919e-03
1.200000000000062528e+01 -1.007190976219478340e-02 -1.883891461805956274e-03
1.210000000000062670e+01 -1.019175158274632925e-02 -1.885640583279789111e-03
1.220000000000062812e+01 -1.031179441829055757e-02 -1.888514420393030708e-03
1.230000000000062954e+01 -1.043210297553004429e-02 -1.892505194478919569e-03
1.240000000000063096e+01 -1.055274167757539946e-02 -1.897607004202172837e-03
1.250000000000063238e+01 -1.067377475468382977e-02 -1.903815797403720853e-03
1.260000000000063380e+01 -1.079526633416271961e-02 -1.911129348962082881e-03
1.270000000000063523e+01 -1.091728052964308429e-02 -1.919547244543163243e-03
1.280000000000063665e+01 -1.103988152992613908e-02 -1.929070870140219170e-03
1.290000000000063807e+01 -1.116313368764002348e-02 -1.939703407339633465e-03
1.300000000000063949e+01 -1.128710160789224946e-02 -1.951449834269870266e-03
1.310000000000064091e+01 -1.141185023714392718e-02 -1.964316932231957667e-03
1.320000000000064233e+01 -1.153744495251817458e-02 -1.978313298027189939e-03
1.330000000000064375e+01 -1.166395165173693578e-02 -1.993449362033793571e-03
1.340000000000064517e+01 -1.179143684392216715e-02 -2.009737412113690551e-03
1.350000000000064659e+01 -1.191996774146660693e-02 -2.027191623458865933e-03
1.360000000000064801e+01 -1.204961235317995698e-02 -2.045828094516919000e-03
1.370000000000064944e+01 -1.218043957896114762e-02 -2.065664889173110617e-03
1.380000000000065086e+01 -1.231251930618619192e-02 -2.086722085391006388e-03
1.390000000000065228e+01 -1.244592250807069478e-02 -2.109021830557640878e-03
1.400000000000065370e+01 -1.258072134422942058e-02 -2.132588403810486283e-03
1.410000000000065512e+01 -1.271698926366066247e-02 -2.157448285661616935e-03
1.420000000000065654e+01 -1.285480111043164723e-02 -2.183630235283494717e-03
1.430000000000065796e+01 -1.299423323228075453e-02 -2.211165375853322169e-03
1.440000000000065938e+01 -1.313536359242684255e-02 -2.240087288412298799e-03
1.450000000000066080e+01 -1.327827188484088233e-02 -2.270432114739706197e-03
1.460000000000066223e+01 -1.342303965324154018e-02 -2.302238669795918236e-03
1.470000000000066365e+01 -1.356975041413083748e-02 -2.335548564357814612e-03
1.480000000000066507e+01 -1.371848978412276709e-02 -2.370406338519754144e-03
1.490000000000066649e+01 -1.386934561189845198e-02 -2.406859606819017252e-03
1.500000000000066791e+01 -1.402240811508518627e-02 -2.444959215811947761e-03
1.510000000000066933e+01 -1.417777002236387911e-02 -2.484759415009831635e-03
1.520000000000067075e+01 -1.433552672116735274e-02 -2.526318042187744237e-03
1.530000000000067217e+01 -1.449577641126370380e-02 -2.569696724161389927e-03
1.540000000000067359e+01 -1.465862026460359145e-02 -2.614961094256906381e-03
1.550000000000067502e+01 -1.482416259176862032e-02 -2.662181027808308183e-03
1.560000000000067644e+01 -1.499251101536189582e-02 -2.711430897150091113e-03
1.570000000000067786e+01 -1.516377665073869244e-02 -2.762789847735498856e-03
1.580000000000067928e+01 -1.533807429439420535e-02 -2.816342097150772560e-03
1.590000000000068070e+01 -1.551552262040763880e-02 -2.872177258999932675e-03
1.600000000000068212e+01 -1.569624438528480215e-02 -2.930390693819583114e-03
1.610000000000068354e+01 -1.588036664153021776e-02 -2.991083889402835518e-03
1.620000000000068496e+01 -1.606802096032337868e-02 -3.054364873175537468e-03
1.630000000000068638e+01 -1.625934366356198563e-02 -3.120348659511338989e-03
1.640000000000068781e+01 -1.645447606559670081e-02 -3.189157735204110021e-03
1.650000000000068923e+01 -1.665356472488476944e-02 -3.260922586634409752e-03
1.660000000000069065e+01 -1.685676170573551652e-02 -3.335782272539390171e-03
1.670000000000069207e+01 -1.706422485031715286e-02 -3.413885046735910898e-03
1.680000000000069349e+01 -1.727611806091007909e-02 -3.495389035576230985e-03
1.690000000000069491e+01 -1.749261159238449728e-02 -3.580462975471217658e-03
1.700000000000069633e+01 -1.771388235468348768e-02 -3.669287016373435836e-03
1.710000000000069775e+01 -1.794011422492365268e-02 -3.762053597758335897e-03
1.720000000000069917e+01 -1.817149836859185616e-02 -3.858968404395446763e-03
1.730000000000070060e+01 -1.840823356895503540e-02 -3.960251409968917023e-03
1.740000000000070202e+01 -1.865052656360416394e-02 -4.066138017560730171e-03
1.750000000000070344e+01 -1.889859238660888605e-02 -4.176880307000832744e-03
1.760000000000070486e+01 -1.915265471429939900e-02 -4.292748400227969566e-03
1.770000000000070628e+01 -1.941294621221800396e-02 -4.414031957122241390e-03
1.780000000000070770e+01 -1.967970887998728505e-02 -4.541041815654231657e-03
1.790000000000070912e+01 -1.995319439015311169e-02 -4.674111791866577409e-03
1.800000000000071054e+01 -2.023366441599795326e-02 -4.813600656983222509e-03
1.810000000000071196e+01 -2.052139094212446918e-02 -4.959894310974871136e-03
1.820000000000071338e+01 -2.081665655026069053e-02 -5.113408174242047716e-03
1.830000000000071481e+01 -2.111975467085872027e-02 -5.274589821577154065e-03
1.840000000000071623e+01 -2.143098978909926608e-02 -5.443921885521179824e-03
1.850000000000071765e+01 -2.175067759128652273e-02 -5.621925259421804190e-03
1.860000000000071907e+01 -2.207914503454472960e-02 -5.809162634119476205e-03
1.870000000000072049e+01 -2.241673031912123915e-02 -6.006242406302750303e-03
1.880000000000072191e+01 -2.276378273795755594e-02 -6.213823001019747917e-03
1.890000000000072333e+01 -2.312066237292571477e-02 -6.432617655977548171e-03
1.900000000000072475e+01 -2.348773960046147968e-02 -6.663399720825896773e-03
1.910000000000072617e+01 -2.386539436136877676e-02 -6.907008530839728148e-03
1.920000000000072760e+01 -2.425401514005576589e-02 -7.164355921353448252e-03
1.930000000000072902e+01 -2.465399758660305474e-02 -7.436433456708219959e-03
1.940000000000073044e+01 -2.506574270108652414e-02 -7.724320455770755135e-03
1.950000000000073186e+01 -2.548965448227252795e-02 -8.029192904815185550e-03
1.960000000000073328e+01 -2.592613692192534403e-02 -8.352333357897303787e-03
1.970000000000073470e+01 -2.637559020075164531e-02 -8.695141934688010998e-03
1.980000000000073612e+01 -2.683840591099263123e-02 -9.059148535460236421e-03
1.990000000000073754e+01 -2.731496109345395856e-02 -9.446026402700527166e-03
2.000000000000073896e+01 -2.780561083113908261e-02 -9.857607167492945729e-03
2.010000000000074039e+01 -2.831067908637490207e-02 -1.029589752585322038e-02
2.020000000000074181e+01 -2.883044740136934958e-02 -1.076309769438232693e-02
2.030000000000074323e+01 -2.936514100049313764e-02 -1.126162179368421674e-02
2.040000000000074465e+01 -2.991491173422176214e-02 -1.179412030018069969e-02
2.050000000000074607e+01 -3.047981718533063211e-02 -1.236350468799460138e-02
2.060000000000074749e+01 -3.105979511426854023e-02 -1.297297434804135785e-02
2.070000000000074891e+01 -3.165463224834032946e-02 -1.362604581478860100e-02
2.080000000000075033e+01 -3.226392621306035935e-02 -1.432658424252110548e-02
2.090000000000075175e+01 -3.288703916003386796e-02 -1.507883694104236207e-02
2.100000000000075318e+01 -3.352304135856697120e-02 -1.588746858783331856e-02
2.110000000000075460e+01 -3.417064268538137772e-02 -1.675759745805343454e-02
2.120000000000075602e+01 -3.482810956786283607e-02 -1.769483162594105013e-02
2.130000000000075744e+01 -3.549316451487410234e-02 -1.870530355131045513e-02
2.140000000000075886e+01 -3.616286491929099345e-02 -1.979570072404486167e-02
2.150000000000076028e+01 -3.683345736351979760e-02 -2.097328903212977366e-02
2.160000000000076170e+01 -3.750020325241151115e-02 -2.224592416591692282e-02
2.170000000000076312e+01 -3.815717131897532199e-02 -2.362204457716144887e-02
2.180000000000076454e+01 -3.879699252792265934e-02 -2.511063716461803957e-02
2.190000000000076597e+01 -3.941057334545897128e-02 -2.672116384497279576e-02
2.200000000000076739e+01 -3.998676455522139073e-02 -2.846343338312697438e-02
2.210000000000076881e+01 -4.051198522351822512e-02 -3.034739824522480686e-02
2.220000000000077023e+01 -4.096980567064843759e-02 -3.238285085754730869e-02
2.230000000000077165e+01 -4.134050021408307296e-02 -3.457898777415731317e-02
2.240000000000077307e+01 -4.160059105038201033e-02 -3.694380452916658925e-02
2.250000000000077449e+01 -4.172242011548543683e-02 -3.948327963484092595e-02
2.260000000000077591e+01 -4.167380723390631814e-02 -4.220030546652997483e-02
2.270000000000077733e+01 -4.141788097200990726e-02 -4.509333008781274410e-02
2.280000000000077875e+01 -4.091320269889280742e-02 -4.815469236377441231e-02
2.290000000000078018e+01 -4.011434122445066419e-02 -5.136866938100013991e-02
2.300000000000078160e+01 -3.897308752909581231e-02 -5.470931720070471016e-02
2.310000000000078302e+01 -3.744051286520436866e-02 -5.813827857581893577e-02
2.320000000000078444e+01 -3.547004805067539845e-02 -6.160285364776291878e-02
2.330000000000078586e+01 -3.302167075333947710e-02 -6.503476834438208509e-02
2.340000000000078728e+01 -3.006710621577673298e-02 -6.835019680889907467e-02
2.350000000000078870e+01 -2.659566664170750008e-02 -7.145164145920097909e-02
2.360000000000079012e+01 -2.262000404576292034e-02 -7.423217320170832911e-02
2.370000000000079154e+01 -1.818071564404153545e-02 -7.658221983400859134e-02
2.380000000000079297e+01 -1.334856046453999738e-02 -7.839855165750454769e-02
2.390000000000079439e+01 -8.223177890271096344e-03 -7.959444046190324029e-02
2.400000000000079581e+01 -2.927735718422218303e-03 -8.010936820838081285e-02
2.410000000000079723e+01 2.400185360606300888e-03 -7.991640161664148589e-02
2.420000000000079865e+01 7.620192130635680683e-03 -7.902562725071599070e-02
2.430000000000080007e+01 1.260117916441187355e-02 -7.748285411766597797e-02
2.440000000000080149e+01 1.723179668241378582e-02 -7.536388648382964794e-02
2.450000000000080291e+01 2.142762863393011391e-02 -7.276565580352246931e-02
2.460000000000080433e+01 2.513431867347042797e-02 -6.979604025652882959e-02
2.470000000000080576e+01 2.832684430691390434e-02 -6.656417247924541203e-02
2.480000000000080718e+01 3.100585298493574449e-02 -6.317255964417854697e-02
2.490000000000080860e+01 3.319228785993916242e-02 -5.971166913406749516e-02
2.500000000000081002e+01 3.492147608374825130e-02 -5.625701399559322746e-02
2.510000000000081144e+01 3.623756819352859371e-02 -5.286835098127223853e-02
2.520000000000081286e+01 3.718885918005251229e-02 -4.959041098106598683e-02
2.530000000000081428e+01 3.782420274902879853e-02 -4.645457031959675243e-02
2.540000000000081570e+01 3.819050289217938710e-02 -4.348096734306360761e-02
2.550000000000081712e+01 3.833113692844297704e-02 -4.068070515968207068e-02
2.560000000000081855e+01 3.828511204106382904e-02 -3.805791399117770812e-02
2.570000000000081997e+01 3.808675610350820140e-02 -3.561155355678809892e-02
2.580000000000082139e+01 3.776576942088064048e-02 -3.333691155044903737e-02
2.590000000000082281e+01 3.734749997506058017e-02 -3.122680173658358774e-02
2.600000000000082423e+01 3.685334073766298457e-02 -2.927249105797066764e-02
2.610000000000082565e+01 3.630117866602762533e-02 -2.746439625320098998e-02
2.620000000000082707e+01 3.570584948834379380e-02 -2.579259247320709464e-02
2.630000000000082849e+01 3.507957048645286152e-02 -2.424717338385772719e-02
2.640000000000082991e+01 3.443233617211695352e-02 -2.281849695822324789e-02
2.650000000000083134e+01 3.377227021612567298e-02 -2.149734524043912798e-02
2.660000000000083276e+01 3.310593234680838520e-02 -2.027502070216743654e-02
2.670000000000083418e+01 3.243858210878461379e-02 -1.914339683081022619e-02
2.680000000000083560e+01 3.177440307609066816e-02 -1.809493642753392389e-02
2.690000000000083702e+01 3.111669186436245502e-02 -1.712268773669397073e-02
2.700000000000083844e+01 3.046801644838141240e-02 -1.622026588959138774e-02
2.710000000000083986e+01 2.983034811126492741e-02 -1.538182511255679202e-02
2.720000000000084128e+01 2.920517099027792815e-02 -1.460202560613903244e-02
2.730000000000084270e+01 2.859357274510597111e-02 -1.387599784762189557e-02
2.740000000000084412e+01 2.799631941868572019e-02 -1.319930621466004587e-02
2.750000000000084555e+01 2.741391712377739057e-02 -1.256791320256943345e-02
2.760000000000084697e+01 2.684666278941716736e-02 -1.197814505607187885e-02
2.770000000000084839e+01 2.629468584682969831e-02 -1.142665931288596587e-02
2.780000000000084981e+01 2.575798242683035796e-02 -1.091041452918770603e-02
2.790000000000085123e+01 2.523644337734764348e-02 -1.042664229932838832e-02
2.800000000000085265e+01 2.472987718654271611e-02 -9.972821575336257571e-03
2.810000000000085407e+01 2.423802871001127027e-02 -9.546655221985568193e-03
2.820000000000085549e+01 2.376059444396491291e-02 -9.146048699150814004e-03
2.830000000000085691e+01 2.329723495655351001e-02 -8.769090738001590613e-03
2.840000000000085834e+01 2.284758498187771519e-02 -8.414035865097936259e-03
2.850000000000085976e+01 2.241126159218579522e-02 -8.079288624623495729e-03
2.860000000000086118e+01 2.198787079064355721e-02 -7.763389351310896920e-03
2.870000000000086260e+01 2.157701280641322397e-02 -7.465001352285813123e-03
2.880000000000086402e+01 2.117828632417986801e-02 -7.182899364285504074e-03
2.890000000000086544e+01 2.079129183931668901e-02 -6.915959162014423747e-03
2.900000000000086686e+01 2.041563429606858132e-02 -6.663148203132385726e-03
2.910000000000086828e+01 2.005092513861262554e-02 -6.423517205355422019e-03
2.920000000000086970e+01 1.969678388183815354e-02 -6.196192560561232521e-03
2.930000000000087113e+01 1.935283929002765829e-02 -5.980369499949736260e-03
2.940000000000087255e+01 1.901873023613418270e-02 -5.775305932773430219e-03
2.950000000000087397e+01 1.869410630148456501e-02 -5.580316888911360414e-03
2.960000000000087539e+01 1.837862816539045582e-02 -5.394769502834302621e-03
2.970000000000087681e+01 1.807196782529583295e-02 -5.218078482916784812e-03
2.980000000000087823e+01 1.777380868103325268e-02 -5.049702016013987542e-03
2.990000000000087965e+01 1.748384551083331101e-02 -4.889138062523737394e-03
3.000000000000088107e+01 1.720178436174486444e-02 -4.735921001868462557e-03
3.010000000000088249e+01 1.692734237322737062e-02 -4.589618592687411472e-03
3.020000000000088392e+01 1.666024754918162334e-02 -4.449829215763752982e-03
3.030000000000088534e+01 1.640023849101174269e-02 -4.316179371173918707e-03
3.040000000000088676e+01 1.614706410201435099e-02 -4.188321404181460927e-03
3.050000000000088818e+01 1.590048327141256948e-02 -4.065931437064817557e-03
3.060000000000088960e+01 1.566026454491346517e-02 -3.948707486548562809e-03
3.070000000000089102e+01 1.542618578724004250e-02 -3.836367748589838370e-03
3.080000000000089244e+01 1.519803384109779353e-02 -3.728649034227338090e-03
3.090000000000089386e+01 1.497560418614392840e-02 -3.625305341899674912e-03
3.100000000000089528e+01 1.475870060072240891e-02 -3.526106553122881904e-03
3.110000000000089670e+01 1.454713482863753508e-02 -3.430837239822013326e-03
3.120000000000089813e+01 1.434072625262740666e-02 -3.339295572762129329e-03
3.130000000000089955e+01 1.413930157586178876e-02 -3.251292321631731042e-03
3.140000000000090097e+01 1.394269451244904701e-02 -3.166649938286036220e-03
3.150000000000090239e+01 1.375074548759841128e-02 -3.085201715484205826e-03
3.160000000000090381e+01 1.356330134796062716e-02 -3.006791014261697703e-03
3.170000000000090523e+01 1.338021508238776761e-02 -2.931270553716865904e-03
3.180000000000090665e+01 1.320134555327027309e-02 -2.858501757628566491e-03
3.190000000000090807e+01 1.302655723848804292e-02 -2.788354152864778394e-03
