-3.200000000000000000e+01 2.938231085088610552e-03 2.467409395093533029e-04
-3.189999999999999858e+01 2.983711447000807464e-03 2.533519267911165285e-04
-3.179999999999999716e+01 3.030406137283053226e-03 2.602218984285343010e-04
-3.169999999999999574e+01 3.078362396654961766e-03 2.673643876620624684e-04
-3.159999999999999432e+01 3.127629907671262630e-03 2.747938188088907088e-04
-3.149999999999999289e+01 3.178260953071234372e-03 2.825255784054663682e-04
-3.139999999999999147e+01 3.230310586511443271e-03 2.905760930500600795e-04
-3.129999999999999005e+01 3.283836816830159114e-03 2.989629146766930039e-04
-3.119999999999998863e+01 3.338900807096618819e-03 3.077048140799267949e-04
-3.109999999999998721e+01 3.395567089831467295e-03 3.168218836128129721e-04
-3.099999999999998579e+01 3.453903799952726377e-03 3.263356501006775805e-04
-3.089999999999998437e+01 3.513982927142892104e-03 3.362691991434838641e-04
-3.079999999999998295e+01 3.575880589550057241e-03 3.466473121378630317e-04
-3.069999999999998153e+01 3.639677330931790668e-03 3.574966175237781051e-04
-3.059999999999998010e+01 3.705458443589576545e-03 3.688457579635141879e-04
-3.049999999999997868e+01 3.773314319733042394e-03 3.807255753979866880e-04
-3.039999999999997726e+01 3.843340834187750337e-03 3.931693161898033059e-04
-3.029999999999997584e+01 3.915639761738851088e-03 4.062128588799781312e-04
-3.019999999999997442e+01 3.990319232775474227e-03 4.198949674433397148e-04
-3.009999999999997300e+01 4.067494231344661801e-03 4.342575733470734447e-04
-2.999999999999997158e+01 4.147287140254040522e-03 4.493460902097994730e-04
-2.989999999999997016e+01 4.229828338401620674e-03 4.652097654216577074e-04
-2.979999999999996874e+01 4.315256856205762492e-03 4.819020737590248024e-04
-2.969999999999996732e+01 4.403721095735335656e-03 4.994811588040243711e-04
-2.959999999999996589e+01 4.495379622996010550e-03 5.180103288957664791e-04
-2.949999999999996447e+01 4.590402040840015768e-03 5.375586154263697425e-04
-2.939999999999996305e+01 4.688969952050298269e-03 5.582014025620591312e-04
-2.929999999999996163e+01 4.791278023490162449e-03 5.800211389894329274e-04
-2.919999999999996021e+01 4.897535163672989827e-03 6.031081440756476657e-04
-2.909999999999995879e+01 5.007965827822834226e-03 6.275615229670741639e-04
-2.899999999999995737e+01 5.122811466515110948e-03 6.534902077103571126e-04
-2.889999999999995595e+01 5.242332136227667756e-03 6.810141445258408076e-04
-2.879999999999995453e+01 5.366808292841992664e-03 7.102656510497092242e-04
-2.869999999999995310e+01 5.496542792179938929e-03 7.413909717851138335e-04
-2.859999999999995168e+01 5.631863125231745953e-03 7.745520653626395292e-04
-2.849999999999995026e+01 5.773123919925503625e-03 8.099286637298116868e-04
-2.839999999999994884e+01 5.920709746053307368e-03 8.477206513058765762e-04
-2.829999999999994742e+01 6.075038265655573547e-03 8.881508218555506139e-04
-2.819999999999994600e+01 6.236563777668156956e-03 9.314680827381394395e-04
-2.809999999999994458e+01 6.405781213250549312e-03 9.779511908720886579e-04
-2.799999999999994316e+01 6.583230647129567625e-03 1.027913122948130500e-03
-2.789999999999994174e+01 6.769502400513618089e-03 1.081706205003665940e-03
-2.779999999999994031e+01 6.965242823159949886e-03 1.139728154716222047e-03
-2.769999999999993889e+01 7.171160855932940184e-03 1.202429225167104664e-03
-2.759999999999993747e+01 7.388035491061937035e-03 1.270320683453704351e-03
-2.749999999999993605e+01 7.616724265496479032e-03 1.343984914082861594e-03
-2.739999999999993463e+01 7.858172943118567691e-03 1.424087509024257953e-03
-2.729999999999993321e+01 8.113426564414627853e-03 1.511391798457736076e-03
-2.719999999999993179e+01 8.383642066799441156e-03 1.606776394777170887e-03
-2.709999999999993037e+01 8.670102704474560995e-03 1.711256475815654213e-03
-2.699999999999992895e+01 8.974234521804340392e-03 1.826009732945683929e-03
-2.689999999999992752e+01 9.297625155220357734e-03 1.952408171047736183e-03
-2.679999999999992610e+01 9.642045250580868684e-03 2.092057291648831419e-03
-2.669999999999992468e+01 1.000947277581532360e-02 2.246844646680256231e-03
-2.659999999999992326e+01 1.040212046710531010e-02 2.419000358488489037e-03
-2.649999999999992184e+01 1.082246654468468558e-02 2.611173017613791121e-03
-2.639999999999992042e+01 1.127328862787607168e-02 2.826525470685262772e-03
-2.629999999999991900e+01 1.175770039737626324e-02 3.068856504957201935e-03
-2.619999999999991758e+01 1.227918987702381580e-02 3.342756474263310160e-03
-2.609999999999991616e+01 1.284165704108144838e-02 3.653807704131793906e-03
-2.599999999999991473e+01 1.344944646823742658e-02 4.008844352910624458e-03
-2.589999999999991331e+01 1.410736740801370875e-02 4.416291688061816864e-03
-2.579999999999991189e+01 1.482068796761683988e-02 4.886611989506007420e-03
-2.569999999999991047e+01 1.559508057940336631e-02 5.432894174254676405e-03
-2.559999999999990905e+01 1.643647975335810890e-02 6.071637478356727881e-03
-2.549999999999990763e+01 1.735078567848961570e-02 6.823796684677490947e-03
-2.539999999999990621e+01 1.834330045264080666e-02 7.716177102770065306e-03
-2.529999999999990479e+01 1.941770376639838369e-02 8.783288690220682898e-03
-2.519999999999990337e+01 2.057423837636175243e-02 1.006977994471181838e-02
-2.509999999999990195e+01 2.180654457508159061e-02 1.163354500767239084e-02
-2.499999999999990052e+01 2.309619989720358701e-02 1.354946061184725617e-02
-2.489999999999989910e+01 2.440341649146907793e-02 1.591329526996574165e-02
-2.479999999999989768e+01 2.565150102415702377e-02 1.884426836770608168e-02
-2.469999999999989626e+01 2.670184111363166357e-02 2.248226212571743238e-02
-2.459999999999989484e+01 2.731657388132954778e-02 2.697051735918731472e-02
-2.449999999999989342e+01 2.711164152976243760e-02 3.240559843158405395e-02
-2.439999999999989200e+01 2.552289147230440286e-02 3.872656548598091969e-02
-2.429999999999989058e+01 2.185410436034002785e-02 4.552506591136754738e-02
-2.419999999999988916e+01 1.552993176257485598e-02 5.184171429913134177e-02
-2.409999999999988773e+01 6.607613271208822789e-03 5.620469448113868394e-02
-2.399999999999988631e+01 -3.777538286828056521e-03 5.722972613365734373e-02
-2.389999999999988489e+01 -1.370155123888771968e-02 5.454514218548107279e-02
-2.379999999999988347e+01 -2.150259507483491539e-02 4.908597945044627237e-02
-2.369999999999988205e+01 -2.656314637474659068e-02 4.238899429269936403e-02
-2.359999999999988063e+01 -2.918977692206326663e-02 3.572664690619217764e-02
-2.349999999999987921e+01 -3.006274466973683085e-02 2.978699541878512477e-02
-2.339999999999987779e+01 -2.983348413828094958e-02 2.479111141610495714e-02
-2.329999999999987637e+01 -2.898214365983770024e-02 2.070880830556322966e-02
-2.319999999999987494e+01 -2.781975221639847173e-02 1.741273105375671509e-02
-2.309999999999987352e+01 -2.653316941212765373e-02 1.475750147199217377e-02
-2.299999999999987210e+01 -2.522873563543476250e-02 1.261175024483993448e-02
-2.289999999999987068e+01 -2.396375260216023623e-02 1.086713615067700506e-02
-2.279999999999986926e+01 -2.276671573081465172e-02 9.437934736808461719e-03
-2.269999999999986784e+01 -2.164963295841070001e-02 8.257558110660489364e-03
-2.259999999999986642e+01 -2.061532244929827756e-02 7.274621798860225579e-03
-2.249999999999986500e+01 -1.966166975678047130e-02 6.449474611447568971e-03
-2.239999999999986358e+01 -1.878408350130936905e-02 5.751407309073284374e-03
-2.229999999999986215e+01 -1.797689428023283367e-02 5.156499522110055862e-03
-2.219999999999986073e+01 -1.723413657318947217e-02 4.645991125612580590e-03
-2.209999999999985931e+01 -1.654997161637334138e-02 4.205060166590836659e-03
-2.199999999999985789e+01 -1.591890238811857761e-02 3.821907325936136843e-03
-2.189999999999985647e+01 -1.533586933885452454e-02 3.487068562923372264e-03
-2.179999999999985505e+01 -1.479627889178420502e-02 3.192896825563448955e-03
-2.169999999999985363e+01 -1.429599523380404268e-02 2.933169030526317379e-03
-2.159999999999985221e+01 -1.383131323158194939e-02 2.702786127774438156e-03
-2.149999999999985079e+01 -1.339892280010653025e-02 2.497542650965363376e-03
-2.139999999999984936e+01 -1.299587059956675353e-02 2.313948428786157321e-03
-2.129999999999984794e+01 -1.261952229815330173e-02 2.149089695090963814e-03
-2.119999999999984652e+01 -1.226752708136801331e-02 2.000520152192324704e-03
-2.109999999999984510e+01 -1.193778517883092860e-02 1.866174957577874808e-03
-2.099999999999984368e+01 -1.162841865736045747e-02 1.744302370628803564e-03
-2.089999999999984226e+01 -1.133774543931861944e-02 1.633409093762992108e-03
-2.079999999999984084e+01 -1.106425635349663969e-02 1.532216301137874709e-03
-2.069999999999983942e+01 -1.080659495545527315e-02 1.439624060409526365e-03
-2.059999999999983800e+01 -1.056353983117832435e-02 1.354682385668722934e-03
-2.049999999999983658e+01 -1.033398910086807086e-02 1.276567560199298778e-03
-2.039999999999983515e+01 -1.011694685678054574e-02 1.204562670890975970e-03
-2.029999999999983373e+01 -9.911511292435080944e-03 1.138041526945549921e-03
-2.019999999999983231e+01 -9.716864306083199121e-03 1.076455312276686314e-03
-2.009999999999983089e+01 -9.532262386803980886e-03 1.019321457231977873e-03
-1.999999999999982947e+01 -9.357028615331037733e-03 9.662143207471627325e-04
-1.989999999999982805e+01 -9.190545633503960712e-03 9.167573562683037358e-04
-1.979999999999982663e+01 -9.032249455615815048e-03 8.706164991575471648e-04
-1.969999999999982521e+01 -8.881624011950303016e-03 8.274945639708224240e-04
-1.959999999999982379e+01 -8.738196329788189970e-03 7.871264801273846531e-04
-1.949999999999982236e+01 -8.601532270005164335e-03 7.492752263546797759e-04
-1.939999999999982094e+01 -8.471232748601412177e-03 7.137283497806279180e-04
-1.929999999999981952e+01 -8.346930382114578495e-03 6.802949759837948829e-04
-1.919999999999981810e+01 -8.228286504097161169e-03 6.488032327748896296e-04
-1.909999999999981668e+01 -8.114988507010053795e-03 6.190980238345249577e-04
-1.899999999999981526e+01 -8.006747469922087176e-03 5.910390991503416003e-04
-1.889999999999981384e+01 -7.903296037689917786e-03 5.644993780488022144e-04
-1.879999999999981242e+01 -7.804386521794615290e-03 5.393634878562653199e-04
-1.869999999999981100e+01 -7.709789196854911590e-03 5.155264871676175364e-04
-1.859999999999980957e+01 -7.619290770226485807e-03 4.928927476242042811e-04
-1.849999999999980815e+01 -7.532693004922045438e-03 4.713749721541601141e-04
-1.839999999999980673e+01 -7.449811478603254010e-03 4.508933310126142990e-04
-1.829999999999980531e+01 -7.370474463538683255e-03 4.313746997712629557e-04
-1.819999999999980389e+01 -7.294521914253726536e-03 4.127519857515645147e-04
-1.809999999999980247e+01 -7.221804551250573037e-03 3.949635313772771605e-04
-1.799999999999980105e+01 -7.152183030533066851e-03 3.779525845692860734e-04
-1.789999999999979963e+01 -7.085527189913952938e-03 3.616668277097775247e-04
-1.779999999999979821e+01 -7.021715364138412553e-03 3.460579578838992448e-04
-1.769999999999979678e+01 -6.960633761760622387e-03 3.310813121037634033e-04
-1.759999999999979536e+01 -6.902175897550852195e-03 3.166955320793818861e-04
-1.749999999999979394e+01 -6.846242074883719664e-03 3.028622638186377137e-04
-1.739999999999979252e+01 -6.792738913198824273e-03 2.895458879634063565e-04
-1.729999999999979110e+01 -6.741578916166642357e-03 2.767132772992013335e-04
-1.719999999999978968e+01 -6.692680076653642098e-03 2.643335783269439021e-04
-1.709999999999978826e+01 -6.645965515028555599e-03 2.523780141838469020e-04
-1.699999999999978684e+01 -6.601363147696412241e-03 2.408197065313759659e-04
-1.689999999999978542e+01 -6.558805383092083247e-03 2.296335143241176667e-04
-1.679999999999978400e+01 -6.518228842653702067e-03 2.187958876254475981e-04
-1.669999999999978257e+01 -6.479574104540153541e-03 2.082847348512248875e-04
-1.659999999999978115e+01 -6.442785468106474941e-03 1.980793020185097958e-04
-1.649999999999977973e+01 -6.407810737332606324e-03 1.881600627362470387e-04
-1.639999999999977831e+01 -6.374601021595221843e-03 1.785086178227459448e-04
-1.629999999999977689e+01 -6.343110552331934424e-03 1.691076035606479586e-04
-1.619999999999977547e+01 -6.313296514280388599e-03 1.599406077073102722e-04
-1.609999999999977405e+01 -6.285118890119920608e-03 1.509920924800563214e-04
-1.599999999999977263e+01 -6.258540317442231292e-03 1.422473238157574336e-04
-1.589999999999977121e+01 -6.233525957090957012e-03 1.336923062818593108e-04
-1.579999999999976978e+01 -6.210043372001952840e-03 1.253137230814448154e-04
-1.569999999999976836e+01 -6.188062415751288681e-03 1.170988806500482965e-04
-1.559999999999976694e+01 -6.167555130105854821e-03 1.090356573972788414e-04
-1.549999999999976552e+01 -6.148495650926876985e-03 1.011124561871192115e-04
-1.539999999999976410e+01 -6.130860121845995228e-03 9.331816019335858158e-05
-1.529999999999976268e+01 -6.114626615187962813e-03 8.564209180179704417e-05
-1.519999999999976126e+01 -6.099775059659079748e-03 7.807397425962987639e-05
-1.509999999999975984e+01 -6.086287174375013681e-03 7.060389580403029380e-05
-1.499999999999975842e+01 -6.074146408835000462e-03 6.322227602259671854e-05
-1.489999999999975699e+01 -6.063337888492972144e-03 5.591983422258999165e-05
-1.479999999999975557e+01 -6.053848365610413167e-03 4.868755960510845774e-05
-1.469999999999975415e+01 -6.045666175104202726e-03 4.151668305514059324e-05
-1.459999999999975273e+01 -6.038781195138053295e-03 3.439865037722751530e-05
-1.449999999999975131e+01 -6.033184812227851412e-03 2.732509681622341405e-05
-1.439999999999974989e+01 -6.028869890660178490e-03 2.028782271677767005e-05
-1.429999999999974847e+01 -6.025830746045923204e-03 1.327877018552942479e-05
-1.419999999999974705e+01 -6.024063122851426588e-03 6.290000626907890852e-06
-1.409999999999974563e+01 -6.023564175772619031e-03 -6.863269650904597115e-07
-1.399999999999974420e+01 -6.024332454834890535e-03 -7.657977073371807167e-06
-1.389999999999974278e+01 -6.026367894121345027e-03 -1.463265818851512906e-05
-1.379999999999974136e+01 -6.029671804048620555e-03 -2.161804290484763873e-05
-1.369999999999973994e+01 -6.034246867127114958e-03 -2.862178768083017055e-05
-1.359999999999973852e+01 -6.040097137157537412e-03 -3.565155235581260636e-05
-1.349999999999973710e+01 -6.047228041832667517e-03 -4.271501951599355768e-05
-1.339999999999973568e+01 -6.055646388727822099e-03 -4.981991379816982837e-05
-1.329999999999973426e+01 -6.065360374677713877e-03 -5.697402121846665418e-05
-1.319999999999973284e+01 -6.076379598555125411e-03 -6.418520861478448731e-05
-1.309999999999973141e+01 -6.088715077477344605e-03 -7.146144328802644290e-05
-1.299999999999972999e+01 -6.102379266485666656e-03 -7.881081293125129922e-05
-1.289999999999972857e+01 -6.117386081755696661e-03 -8.624154593476384334e-05
-1.279999999999972715e+01 -6.133750927410715377e-03 -9.376203215690057016e-05
-1.269999999999972573e+01 -6.151490726028208816e-03 -1.013808442546338491e-04
-1.259999999999972431e+01 -6.170623952948386948e-03 -1.091067596687492745e-04
-1.249999999999972289e+01 -6.191170674497314952e-03 -1.169487833631197796e-04
-1.239999999999972147e+01 -6.213152590275676859e-03 -1.249161714229468363e-04
-1.229999999999972005e+01 -6.236593079660915362e-03 -1.330184556193177116e-04
-1.219999999999971863e+01 -6.261517252705191272e-03 -1.412654690566041691e-04
-1.209999999999971720e+01 -6.287952005624042329e-03 -1.496673730237118292e-04
-1.199999999999971578e+01 -6.315926081091147171e-03 -1.582346851777033554e-04
-1.189999999999971436e+01 -6.345470133585570313e-03 -1.669783091996139101e-04
-1.179999999999971294e+01 -6.376616800049300995e-03 -1.759095660677516184e-04
-1.169999999999971152e+01 -6.409400776151603918e-03 -1.850402271087891082e-04
-1.159999999999971010e+01 -6.443858898476720332e-03 -1.943825489963461558e-04
-1.149999999999970868e+01 -6.480030232979687096e-03 -2.039493108800563255e-04
-1.139999999999970726e+01 -6.517956170098553395e-03 -2.137538538460034073e-04
-1.129999999999970584e+01 -6.557680526928946416e-03 -2.238101229213513340e-04
-1.119999999999970441e+01 -6.599249656921806623e-03 -2.341327118590764197e-04
-1.109999999999970299e+01 -6.642712567595255788e-03 -2.447369109562101057e-04
-1.099999999999970157e+01 -6.688121046794497093e-03 -2.556387581814926666e-04
-1.089999999999970015e+01 -6.735529798095909321e-03 -2.668550939169018490e-04
-1.079999999999969873e+01 -6.784996585982455003e-03 -2.784036196402110870e-04
-1.069999999999969731e+01 -6.836582391496615410e-03 -2.903029609120800895e-04
-1.059999999999969589e+01 -6.890351579126294951e-03 -3.025727350623705933e-04
-1.049999999999969447e+01 -6.946372075745853303e-03 -3.152336240084964544e-04
-1.039999999999969305e+01 -7.004715562526965880e-03 -3.283074526852372359e-04
-1.029999999999969162e+01 -7.065457680789335310e-03 -3.418172736068770200e-04
-1.019999999999969020e+01 -7.128678252878837066e-03 -3.557874581416967130e-04
-1.009999999999968878e+01 -7.194461519242786873e-03 -3.702437951340693443e-04
-9.999999999999687361e+00 -7.262896392979627594e-03 -3.852135975751019500e-04
-9.899999999999685940e+00 -7.334076733281569282e-03 -4.007258181011437914e-04
-9.799999999999684519e+00 -7.408101639288551185e-03 -4.168111741748059844e-04
-9.699999999999683098e+00 -7.485075766051325560e-03 -4.335022839028234484e-04
-9.599999999999681677e+00 -7.565109664442503171e-03 -4.508338135441790568e-04
-9.499999999999680256e+00 -7.648320147030963911e-03 -4.688426378778186754e-04
-9.399999999999678835e+00 -7.734830682158980175e-03 -4.875680147355784442e-04
-9.299999999999677414e+00 -7.824771818640857690e-03 -5.070517751444560085e-04
-9.199999999999675993e+00 -7.918281643785994237e-03 -5.273385306968373038e-04
-9.099999999999674571e+00 -8.015506277694465012e-03 -5.484758999488830843e-04
-8.999999999999673150e+00 -8.116600407072377399e-03 -5.705147558580106687e-04
-8.899999999999671729e+00 -8.221727862179877694e-03 -5.935094965162083418e-04
-8.799999999999670308e+00 -8.331062240850877626e-03 -6.175183416961880058e-04
-8.699999999999668887e+00 -8.444787583989190813e-03 -6.426036580452676363e-04
-8.599999999999667466e+00 -8.563099107381660219e-03 -6.688323161042982910e-04
-8.499999999999666045e+00 -8.686203995187416829e-03 -6.962760827254781733e-04
-8.399999999999664624e+00 -8.814322261084889254e-03 -7.250120529240690207e-04
-8.299999999999663203e+00 -8.947687683654552415e-03 -7.551231257028552567e-04
-8.199999999999661782e+00 -9.086548823371553077e-03 -7.866985289924633947e-04
-8.099999999999660361e+00 -9.231170129372922445e-03 -8.198343995194715128e-04
-7.999999999999658939e+00 -9.381833145092560375e-03 -8.546344241900377539e-04
-7.899999999999657518e+00 -9.538837822954955581e-03 -8.912105504803985966e-04
-7.799999999999656097e+00 -9.702503959433398523e-03 -9.296837743374300553e-04
-7.699999999999654676e+00 -9.873172763193570345e-03 -9.701850152956692811e-04
-7.599999999999653255e+00 -1.005120857051718802e-02 -1.012856089878383294e-03
-7.499999999999651834e+00 -1.023700072391879601e-02 -1.057850795937650794e-03
-7.399999999999650413e+00 -1.043096563188202798e-02 -1.105336122446115912e-03
-7.299999999999648992e+00 -1.063354902977803156e-02 -1.155493601376750105e-03
-7.199999999999647571e+00 -1.084522846465201147e-02 -1.208520820828647493e-03
-7.099999999999646150e+00 -1.106651602939777608e-02 -1.264633121464383506e-03
-6.999999999999644729e+00 -1.129796137513495655e-02 -1.324065501742643664e-03
-6.899999999999643308e+00 -1.154015503445114665e-02 -1.387074761462046921e-03
-6.799999999999641886e+00 -1.179373209238802900e-02 -1.453941917827103426e-03
-6.699999999999640465e+00 -1.205937624712806987e-02 -1.524974933846358436e-03
-6.599999999999639044e+00 -1.233782430797585906e-02 -1.600511805442910709e-03
-6.499999999999637623e+00 -1.262987118478997930e-02 -1.680924061465763559e-03
-6.399999999999636202e+00 -1.293637543068457303e-02 -1.766620740101708864e-03
-6.299999999999634781e+00 -1.325826540842602215e-02 -1.858052916223135349e-03
-6.199999999999633360e+00 -1.359654616120347347e-02 -1.955718867486896505e-03
-6.099999999999631939e+00 -1.395230708007334786e-02 -2.060169982858220741e-03
-5.999999999999630518e+00 -1.432673047394546727e-02 -2.172017536338756438e-03
-5.899999999999629097e+00 -1.472110116385688498e-02 -2.291940471777311351e-03
-5.799999999999627676e+00 -1.513681724142828394e-02 -2.420694372524690927e-03
-5.699999999999626255e+00 -1.557540215290101164e-02 -2.559121823694585334e-03
-5.599999999999624833e+00 -1.603851829487663860e-02 -2.708164416162126345e-03
-5.499999999999623412e+00 -1.652798233680659312e-02 -2.868876692104850232e-03
-5.399999999999621991e+00 -1.704578251916660792e-02 -3.042442394211367345e-03
-5.299999999999620570e+00 -1.759409821534774904e-02 -3.230193457429077382e-03
-5.199999999999619149e+00 -1.817532209134514742e-02 -3.433632277351186552e-03
-5.099999999999617728e+00 -1.879208525048921274e-02 -3.654457907658285182e-03
-4.999999999999616307e+00 -1.944728581233454850e-02 -3.894596986893908343e-03
-4.899999999999614886e+00 -2.014412144664060739e-02 -4.156240380510196550e-03
-4.799999999999613465e+00 -2.088612646553703045e-02 -4.441886758018981710e-03
-4.699999999999612044e+00 -2.167721417153926564e-02 -4.754394621696313682e-03
-4.599999999999610623e+00 -2.252172526548657655e-02 -5.097044680791043558e-03
-4.499999999999609201e+00 -2.342448323710405803e-02 -5.473614948474986829e-03
-4.399999999999607780e+00 -2.439085779012012054e-02 -5.888471560849554455e-03
-4.299999999999606359e+00 -2.542683748833858212e-02 -6.346679121991418739e-03
-4.199999999999604938e+00 -2.653911294153354222e-02 -6.854135426591170289e-03
-4.099999999999603517e+00 -2.773517196286095360e-02 -7.417736782640415444e-03
-3.999999999999602096e+00 -2.902340819536271613e-02 -8.045581961878225941e-03
-3.899999999999600675e+00 -3.041324467626959488e-02 -8.747225197403202257e-03
-3.799999999999599254e+00 -3.191527360228746391e-02 -9.533991835014353142e-03
-3.699999999999597833e+00 -3.354141304541265189e-02 -1.041937451923399642e-02
-3.599999999999596412e+00 -3.530508032396720980e-02 -1.141953356028745786e-02
-3.499999999999594991e+00 -3.722137979390564844e-02 -1.255393295008622526e-02
-3.399999999999593570e+00 -3.930729938798876999e-02 -1.384615416321104478e-02
-3.299999999999592148e+00 -4.158190429169666968e-02 -1.532494449313685086e-02
-3.199999999999590727e+00 -4.406650603800643662e-02 -1.702557676351380486e-02
-3.099999999999589306e+00 -4.678476822361678916e-02 -1.899162490762309335e-02
-2.999999999999587885e+00 -4.976268126764911426e-02 -2.127729791538246831e-02
-2.899999999999586464e+00 -5.302829010724480902e-02 -2.395052654426056693e-02
-2.799999999999585043e+00 -5.661097668719172749e-02 -2.709706700541975391e-02
-2.699999999999583622e+00 -6.053995989367744190e-02 -3.082597696895019584e-02
-2.599999999999582201e+00 -6.484143842251018086e-02 -3.527693108384813425e-02
-2.499999999999580780e+00 -6.953339690576454402e-02 -4.062996238634083296e-02
-2.399999999999579359e+00 -7.461640359945351242e-02 -4.711829453826148900e-02
-2.299999999999577938e+00 -8.005755360387487030e-02 -5.504483362278467240e-02
-2.199999999999576517e+00 -8.576275556666163036e-02 -6.480227785184151934e-02
-2.099999999999575095e+00 -9.152943919418682350e-02 -7.689487155961531595e-02
-1.999999999999573674e+00 -9.696725288047003399e-02 -9.195476078694286848e-02
-1.899999999999572253e+00 -1.013693794396185177e-01 -1.107339331936009058e-01
-1.799999999999570832e+00 -1.035171095191498025e-01 -1.340271617124205450e-01
-1.699999999999569411e+00 -1.014234789699241940e-01 -1.624347742057219990e-01
-1.599999999999567990e+00 -9.211364623715398436e-02 -1.958159562630669148e-01
-1.499999999999566569e+00 -7.176947025812935310e-02 -2.323024252621035401e-01
-1.399999999999565148e+00 -3.688793175238735261e-02 -2.671083554282999151e-01
-1.299999999999563727e+00 1.307247420352432299e-02 -2.923576741598403195e-01
-1.199999999999562306e+00 7.288493302837434351e-02 -2.998284815906450684e-01
-1.099999999999560885e+00 1.322414688455623988e-01 -2.861115283906540685e-01
-9.999999999995594635e-01 1.811653200879557168e-01 -2.552215332440935236e-01
-8.999999999995580424e-01 2.150590710434260311e-01 -2.154361712888263336e-01
-7.999999999995566213e-01 2.348307809264703061e-01 -1.742219087223160212e-01
-6.999999999995552002e-01 2.439225892585983602e-01 -1.358805497599800960e-01
-5.999999999995537792e-01 2.457760667190804216e-01 -1.019799496783071052e-01
-4.999999999995523581e-01 2.428060851199667636e-01 -7.267460679843658344e-02
-3.999999999995509370e-01 2.364099553139819010e-01 -4.784074026032886229e-02
-2.999999999995495159e-01 2.275436884987951380e-01 -2.777606231899297506e-02
-1.999999999995480948e-01 2.176565289140681425e-01 -1.325978409103862818e-02
-9.999999999954667373e-02 2.094401357655620299e-01 -4.592700275288887080e-03
4.547473508864641190e-13 2.061768665129605216e-01 -1.009956007713697090e-13
1.000000000004561684e-01 2.094401357656187068e-01 4.592700275344432925e-03
2.000000000004575895e-01 2.176565289141555171e-01 1.325978409114338813e-02
3.000000000004590106e-01 2.275436884988834840e-01 2.777606231915153573e-02
4.000000000004604317e-01 2.364099553140527610e-01 4.784074026053400375e-02
5.000000000004618528e-01 2.428060851200109227e-01 7.267460679868280315e-02
6.000000000004632739e-01 2.457760667190882764e-01 1.019799496785942644e-01
7.000000000004646949e-01 2.439225892585531463e-01 1.358805497603094992e-01
8.000000000004661160e-01 2.348307809263447954e-01 1.742219087226818675e-01
9.000000000004675371e-01 2.150590710431862229e-01 2.154361712892036984e-01
1.000000000000468958e+00 1.811653200875770198e-01 2.552215332444282003e-01
1.100000000000470379e+00 1.322414688450581077e-01 2.861115283908678419e-01
1.200000000000471800e+00 7.288493302781497152e-02 2.998284815906740453e-01
1.300000000000473221e+00 1.307247420301230548e-02 2.923576741596811690e-01
1.400000000000474643e+00 -3.688793175277614578e-02 2.671083554280132000e-01
1.500000000000476064e+00 -7.176947025837644711e-02 2.323024252617694463e-01
1.600000000000477485e+00 -9.211364623728271472e-02 1.958159562627444783e-01
1.700000000000478906e+00 -1.014234789699707540e-01 1.624347742054398913e-01
1.800000000000480327e+00 -1.035171095191458057e-01 1.340271617121860104e-01
1.900000000000481748e+00 -1.013693794395864045e-01 1.107339331934107385e-01
2.000000000000483169e+00 -9.696725288042387647e-02 9.195476078679018506e-02
2.100000000000484590e+00 -9.152943919413510099e-02 7.689487155949288610e-02
2.200000000000486011e+00 -8.576275556660903354e-02 6.480227785174301480e-02
2.300000000000487432e+00 -8.005755360382399433e-02 5.504483362270495839e-02
2.400000000000488853e+00 -7.461640359940555078e-02 4.711829453819645075e-02
2.500000000000490274e+00 -6.953339690572007958e-02 4.062996238628739654e-02
2.600000000000491696e+00 -6.484143842246932465e-02 3.527693108380386411e-02
2.700000000000493117e+00 -6.053995989364005514e-02 3.082597696891323930e-02
2.800000000000494538e+00 -5.661097668715759507e-02 2.709706700538867460e-02
2.900000000000495959e+00 -5.302829010721370195e-02 2.395052654423424424e-02
3.000000000000497380e+00 -4.976268126762076194e-02 2.127729791536003487e-02
3.100000000000498801e+00 -4.678476822359093484e-02 1.899162490760385180e-02
3.200000000000500222e+00 -4.406650603798281662e-02 1.702557676349720356e-02
3.300000000000501643e+00 -4.158190429167504809e-02 1.532494449312245439e-02
3.400000000000503064e+00 -3.930729938796898026e-02 1.384615416319849059e-02
3.500000000000504485e+00 -3.722137979388747547e-02 1.255393295007522884e-02
3.600000000000505906e+00 -3.530508032395050788e-02 1.141953356027777984e-02
3.700000000000507328e+00 -3.354141304539726143e-02 1.041937451922544944e-02
3.800000000000508749e+00 -3.191527360227325999e-02 9.533991835006775870e-03
3.900000000000510170e+00 -3.041324467625644914e-02 8.747225197396454183e-03
4.000000000000511591e+00 -2.902340819535054531e-02 8.045581961872196042e-03
4.100000000000513012e+00 -2.773517196284966749e-02 7.417736782635009178e-03
4.200000000000514433e+00 -2.653911294152306449e-02 6.854135426586308727e-03
4.300000000000515854e+00 -2.542683748832881910e-02 6.346679121987035960e-03
4.400000000000517275e+00 -2.439085779011102365e-02 5.888471560845589745e-03
4.500000000000518696e+00 -2.342448323709557523e-02 5.473614948471396818e-03
4.600000000000520117e+00 -2.252172526547864193e-02 5.097044680787778809e-03
4.700000000000521538e+00 -2.167721417153182714e-02 4.754394621693337764e-03
4.800000000000522959e+00 -2.088612646553006380e-02 4.441886758016265133e-03
4.900000000000524381e+00 -2.014412144663406401e-02 4.156240380507712426e-03
5.000000000000525802e+00 -1.944728581232841452e-02 3.894596986891631519e-03
5.100000000000527223e+00 -1.879208525048342224e-02 3.654457907656192238e-03
5.200000000000528644e+00 -1.817532209133970039e-02 3.433632277349260142e-03
5.300000000000530065e+00 -1.759409821534261079e-02 3.230193457427301025e-03
5.400000000000531486e+00 -1.704578251916176457e-02 3.042442394209727598e-03
5.500000000000532907e+00 -1.652798233680200651e-02 2.868876692103331481e-03
5.600000000000534328e+00 -1.603851829487230873e-02 2.708164416160717750e-03
5.700000000000535749e+00 -1.557540215289692290e-02 2.559121823693282123e-03
5.800000000000537170e+00 -1.513681724142440510e-02 2.420694372523477488e-03
5.900000000000538591e+00 -1.472110116385319523e-02 2.291940471776182479e-03
6.000000000000540012e+00 -1.432673047394197353e-02 2.172017536337703461e-03
6.100000000000541434e+00 -1.395230708007003453e-02 2.060169982857237153e-03
6.200000000000542855e+00 -1.359654616120032494e-02 1.955718867485978403e-03
6.300000000000544276e+00 -1.325826540842302628e-02 1.858052916222277095e-03
6.400000000000545697e+00 -1.293637543068171594e-02 1.766620740100903735e-03
6.500000000000547118e+00 -1.262987118478725752e-02 1.680924061465008303e-03
6.600000000000548539e+00 -1.233782430797326565e-02 1.600511805442201858e-03
6.700000000000549960e+00 -1.205937624712559789e-02 1.524974933845692736e-03
6.800000000000551381e+00 -1.179373209238567324e-02 1.453941917826477408e-03
6.900000000000552802e+00 -1.154015503444888804e-02 1.387074761461456682e-03
7.000000000000554223e+00 -1.129796137513280722e-02 1.324065501742087252e-03
7.100000000000555644e+00 -1.106651602939571523e-02 1.264633121463857885e-03
7.200000000000557066e+00 -1.084522846465005123e-02 1.208520820828152447e-03
7.300000000000558487e+00 -1.063354902977614938e-02 1.155493601376281296e-03
7.400000000000559908e+00 -1.043096563188022907e-02 1.105336122445672691e-03
7.500000000000561329e+00 -1.023700072391707516e-02 1.057850795937231424e-03
7.600000000000562750e+00 -1.005120857051553136e-02 1.012856089877984742e-03
7.700000000000564171e+00 -9.873172763191991747e-03 9.701850152952911114e-04
7.800000000000565592e+00 -9.702503959431878905e-03 9.296837743370711844e-04
7.900000000000567013e+00 -9.538837822953491474e-03 8.912105504800575066e-04
8.000000000000568434e+00 -9.381833145091156984e-03 8.546344241897135775e-04
8.100000000000569855e+00 -9.231170129371578034e-03 8.198343995191627320e-04
8.200000000000571276e+00 -9.086548823370264177e-03 7.866985289921692506e-04
8.300000000000572697e+00 -8.947687683653313823e-03 7.551231257025746652e-04
8.400000000000574119e+00 -8.814322261083706173e-03 7.250120529238019817e-04
8.500000000000575540e+00 -8.686203995186278851e-03 6.962760827252230606e-04
8.600000000000576961e+00 -8.563099107380555200e-03 6.688323161040544539e-04
8.700000000000578382e+00 -8.444787583988134366e-03 6.426036580450351834e-04
8.800000000000579803e+00 -8.331062240849862813e-03 6.175183416959652023e-04
8.900000000000581224e+00 -8.221727862178904514e-03 5.935094965159947540e-04
9.000000000000582645e+00 -8.116600407071435444e-03 5.705147558578057545e-04
9.100000000000584066e+00 -8.015506277693557752e-03 5.484758999486864101e-04
9.200000000000585487e+00 -7.918281643785121671e-03 5.273385306966491947e-04
9.300000000000586908e+00 -7.824771818640030227e-03 5.070517751442754888e-04
9.400000000000588329e+00 -7.734830682158173529e-03 4.875680147354049176e-04
9.500000000000589750e+00 -7.648320147030185021e-03 4.688426378776512746e-04
9.600000000000591172e+00 -7.565109664441757240e-03 4.508338135440181612e-04
9.700000000000592593e+00 -7.485075766050607385e-03 4.335022839026684617e-04
9.800000000000594014e+00 -7.408101639287862500e-03 4.168111741746570692e-04
9.900000000000595435e+00 -7.334076733280910088e-03 4.007258181009998093e-04
1.000000000000059686e+01 -7.262896392978989216e-03 3.852135975749631180e-04
1.010000000000059828e+01 -7.194461519242179720e-03 3.702437951339356079e-04
1.020000000000059970e+01 -7.128678252878247260e-03 3.557874581415672050e-04
1.030000000000060112e+01 -7.065457680788769790e-03 3.418172736067520657e-04
1.040000000000060254e+01 -7.004715562526417708e-03 3.283074526851160763e-04
1.050000000000060396e+01 -6.946372075745336355e-03 3.152336240083795775e-04
1.060000000000060538e+01 -6.890351579125793616e-03 3.025727350622569147e-04
1.070000000000060680e+01 -6.836582391496133157e-03 2.903029609119697177e-04
1.080000000000060822e+01 -6.784996585981995301e-03 2.784036196401044557e-04
1.090000000000060965e+01 -6.735529798095473905e-03 2.668550939167985245e-04
1.100000000000061107e+01 -6.688121046794079025e-03 2.556387581813920526e-04
1.110000000000061249e+01 -6.642712567594849862e-03 2.447369109561125817e-04
1.120000000000061391e+01 -6.599249656921421514e-03 2.341327118589813894e-04
1.130000000000061533e+01 -6.557680526928571715e-03 2.238101229212585805e-04
1.140000000000061675e+01 -6.517956170098199511e-03 2.137538538459132016e-04
1.150000000000061817e+01 -6.480030232979347091e-03 2.039493108799679088e-04
1.160000000000061959e+01 -6.443858898476399408e-03 1.943825489962602328e-04
1.170000000000062101e+01 -6.409400776151291668e-03 1.850402271087049199e-04
1.180000000000062244e+01 -6.376616800049006960e-03 1.759095660676694901e-04
1.190000000000062386e+01 -6.345470133585297094e-03 1.669783091995335708e-04
1.200000000000062528e+01 -6.315926081090882625e-03 1.582346851776245339e-04
1.210000000000062670e+01 -6.287952005623796865e-03 1.496673730236347424e-04
1.220000000000062812e+01 -6.261517252704951013e-03 1.412654690565286002e-04
1.230000000000062954e+01 -6.236593079660695919e-03 1.330184556192435521e-04
1.240000000000063096e+01 -6.213152590275471295e-03 1.249161714228740863e-04
1.250000000000063238e+01 -6.191170674497118061e-03 1.169487833630477344e-04
1.260000000000063380e+01 -6.170623952948206536e-03 1.091067596686784219e-04
1.270000000000063523e+01 -6.151490726028042283e-03 1.013808442545639722e-04
1.280000000000063665e+01 -6.133750927409979854e-03 9.376203215680548562e-05
1.290000000000063807e+01 -6.117386081755554414e-03 8.624154593469580965e-05
1.300000000000063949e+01 -6.102379266485540021e-03 7.881081293118407868e-05
1.310000000000064091e+01 -6.088715077477221439e-03 7.146144328796003552e-05
1.320000000000064233e+01 -6.076379598555022195e-03 6.418520861471867624e-05
1.330000000000064375e+01 -6.065360374677621069e-03 5.697402121840133100e-05
1.340000000000064517e+01 -6.055646388727738832e-03 4.981991379810499308e-05
1.350000000000064659e+01 -6.047228041832598995e-03 4.271501951592915607e-05
1.360000000000064801e+01 -6.040097137157480166e-03 3.565155235574836738e-05
1.370000000000064944e+01 -6.034246867127062916e-03 2.862178768076631104e-05
1.380000000000065086e+01 -6.029671804048579789e-03 2.161804290478399606e-05
1.390000000000065228e+01 -6.026367894121322476e-03 1.463265818845151350e-05
1.400000000000065370e+01 -6.024332454834883596e-03 7.657977073308516866e-06
1.410000000000065512e+01 -6.023564175772619898e-03 6.863269650271423047e-07
1.420000000000065654e+01 -6.024063122851436129e-03 -6.290000626971316679e-06
1.430000000000065796e+01 -6.025830746045944888e-03 -1.327877018559325720e-05
1.440000000000065938e+01 -6.028869890660209716e-03 -2.028782271684166508e-05
1.450000000000066080e+01 -6.033184812227899117e-03 -2.732509681628773435e-05
1.460000000000066223e+01 -6.038781195138111409e-03 -3.439865037729194401e-05
1.470000000000066365e+01 -6.045666175104272982e-03 -4.151668305520534721e-05
1.480000000000066507e+01 -6.053848365610495566e-03 -4.868755960517394355e-05
1.490000000000066649e+01 -6.063337888493070156e-03 -5.591983422265610088e-05
1.500000000000066791e+01 -6.074146408835105412e-03 -6.322227602266345119e-05
1.510000000000066933e+01 -6.086287174375133377e-03 -7.060389580409778538e-05
1.520000000000067075e+01 -6.099775059659208985e-03 -7.807397425969826244e-05
1.530000000000067217e+01 -6.114626615188105928e-03 -8.564209180186629759e-05
1.540000000000067359e+01 -6.130860121846152221e-03 -9.331816019342886498e-05
1.550000000000067502e+01 -6.148495650927045253e-03 -1.011124561871907146e-04
1.560000000000067644e+01 -6.167555130106033498e-03 -1.090356573973516184e-04
1.570000000000067786e+01 -6.188062415751483837e-03 -1.170988806501222662e-04
1.580000000000067928e+01 -6.210043372002161874e-03 -1.253137230815203301e-04
1.590000000000068070e+01 -6.233525957091177322e-03 -1.336923062819362349e-04
1.600000000000068212e+01 -6.258540317442465480e-03 -1.422473238158359027e-04
1.610000000000068354e+01 -6.285118890120167806e-03 -1.509920924801368234e-04
1.620000000000068496e+01 -6.313296514280648808e-03 -1.599406077073926987e-04
1.630000000000068638e+01 -6.343110552332211979e-03 -1.691076035607324993e-04
1.640000000000068781e+01 -6.374601021595512410e-03 -1.785086178228326810e-04
1.650000000000068923e+01 -6.407810737332915972e-03 -1.881600627363358078e-04
1.660000000000069065e+01 -6.442785468106803672e-03 -1.980793020186013837e-04
1.670000000000069207e+01 -6.479574104540494414e-03 -2.082847348513189691e-04
1.680000000000069349e+01 -6.518228842654057685e-03 -2.187958876255446884e-04
1.690000000000069491e+01 -6.558805383092457947e-03 -2.296335143242178470e-04
1.700000000000069633e+01 -6.601363147696810360e-03 -2.408197065314793717e-04
1.710000000000069775e+01 -6.645965515028966729e-03 -2.523780141839538586e-04
1.720000000000069917e+01 -6.692680076654074911e-03 -2.643335783270545991e-04
1.730000000000070060e+01 -6.741578916167097722e-03 -2.767132772993158795e-04
1.740000000000070202e+01 -6.792738913199296985e-03 -2.895458879635251850e-04
1.750000000000070344e+01 -6.846242074884214927e-03 -3.028622638187612043e-04
1.760000000000070486e+01 -6.902175897551371744e-03 -3.166955320795099846e-04
1.770000000000070628e+01 -6.960633761761167090e-03 -3.310813121038966517e-04
1.780000000000070770e+01 -7.021715364138978940e-03 -3.460579578840382396e-04
1.790000000000070912e+01 -7.085527189914544478e-03 -3.616668277099224825e-04
1.800000000000071054e+01 -7.152183030533685280e-03 -3.779525845694375365e-04
1.810000000000071196e+01 -7.221804551251221824e-03 -3.949635313774355625e-04
1.820000000000071338e+01 -7.294521914254403078e-03 -4.127519857517300181e-04
1.830000000000071481e+01 -7.370474463539386685e-03 -4.313746997714362655e-04
1.840000000000071623e+01 -7.449811478603993870e-03 -4.508933310127960113e-04
1.850000000000071765e+01 -7.532693004922813053e-03 -4.713749721543510963e-04
1.860000000000071907e+01 -7.619290770227287249e-03 -4.928927476244050754e-04
1.870000000000072049e+01 -7.709789196855752931e-03 -5.155264871678290643e-04
1.880000000000072191e+01 -7.804386521795495663e-03 -5.393634878564879066e-04
1.890000000000072333e+01 -7.903296037690837189e-03 -5.644993780490369442e-04
1.900000000000072475e+01 -8.006747469923048213e-03 -5.910390991505897742e-04
1.910000000000072617e+01 -8.114988507011065139e-03 -6.190980238347874431e-04
1.920000000000072760e+01 -8.228286504098217616e-03 -6.488032327751677274e-04
1.930000000000072902e+01 -8.346930382115683514e-03 -6.802949759840898943e-04
1.940000000000073044e+01 -8.471232748602564033e-03 -7.137283497809412524e-04
1.950000000000073186e+01 -8.601532270006380376e-03 -7.492752263550130597e-04
1.960000000000073328e+01 -8.738196329789461522e-03 -7.871264801277402714e-04
1.970000000000073470e+01 -8.881624011951638753e-03 -8.274945639712017863e-04
1.980000000000073612e+01 -9.032249455617218439e-03 -8.706164991579524396e-04
1.990000000000073754e+01 -9.190545633505443901e-03 -9.167573562687377419e-04
2.000000000000073896e+01 -9.357028615332590310e-03 -9.662143207476285058e-04
2.010000000000074039e+01 -9.532262386805614995e-03 -1.019321457232478557e-03
2.020000000000074181e+01 -9.716864306084919967e-03 -1.076455312277225813e-03
2.030000000000074323e+01 -9.911511292436898934e-03 -1.138041526946131704e-03
2.040000000000074465e+01 -1.011694685678246608e-02 -1.204562670891605458e-03
2.050000000000074607e+01 -1.033398910087010222e-02 -1.276567560199980307e-03
2.060000000000074749e+01 -1.056353983118047540e-02 -1.354682385669463444e-03
2.070000000000074891e+01 -1.080659495545754911e-02 -1.439624060410332144e-03
2.080000000000075033e+01 -1.106425635349905096e-02 -1.532216301138754431e-03
2.090000000000075175e+01 -1.133774543932117816e-02 -1.633409093763954229e-03
2.100000000000075318e+01 -1.162841865736318619e-02 -1.744302370629859577e-03
2.110000000000075460e+01 -1.193778517883383253e-02 -1.866174957579037506e-03
2.120000000000075602e+01 -1.226752708137111153e-02 -2.000520152193608833e-03
2.130000000000075744e+01 -1.261952229815661505e-02 -2.149089695092385854e-03
2.140000000000075886e+01 -1.299587059957029236e-02 -2.313948428787738088e-03
2.150000000000076028e+01 -1.339892280011032409e-02 -2.497542650967127156e-03
2.160000000000076170e+01 -1.383131323158602252e-02 -2.702786127776413572e-03
2.170000000000076312e+01 -1.429599523380842632e-02 -2.933169030528539126e-03
2.180000000000076454e+01 -1.479627889178892694e-02 -3.192896825565959534e-03
2.190000000000076597e+01 -1.533586933885962636e-02 -3.487068562926221547e-03
2.200000000000076739e+01 -1.591890238812409056e-02 -3.821907325939388582e-03
2.210000000000076881e+01 -1.654997161637931230e-02 -4.205060166594568050e-03
2.220000000000077023e+01 -1.723413657319595310e-02 -4.645991125616887041e-03
2.230000000000077165e+01 -1.797689428023987318e-02 -5.156499522115056203e-03
2.240000000000077307e+01 -1.878408350131701918e-02 -5.751407309079131260e-03
2.250000000000077449e+01 -1.966166975678878409e-02 -6.449474611454452354e-03
2.260000000000077591e+01 -2.061532244930731547e-02 -7.274621798868395259e-03
2.270000000000077733e+01 -2.164963295842048038e-02 -8.257558110670259327e-03
2.280000000000077875e+01 -2.276671573082518496e-02 -9.437934736820240492e-03
2.290000000000078018e+01 -2.396375260217146336e-02 -1.086713615069132520e-02
2.300000000000078160e+01 -2.522873563544651004e-02 -1.261175024485748121e-02
2.310000000000078302e+01 -2.653316941213955393e-02 -1.475750147201382485e-02
2.320000000000078444e+01 -2.781975221640982376e-02 -1.741273105378356167e-02
2.330000000000078586e+01 -2.898214365984722041e-02 -2.070880830559656063e-02
2.340000000000078728e+01 -2.983348413828645213e-02 -2.479111141614608743e-02
2.350000000000078870e+01 -3.006274466973477347e-02 -2.978699541883493562e-02
2.360000000000079012e+01 -2.918977692204843474e-02 -3.572664690625011047e-02
2.370000000000079154e+01 -2.656314637471254847e-02 -4.238899429276160591e-02
2.380000000000079297e+01 -2.150259507477634072e-02 -4.908597945050387212e-02
2.390000000000079439e+01 -1.370155123880528909e-02 -5.454514218552028448e-02
2.400000000000079581e+01 -3.777538286732622010e-03 -5.722972613366540673e-02
2.410000000000079723e+01 6.607613271299188004e-03 -5.620469448111260063e-02
2.420000000000079865e+01 1.552993176264503249e-02 -5.184171429908032702e-02
2.430000000000080007e+01 2.185410436038489473e-02 -4.552506591130598551e-02
2.440000000000080149e+01 2.552289147232722488e-02 -3.872656548592026682e-02
2.450000000000080291e+01 2.711164152976960201e-02 -3.240559843153031222e-02
2.460000000000080433e+01 2.731657388132696998e-02 -2.697051735914225354e-02
2.470000000000080576e+01 2.670184111362363527e-02 -2.248226212568067706e-02
2.480000000000080718e+01 2.565150102414629624e-02 -1.884426836767643526e-02
2.490000000000080860e+01 2.440341649145729916e-02 -1.591329526994186144e-02
2.500000000000081002e+01 2.309619989719169028e-02 -1.354946061182795390e-02
2.510000000000081144e+01 2.180654457507008939e-02 -1.163354500765669507e-02
2.520000000000081286e+01 2.057423837635086877e-02 -1.006977994469895540e-02
2.530000000000081428e+01 1.941770376638824250e-02 -8.783288690210059452e-03
2.540000000000081570e+01 1.834330045263141140e-02 -7.716177102761213012e-03
2.550000000000081712e+01 1.735078567848095249e-02 -6.823796684670059391e-03
2.560000000000081855e+01 1.643647975334206271e-02 -6.071637478344144197e-03
2.570000000000081997e+01 1.559508057939602843e-02 -5.432894174249314374e-03
2.580000000000082139e+01 1.482068796761008660e-02 -4.886611989501405198e-03
2.590000000000082281e+01 1.410736740800747936e-02 -4.416291688057841745e-03
2.600000000000082423e+01 1.344944646823168291e-02 -4.008844352907173225e-03
2.610000000000082565e+01 1.284165704107613319e-02 -3.653807704128776354e-03
2.620000000000082707e+01 1.227918987701889439e-02 -3.342756474260659937e-03
2.630000000000082849e+01 1.175770039737169398e-02 -3.068856504954862226e-03
2.640000000000082991e+01 1.127328862787182161e-02 -2.826525470683188043e-03
2.650000000000083134e+01 1.082246654468072694e-02 -2.611173017611943207e-03
2.660000000000083276e+01 1.040212046710161861e-02 -2.419000358486837147e-03
2.670000000000083418e+01 1.000947277581187497e-02 -2.246844646678773042e-03
2.680000000000083560e+01 9.642045250577635160e-03 -2.092057291647495681e-03
2.690000000000083702e+01 9.297625155217325438e-03 -1.952408171046529249e-03
2.700000000000083844e+01 8.974234521801490241e-03 -1.826009732944590402e-03
2.710000000000083986e+01 8.670102704471873908e-03 -1.711256475814658699e-03
2.720000000000084128e+01 8.383642066796910194e-03 -1.606776394776263410e-03
2.730000000000084270e+01 8.113426564412239139e-03 -1.511391798456906662e-03
2.740000000000084412e+01 7.858172943116309081e-03 -1.424087509023497494e-03
2.750000000000084555e+01 7.616724265494346190e-03 -1.343984914082163584e-03
2.760000000000084697e+01 7.388035491059910878e-03 -1.270320683453061419e-03
2.770000000000084839e+01 7.171160855931018978e-03 -1.202429225166511606e-03
2.780000000000084981e+01 6.965242823158124957e-03 -1.139728154715673441e-03
2.790000000000085123e+01 6.769502400511882498e-03 -1.081706205003157882e-03
2.800000000000085265e+01 6.583230647127913567e-03 -1.027913122947659305e-03
2.810000000000085407e+01 6.405781213248973316e-03 -9.779511908716504234e-04
2.820000000000085549e+01 6.236563777666653818e-03 -9.314680827377316711e-04
2.830000000000085691e+01 6.075038265654140665e-03 -8.881508218551703842e-04
2.840000000000085834e+01 5.920709746051934334e-03 -8.477206513055213916e-04
2.850000000000085976e+01 5.773123919924192174e-03 -8.099286637294793789e-04
2.860000000000086118e+01 5.631863125230488279e-03 -7.745520653623281463e-04
2.870000000000086260e+01 5.496542792178734163e-03 -7.413909717848217494e-04
2.880000000000086402e+01 5.366808292840836471e-03 -7.102656510494349210e-04
2.890000000000086544e+01 5.242332136226558401e-03 -6.810141445255828759e-04
2.900000000000086686e+01 5.122811466514045828e-03 -6.534902077101143597e-04
2.910000000000086828e+01 5.007965827821812474e-03 -6.275615229668451804e-04
2.920000000000086970e+01 4.897535163672004505e-03 -6.031081440754316927e-04
2.930000000000087113e+01 4.791278023489216158e-03 -5.800211389892288806e-04
2.940000000000087255e+01 4.688969952049384937e-03 -5.582014025618661432e-04
2.950000000000087397e+01 4.590402040839135396e-03 -5.375586154261871629e-04
2.960000000000087539e+01 4.495379622995163138e-03 -5.180103288955934405e-04
2.970000000000087681e+01 4.403721095734518601e-03 -4.994811588038602229e-04
2.980000000000087823e+01 4.315256856204973193e-03 -4.819020737588692194e-04
2.990000000000087965e+01 4.229828338400853927e-03 -4.652097654215096596e-04
3.000000000000088107e+01 4.147287140253304999e-03 -4.493460902096588520e-04
3.010000000000088249e+01 4.067494231343948830e-03 -4.342575733469395457e-04
3.020000000000088392e+01 3.990319232774784675e-03 -4.198949674432122126e-04
3.030000000000088534e+01 3.915639761738180617e-03 -4.062128588798566463e-04
3.040000000000088676e+01 3.843340834187102418e-03 -3.931693161896874047e-04
3.050000000000088818e+01 3.773314319732416159e-03 -3.807255753978761536e-04
3.060000000000088960e+01 3.705458443588971126e-03 -3.688457579634085866e-04
3.070000000000089102e+01 3.639677330931201729e-03 -3.574966175236772743e-04
3.080000000000089244e+01 3.575880589549485650e-03 -3.466473121377665377e-04
3.090000000000089386e+01 3.513982927142336992e-03 -3.362691991433914901e-04
3.100000000000089528e+01 3.453903799952186878e-03 -3.263356501005891096e-04
3.110000000000089670e+01 3.395567089830945143e-03 -3.168218836127282417e-04
3.120000000000089813e+01 3.338900807096110111e-03 -3.077048140798455881e-04
3.130000000000089955e+01 3.283836816829665151e-03 -2.989629146766151040e-04
3.140000000000090097e+01 3.230310586510961451e-03 -2.905760930499853780e-04
3.150000000000090239e+01 3.178260953070766864e-03 -2.825255784053945941e-04
3.160000000000090381e+01 3.127629907670808132e-03 -2.747938188088219161e-04
3.170000000000090523e+01 3.078362396654519412e-03 -2.673643876619961153e-04
3.180000000000090665e+01 3.030406137282623015e-03 -2.602218984284706041e-04
3.190000000000090807e+01 2.983711447000388095e-03 -2.533519267910552169e-04
