-3.200000000000000000e+01 2.605454824736464555e-03 6.120979219846967370e-04
-3.189999999999999858e+01 2.643714641980327105e-03 6.280677139210409394e-04
-3.179999999999999716e+01 2.682903654710386537e-03 6.446384041091293010e-04
-3.169999999999999574e+01 2.723053089947534249e-03 6.618397518269042304e-04
-3.159999999999999432e+01 2.764195472298237952e-03 6.797033477161467090e-04
-3.149999999999999289e+01 2.806364683956051511e-03 6.982627483658621764e-04
-3.139999999999999147e+01 2.849596027250933961e-03 7.175536223605969832e-04
-3.129999999999999005e+01 2.893926289773220400e-03 7.376139089044010970e-04
-3.119999999999998863e+01 2.939393812063531217e-03 7.584839902443455155e-04
-3.109999999999998721e+01 2.986038557830471805e-03 7.802068792494135964e-04
-3.099999999999998579e+01 3.033902186636851586e-03 8.028284236552789407e-04
-3.089999999999998437e+01 3.083028128928199958e-03 8.263975286406346132e-04
-3.079999999999998295e+01 3.133461663245861589e-03 8.509663995964868513e-04
-3.069999999999998153e+01 3.185249995385774913e-03 8.765908071507212684e-04
-3.059999999999998010e+01 3.238442339181483477e-03 9.033303767420128435e-04
-3.049999999999997868e+01 3.293089998507184833e-03 9.312489053059861809e-04
-3.039999999999997726e+01 3.349246449949676210e-03 9.604147079161267980e-04
-3.029999999999997584e+01 3.406967425477414914e-03 9.909009975629197095e-04
-3.019999999999997442e+01 3.466310994240415916e-03 1.022786301614971418e-03
-3.009999999999997300e+01 3.527337642418187404e-03 1.056154918918542508e-03
-2.999999999999997158e+01 3.590110349791090713e-03 1.091097421966674350e-03
-2.989999999999997016e+01 3.654694661365626325e-03 1.127711209074953088e-03
-2.979999999999996874e+01 3.721158752032898646e-03 1.166101112102982396e-03
-2.969999999999996732e+01 3.789573481760300996e-03 1.206380065908447922e-03
-2.959999999999996589e+01 3.860012438258646292e-03 1.248669846457685622e-03
-2.949999999999996447e+01 3.932551963416608051e-03 1.293101885357305541e-03
-2.939999999999996305e+01 4.007271158947423549e-03 1.339818169478593918e-03
-2.929999999999996163e+01 4.084251865744910337e-03 1.388972235403715220e-03
-2.919999999999996021e+01 4.163578610235855147e-03 1.440730269567870505e-03
-2.909999999999995879e+01 4.245338509576593138e-03 1.495272326259067253e-03
-2.899999999999995737e+01 4.329621125826565824e-03 1.552793677084881880e-03
-2.889999999999995595e+01 4.416518257083919610e-03 1.613506307071992194e-03
-2.879999999999995453e+01 4.506123651053342213e-03 1.677640574330272133e-03
-2.869999999999995310e+01 4.598532623393325469e-03 1.745447052097626140e-03
-2.859999999999995168e+01 4.693841559429519882e-03 1.817198574037156688e-03
-2.849999999999995026e+01 4.792147273287908869e-03 1.893192505882076602e-03
-2.839999999999994884e+01 4.893546192914483353e-03 1.973753268809613423e-03
-2.829999999999994742e+01 4.998133332762989128e-03 2.059235142349468556e-03
-2.819999999999994600e+01 5.106001007722918428e-03 2.150025376996049682e-03
-2.809999999999994458e+01 5.217237231916472574e-03 2.246547648953787189e-03
-2.799999999999994316e+01 5.331923733947799803e-03 2.349265891442910061e-03
-2.789999999999994174e+01 5.450133505461414278e-03 2.458688538370875330e-03
-2.779999999999994031e+01 5.571927782111813637e-03 2.575373216736867327e-03
-2.769999999999993889e+01 5.697352334421926928e-03 2.699931923208820188e-03
-2.759999999999993747e+01 5.826432919876189422e-03 2.833036717278035726e-03
-2.749999999999993605e+01 5.959169716087768347e-03 2.975425957285862850e-03
-2.739999999999993463e+01 6.095530516856951381e-03 3.127911094916628089e-03
-2.729999999999993321e+01 6.235442427526837611e-03 3.291384026814428345e-03
-2.719999999999993179e+01 6.378781741854577803e-03 3.466824976032097452e-03
-2.709999999999993037e+01 6.525361618653571436e-03 3.655310837740993486e-03
-2.699999999999992895e+01 6.674917101776231369e-03 3.858023868416756395e-03
-2.689999999999992752e+01 6.827086940910243387e-03 4.076260519181751363e-03
-2.679999999999992610e+01 6.981391573755956793e-03 4.311440104287008433e-03
-2.669999999999992468e+01 7.137206524056364382e-03 4.565112843882283139e-03
-2.659999999999992326e+01 7.293730359280452616e-03 4.838966612736345270e-03
-2.649999999999992184e+01 7.449946245120820168e-03 5.134831446202478035e-03
-2.639999999999992042e+01 7.604576046231567230e-03 5.454680479976308644e-03
-2.629999999999991900e+01 7.756025878913155522e-03 5.800625506523241978e-03
-2.619999999999991758e+01 7.902322060701388179e-03 6.174904690293146585e-03
-2.609999999999991616e+01 8.041036584075993837e-03 6.579859168769345255e-03
-2.599999999999991473e+01 8.169201655125770539e-03 7.017894255936854390e-03
-2.589999999999991331e+01 8.283213608834549824e-03 7.491419754985424902e-03
-2.579999999999991189e+01 8.378727813567471081e-03 8.002762512387944643e-03
-2.569999999999991047e+01 8.450548232598149509e-03 8.554042907500145759e-03
-2.559999999999990905e+01 8.492518391432987701e-03 9.147005688839618745e-03
-2.549999999999990763e+01 8.497424895600756700e-03 9.782794839043923787e-03
-2.539999999999990621e+01 8.456930590849240717e-03 1.046166263438803000e-02
-2.529999999999990479e+01 8.361561997986381028e-03 1.118260576088199280e-02
-2.519999999999990337e+01 8.200784390848876726e-03 1.194292763104719789e-02
-2.509999999999990195e+01 7.963206618611710919e-03 1.273773757128641819e-02
-2.499999999999990052e+01 7.636964047007069670e-03 1.355941591781589968e-02
-2.489999999999989910e+01 7.210327693649131939e-03 1.439710003373369414e-02
-2.479999999999989768e+01 6.672574972518643434e-03 1.523627845827804118e-02
-2.469999999999989626e+01 6.015125904640450730e-03 1.605861353175508724e-02
-2.459999999999989484e+01 5.232893432619697624e-03 1.684213613925656522e-02
-2.449999999999989342e+01 4.325718991886112405e-03 1.756195346601857263e-02
-2.439999999999989200e+01 3.299677567676433197e-03 1.819156378828314449e-02
-2.429999999999989058e+01 2.167967421385836625e-03 1.870476999833652759e-02
-2.419999999999988916e+01 9.510863530615720242e-04 1.907803323226368863e-02
-2.409999999999988773e+01 -3.239273976903133019e-04 1.929294504849814879e-02
-2.399999999999988631e+01 -1.625238246145316139e-03 1.933838091103532233e-02
-2.389999999999988489e+01 -2.918755232118191295e-03 1.921189095327753213e-02
-2.379999999999988347e+01 -4.171070408071429758e-03 1.892001503292203152e-02
-2.369999999999988205e+01 -5.352275822244151327e-03 1.847744857042509306e-02
-2.359999999999988063e+01 -6.438177092582050322e-03 1.790525173624437499e-02
-2.349999999999987921e+01 -7.411593049399708456e-03 1.722849183640599510e-02
-2.339999999999987779e+01 -8.262666919593006018e-03 1.647377634885949238e-02
-2.329999999999987637e+01 -8.988328055549835854e-03 1.566707089629116451e-02
-2.319999999999987494e+01 -9.591173583197488278e-03 1.483205077976698649e-02
-2.309999999999987352e+01 -1.007807140611188812e-02 1.398907130334543086e-02
-2.299999999999987210e+01 -1.045874219548143837e-02 1.315471122826292541e-02
-2.289999999999987068e+01 -1.074449646987450310e-02 1.234176732590720922e-02
-2.279999999999986926e+01 -1.094721777445982133e-02 1.155955345416653096e-02
-2.269999999999986784e+01 -1.107861491989703059e-02 1.081436906045174853e-02
-2.259999999999986642e+01 -1.114972220307115271e-02 1.011003154553443036e-02
-2.249999999999986500e+01 -1.117060442855230540e-02 9.448400605038096908e-03
-2.239999999999986358e+01 -1.115021736713789520e-02 8.829852384834881857e-03
-2.229999999999986215e+01 -1.109637763061686010e-02 8.253683774246761695e-03
-2.219999999999986073e+01 -1.101580374781850613e-02 7.718442218660229517e-03
-2.209999999999985931e+01 -1.091419917939999429e-02 7.222185338108710190e-03
-2.199999999999985789e+01 -1.079635628669118469e-02 6.762679080938420635e-03
-2.189999999999985647e+01 -1.066626709472483399e-02 6.337544674550235624e-03
-2.179999999999985505e+01 -1.052723190347615301e-02 5.944364460312979298e-03
-2.169999999999985363e+01 -1.038196055867757900e-02 5.580755651990926269e-03
-2.159999999999985221e+01 -1.023266376789233774e-02 5.244419666306204819e-03
-2.149999999999985079e+01 -1.008113352528747578e-02 4.933173246324818080e-03
-2.139999999999984936e+01 -9.928812741475067510e-03 4.644966291834413778e-03
-2.129999999999984794e+01 -9.776854763243325933e-03 4.377890191258142737e-03
-2.119999999999984652e+01 -9.626173762193915642e-03 4.130179530573492575e-03
-2.109999999999984510e+01 -9.477487078965927264e-03 3.900209323040271150e-03
-2.099999999999984368e+01 -9.331350604786011610e-03 3.686489333664409295e-03
-2.089999999999984226e+01 -9.188188214326209469e-03 3.487656636642072396e-03
-2.079999999999984084e+01 -9.048316165055317328e-03 3.302467215507320225e-03
-2.069999999999983942e+01 -8.911963268292806550e-03 3.129787171084065511e-03
-2.059999999999983800e+01 -8.779287527923987713e-03 2.968583922452045637e-03
-2.049999999999983658e+01 -8.650389840410133493e-03 2.817917655038094590e-03
-2.039999999999983515e+01 -8.525325257702089099e-03 2.676933175766177918e-03
-2.029999999999983373e+01 -8.404112233844199253e-03 2.544852268265524603e-03
-2.019999999999983231e+01 -8.286740206327495792e-03 2.420966594289621077e-03
-2.009999999999983089e+01 -8.173175803992228233e-03 2.304631155468585615e-03
-1.999999999999982947e+01 -8.063367923196455150e-03 2.195258307995352591e-03
-1.989999999999982805e+01 -7.957251872124489200e-03 2.092312309082775684e-03
-1.979999999999982663e+01 -7.854752748221461786e-03 1.995304365643313631e-03
-1.969999999999982521e+01 -7.755788184763523496e-03 1.903788151037277745e-03
-1.959999999999982379e+01 -7.660270578682849309e-03 1.817355753840004841e-03
-1.949999999999982236e+01 -7.568108891945956804e-03 1.735634022352193885e-03
-1.939999999999982094e+01 -7.479210102522666596e-03 1.658281269596210972e-03
-1.929999999999981952e+01 -7.393480367559429958e-03 1.584984305248270890e-03
-1.919999999999981810e+01 -7.310825950296571431e-03 1.515455763062127344e-03
-1.909999999999981668e+01 -7.231153953223332445e-03 1.449431694715565397e-03
-1.899999999999981526e+01 -7.154372892440803537e-03 1.386669403371299349e-03
-1.889999999999981384e+01 -7.080393142075225646e-03 1.326945492633645413e-03
-1.879999999999981242e+01 -7.009127272514372592e-03 1.270054108849714460e-03
-1.869999999999981100e+01 -6.940490302042684814e-03 1.215805356823153847e-03
-1.859999999999980957e+01 -6.874399878048881654e-03 1.164023871024961717e-03
-1.849999999999980815e+01 -6.810776401107902257e-03 1.114547526182787032e-03
-1.839999999999980673e+01 -6.749543102923864953e-03 1.067226272815935319e-03
-1.829999999999980531e+01 -6.690626087188778631e-03 1.021921084793044835e-03
-1.819999999999980389e+01 -6.633954340798357482e-03 9.785030073391097136e-04
-1.809999999999980247e+01 -6.579459721580236710e-03 9.368522951695815474e-04
-1.799999999999980105e+01 -6.527076927570737812e-03 8.968576315064688987e-04
-1.789999999999979963e+01 -6.476743451995713510e-03 8.584154197314917099e-04
-1.779999999999979821e+01 -6.428399527364847543e-03 8.214291403100435710e-04
-1.769999999999979678e+01 -6.381988061456751044e-03 7.858087663928035307e-04
-1.759999999999979536e+01 -6.337454567487696769e-03 7.514702322210497490e-04
-1.749999999999979394e+01 -6.294747090309922577e-03 7.183349490661114500e-04
-1.739999999999979252e+01 -6.253816130152648790e-03 6.863293640008437434e-04
-1.729999999999979110e+01 -6.214614565128764347e-03 6.553845572943488643e-04
-1.719999999999978968e+01 -6.177097573478880152e-03 6.254358746510713281e-04
-1.709999999999978826e+01 -6.141222556347863612e-03 5.964225909231770251e-04
-1.699999999999978684e+01 -6.106949061706114582e-03 5.682876022579595428e-04
-1.689999999999978542e+01 -6.074238709907110560e-03 5.409771439628873954e-04
-1.679999999999978400e+01 -6.043055121261196698e-03 5.144405316469992254e-04
-1.669999999999978257e+01 -6.013363845905318750e-03 4.886299234354238036e-04
-1.659999999999978115e+01 -5.985132296190521541e-03 4.635001012875339605e-04
-1.649999999999977973e+01 -5.958329681732824762e-03 4.390082696318865427e-04
-1.639999999999977831e+01 -5.932926947234440015e-03 4.151138697150403775e-04
-1.629999999999977689e+01 -5.908896713141834067e-03 3.917784082173215608e-04
-1.619999999999977547e+01 -5.886213219167400756e-03 3.689652988209170823e-04
-1.609999999999977405e+01 -5.864852270689188338e-03 3.466397155526743361e-04
-1.599999999999977263e+01 -5.844791188010625520e-03 3.247684568239367700e-04
-1.589999999999977121e+01 -5.826008758455153425e-03 3.033198191974847231e-04
-1.579999999999976978e+01 -5.808485191257877975e-03 2.822634800009232768e-04
-1.569999999999976836e+01 -5.792202075202024930e-03 2.615703879794100241e-04
-1.559999999999976694e+01 -5.777142338951409342e-03 2.412126612633141596e-04
-1.549999999999976552e+01 -5.763290214016661070e-03 2.211634919802377142e-04
-1.539999999999976410e+01 -5.750631200296910973e-03 2.013970569055071854e-04
-1.529999999999976268e+01 -5.739152034136719462e-03 1.818884335968524914e-04
-1.519999999999976126e+01 -5.728840658834409572e-03 1.626135214992833556e-04
-1.509999999999975984e+01 -5.719686197545545761e-03 1.435489675577091527e-04
-1.499999999999975842e+01 -5.711678928520978402e-03 1.246720959024005381e-04
-1.489999999999975699e+01 -5.704810262625575196e-03 1.059608412120904321e-04
-1.479999999999975557e+01 -5.699072723085884043e-03 8.739368538930819639e-05
-1.469999999999975415e+01 -5.694459927416396089e-03 6.894959720334212401e-05
-1.459999999999975273e+01 -5.690966571481353986e-03 5.060797458940335947e-05
-1.449999999999975131e+01 -5.688588415649614184e-03 3.234858930446099252e-05
-1.439999999999974989e+01 -5.687322273006709117e-03 1.415153366493180579e-05
-1.429999999999974847e+01 -5.687165999591689905e-03 -4.002830892023607513e-06
-1.419999999999974705e+01 -5.688118486630604556e-03 -2.213392367307631149e-05
-1.409999999999974563e+01 -5.690179654743832138e-03 -4.026099324679467770e-05
-1.399999999999974420e+01 -5.693350450108514496e-03 -5.840316484092850785e-05
-1.389999999999974278e+01 -5.697632842562824415e-03 -7.657948682947789392e-05
-1.379999999999974136e+01 -5.703029825642687983e-03 -9.480897651219667016e-05
-1.369999999999973994e+01 -5.709545418548040742e-03 -1.131106653885177553e-04
-1.359999999999973852e+01 -5.717184670038646249e-03 -1.315036441136615414e-04
-1.349999999999973710e+01 -5.725953664266808865e-03 -1.500071073299334224e-04
-1.339999999999973568e+01 -5.735859528558113346e-03 -1.686403985578778476e-04
-1.329999999999973426e+01 -5.746910443155819372e-03 -1.874230553304462093e-04
-1.319999999999973284e+01 -5.759115652953128613e-03 -2.063748547591017684e-04
-1.309999999999973141e+01 -5.772485481237891493e-03 -2.255158597123632820e-04
-1.299999999999972999e+01 -5.787031345485161953e-03 -2.448664657987925999e-04
-1.289999999999972857e+01 -5.802765775235404176e-03 -2.644474493437348663e-04
-1.279999999999972715e+01 -5.819702432101465234e-03 -2.842800165536248265e-04
-1.269999999999972573e+01 -5.837856131955815840e-03 -3.043858540725316716e-04
-1.259999999999972431e+01 -5.857242869357359022e-03 -3.247871811363711942e-04
-1.249999999999972289e+01 -5.877879844272157310e-03 -3.455068035410604945e-04
-1.239999999999972147e+01 -5.899785491168056152e-03 -3.665681696532640437e-04
-1.229999999999972005e+01 -5.922979510549892385e-03 -3.879954286961907707e-04
-1.219999999999971863e+01 -5.947482903023821980e-03 -4.098134915641742137e-04
-1.209999999999971720e+01 -5.973318005978897095e-03 -4.320480944279072059e-04
-1.199999999999971578e+01 -6.000508532980611785e-03 -4.547258654077378833e-04
-1.189999999999971436e+01 -6.029079615987161141e-03 -4.778743946172810033e-04
-1.179999999999971294e+01 -6.059057850494117478e-03 -5.015223078882679545e-04
-1.169999999999971152e+01 -6.090471343734590350e-03 -5.256993445205790805e-04
-1.159999999999971010e+01 -6.123349766062149632e-03 -5.504364394186811969e-04
-1.149999999999970868e+01 -6.157724405651701302e-03 -5.757658100021177889e-04
-1.139999999999970726e+01 -6.193628226673070572e-03 -6.017210483152392276e-04
-1.129999999999970584e+01 -6.231095931085083028e-03 -6.283372187816966149e-04
-1.119999999999970441e+01 -6.270164024224238880e-03 -6.556509620976385625e-04
-1.109999999999970299e+01 -6.310870884361568026e-03 -6.837006057894491791e-04
-1.099999999999970157e+01 -6.353256836410565642e-03 -7.125262820050985279e-04
-1.089999999999970015e+01 -6.397364229992376708e-03 -7.421700531653053871e-04
-1.079999999999969873e+01 -6.443237522054895070e-03 -7.726760461397826681e-04
-1.069999999999969731e+01 -6.490923364273981644e-03 -8.040905956864111484e-04
-1.059999999999969589e+01 -6.540470695462539605e-03 -8.364623979467329142e-04
-1.049999999999969447e+01 -6.591930839223348118e-03 -8.698426748615551048e-04
-1.039999999999969305e+01 -6.645357607107799103e-03 -9.042853504591865255e-04
-1.029999999999969162e+01 -6.700807407528716966e-03 -9.398472400390389409e-04
-1.019999999999969020e+01 -6.758339360710430635e-03 -9.765882533851306078e-04
-1.009999999999968878e+01 -6.818015419952975359e-03 -1.014571613239078794e-03
-9.999999999999687361e+00 -6.879900499494754143e-03 -1.053864090377940000e-03
-9.899999999999685940e+00 -6.944062609284028589e-03 -1.094536256783146299e-03
-9.799999999999684519e+00 -7.010572996946087820e-03 -1.136662758510430119e-03
-9.699999999999683098e+00 -7.079506297266788609e-03 -1.180322610047562521e-03
-9.599999999999681677e+00 -7.150940689495201980e-03 -1.225599512109653471e-03
-9.499999999999680256e+00 -7.224958062764932215e-03 -1.272582195014635266e-03
-9.399999999999678835e+00 -7.301644189950199162e-03 -1.321364790011267561e-03
-9.299999999999677414e+00 -7.381088910226320590e-03 -1.372047231148415883e-03
-9.199999999999675993e+00 -7.463386320623259518e-03 -1.424735690562746633e-03
-9.099999999999674571e+00 -7.548634976813402980e-03 -1.479543050343049655e-03
-8.999999999999673150e+00 -7.636938103339367678e-03 -1.536589414456801224e-03
-8.899999999999671729e+00 -7.728403813469918171e-03 -1.596002664608253858e-03
-8.799999999999670308e+00 -7.823145338771257673e-03 -1.657919064278156251e-03
-8.699999999999668887e+00 -7.921281268449129748e-03 -1.722483915678103784e-03
-8.599999999999667466e+00 -8.022935798396206922e-03 -1.789852274843443123e-03
-8.499999999999666045e+00 -8.128238989758212324e-03 -1.860189730654636560e-03
-8.399999999999664624e+00 -8.237327036718446877e-03 -1.933673254233214678e-03
-8.299999999999663203e+00 -8.350342542968252138e-03 -2.010492125835084548e-03
-8.199999999999661782e+00 -8.467434806159360866e-03 -2.090848947192758440e-03
-8.099999999999660361e+00 -8.588760109329544520e-03 -2.174960748127529632e-03
-7.999999999999658939e+00 -8.714482017957403751e-03 -2.263060197248449677e-03
-7.899999999999657518e+00 -8.844771680936910560e-03 -2.355396927701740133e-03
-7.799999999999656097e+00 -8.979808133210406829e-03 -2.452238990149058478e-03
-7.699999999999654676e+00 -9.119778597265355488e-03 -2.553874446606639939e-03
-7.599999999999653255e+00 -9.264878779941683115e-03 -2.660613120336111775e-03
-7.499999999999651834e+00 -9.415313160123350150e-03 -2.772788518756205516e-03
-7.399999999999650413e+00 -9.571295261883378327e-03 -2.890759948381495421e-03
-7.299999999999648992e+00 -9.733047906311289785e-03 -3.014914842993306719e-03
-7.199999999999647571e+00 -9.900803433795160938e-03 -3.145671328834306630e-03
-7.099999999999646150e+00 -1.007480388663931775e-02 -3.283481053432643279e-03
-6.999999999999644729e+00 -1.025530113966956029e-02 -3.428832307859033118e-03
-6.899999999999643308e+00 -1.044255696384909643e-02 -3.582253475862971076e-03
-6.799999999999641886e+00 -1.063684300460401508e-02 -3.744316847307947033e-03
-6.699999999999640465e+00 -1.083844065273776962e-02 -3.915642837931641168e-03
-6.599999999999639044e+00 -1.104764078104241917e-02 -4.096904662499178951e-03
-6.499999999999637623e+00 -1.126474331401380695e-02 -4.288833514102929206e-03
-6.399999999999636202e+00 -1.149005659126201007e-02 -4.492224308777606305e-03
-6.299999999999634781e+00 -1.172389647678276706e-02 -4.707942061591313329e-03
-6.199999999999633360e+00 -1.196658515629416865e-02 -4.936928968327397582e-03
-6.099999999999631939e+00 -1.221844955259055766e-02 -5.180212275507546475e-03
-5.999999999999630518e+00 -1.247981927409692014e-02 -5.438913031053356148e-03
-5.899999999999629097e+00 -1.275102399399451886e-02 -5.714255818392410813e-03
-5.799999999999627676e+00 -1.303239013545991892e-02 -6.007579587974192642e-03
-5.699999999999626255e+00 -1.332423671234717055e-02 -6.320349712332955054e-03
-5.599999999999624833e+00 -1.362687014258172694e-02 -6.654171403415053490e-03
-5.499999999999623412e+00 -1.394057781267780786e-02 -7.010804643860280017e-03
-5.399999999999621991e+00 -1.426562012467971589e-02 -7.392180796902564702e-03
-5.299999999999620570e+00 -1.460222069930756580e-02 -7.800421071463939024e-03
-5.199999999999619149e+00 -1.495055433952298569e-02 -8.237857029456008284e-03
-5.099999999999617728e+00 -1.531073227394614926e-02 -8.707053329208876494e-03
-4.999999999999616307e+00 -1.568278409673665857e-02 -9.210832900585535360e-03
-4.899999999999614886e+00 -1.606663569599967034e-02 -9.752304740847692055e-03
-4.799999999999613465e+00 -1.646208231167357178e-02 -1.033489450103667467e-02
-4.699999999999612044e+00 -1.686875568175116857e-02 -1.096237799564747130e-02
-4.599999999999610623e+00 -1.728608401611275019e-02 -1.163891770495725266e-02
-4.499999999999609201e+00 -1.771324327417271582e-02 -1.236910223920532556e-02
-4.399999999999607780e+00 -1.814909790916623480e-02 -1.315798858231498857e-02
-4.299999999999606359e+00 -1.859212887098477332e-02 -1.401114670927040493e-02
-4.199999999999604938e+00 -1.904034622593808040e-02 -1.493470585005350973e-02
-4.099999999999603517e+00 -1.949118325147384395e-02 -1.593540121723483610e-02
-3.999999999999602096e+00 -1.994136829854517221e-02 -1.702061937735289618e-02
-3.899999999999600675e+00 -2.038677009393814743e-02 -1.819843956652215933e-02
-3.799999999999599254e+00 -2.082221150336417692e-02 -1.947766704743620833e-02
-3.699999999999597833e+00 -2.124124614211944997e-02 -2.086785297912785442e-02
-3.599999999999596412e+00 -2.163589168719338984e-02 -2.237929309645525153e-02
-3.499999999999594991e+00 -2.199631345340423774e-02 -2.402299462679093056e-02
-3.399999999999593570e+00 -2.231045196872242717e-02 -2.581059714166685642e-02
-3.299999999999592148e+00 -2.256358926062557169e-02 -2.775422828153940868e-02
-3.199999999999590727e+00 -2.273785085205369885e-02 -2.986626936813029445e-02
-3.099999999999589306e+00 -2.281164478602974374e-02 -3.215899878475510232e-02
-2.999999999999587885e+00 -2.275904635211413451e-02 -3.464407282121224896e-02
-2.899999999999586464e+00 -2.254914888776291329e-02 -3.733179498499531596e-02
-2.799999999999585043e+00 -2.214541868155886842e-02 -4.023011675885378863e-02
-2.699999999999583622e+00 -2.150511737581371763e-02 -4.334330765367618021e-02
-2.599999999999582201e+00 -2.057888989130455051e-02 -4.667023387734018508e-02
-2.499999999999580780e+00 -1.931066031401418651e-02 -5.020219872837659164e-02
-2.399999999999579359e+00 -1.763803056102981187e-02 -5.392033192393523577e-02
-2.299999999999577938e+00 -1.549343068866870787e-02 -5.779257939551109974e-02
-2.199999999999576517e+00 -1.280631195350936946e-02 -6.177044970442804178e-02
-2.099999999999575095e+00 -9.506680935656947745e-03 -6.578582417607410637e-02
-1.999999999999573674e+00 -5.530211414769090755e-03 -6.974832970485547734e-02
-1.899999999999572253e+00 -8.250003048421994389e-04 -7.354397862971440158e-02
-1.799999999999570832e+00 4.640277896893377219e-03 -7.703593965487223749e-02
-1.699999999999569411e+00 1.086751758050525513e-02 -8.006832345645581439e-02
-1.599999999999567990e+00 1.782086103278777284e-02 -8.247363496103639335e-02
-1.499999999999566569e+00 2.542060099380421753e-02 -8.408397939482824268e-02
-1.399999999999565148e+00 3.354116020865886838e-02 -8.474523028730075735e-02
-1.299999999999563727e+00 4.201464656091100786e-02 -8.433235811979150620e-02
-1.199999999999562306e+00 5.064052489219482422e-02 -8.276332220088675196e-02
-1.099999999999560885e+00 5.920055598208333325e-02 -8.000873345105044554e-02
-9.999999999995594635e-01 6.747676002066795020e-02 -7.609512905370363622e-02
-8.999999999995580424e-01 7.526929269536979106e-02 -7.110105270697170132e-02
-7.999999999995566213e-01 8.241112878166639844e-02 -6.514676005813331561e-02
-6.999999999995552002e-01 8.877730867692737449e-02 -5.837969337312311213e-02
-5.999999999995537792e-01 9.428784007853018012e-02 -5.095848605311863178e-02
-4.999999999995523581e-01 9.890465284920657574e-02 -4.303810940596786150e-02
-3.999999999995509370e-01 1.026239115038405647e-01 -3.475811293521945122e-02
-2.999999999995495159e-01 1.054654027511522096e-01 -2.623509276496359399e-02
-1.999999999995480948e-01 1.074607650487303806e-01 -1.755980643839808938e-02
-9.999999999954667373e-02 1.086422062094794111e-01 -8.798804011381486379e-03
4.547473508864641190e-13 1.090331753468848641e-01 -5.218048215738235740e-15
1.000000000004561684e-01 1.086422062094723057e-01 8.798804011461394681e-03
2.000000000004575895e-01 1.074607650487159616e-01 1.755980643847745992e-02
3.000000000004590106e-01 1.054654027511302827e-01 2.623509276504192717e-02
4.000000000004604317e-01 1.026239115038107552e-01 3.475811293529601498e-02
5.000000000004618528e-01 9.890465284916868938e-02 4.303810940604170521e-02
6.000000000004632739e-01 9.428784007848406423e-02 5.095848605318863134e-02
7.000000000004646949e-01 8.877730867687325111e-02 5.837969337318787977e-02
8.000000000004661160e-01 8.241112878160480881e-02 6.514676005819139415e-02
9.000000000004675371e-01 7.526929269530165112e-02 7.110105270702168911e-02
1.000000000000468958e+00 6.747676002059460609e-02 7.609512905374429814e-02
1.100000000000470379e+00 5.920055598200646418e-02 8.000873345108083790e-02
1.200000000000471800e+00 5.064052489211634533e-02 8.276332220090640290e-02
1.300000000000473221e+00 4.201464656083292448e-02 8.433235811980041574e-02
1.400000000000474643e+00 3.354116020858312341e-02 8.474523028729950835e-02
1.500000000000476064e+00 2.542060099373249366e-02 8.408397939481769556e-02
1.600000000000477485e+00 1.782086103272145089e-02 8.247363496101788038e-02
1.700000000000478906e+00 1.086751758044523022e-02 8.006832345643080662e-02
1.800000000000480327e+00 4.640277896840183658e-03 7.703593965484233086e-02
1.900000000000481748e+00 -8.250003048884298196e-04 7.354397862968105326e-02
2.000000000000483169e+00 -5.530211414808503673e-03 6.974832970482001959e-02
2.100000000000484590e+00 -9.506680935689956063e-03 6.578582417603767718e-02
2.200000000000486011e+00 -1.280631195353649013e-02 6.177044970439159871e-02
2.300000000000487432e+00 -1.549343068869059314e-02 5.779257939547530892e-02
2.400000000000488853e+00 -1.763803056104704808e-02 5.392033192390065233e-02
2.500000000000490274e+00 -1.931066031402745020e-02 5.020219872834357638e-02
2.600000000000491696e+00 -2.057888989131442456e-02 4.667023387730898087e-02
2.700000000000493117e+00 -2.150511737582074673e-02 4.334330765364687726e-02
2.800000000000494538e+00 -2.214541868156354176e-02 4.023011675882644245e-02
2.900000000000495959e+00 -2.254914888776566109e-02 3.733179498496992654e-02
3.000000000000497380e+00 -2.275904635211527249e-02 3.464407282118874692e-02
3.100000000000498801e+00 -2.281164478602961537e-02 3.215899878473340440e-02
3.200000000000500222e+00 -2.273785085205253312e-02 2.986626936811027228e-02
3.300000000000501643e+00 -2.256358926062360798e-02 2.775422828152098939e-02
3.400000000000503064e+00 -2.231045196871982508e-02 2.581059714164990818e-02
3.500000000000504485e+00 -2.199631345340115340e-02 2.402299462677534581e-02
3.600000000000505906e+00 -2.163589168718994121e-02 2.237929309644092965e-02
3.700000000000507328e+00 -2.124124614211573420e-02 2.086785297911467052e-02
3.800000000000508749e+00 -2.082221150336028767e-02 1.947766704742408955e-02
3.900000000000510170e+00 -2.038677009393412634e-02 1.819843956651099465e-02
4.000000000000511591e+00 -1.994136829854109561e-02 1.702061937734261968e-02
4.100000000000513012e+00 -1.949118325146975000e-02 1.593540121722536104e-02
4.200000000000514433e+00 -1.904034622593398299e-02 1.493470585004476325e-02
4.300000000000515854e+00 -1.859212887098072448e-02 1.401114670926233326e-02
4.400000000000517275e+00 -1.814909790916222412e-02 1.315798858230752579e-02
4.500000000000518696e+00 -1.771324327416878147e-02 1.236910223919842136e-02
4.600000000000520117e+00 -1.728608401610890605e-02 1.163891770495086193e-02
4.700000000000521538e+00 -1.686875568174741116e-02 1.096237799564155069e-02
4.800000000000522959e+00 -1.646208231166992539e-02 1.033489450103117907e-02
4.900000000000524381e+00 -1.606663569599613151e-02 9.752304740842588499e-03
5.000000000000525802e+00 -1.568278409673323076e-02 9.210832900580787422e-03
5.100000000000527223e+00 -1.531073227394282206e-02 8.707053329204456418e-03
5.200000000000528644e+00 -1.495055433951976605e-02 8.237857029451890051e-03
5.300000000000530065e+00 -1.460222069930444851e-02 7.800421071460094877e-03
5.400000000000531486e+00 -1.426562012467671829e-02 7.392180796898975559e-03
5.500000000000532907e+00 -1.394057781267490567e-02 7.010804643856926796e-03
5.600000000000534328e+00 -1.362687014257892015e-02 6.654171403411918845e-03
5.700000000000535749e+00 -1.332423671234446612e-02 6.320349712330016433e-03
5.800000000000537170e+00 -1.303239013545732031e-02 6.007579587971441371e-03
5.900000000000538591e+00 -1.275102399399199657e-02 5.714255818389824340e-03
6.000000000000540012e+00 -1.247981927409449153e-02 5.438913031050931005e-03
6.100000000000541434e+00 -1.221844955258822793e-02 5.180212275505267049e-03
6.200000000000542855e+00 -1.196658515629192912e-02 4.936928968325253464e-03
6.300000000000544276e+00 -1.172389647678060559e-02 4.707942061589292376e-03
6.400000000000545697e+00 -1.149005659125993187e-02 4.492224308775702446e-03
6.500000000000547118e+00 -1.126474331401179294e-02 4.288833514101132033e-03
6.600000000000548539e+00 -1.104764078104047628e-02 4.096904662497482391e-03
6.700000000000549960e+00 -1.083844065273590306e-02 3.915642837930038284e-03
6.800000000000551381e+00 -1.063684300460221444e-02 3.744316847306430017e-03
6.900000000000552802e+00 -1.044255696384735477e-02 3.582253475861536460e-03
7.000000000000554223e+00 -1.025530113966788628e-02 3.428832307857677432e-03
7.100000000000555644e+00 -1.007480388663770966e-02 3.283481053431356548e-03
7.200000000000557066e+00 -9.900803433793610095e-03 3.145671328833087119e-03
7.300000000000558487e+00 -9.733047906309792718e-03 3.014914842992148791e-03
7.400000000000559908e+00 -9.571295261881933303e-03 2.890759948380394739e-03
7.500000000000561329e+00 -9.415313160121953698e-03 2.772788518755159477e-03
7.600000000000562750e+00 -9.264878779940340439e-03 2.660613120335116911e-03
7.700000000000564171e+00 -9.119778597264059650e-03 2.553874446605691045e-03
7.800000000000565592e+00 -8.979808133209152624e-03 2.452238990148157289e-03
7.900000000000567013e+00 -8.844771680935699723e-03 2.355396927700880577e-03
8.000000000000568434e+00 -8.714482017956236282e-03 2.263060197247629586e-03
8.100000000000569855e+00 -8.588760109328418685e-03 2.174960748126747272e-03
8.200000000000571276e+00 -8.467434806158281868e-03 2.090848947192010775e-03
8.300000000000572697e+00 -8.350342542967207835e-03 2.010492125834370709e-03
8.400000000000574119e+00 -8.237327036717439002e-03 1.933673254232530763e-03
8.500000000000575540e+00 -8.128238989757239144e-03 1.860189730653983003e-03
8.600000000000576961e+00 -8.022935798395266702e-03 1.789852274842817321e-03
8.700000000000578382e+00 -7.921281268448224222e-03 1.722483915677503136e-03
8.800000000000579803e+00 -7.823145338770374699e-03 1.657919064277581407e-03
8.900000000000581224e+00 -7.728403813469076830e-03 1.596002664607702650e-03
9.000000000000582645e+00 -7.636938103338547154e-03 1.536589414456272134e-03
9.100000000000584066e+00 -7.548634976812611946e-03 1.479543050342542248e-03
9.200000000000585487e+00 -7.463386320622504913e-03 1.424735690562259176e-03
9.300000000000586908e+00 -7.381088910225590272e-03 1.372047231147946640e-03
9.400000000000588329e+00 -7.301644189949489661e-03 1.321364790010814798e-03
9.500000000000589750e+00 -7.224958062764245265e-03 1.272582195014199200e-03
9.600000000000591172e+00 -7.150940689494532376e-03 1.225599512109233668e-03
9.700000000000592593e+00 -7.079506297266143292e-03 1.180322610047157680e-03
9.800000000000594014e+00 -7.010572996945473728e-03 1.136662758510040673e-03
9.900000000000595435e+00 -6.944062609283431844e-03 1.094536256782770948e-03
1.000000000000059686e+01 -6.879900499494186888e-03 1.053864090377578311e-03
1.010000000000059828e+01 -6.818015419952423717e-03 1.014571613238727729e-03
1.020000000000059970e+01 -6.758339360709901544e-03 9.765882533847916862e-04
1.030000000000060112e+01 -6.700807407528210427e-03 9.398472400387106445e-04
1.040000000000060254e+01 -6.645357607107302972e-03 9.042853504588673364e-04
1.050000000000060396e+01 -6.591930839222872804e-03 8.698426748612474082e-04
1.060000000000060538e+01 -6.540470695462078168e-03 8.364623979464332407e-04
1.070000000000060680e+01 -6.490923364273537555e-03 8.040905956861205822e-04
1.080000000000060822e+01 -6.443237522054468328e-03 7.726760461394999082e-04
1.090000000000060965e+01 -6.397364229991962109e-03 7.421700531650315177e-04
1.100000000000061107e+01 -6.353256836410175329e-03 7.125262820048335489e-04
1.110000000000061249e+01 -6.310870884361193325e-03 6.837006057891909221e-04
1.120000000000061391e+01 -6.270164024223874588e-03 6.556509620973860518e-04
1.130000000000061533e+01 -6.231095931084737818e-03 6.283372187814515852e-04
1.140000000000061675e+01 -6.193628226672739240e-03 6.017210483150003779e-04
1.150000000000061817e+01 -6.157724405651378644e-03 5.757658100018839265e-04
1.160000000000061959e+01 -6.123349766061842586e-03 5.504364394184540566e-04
1.170000000000062101e+01 -6.090471343734295447e-03 5.256993445203559517e-04
1.180000000000062244e+01 -6.059057850493838188e-03 5.015223078880502467e-04
1.190000000000062386e+01 -6.029079615986894861e-03 4.778743946170682828e-04
1.200000000000062528e+01 -6.000508532980360250e-03 4.547258654075296081e-04
1.210000000000062670e+01 -5.973318005978662040e-03 4.320480944277038096e-04
1.220000000000062812e+01 -5.947482903023593864e-03 4.098134915639742868e-04
1.230000000000062954e+01 -5.922979510549673809e-03 3.879954286959934459e-04
1.240000000000063096e+01 -5.899785491167852322e-03 3.665681696530710557e-04
1.250000000000063238e+01 -5.877879844271965623e-03 3.455068035408702170e-04
1.260000000000063380e+01 -5.857242869357177743e-03 3.247871811361842777e-04
1.270000000000063523e+01 -5.837856131955644970e-03 3.043858540723475741e-04
1.280000000000063665e+01 -5.819702432100773079e-03 2.842800165533680874e-04
1.290000000000063807e+01 -5.802765775235253255e-03 2.644474493435561898e-04
1.300000000000063949e+01 -5.787031345485024042e-03 2.448664657986153329e-04
1.310000000000064091e+01 -5.772485481237764858e-03 2.255158597121884002e-04
1.320000000000064233e+01 -5.759115652953013254e-03 2.063748547589282960e-04
1.330000000000064375e+01 -5.746910443155714421e-03 1.874230553302750138e-04
1.340000000000064517e+01 -5.735859528558016202e-03 1.686403985577076279e-04
1.350000000000064659e+01 -5.725953664266726466e-03 1.500071073297648289e-04
1.360000000000064801e+01 -5.717184670038569921e-03 1.315036441134938153e-04
1.370000000000064944e+01 -5.709545418547973088e-03 1.131106653883506797e-04
1.380000000000065086e+01 -5.703029825642637676e-03 9.480897651203078723e-05
1.390000000000065228e+01 -5.697632842562784516e-03 7.657948682931244467e-05
1.400000000000065370e+01 -5.693350450108481536e-03 5.840316484076338386e-05
1.410000000000065512e+01 -5.690179654743804383e-03 4.026099324662933687e-05
1.420000000000065654e+01 -5.688118486630592413e-03 2.213392367291151276e-05
1.430000000000065796e+01 -5.687165999591684701e-03 4.002830891858591943e-06
1.440000000000065938e+01 -5.687322273006716923e-03 -1.415153366509682136e-05
1.450000000000066080e+01 -5.688588415649631531e-03 -3.234858930462633335e-05
1.460000000000066223e+01 -5.690966571481378272e-03 -5.060797458956978450e-05
1.470000000000066365e+01 -5.694459927416435120e-03 -6.894959720350952483e-05
1.480000000000066507e+01 -5.699072723085933483e-03 -8.739368538947635615e-05
1.490000000000066649e+01 -5.704810262625631574e-03 -1.059608412122596760e-04
1.500000000000066791e+01 -5.711678928521047791e-03 -1.246720959025717336e-04
1.510000000000066933e+01 -5.719686197545621222e-03 -1.435489675578818661e-04
1.520000000000067075e+01 -5.728840658834493706e-03 -1.626135214994580205e-04
1.530000000000067217e+01 -5.739152034136820076e-03 -1.818884335970291080e-04
1.540000000000067359e+01 -5.750631200297021996e-03 -2.013970569056852114e-04
1.550000000000067502e+01 -5.763290214016780766e-03 -2.211634919804193180e-04
1.560000000000067644e+01 -5.777142338951540314e-03 -2.412126612634977151e-04
1.570000000000067786e+01 -5.792202075202166310e-03 -2.615703879795967237e-04
1.580000000000067928e+01 -5.808485191258028896e-03 -2.822634800011134459e-04
1.590000000000068070e+01 -5.826008758455319958e-03 -3.033198191976773858e-04
1.600000000000068212e+01 -5.844791188010799859e-03 -3.247684568241340948e-04
1.610000000000068354e+01 -5.864852270689371351e-03 -3.466397155528754557e-04
1.620000000000068496e+01 -5.886213219167600250e-03 -3.689652988211230807e-04
1.630000000000068638e+01 -5.908896713142044836e-03 -3.917784082175313539e-04
1.640000000000068781e+01 -5.932926947234662927e-03 -4.151138697152549411e-04
1.650000000000068923e+01 -5.958329681733067623e-03 -4.390082696321065273e-04
1.660000000000069065e+01 -5.985132296190773075e-03 -4.635001012877595829e-04
1.670000000000069207e+01 -6.013363845905584162e-03 -4.886299234356549556e-04
1.680000000000069349e+01 -6.043055121261475988e-03 -5.144405316472373162e-04
1.690000000000069491e+01 -6.074238709907401126e-03 -5.409771439631325335e-04
1.700000000000069633e+01 -6.106949061706418158e-03 -5.682876022582116198e-04
1.710000000000069775e+01 -6.141222556348179332e-03 -5.964225909234369084e-04
1.720000000000069917e+01 -6.177097573479214954e-03 -6.254358746513395597e-04
1.730000000000070060e+01 -6.214614565129113026e-03 -6.553845572946255527e-04
1.740000000000070202e+01 -6.253816130153013082e-03 -6.863293640011296475e-04
1.750000000000070344e+01 -6.294747090310303349e-03 -7.183349490664074372e-04
1.760000000000070486e+01 -6.337454567488092286e-03 -7.514702322213562529e-04
1.770000000000070628e+01 -6.381988061457168245e-03 -7.858087663931213104e-04
1.780000000000070770e+01 -6.428399527365276020e-03 -8.214291403103738190e-04
1.790000000000070912e+01 -6.476743451996161069e-03 -8.584154197318341010e-04
1.800000000000071054e+01 -6.527076927571201850e-03 -8.968576315068259265e-04
1.810000000000071196e+01 -6.579459721580721565e-03 -9.368522951699526698e-04
1.820000000000071338e+01 -6.633954340798861420e-03 -9.785030073394965569e-04
1.830000000000071481e+01 -6.690626087189306855e-03 -1.021921084793448158e-03
1.840000000000071623e+01 -6.749543102924407921e-03 -1.067226272816356857e-03
1.850000000000071765e+01 -6.810776401108466910e-03 -1.114547526183227869e-03
1.860000000000071907e+01 -6.874399878049473195e-03 -1.164023871025421852e-03
1.870000000000072049e+01 -6.940490302043297172e-03 -1.215805356823635667e-03
1.880000000000072191e+01 -7.009127272515010103e-03 -1.270054108850219698e-03
1.890000000000072333e+01 -7.080393142075886576e-03 -1.326945492634175154e-03
1.900000000000072475e+01 -7.154372892441487886e-03 -1.386669403371855545e-03
1.910000000000072617e+01 -7.231153953224043682e-03 -1.449431694716150649e-03
1.920000000000072760e+01 -7.310825950297306954e-03 -1.515455763062743605e-03
1.930000000000072902e+01 -7.393480367560197573e-03 -1.584984305248919676e-03
1.940000000000073044e+01 -7.479210102523459365e-03 -1.658281269596895537e-03
1.950000000000073186e+01 -7.568108891946783399e-03 -1.735634022352916831e-03
1.960000000000073328e+01 -7.660270578683700191e-03 -1.817355753840769420e-03
1.970000000000073470e+01 -7.755788184764410807e-03 -1.903788151038085909e-03
1.980000000000073612e+01 -7.854752748222377720e-03 -1.995304365644171019e-03
1.990000000000073754e+01 -7.957251872125438094e-03 -2.092312309083684679e-03
2.000000000000073896e+01 -8.063367923197435269e-03 -2.195258307996317097e-03
2.010000000000074039e+01 -8.173175803993244781e-03 -2.304631155469610837e-03
2.020000000000074181e+01 -8.286740206328548769e-03 -2.420966594290712651e-03
2.030000000000074323e+01 -8.404112233845283456e-03 -2.544852268266687735e-03
2.040000000000074465e+01 -8.525325257703207996e-03 -2.676933175767418245e-03
2.050000000000074607e+01 -8.650389840411290554e-03 -2.817917655039419485e-03
2.060000000000074749e+01 -8.779287527925179468e-03 -2.968583922453463340e-03
2.070000000000074891e+01 -8.911963268294026061e-03 -3.129787171085582527e-03
2.080000000000075033e+01 -9.048316165056571533e-03 -3.302467215508945661e-03
2.090000000000075175e+01 -9.188188214327496633e-03 -3.487656636643816661e-03
2.100000000000075318e+01 -9.331350604787323061e-03 -3.686489333666284098e-03
2.110000000000075460e+01 -9.477487078967266471e-03 -3.900209323042286898e-03
2.120000000000075602e+01 -9.626173762195273931e-03 -4.130179530575661846e-03
2.130000000000075744e+01 -9.776854763244708507e-03 -4.377890191260481144e-03
2.140000000000075886e+01 -9.928812741476448350e-03 -4.644966291836936934e-03
2.150000000000076028e+01 -1.008113352528886182e-02 -4.933173246327541596e-03
2.160000000000076170e+01 -1.023266376789370297e-02 -5.244419666309146043e-03
2.170000000000076312e+01 -1.038196055867892167e-02 -5.580755651994107752e-03
2.180000000000076454e+01 -1.052723190347745405e-02 -5.944364460316418387e-03
2.190000000000076597e+01 -1.066626709472606217e-02 -6.337544674553953136e-03
2.200000000000076739e+01 -1.079635628669231920e-02 -6.762679080942439989e-03
2.210000000000076881e+01 -1.091419917940099869e-02 -7.222185338113053937e-03
2.220000000000077023e+01 -1.101580374781934574e-02 -7.718442218664915873e-03
2.230000000000077165e+01 -1.109637763061748286e-02 -8.253683774251814945e-03
2.240000000000077307e+01 -1.115021736713824214e-02 -8.829852384840313276e-03
2.250000000000077449e+01 -1.117060442855231581e-02 -9.448400605043918640e-03
2.260000000000077591e+01 -1.114972220307074852e-02 -1.011003154554064240e-02
2.270000000000077733e+01 -1.107861491989612680e-02 -1.081436906045834222e-02
2.280000000000077875e+01 -1.094721777445832427e-02 -1.155955345417348547e-02
2.290000000000078018e+01 -1.074449646987230000e-02 -1.234176732591447598e-02
2.300000000000078160e+01 -1.045874219547842515e-02 -1.315471122827042982e-02
2.310000000000078302e+01 -1.007807140610796071e-02 -1.398907130335307926e-02
2.320000000000078444e+01 -9.591173583192547786e-03 -1.483205077977464530e-02
2.330000000000078586e+01 -8.988328055543800751e-03 -1.566707089629866545e-02
2.340000000000078728e+01 -8.262666919585832936e-03 -1.647377634886662903e-02
2.350000000000078870e+01 -7.411593049391400866e-03 -1.722849183641254542e-02
2.360000000000079012e+01 -6.438177092572661131e-03 -1.790525173625009611e-02
2.370000000000079154e+01 -5.352275822233809772e-03 -1.847744857042974212e-02
2.380000000000079297e+01 -4.171070408060320589e-03 -1.892001503292540035e-02
2.390000000000079439e+01 -2.918755232106565178e-03 -1.921189095327945420e-02
2.400000000000079581e+01 -1.625238246133465375e-03 -1.933838091103569704e-02
2.410000000000079723e+01 -3.239273976785458052e-04 -1.929294504849695530e-02
2.420000000000079865e+01 9.510863530729513765e-04 -1.907803323226099287e-02
2.430000000000080007e+01 2.167967421396554181e-03 -1.870476999833246487e-02
2.440000000000080149e+01 3.299677567686269946e-03 -1.819156378827791257e-02
2.450000000000080291e+01 4.325718991894916127e-03 -1.756195346601239007e-02
2.460000000000080433e+01 5.232893432627384184e-03 -1.684213613924968878e-02
2.470000000000080576e+01 6.015125904646997576e-03 -1.605861353174775283e-02
2.480000000000080718e+01 6.672574972524064445e-03 -1.523627845827045350e-02
2.490000000000080860e+01 7.210327693653499972e-03 -1.439710003372604401e-02
2.500000000000081002e+01 7.636964047010474932e-03 -1.355941591780833629e-02
2.510000000000081144e+01 7.963206618614257493e-03 -1.273773757127905082e-02
2.520000000000081286e+01 8.200784390850670430e-03 -1.194292763104011675e-02
2.530000000000081428e+01 8.361561997987531150e-03 -1.118260576087524993e-02
2.540000000000081570e+01 8.456930590849842666e-03 -1.046166263438166009e-02
2.550000000000081712e+01 8.497424895600905886e-03 -9.782794839037942461e-03
2.560000000000081855e+01 8.492518391432446467e-03 -9.147005688828429779e-03
2.570000000000081997e+01 8.450548232597618684e-03 -8.554042907494943324e-03
2.580000000000082139e+01 8.378727813566702598e-03 -8.002762512383116908e-03
2.590000000000082281e+01 8.283213608833590522e-03 -7.491419754980951050e-03
2.600000000000082423e+01 8.169201655124662051e-03 -7.017894255932711871e-03
2.610000000000082565e+01 8.041036584074776061e-03 -6.579859168765516721e-03
2.620000000000082707e+01 7.902322060700087136e-03 -6.174904690289606014e-03
2.630000000000082849e+01 7.756025878911800703e-03 -5.800625506519972024e-03
2.640000000000082991e+01 7.604576046230172512e-03 -5.454680479973283286e-03
2.650000000000083134e+01 7.449946245119404634e-03 -5.134831446199682528e-03
2.660000000000083276e+01 7.293730359279028408e-03 -4.838966612733757930e-03
2.670000000000083418e+01 7.137206524054944511e-03 -4.565112843879888353e-03
2.680000000000083560e+01 6.981391573754543861e-03 -4.311440104284787987e-03
2.690000000000083702e+01 6.827086940908850404e-03 -4.076260519179692246e-03
2.700000000000083844e+01 6.674917101774854866e-03 -3.858023868414842995e-03
2.710000000000083986e+01 6.525361618652227892e-03 -3.655310837739216261e-03
2.720000000000084128e+01 6.378781741853262015e-03 -3.466824976030445562e-03
2.730000000000084270e+01 6.235442427525546977e-03 -3.291384026812888344e-03
2.740000000000084412e+01 6.095530516855694574e-03 -3.127911094915192605e-03
2.750000000000084555e+01 5.959169716086546234e-03 -2.975425957284523210e-03
2.760000000000084697e+01 5.826432919874996799e-03 -2.833036717276783689e-03
2.770000000000084839e+01 5.697352334420768133e-03 -2.699931923207649683e-03
2.780000000000084981e+01 5.571927782110689537e-03 -2.575373216735770982e-03
2.790000000000085123e+01 5.450133505460324004e-03 -2.458688538369848374e-03
2.800000000000085265e+01 5.331923733946738152e-03 -2.349265891441945989e-03
2.810000000000085407e+01 5.217237231915444751e-03 -2.246547648952882531e-03
2.820000000000085549e+01 5.106001007721922696e-03 -2.150025376995198800e-03
2.830000000000085691e+01 4.998133332762021153e-03 -2.059235142348667114e-03
2.840000000000085834e+01 4.893546192913548337e-03 -1.973753268808859252e-03
2.850000000000085976e+01 4.792147273287002476e-03 -1.893192505881364932e-03
2.860000000000086118e+01 4.693841559428639509e-03 -1.817198574036485784e-03
2.870000000000086260e+01 4.598532623392468516e-03 -1.745447052096992099e-03
2.880000000000086402e+01 4.506123651052513016e-03 -1.677640574329673003e-03
2.890000000000086544e+01 4.416518257083116433e-03 -1.613506307071424940e-03
2.900000000000086686e+01 4.329621125825789535e-03 -1.552793677084344983e-03
2.910000000000086828e+01 4.245338509575836798e-03 -1.495272326258558111e-03
2.920000000000086970e+01 4.163578610235120492e-03 -1.440730269567387601e-03
2.930000000000087113e+01 4.084251865744200835e-03 -1.388972235403256386e-03
2.940000000000087255e+01 4.007271158946732262e-03 -1.339818169478157852e-03
2.950000000000087397e+01 3.932551963415940183e-03 -1.293101885356891809e-03
2.960000000000087539e+01 3.860012438257997072e-03 -1.248669846457290972e-03
2.970000000000087681e+01 3.789573481759668690e-03 -1.206380065908072572e-03
2.980000000000087823e+01 3.721158752032285855e-03 -1.166101112102625043e-03
2.990000000000087965e+01 3.654694661365033050e-03 -1.127711209074612432e-03
3.000000000000088107e+01 3.590110349790514785e-03 -1.091097421966348872e-03
3.010000000000088249e+01 3.527337642417624920e-03 -1.056154918918231992e-03
3.020000000000088392e+01 3.466310994239867743e-03 -1.022786301614674563e-03
3.030000000000088534e+01 3.406967425476883221e-03 -9.909009975626360822e-04
3.040000000000088676e+01 3.349246449949158395e-03 -9.604147079158555306e-04
3.050000000000088818e+01 3.293089998506679595e-03 -9.312489053057268398e-04
3.060000000000088960e+01 3.238442339180994285e-03 -9.033303767417643444e-04
3.070000000000089102e+01 3.185249995385296129e-03 -8.765908071504831776e-04
3.080000000000089244e+01 3.133461663245398418e-03 -8.509663995962587352e-04
3.090000000000089386e+01 3.083028128927745026e-03 -8.263975286404157128e-04
3.100000000000089528e+01 3.033902186636410533e-03 -8.028284236550688223e-04
3.110000000000089670e+01 2.986038557830042461e-03 -7.802068792492121516e-04
3.120000000000089813e+01 2.939393812063111414e-03 -7.584839902441519854e-04
3.130000000000089955e+01 2.893926289772814041e-03 -7.376139089042152647e-04
3.140000000000090097e+01 2.849596027250534975e-03 -7.175536223604180898e-04
3.150000000000090239e+01 2.806364683955662499e-03 -6.982627483656901135e-04
3.160000000000090381e+01 2.764195472297859349e-03 -6.797033477159812598e-04
3.170000000000090523e+01 2.723053089947165620e-03 -6.618397518267448527e-04
3.180000000000090665e+01 2.682903654710028316e-03 -6.446384041089759948e-04
3.190000000000090807e+01 2.643714641979973221e-03 -6.280677139208930542e-04
