-3.200000000000000000e+01 8.569555113770903690e-03 6.448421377393793270e-04
-3.189999999999999858e+01 8.688418965675284364e-03 6.612337635129152211e-04
-3.179999999999999716e+01 8.810294102017049087e-03 6.782547262047655809e-04
-3.169999999999999574e+01 8.935295332354976222e-03 6.959376898226531973e-04
-3.159999999999999432e+01 9.063543360308611366e-03 7.143174645664429438e-04
-3.149999999999999289e+01 9.195165164962599072e-03 7.334311780714435416e-04
-3.139999999999999147e+01 9.330294412077414987e-03 7.533184627761130032e-04
-3.129999999999999005e+01 9.469071897872187102e-03 7.740216611742036651e-04
-3.119999999999998863e+01 9.611646028394878194e-03 7.955860509234401971e-04
-3.109999999999998721e+01 9.758173337815050433e-03 8.180600920301826394e-04
-3.099999999999998579e+01 9.908819049382395008e-03 8.414956986193938273e-04
-3.089999999999998437e+01 1.006375768312874584e-02 8.659485381119653167e-04
-3.079999999999998295e+01 1.022317371491950934e-02 8.914783610127764409e-04
-3.069999999999998153e+01 1.038726229192840286e-02 9.181493649311250806e-04
-3.059999999999998010e+01 1.055623001018464110e-02 9.460305969430135142e-04
-3.049999999999997868e+01 1.073029576054644781e-02 9.751963989760199791e-04
-3.039999999999997726e+01 1.090969165011022521e-02 1.005726901533555246e-03
-3.029999999999997584e+01 1.109466400698067880e-02 1.037708571839585482e-03
-3.019999999999997442e+01 1.128547447722080474e-02 1.071234823346545574e-03
-3.009999999999997300e+01 1.148240122386855536e-02 1.106406694558467263e-03
-2.999999999999997158e+01 1.168574023918711631e-02 1.143333606307804159e-03
-2.989999999999997016e+01 1.189580678260757259e-02 1.182134207979159118e-03
-2.979999999999996874e+01 1.211293695850029599e-02 1.222937324793345326e-03
-2.969999999999996732e+01 1.233748944965669045e-02 1.265883020133718893e-03
-2.959999999999996589e+01 1.256984742442341339e-02 1.311123789102910811e-03
-2.949999999999996447e+01 1.281042063786816745e-02 1.358825902111990714e-03
-2.939999999999996305e+01 1.305964774995820379e-02 1.409170920353348391e-03
-2.929999999999996163e+01 1.331799888696361643e-02 1.462357408666246092e-03
-2.919999999999996021e+01 1.358597847581559381e-02 1.518602875608120704e-03
-2.909999999999995879e+01 1.386412838527980272e-02 1.578145975684461374e-03
-2.899999999999995737e+01 1.415303141266609742e-02 1.641249014849352874e-03
-2.889999999999995595e+01 1.445331516018292031e-02 1.708200807718604020e-03
-2.879999999999995453e+01 1.476565635157089246e-02 1.779319943808876231e-03
-2.869999999999995310e+01 1.509078564697563865e-02 1.854958530762037053e-03
-2.859999999999995168e+01 1.542949302261163724e-02 1.935506495412784612e-03
-2.849999999999995026e+01 1.578263379186678472e-02 2.021396539246424380e-03
-2.839999999999994884e+01 1.615113535595792335e-02 2.113109863844159567e-03
-2.829999999999994742e+01 1.653600478593764828e-02 2.211182805298335732e-03
-2.819999999999994600e+01 1.693833735349836722e-02 2.316214545223327023e-03
-2.809999999999994458e+01 1.735932614634162763e-02 2.428876101323402745e-03
-2.799999999999994316e+01 1.780027292534089658e-02 2.549920844260271293e-03
-2.789999999999994174e+01 1.826260040531567375e-02 2.680196841899251409e-03
-2.779999999999994031e+01 1.874786617018412566e-02 2.820661399984547568e-03
-2.769999999999993889e+01 1.925777846636031118e-02 2.972398253466471130e-03
-2.759999999999993747e+01 1.979421415645329224e-02 3.136637970097566792e-03
-2.749999999999993605e+01 2.035923915910188564e-02 3.314782264009945474e-03
-2.739999999999993463e+01 2.095513174977218715e-02 3.508433090122486334e-03
-2.729999999999993321e+01 2.158440915232238272e-02 3.719427611994645909e-03
-2.719999999999993179e+01 2.224985791030928417e-02 3.949880420978373920e-03
-2.709999999999993037e+01 2.295456858883367438e-02 4.202234753676508359e-03
-2.699999999999992895e+01 2.370197541812975317e-02 4.479324935260511203e-03
-2.689999999999992752e+01 2.449590154069891321e-02 4.784452905104641211e-03
-2.679999999999992610e+01 2.534061055247099209e-02 5.121482509759553263e-03
-2.669999999999992468e+01 2.624086501139330160e-02 5.494956345990839770e-03
-2.659999999999992326e+01 2.720199248679013720e-02 5.910241400183246889e-03
-2.649999999999992184e+01 2.822995947697568703e-02 6.373711693798668476e-03
-2.639999999999992042e+01 2.933145302574303656e-02 6.892978793694132245e-03
-2.629999999999991900e+01 3.051396895004219317e-02 7.477184641787657307e-03
-2.619999999999991758e+01 3.178590396491633857e-02 8.137376063539696058e-03
-2.609999999999991616e+01 3.315664618534500119e-02 8.886987035891828410e-03
-2.599999999999991473e+01 3.463665370822993639e-02 9.742464033976909119e-03
-2.589999999999991331e+01 3.623750290281994857e-02 1.072408248760374841e-02
-2.579999999999991189e+01 3.797187442294316234e-02 1.185701983193740774e-02
-2.569999999999991047e+01 3.985342197781514134e-02 1.317277441833304696e-02
-2.559999999999990905e+01 4.189643001989915710e-02 1.471105141717438287e-02
-2.549999999999990763e+01 4.411510047373192606e-02 1.652227812142632174e-02
-2.539999999999990621e+01 4.652219604461570179e-02 1.867096091611684244e-02
-2.529999999999990479e+01 4.912657524008668536e-02 2.124014715538980955e-02
-2.519999999999990337e+01 5.192882577773559605e-02 2.433728223709682656e-02
-2.509999999999990195e+01 5.491364685179498523e-02 2.810168673704414519e-02
-2.499999999999990052e+01 5.803670913263695580e-02 3.271354924015095617e-02
-2.489999999999989910e+01 6.120226832639494990e-02 3.840333366367103263e-02
-2.479999999999989768e+01 6.422576848925595772e-02 4.545793762331644394e-02
-2.469999999999989626e+01 6.677364777716396360e-02 5.421398311969746059e-02
-2.459999999999989484e+01 6.827350164859619097e-02 6.501617450186729374e-02
-2.449999999999989342e+01 6.780111279114170442e-02 7.809689091531575589e-02
-2.439999999999989200e+01 6.399887229624805218e-02 9.330948323408368161e-02
-2.429999999999989058e+01 5.519135739377960259e-02 1.096712659554721497e-01
-2.419999999999988916e+01 3.999401694824687714e-02 1.248735128359271945e-01
-2.409999999999988773e+01 1.854460040609429844e-02 1.353743513177410596e-01
-2.399999999999988631e+01 -6.424797947296449936e-03 1.378425607398814645e-01
-2.389999999999988489e+01 -3.028420437886570823e-02 1.313837380910299057e-01
-2.379999999999988347e+01 -4.903447840636469129e-02 1.182480166165814361e-01
-2.369999999999988205e+01 -6.118956717357954683e-02 1.021335461890486435e-01
-2.359999999999988063e+01 -6.748721983426952953e-02 8.610245739826145883e-02
-2.349999999999987921e+01 -6.956444786199750263e-02 7.181053814273219427e-02
-2.339999999999987779e+01 -6.898890006199043246e-02 5.978978989592672461e-02
-2.329999999999987637e+01 -6.691603103285896637e-02 4.996757031212700761e-02
-2.319999999999987494e+01 -6.409431558254707895e-02 4.203740467816730747e-02
-2.309999999999987352e+01 -6.097341922883971199e-02 3.564944621764729038e-02
-2.299999999999987210e+01 -5.780924075281780594e-02 3.048756002444516500e-02
-2.289999999999987068e+01 -5.473966899888747101e-02 2.629102749544616480e-02
-2.279999999999986926e+01 -5.183327136016833286e-02 2.285355649245079945e-02
-2.269999999999986784e+01 -4.911893856561963534e-02 2.001490634450378905e-02
-2.259999999999986642e+01 -4.660344635235699751e-02 1.765142288528449843e-02
-2.249999999999986500e+01 -4.428170016954018073e-02 1.566768769583689463e-02
-2.239999999999986358e+01 -4.214264467662112018e-02 1.398980086247103224e-02
-2.229999999999986215e+01 -4.017263016593849989e-02 1.256019966512669089e-02
-2.219999999999986073e+01 -3.835729418624715670e-02 1.133373935003582911e-02
-2.209999999999985931e+01 -3.668257917053167894e-02 1.027475225603496564e-02
-2.199999999999985789e+01 -3.513524978700349743e-02 9.354844605600431962e-03
-2.189999999999985647e+01 -3.370312330555062796e-02 8.551242409132553055e-03
-2.179999999999985505e+01 -3.237513817919843162e-02 7.845544220199373794e-03
-2.169999999999985363e+01 -3.114133428469985365e-02 7.222775347558465370e-03
-2.159999999999985221e+01 -2.999278774134892661e-02 6.670666072240630587e-03
-2.149999999999985079e+01 -2.892152516031479964e-02 6.179097079687618198e-03
-2.139999999999984936e+01 -2.792043146453882657e-02 5.739670415342644494e-03
-2.129999999999984794e+01 -2.698315907033921324e-02 5.345375252087890793e-03
-2.119999999999984652e+01 -2.610404247498104846e-02 4.990325738912987537e-03
-2.109999999999984510e+01 -2.527802010557255591e-02 4.669554014024991477e-03
-2.099999999999984368e+01 -2.450056402794274779e-02 4.378845716161092368e-03
-2.089999999999984226e+01 -2.376761741681191614e-02 4.114608451085801158e-03
-2.079999999999984084e+01 -2.307553932346553122e-02 3.873765977361026680e-03
-2.069999999999983942e+01 -2.242105610780971425e-02 3.653672589750753177e-03
-2.059999999999983800e+01 -2.180121884622029590e-02 3.452043460362034643e-03
-2.049999999999983658e+01 -2.121336603372752164e-02 3.266897661473549923e-03
-2.039999999999983515e+01 -2.065509094016549502e-02 3.096511323610528707e-03
-2.029999999999983373e+01 -2.012421303631445682e-02 2.939378937853071548e-03
-2.019999999999983231e+01 -1.961875296753867737e-02 2.794181236735839013e-03
-2.009999999999983089e+01 -1.913691061376209673e-02 2.659758415924498749e-03
-1.999999999999982947e+01 -1.867704583173000060e-02 2.535087712692815024e-03
-1.989999999999982805e+01 -1.823766152794717432e-02 2.419264555097136189e-03
-1.979999999999982663e+01 -1.781738875731725055e-02 2.311486650672865163e-03
-1.969999999999982521e+01 -1.741497358345797664e-02 2.211040505420848023e-03
-1.959999999999982379e+01 -1.702926547274885918e-02 2.117289960425262386e-03
-1.949999999999982236e+01 -1.665920702505344769e-02 2.029666410124939500e-03
-1.939999999999982094e+01 -1.630382487106529429e-02 1.947660427596659399e-03
-1.929999999999981952e+01 -1.596222158935692997e-02 1.870814571393304574e-03
-1.919999999999981810e+01 -1.563356851599973646e-02 1.798717188098647359e-03
-1.909999999999981668e+01 -1.531709933689974143e-02 1.730997056888873131e-03
-1.899999999999981526e+01 -1.501210436750255624e-02 1.667318748426487550e-03
-1.889999999999981384e+01 -1.471792543725022363e-02 1.607378591713868243e-03
-1.879999999999981242e+01 -1.443395130700645540e-02 1.550901159955043063e-03
-1.869999999999981100e+01 -1.415961355690083939e-02 1.497636200779030443e-03
-1.859999999999980957e+01 -1.389438289022071511e-02 1.447355948024519993e-03
-1.849999999999980815e+01 -1.363776580575490685e-02 1.399852762037407609e-03
-1.839999999999980673e+01 -1.338930159706228779e-02 1.354937053576124074e-03
-1.829999999999980531e+01 -1.314855964229494356e-02 1.312435453187013558e-03
-1.819999999999980389e+01 -1.291513695259688226e-02 1.272189193556325440e-03
-1.809999999999980247e+01 -1.268865595109823323e-02 1.234052677111932084e-03
-1.799999999999980105e+01 -1.246876245776442835e-02 1.197892205114449828e-03
-1.789999999999979963e+01 -1.225512385836385019e-02 1.163584847855427635e-03
-1.779999999999979821e+01 -1.204742743835912101e-02 1.131017438422889142e-03
-1.769999999999979678e+01 -1.184537886468151752e-02 1.100085674895094016e-03
-1.759999999999979536e+01 -1.164870080039575977e-02 1.070693317890404703e-03
-1.749999999999979394e+01 -1.145713163885434677e-02 1.042751472130778014e-03
-1.739999999999979252e+01 -1.127042434549688395e-02 1.016177942179538650e-03
-1.729999999999979110e+01 -1.108834539675232142e-02 9.908966537906301487e-04
-1.719999999999978968e+01 -1.091067380659107439e-02 9.668371333948410848e-04
-1.709999999999978826e+01 -1.073720023237872793e-02 9.439340392051508502e-04
-1.699999999999978684e+01 -1.056772615248115915e-02 9.221267382233397716e-04
-1.689999999999978542e+01 -1.040206310891750828e-02 9.013589241410385408e-04
-1.679999999999978400e+01 -1.024003200905019249e-02 8.815782717357285858e-04
-1.669999999999978257e+01 -1.008146248086504680e-02 8.627361238832743136e-04
-1.659999999999978115e+01 -9.926192277023949267e-03 8.447872077775774253e-04
-1.649999999999977973e+01 -9.774066723274988169e-03 8.276893773369606647e-04
-1.639999999999977831e+01 -9.624938207289121181e-03 8.114033791319478790e-04
-1.629999999999977689e+01 -9.478665704374025086e-03 7.958926394730268068e-04
-1.619999999999977547e+01 -9.335114336810420091e-03 7.811230705585507509e-04
-1.609999999999977405e+01 -9.194154963936803163e-03 7.670628938251070235e-04
-1.599999999999977263e+01 -9.055663800306160138e-03 7.536824788401742022e-04
-1.589999999999977121e+01 -8.919522059530369390e-03 7.409541962631008716e-04
-1.579999999999976978e+01 -8.785615621644118217e-03 7.288522835595094172e-04
-1.569999999999976836e+01 -8.653834721972777574e-03 7.173527222912141291e-04
-1.559999999999976694e+01 -8.524073659732641847e-03 7.064331259348493718e-04
-1.549999999999976552e+01 -8.396230524681342830e-03 6.960726372866454922e-04
-1.539999999999976410e+01 -8.270206940321435732e-03 6.862518346129648124e-04
-1.529999999999976268e+01 -8.145907822285896466e-03 6.769526457930690648e-04
-1.519999999999976126e+01 -8.023241150608836567e-03 6.681582697752189506e-04
-1.509999999999975984e+01 -7.902117754751161044e-03 6.598531047415157665e-04
-1.499999999999975842e+01 -7.782451110280403858e-03 6.520226824340134191e-04
-1.489999999999975699e+01 -7.664157146228230480e-03 6.446536081533099606e-04
-1.479999999999975557e+01 -7.547154062222923357e-03 6.377335059902888674e-04
-1.469999999999975415e+01 -7.431362154524490810e-03 6.312509688941656113e-04
-1.459999999999975273e+01 -7.316703650210535509e-03 6.251955132240953226e-04
-1.449999999999975131e+01 -7.203102548756574325e-03 6.195575374643681136e-04
-1.439999999999974989e+01 -7.090484470341766599e-03 6.143282848186170731e-04
-1.429999999999974847e+01 -6.978776510254296184e-03 6.094998094281096077e-04
-1.419999999999974705e+01 -6.867907098774706648e-03 6.050649459848296335e-04
-1.409999999999974563e+01 -6.757805866007242021e-03 6.010172825376294912e-04
-1.399999999999974420e+01 -6.648403511104579444e-03 5.973511363099609115e-04
-1.389999999999974278e+01 -6.539631675395214325e-03 5.940615323704139233e-04
-1.379999999999974136e+01 -6.431422818946808811e-03 5.911441850163976462e-04
-1.369999999999973994e+01 -6.323710100085954897e-03 5.885954817483317900e-04
-1.359999999999973852e+01 -6.216427257468029599e-03 5.864124697301757857e-04
-1.349999999999973710e+01 -6.109508494252359131e-03 5.845928446463026507e-04
-1.339999999999973568e+01 -6.002888363986234876e-03 5.831349418806948751e-04
-1.329999999999973426e+01 -5.896501657811959590e-03 5.820377299583245640e-04
-1.319999999999973284e+01 -5.790283292586132641e-03 5.813008062017189712e-04
-1.309999999999973141e+01 -5.684168199560277884e-03 5.809243945695232369e-04
-1.299999999999972999e+01 -5.578091213222911848e-03 5.809093456558981142e-04
-1.289999999999972857e+01 -5.471986959939667550e-03 5.812571388425403921e-04
-1.279999999999972715e+01 -5.365789746027499474e-03 5.819698866072266523e-04
-1.269999999999972573e+01 -5.259433444867261942e-03 5.830503410047292246e-04
-1.259999999999972431e+01 -5.152851382695168916e-03 5.845019023498713301e-04
-1.249999999999972289e+01 -5.045976222680673140e-03 5.863286301417825050e-04
-1.239999999999972147e+01 -4.938739846891115545e-03 5.885352562854555877e-04
-1.229999999999972005e+01 -4.831073235758709394e-03 5.911272006762275820e-04
-1.219999999999971863e+01 -4.722906344613579666e-03 5.941105892287553217e-04
-1.209999999999971720e+01 -4.614167976861264370e-03 5.974922744455615775e-04
-1.199999999999971578e+01 -4.504785653366909920e-03 6.012798586350480727e-04
-1.189999999999971436e+01 -4.394685477553599701e-03 6.054817199059933782e-04
-1.179999999999971294e+01 -4.283791995753946646e-03 6.101070410808464390e-04
-1.169999999999971152e+01 -4.172028052274151522e-03 6.151658416900495632e-04
-1.159999999999971010e+01 -4.059314638635257155e-03 6.206690132281168608e-04
-1.149999999999970868e+01 -3.945570736425114272e-03 6.266283578729500833e-04
-1.139999999999970726e+01 -3.830713153122583536e-03 6.330566308944672073e-04
-1.129999999999970584e+01 -3.714656350272373814e-03 6.399675870006808851e-04
-1.119999999999970441e+01 -3.597312263288476170e-03 6.473760308991446423e-04
-1.109999999999970299e+01 -3.478590112151212083e-03 6.552978723794549137e-04
-1.099999999999970157e+01 -3.358396202210286313e-03 6.637501862544457377e-04
-1.089999999999970015e+01 -3.236633714209305457e-03 6.727512775356854838e-04
-1.079999999999969873e+01 -3.113202482640860247e-03 6.823207522539556733e-04
-1.069999999999969731e+01 -2.987998761410499277e-03 6.924795943822976887e-04
-1.059999999999969589e+01 -2.860914975745795785e-03 7.032502493641624476e-04
-1.049999999999969447e+01 -2.731839459201034631e-03 7.146567148011643677e-04
-1.039999999999969305e+01 -2.600656174471024235e-03 7.267246389164468655e-04
-1.029999999999969162e+01 -2.467244416685304698e-03 7.394814274686634971e-04
-1.019999999999969020e+01 -2.331478497673157568e-03 7.529563598685029904e-04
-1.009999999999968878e+01 -2.193227409601247735e-03 7.671807153258125914e-04
-9.999999999999687361e+00 -2.052354466245191050e-03 7.821879099434386837e-04
-9.899999999999685940e+00 -1.908716919954728253e-03 7.980136457772322306e-04
-9.799999999999684519e+00 -1.762165552267911522e-03 8.146960729849188430e-04
-9.699999999999683098e+00 -1.612544235868124121e-03 8.322759663170640684e-04
-9.599999999999681677e+00 -1.459689465408788023e-03 8.507969173370876024e-04
-9.499999999999680256e+00 -1.303429854497696605e-03 8.703055439115423616e-04
-9.399999999999678835e+00 -1.143585595822699252e-03 8.908517186918154911e-04
-9.299999999999677414e+00 -9.799678811873401008e-04 9.124888184947816446e-04
-9.199999999999675993e+00 -8.123782778264622417e-04 9.352739967195314828e-04
-9.099999999999674571e+00 -6.406080570626956905e-04 9.592684811798165775e-04
-8.999999999999673150e+00 -4.644374709691367897e-04 9.845379000114780604e-04
-8.899999999999671729e+00 -2.836349722055604705e-04 1.011152638638866804e-03
-8.799999999999670308e+00 -9.795637178638960663e-05 1.039188231131421862e-03
-8.699999999999668887e+00 9.285607109973600948e-05 1.068725789700855676e-03
-8.599999999999667466e+00 2.890746336619669232e-04 1.099852476544450073e-03
-8.499999999999666045e+00 4.909871956008844684e-04 1.132662022765099259e-03
-8.399999999999664624e+00 6.988983946907487144e-04 1.167255299708298182e-03
-8.299999999999663203e+00 9.131308805874829848e-04 1.203740948725098934e-03
-8.199999999999661782e+00 1.134026676672901524e-03 1.242236076168008827e-03
-8.099999999999660361e+00 1.361948660780678416e-03 1.282867021312920431e-03
-7.999999999999658939e+00 1.597282176879207677e-03 1.325770205926430191e-03
-7.899999999999657518e+00 1.840436791251610221e-03 1.371093075391970756e-03
-7.799999999999656097e+00 2.091848208171574047e-03 1.418995142647720611e-03
-7.699999999999654676e+00 2.351980361964961519e-03 1.469649147778308426e-03
-7.599999999999653255e+00 2.621327704287079730e-03 1.523242347902362039e-03
-7.499999999999651834e+00 2.900417707720710780e-03 1.579977954095481210e-03
-7.399999999999650413e+00 3.189813609475511402e-03 1.640076734541503871e-03
-7.299999999999648992e+00 3.490117421779889706e-03 1.703778805911253941e-03
-7.199999999999647571e+00 3.801973239045165764e-03 1.771345638296471792e-03
-7.099999999999646150e+00 4.126070875620252432e-03 1.843062302865947945e-03
-6.999999999999644729e+00 4.463149872315143318e-03 1.919239995922399772e-03
-6.899999999999643308e+00 4.814003914970305109e-03 2.000218878358649057e-03
-6.799999999999641886e+00 5.179485713911281819e-03 2.086371275706707523e-03
-6.699999999999640465e+00 5.560512399857296673e-03 2.178105291356960752e-03
-6.599999999999639044e+00 5.958071499297293294e-03 2.275868894188688707e-03
-6.499999999999637623e+00 6.373227561021377330e-03 2.380154552146317593e-03
-6.399999999999636202e+00 6.807129515634384453e-03 2.491504495566519532e-03
-6.299999999999634781e+00 7.261018861237665545e-03 2.610516708602303795e-03
-6.199999999999633360e+00 7.736238782028122263e-03 2.737851764581284049e-03
-6.099999999999631939e+00 8.234244321908591735e-03 2.874240642019317612e-03
-5.999999999999630518e+00 8.756613753125731814e-03 3.020493683161551163e-03
-5.899999999999629097e+00 9.305061300933219204e-03 3.177510887323278799e-03
-5.799999999999627676e+00 9.881451409230905536e-03 3.346293767988622533e-03
-5.699999999999626255e+00 1.048781476053874812e-02 3.527959047345284160e-03
-5.599999999999624833e+00 1.112636629629749907e-02 3.723754516330601231e-03
-5.499999999999623412e+00 1.179952552167459062e-02 3.935077454873026764e-03
-5.399999999999621991e+00 1.250993942379507312e-02 4.163496088906580052e-03
-5.299999999999620570e+00 1.326050838391004683e-02 4.410774661553054643e-03
-5.199999999999619149e+00 1.405441552481175027e-02 4.678902820922958491e-03
-5.099999999999617728e+00 1.489516000496932807e-02 4.970130182308027736e-03
-4.999999999999616307e+00 1.578659485253323946e-02 5.287007116586073946e-03
-4.899999999999614886e+00 1.673297002718455995e-02 5.632433060221344462e-03
-4.799999999999613465e+00 1.773898150629364678e-02 6.009713948987930633e-03
-4.699999999999612044e+00 1.880982731680994058e-02 6.422630766399615131e-03
-4.599999999999610623e+00 1.995127157496515841e-02 6.875521692555379254e-03
-4.499999999999609201e+00 2.116971775284736540e-02 7.373380972245041978e-03
-4.399999999999607780e+00 2.247229256217033594e-02 7.921978435830152876e-03
-4.299999999999606359e+00 2.386694202419396837e-02 8.528004659825994677e-03
-4.199999999999604938e+00 2.536254147154058669e-02 9.199248125027911782e-03
-4.099999999999603517e+00 2.696902137972572583e-02 9.944812523428707418e-03
-3.999999999999602096e+00 2.869751101832517665e-02 1.077538472596049207e-02
-3.899999999999600675e+00 3.056050188191870853e-02 1.170356704969138968e-02
-3.799999999999599254e+00 3.257203260306450188e-02 1.274429162813832568e-02
-3.699999999999597833e+00 3.474789639316144818e-02 1.391534027231727116e-02
-3.599999999999596412e+00 3.710587071259959652e-02 1.523800073933104758e-02
-3.499999999999594991e+00 3.966596636730753550e-02 1.673790053682755463e-02
-3.399999999999593570e+00 4.245068878197139073e-02 1.844607331473599107e-02
-3.299999999999592148e+00 4.548529650813385589e-02 2.040033196376886057e-02
-3.199999999999590727e+00 4.879802892445037066e-02 2.264704874550144131e-02
-3.099999999999589306e+00 5.242025293524089219e-02 2.524347884238930390e-02
-2.999999999999587885e+00 5.638644113267481106e-02 2.826081327249892194e-02
-2.899999999999586464e+00 6.073383091609479978e-02 3.178821477497843773e-02
-2.799999999999585043e+00 6.550150758921707839e-02 3.593818129416415097e-02
-2.699999999999583622e+00 7.072847377059741925e-02 4.085370052715298073e-02
-2.599999999999582201e+00 7.644995961629093284e-02 4.671780493803384671e-02
-2.499999999999580780e+00 8.269070243558374056e-02 5.376629239718526410e-02
-2.399999999999579359e+00 8.945302601802580800e-02 6.230448112074243872e-02
-2.299999999999577938e+00 9.669602568505281104e-02 7.272874499826223471e-02
-2.199999999999576517e+00 1.042996261176478284e-01 8.555278673507048237e-02
-2.099999999999575095e+00 1.120032282384169908e-01 1.014361044726611594e-01
-1.999999999999573674e+00 1.193028090648441120e-01 1.212055382288951405e-01
-1.899999999999572253e+00 1.252839207219273721e-01 1.458452581042177232e-01
-1.799999999999570832e+00 1.283680360002286969e-01 1.763974083933681214e-01
-1.699999999999569411e+00 1.259797145048857092e-01 2.136551939555899893e-01
-1.599999999999567990e+00 1.142611900848121698e-01 2.574548307548918946e-01
-1.499999999999566569e+00 8.825897094187006020e-02 3.053976176237594986e-01
-1.399999999999565148e+00 4.342483744086012010e-02 3.513082025171754830e-01
-1.299999999999563727e+00 -2.095424217162020208e-02 3.850130858320046645e-01
-1.199999999999562306e+00 -9.812010807050464134e-02 3.959035878265469988e-01
-1.099999999999560885e+00 -1.747428784454910511e-01 3.796304727612050400e-01
-9.999999999995594635e-01 -2.379552399062928592e-01 3.414938780124924800e-01
-8.999999999995580424e-01 -2.819233443786578475e-01 2.923421852353971784e-01
-7.999999999995566213e-01 -3.080467931502541834e-01 2.419784492073229210e-01
-6.999999999995552002e-01 -3.211573441409095730e-01 1.960689324945928125e-01
-5.999999999995537792e-01 -3.262928356411422537e-01 1.566041365940694652e-01
-4.999999999995523581e-01 -3.273905051157893209e-01 1.234057445599252290e-01
-3.999999999995509370e-01 -3.271477631019195642e-01 9.525365614972211570e-02
-2.999999999995495159e-01 -3.271811336099786915e-01 7.044926632480581763e-02
-1.999999999995480948e-01 -3.280646159359252301e-01 4.714307369744932807e-02
-9.999999999954667373e-02 -3.293312703356978122e-01 2.383032304903201504e-02
4.547473508864641190e-13 -3.299392473288882965e-01 -4.202194148206217506e-14
1.000000000004561684e-01 -3.293312703356877646e-01 -2.383032304924656564e-02
2.000000000004575895e-01 -3.280646159359140723e-01 -4.714307369765963207e-02
3.000000000004590106e-01 -3.271811336099745837e-01 -7.044926632502186703e-02
4.000000000004604317e-01 -3.271477631019221732e-01 -9.525365614996013364e-02
5.000000000004618528e-01 -3.273905051157887103e-01 -1.234057445602019104e-01
6.000000000004632739e-01 -3.262928356411188835e-01 -1.566041365943985908e-01
7.000000000004646949e-01 -3.211573441408335228e-01 -1.960689324949820012e-01
8.000000000004661160e-01 -3.080467931500839307e-01 -2.419784492077660665e-01
9.000000000004675371e-01 -2.819233443783449866e-01 -2.923421852358616957e-01
1.000000000000468958e+00 -2.379552399058029732e-01 -3.414938780129067597e-01
1.100000000000470379e+00 -1.747428784448398220e-01 -3.796304727614668861e-01
1.200000000000471800e+00 -9.812010806978276045e-02 -3.959035878265722563e-01
1.300000000000473221e+00 -2.095424217095991082e-02 -3.850130858317884486e-01
1.400000000000474643e+00 4.342483744136066415e-02 -3.513082025167959532e-01
1.500000000000476064e+00 8.825897094218690397e-02 -3.053976176233199613e-01
1.600000000000477485e+00 1.142611900849757889e-01 -2.574548307544686221e-01
1.700000000000478906e+00 1.259797145049429967e-01 -2.136551939552199242e-01
1.800000000000480327e+00 1.283680360002207310e-01 -1.763974083930605341e-01
1.900000000000481748e+00 1.252839207218831574e-01 -1.458452581039682283e-01
2.000000000000483169e+00 1.193028090647818978e-01 -1.212055382286947591e-01
2.100000000000484590e+00 1.120032282383477407e-01 -1.014361044725004407e-01
2.200000000000486011e+00 1.042996261175777040e-01 -8.555278673494105812e-02
2.300000000000487432e+00 9.669602568498505968e-02 -7.272874499815740190e-02
2.400000000000488853e+00 8.945302601796198405e-02 -6.230448112065688909e-02
2.500000000000490274e+00 8.269070243552459343e-02 -5.376629239711491759e-02
2.600000000000491696e+00 7.644995961623658742e-02 -4.671780493797554612e-02
2.700000000000493117e+00 7.072847377054768125e-02 -4.085370052710427663e-02
2.800000000000494538e+00 6.550150758917169802e-02 -3.593818129412315598e-02
2.900000000000495959e+00 6.073383091605343009e-02 -3.178821477494370856e-02
3.000000000000497380e+00 5.638644113263706348e-02 -2.826081327246931021e-02
3.100000000000498801e+00 5.242025293520645446e-02 -2.524347884236390060e-02
3.200000000000500222e+00 4.879802892441888196e-02 -2.264704874547950747e-02
3.300000000000501643e+00 4.548529650810504560e-02 -2.040033196374983759e-02
3.400000000000503064e+00 4.245068878194500211e-02 -1.844607331471940365e-02
3.500000000000504485e+00 3.966596636728327019e-02 -1.673790053681301071e-02
3.600000000000505906e+00 3.710587071257724634e-02 -1.523800073931824706e-02
3.700000000000507328e+00 3.474789639314086048e-02 -1.391534027230596424e-02
3.800000000000508749e+00 3.257203260304548931e-02 -1.274429162812829898e-02
3.900000000000510170e+00 3.056050188190112538e-02 -1.170356704968246106e-02
4.000000000000511591e+00 2.869751101830886331e-02 -1.077538472595251755e-02
4.100000000000513012e+00 2.696902137971055741e-02 -9.944812523421553419e-03
4.200000000000514433e+00 2.536254147152650767e-02 -9.199248125021486366e-03
4.300000000000515854e+00 2.386694202418083999e-02 -8.528004659820200700e-03
4.400000000000517275e+00 2.247229256215807491e-02 -7.921978435824910542e-03
4.500000000000518696e+00 2.116971775283594398e-02 -7.373380972240292305e-03
4.600000000000520117e+00 1.995127157495443088e-02 -6.875521692551064129e-03
4.700000000000521538e+00 1.880982731679987224e-02 -6.422630766395681645e-03
4.800000000000522959e+00 1.773898150628420989e-02 -6.009713948984343225e-03
4.900000000000524381e+00 1.673297002717567816e-02 -5.632433060218064100e-03
5.000000000000525802e+00 1.578659485252488504e-02 -5.287007116583069405e-03
5.100000000000527223e+00 1.489516000496145243e-02 -4.970130182305264321e-03
5.200000000000528644e+00 1.405441552480430484e-02 -4.678902820920415387e-03
5.300000000000530065e+00 1.326050838390302467e-02 -4.410774661550713634e-03
5.400000000000531486e+00 1.250993942378843954e-02 -4.163496088904421188e-03
5.500000000000532907e+00 1.179952552166829705e-02 -3.935077454871030098e-03
5.600000000000534328e+00 1.112636629629152468e-02 -3.723754516328751582e-03
5.700000000000535749e+00 1.048781476053309986e-02 -3.527959047343570687e-03
5.800000000000537170e+00 9.881451409225527893e-03 -3.346293767987030057e-03
5.900000000000538591e+00 9.305061300928112178e-03 -3.177510887321797779e-03
6.000000000000540012e+00 8.756613753120853771e-03 -3.020493683160172926e-03
6.100000000000541434e+00 8.234244321903956554e-03 -2.874240642018033049e-03
6.200000000000542855e+00 7.736238782023702187e-03 -2.737851764580084488e-03
6.300000000000544276e+00 7.261018861233439758e-03 -2.610516708601184031e-03
6.400000000000545697e+00 6.807129515630352956e-03 -2.491504495565473060e-03
6.500000000000547118e+00 6.373227561017512366e-03 -2.380154552145337908e-03
6.600000000000548539e+00 5.958071499293580986e-03 -2.275868894187770171e-03
6.700000000000549960e+00 5.560512399853750898e-03 -2.178105291356099895e-03
6.800000000000551381e+00 5.179485713907895639e-03 -2.086371275705899576e-03
6.900000000000552802e+00 4.814003914967050768e-03 -2.000218878357889248e-03
7.000000000000554223e+00 4.463149872312006938e-03 -1.919239995921685499e-03
7.100000000000555644e+00 4.126070875617240952e-03 -1.843062302865276607e-03
7.200000000000557066e+00 3.801973239042286123e-03 -1.771345638295839919e-03
7.300000000000558487e+00 3.490117421777100271e-03 -1.703778805910656762e-03
7.400000000000559908e+00 3.189813609472819111e-03 -1.640076734540942037e-03
7.500000000000561329e+00 2.900417707718136451e-03 -1.579977954094951252e-03
7.600000000000562750e+00 2.621327704284588667e-03 -1.523242347901860054e-03
7.700000000000564171e+00 2.351980361962560662e-03 -1.469649147777834846e-03
7.800000000000565592e+00 2.091848208169252987e-03 -1.418995142647273486e-03
7.900000000000567013e+00 1.840436791249351611e-03 -1.371093075391547050e-03
8.000000000000568434e+00 1.597282176877025395e-03 -1.325770205926029253e-03
8.100000000000569855e+00 1.361948660778575931e-03 -1.282867021312540526e-03
8.200000000000571276e+00 1.134026676670858019e-03 -1.242236076167648655e-03
8.300000000000572697e+00 9.131308805854949917e-04 -1.203740948724757627e-03
8.400000000000574119e+00 6.988983946888266408e-04 -1.167255299707975090e-03
8.500000000000575540e+00 4.909871955990213754e-04 -1.132662022764792864e-03
8.600000000000576961e+00 2.890746336601593414e-04 -1.099852476544159940e-03
8.700000000000578382e+00 9.285607109797353043e-05 -1.068725789700580072e-03
8.800000000000579803e+00 -9.795637178809657453e-05 -1.039188231131159918e-03
8.900000000000581224e+00 -2.836349722072223356e-04 -1.011152638638619389e-03
9.000000000000582645e+00 -4.644374709707466131e-04 -9.845379000112421380e-04
9.100000000000584066e+00 -6.406080570642916361e-04 -9.592684811795927982e-04
9.200000000000585487e+00 -8.123782778280130845e-04 -9.352739967193187624e-04
9.300000000000586908e+00 -9.799678811888423713e-04 -9.124888184945799830e-04
9.400000000000588329e+00 -1.143585595824170298e-03 -8.908517186916235873e-04
9.500000000000589750e+00 -1.303429854499136425e-03 -8.703055439113595651e-04
9.600000000000591172e+00 -1.459689465410196618e-03 -8.507969173369143469e-04
9.700000000000592593e+00 -1.612544235869498022e-03 -8.322759663168999202e-04
9.800000000000594014e+00 -1.762165552269257668e-03 -8.146960729847627179e-04
9.900000000000595435e+00 -1.908716919956043173e-03 -7.980136457770845623e-04
1.000000000000059686e+01 -2.052354466246492093e-03 -7.821879099432983880e-04
1.010000000000059828e+01 -2.193227409602521022e-03 -7.671807153256796682e-04
1.020000000000059970e+01 -2.331478497674403100e-03 -7.529563598683770061e-04
1.030000000000060112e+01 -2.467244416686529412e-03 -7.394814274685446685e-04
1.040000000000060254e+01 -2.600656174472231602e-03 -7.267246389163336748e-04
1.050000000000060396e+01 -2.731839459202214243e-03 -7.146567148010574654e-04
1.060000000000060538e+01 -2.860914975746958050e-03 -7.032502493640614000e-04
1.070000000000060680e+01 -2.987998761411640725e-03 -6.924795943822022789e-04
1.080000000000060822e+01 -3.113202482641984348e-03 -6.823207522538661182e-04
1.090000000000060965e+01 -3.236633714210419149e-03 -6.727512775356013497e-04
1.100000000000061107e+01 -3.358396202211386128e-03 -6.637501862543663742e-04
1.110000000000061249e+01 -3.478590112152291081e-03 -6.552978723793805374e-04
1.120000000000061391e+01 -3.597312263289555168e-03 -6.473760308990747113e-04
1.130000000000061533e+01 -3.714656350273438934e-03 -6.399675870006153993e-04
1.140000000000061675e+01 -3.830713153123634779e-03 -6.330566308944063835e-04
1.150000000000061817e+01 -3.945570736426158576e-03 -6.266283578728935964e-04
1.160000000000061959e+01 -4.059314638636291050e-03 -6.206690132280644938e-04
1.170000000000062101e+01 -4.172028052275171539e-03 -6.151658416900014246e-04
1.180000000000062244e+01 -4.283791995754963194e-03 -6.101070410808024204e-04
1.190000000000062386e+01 -4.394685477554595432e-03 -6.054817199059533712e-04
1.200000000000062528e+01 -4.504785653367905651e-03 -6.012798586350117519e-04
1.210000000000062670e+01 -4.614167976862256632e-03 -5.974922744455289430e-04
1.220000000000062812e+01 -4.722906344614564988e-03 -5.941105892287270240e-04
1.230000000000062954e+01 -4.831073235759691248e-03 -5.911272006762023200e-04
1.240000000000063096e+01 -4.938739846892088725e-03 -5.885352562854341205e-04
1.250000000000063238e+01 -5.045976222681649789e-03 -5.863286301417639651e-04
1.260000000000063380e+01 -5.152851382696143831e-03 -5.845019023498565849e-04
1.270000000000063523e+01 -5.259433444868228183e-03 -5.830503410047177320e-04
1.280000000000063665e+01 -5.365789746028450102e-03 -5.819698866071032701e-04
1.290000000000063807e+01 -5.471986959940638995e-03 -5.812571388425354047e-04
1.300000000000063949e+01 -5.578091213223872885e-03 -5.809093456558964879e-04
1.310000000000064091e+01 -5.684168199561238921e-03 -5.809243945695248632e-04
1.320000000000064233e+01 -5.790283292587098882e-03 -5.813008062017239585e-04
1.330000000000064375e+01 -5.896501657812927566e-03 -5.820377299583328039e-04
1.340000000000064517e+01 -6.002888363987202852e-03 -5.831349418807063676e-04
1.350000000000064659e+01 -6.109508494253332311e-03 -5.845928446463176126e-04
1.360000000000064801e+01 -6.216427257469001044e-03 -5.864124697301940003e-04
1.370000000000064944e+01 -6.323710100086936750e-03 -5.885954817483532572e-04
1.380000000000065086e+01 -6.431422818947790665e-03 -5.911441850164221492e-04
1.390000000000065228e+01 -6.539631675396204852e-03 -5.940615323704418957e-04
1.400000000000065370e+01 -6.648403511105566502e-03 -5.973511363099930039e-04
1.410000000000065512e+01 -6.757805866008236018e-03 -6.010172825376645109e-04
1.420000000000065654e+01 -6.867907098775709318e-03 -6.050649459848681227e-04
1.430000000000065796e+01 -6.978776510255309262e-03 -6.094998094281513495e-04
1.440000000000065938e+01 -7.090484470342790085e-03 -6.143282848186625011e-04
1.450000000000066080e+01 -7.203102548757601281e-03 -6.195575374644175532e-04
1.460000000000066223e+01 -7.316703650211574608e-03 -6.251955132241484485e-04
1.470000000000066365e+01 -7.431362154525540317e-03 -6.312509688942225319e-04
1.480000000000066507e+01 -7.547154062223981538e-03 -6.377335059903494743e-04
1.490000000000066649e+01 -7.664157146229300804e-03 -6.446536081533749043e-04
1.500000000000066791e+01 -7.782451110281479387e-03 -6.520226824340825912e-04
1.510000000000066933e+01 -7.902117754752253920e-03 -6.598531047415894923e-04
1.520000000000067075e+01 -8.023241150609946790e-03 -6.681582697752969048e-04
1.530000000000067217e+01 -8.145907822287017097e-03 -6.769526457931511389e-04
1.540000000000067359e+01 -8.270206940322571976e-03 -6.862518346130517654e-04
1.550000000000067502e+01 -8.396230524682498156e-03 -6.960726372867372157e-04
1.560000000000067644e+01 -8.524073659733812786e-03 -7.064331259349461911e-04
1.570000000000067786e+01 -8.653834721973971064e-03 -7.173527222913161526e-04
1.580000000000067928e+01 -8.785615621645327319e-03 -7.288522835596168616e-04
1.590000000000068070e+01 -8.919522059531599309e-03 -7.409541962632134118e-04
1.600000000000068212e+01 -9.055663800307409139e-03 -7.536824788402930308e-04
1.610000000000068354e+01 -9.194154963938071246e-03 -7.670628938252314899e-04
1.620000000000068496e+01 -9.335114336811715929e-03 -7.811230705586816141e-04
1.630000000000068638e+01 -9.478665704375346945e-03 -7.958926394731641752e-04
1.640000000000068781e+01 -9.624938207290474265e-03 -8.114033791320924031e-04
1.650000000000068923e+01 -9.774066723276355131e-03 -8.276893773371124530e-04
1.660000000000069065e+01 -9.926192277025345720e-03 -8.447872077777369114e-04
1.670000000000069207e+01 -1.008146248086647795e-02 -8.627361238834413892e-04
1.680000000000069349e+01 -1.024003200905165487e-02 -8.815782717359040097e-04
1.690000000000069491e+01 -1.040206310891899841e-02 -9.013589241412228552e-04
1.700000000000069633e+01 -1.056772615248268224e-02 -9.221267382235334101e-04
1.710000000000069775e+01 -1.073720023238028745e-02 -9.439340392053538129e-04
1.720000000000069917e+01 -1.091067380659267380e-02 -9.668371333950546726e-04
1.730000000000070060e+01 -1.108834539675396073e-02 -9.908966537908543617e-04
1.740000000000070202e+01 -1.127042434549856489e-02 -1.016177942179774139e-03
1.750000000000070344e+01 -1.145713163885606414e-02 -1.042751472131025862e-03
1.760000000000070486e+01 -1.164870080039752745e-02 -1.070693317890665129e-03
1.770000000000070628e+01 -1.184537886468333030e-02 -1.100085674895368753e-03
1.780000000000070770e+01 -1.204742743836098411e-02 -1.131017438423177974e-03
1.790000000000070912e+01 -1.225512385836576706e-02 -1.163584847855731429e-03
1.800000000000071054e+01 -1.246876245776640420e-02 -1.197892205114769668e-03
1.810000000000071196e+01 -1.268865595110026459e-02 -1.234052677112269921e-03
1.820000000000071338e+01 -1.291513695259897260e-02 -1.272189193556681492e-03
1.830000000000071481e+01 -1.314855964229709982e-02 -1.312435453187389342e-03
1.840000000000071623e+01 -1.338930159706451344e-02 -1.354937053576521326e-03
1.850000000000071765e+01 -1.363776580575720189e-02 -1.399852762037827412e-03
1.860000000000071907e+01 -1.389438289022308995e-02 -1.447355948024964516e-03
1.870000000000072049e+01 -1.415961355690329750e-02 -1.497636200779500987e-03
1.880000000000072191e+01 -1.443395130700899157e-02 -1.550901159955541796e-03
1.890000000000072333e+01 -1.471792543725285000e-02 -1.607378591714397117e-03
1.900000000000072475e+01 -1.501210436750527975e-02 -1.667318748427049383e-03
1.910000000000072617e+01 -1.531709933690256382e-02 -1.730997056889470092e-03
1.920000000000072760e+01 -1.563356851600266814e-02 -1.798717188099282919e-03
1.930000000000072902e+01 -1.596222158935997615e-02 -1.870814571393981550e-03
1.940000000000073044e+01 -1.630382487106846537e-02 -1.947660427597381044e-03
1.950000000000073186e+01 -1.665920702505674367e-02 -2.029666410125709718e-03
1.960000000000073328e+01 -1.702926547275229741e-02 -2.117289960426086380e-03
1.970000000000073470e+01 -1.741497358346156057e-02 -2.211040505421730563e-03
1.980000000000073612e+01 -1.781738875732098715e-02 -2.311486650673810588e-03
1.990000000000073754e+01 -1.823766152795108092e-02 -2.419264555098151435e-03
2.000000000000073896e+01 -1.867704583173408067e-02 -2.535087712693907900e-03
2.010000000000074039e+01 -1.913691061376637803e-02 -2.659758415925674892e-03
2.020000000000074181e+01 -1.961875296754316683e-02 -2.794181236737109698e-03
2.030000000000074323e+01 -2.012421303631916486e-02 -2.939378937854444582e-03
2.040000000000074465e+01 -2.065509094017044939e-02 -3.096511323612015365e-03
2.050000000000074607e+01 -2.121336603373272928e-02 -3.266897661475164083e-03
2.060000000000074749e+01 -2.180121884622578804e-02 -3.452043460363791918e-03
2.070000000000074891e+01 -2.242105610781550129e-02 -3.653672589752667010e-03
2.080000000000075033e+01 -2.307553932347165132e-02 -3.873765977363118757e-03
2.090000000000075175e+01 -2.376761741681839013e-02 -4.114608451088092728e-03
2.100000000000075318e+01 -2.450056402794960342e-02 -4.378845716163609451e-03
2.110000000000075460e+01 -2.527802010557984175e-02 -4.669554014027765300e-03
2.120000000000075602e+01 -2.610404247498879574e-02 -4.990325738916053661e-03
2.130000000000075744e+01 -2.698315907034746705e-02 -5.345375252091291718e-03
2.140000000000075886e+01 -2.792043146454763203e-02 -5.739670415346426191e-03
2.150000000000076028e+01 -2.892152516032422266e-02 -6.179097079691840515e-03
2.160000000000076170e+01 -2.999278774135900882e-02 -6.670666072245362045e-03
2.170000000000076312e+01 -3.114133428471068180e-02 -7.222775347563790971e-03
2.180000000000076454e+01 -3.237513817921007508e-02 -7.845544220205395020e-03
2.190000000000076597e+01 -3.370312330556315961e-02 -8.551242409139391334e-03
2.200000000000076739e+01 -3.513524978701702828e-02 -9.354844605608238217e-03
2.210000000000076881e+01 -3.668257917054630612e-02 -1.027475225604392549e-02
2.220000000000077023e+01 -3.835729418626300513e-02 -1.133373935004617326e-02
2.230000000000077165e+01 -4.017263016595569447e-02 -1.256019966513870732e-02
2.240000000000077307e+01 -4.214264467663977887e-02 -1.398980086248508350e-02
2.250000000000077449e+01 -4.428170016956044230e-02 -1.566768769585344043e-02
2.260000000000077591e+01 -4.660344635237897992e-02 -1.765142288530414244e-02
2.270000000000077733e+01 -4.911893856564341493e-02 -2.001490634452728415e-02
2.280000000000077875e+01 -5.183327136019393044e-02 -2.285355649247913096e-02
2.290000000000078018e+01 -5.473966899891471311e-02 -2.629102749548060947e-02
2.300000000000078160e+01 -5.780924075284630398e-02 -3.048756002448736388e-02
2.310000000000078302e+01 -6.097341922886857779e-02 -3.564944621769938760e-02
2.320000000000078444e+01 -6.409431558257461248e-02 -4.203740467823190857e-02
2.330000000000078586e+01 -6.691603103288208676e-02 -4.996757031220720041e-02
2.340000000000078728e+01 -6.898890006200388003e-02 -5.978978989602568017e-02
2.350000000000078870e+01 -6.956444786199277031e-02 -7.181053814285205672e-02
2.360000000000079012e+01 -6.748721983423405790e-02 -8.610245739840086121e-02
2.370000000000079154e+01 -6.118956717349783442e-02 -1.021335461891984264e-01
2.380000000000079297e+01 -4.903447840622394971e-02 -1.182480166167200475e-01
2.390000000000079439e+01 -3.028420437866754730e-02 -1.313837380911242747e-01
2.400000000000079581e+01 -6.424797947066997195e-03 -1.378425607399008657e-01
2.410000000000079723e+01 1.854460040631155868e-02 -1.353743513176782765e-01
2.420000000000079865e+01 3.999401694841554084e-02 -1.248735128358044177e-01
2.430000000000080007e+01 5.519135739388737055e-02 -1.096712659553239766e-01
2.440000000000080149e+01 6.399887229630278618e-02 -9.330948323393772892e-02
2.450000000000080291e+01 6.780111279115874634e-02 -7.809689091518640103e-02
2.460000000000080433e+01 6.827350164858979331e-02 -6.501617450175886659e-02
2.470000000000080576e+01 6.677364777714443755e-02 -5.421398311960900357e-02
2.480000000000080718e+01 6.422576848922996462e-02 -4.545793762324507742e-02
2.490000000000080860e+01 6.120226832636643799e-02 -3.840333366361355083e-02
2.500000000000081002e+01 5.803670913260816633e-02 -3.271354924010450027e-02
2.510000000000081144e+01 5.491364685176711863e-02 -2.810168673700636638e-02
2.520000000000081286e+01 5.192882577770923519e-02 -2.433728223706585828e-02
2.530000000000081428e+01 4.912657524006208698e-02 -2.124014715536422931e-02
2.540000000000081570e+01 4.652219604459292140e-02 -1.867096091609553310e-02
2.550000000000081712e+01 4.411510047371091509e-02 -1.652227812140842286e-02
2.560000000000081855e+01 4.189643001986055604e-02 -1.471105141714409807e-02
2.570000000000081997e+01 3.985342197779731532e-02 -1.317277441832013715e-02
2.580000000000082139e+01 3.797187442292674492e-02 -1.185701983192632460e-02
2.590000000000082281e+01 3.623750290280480096e-02 -1.072408248759417274e-02
2.600000000000082423e+01 3.463665370821595452e-02 -9.742464033968592854e-03
2.610000000000082565e+01 3.315664618533206015e-02 -8.886987035884556449e-03
2.620000000000082707e+01 3.178590396490433428e-02 -8.137376063533308806e-03
2.630000000000082849e+01 3.051396895003104584e-02 -7.477184641782017721e-03
2.640000000000082991e+01 2.933145302573265598e-02 -6.892978793689127567e-03
2.650000000000083134e+01 2.822995947696601421e-02 -6.373711693794213706e-03
2.660000000000083276e+01 2.720199248678110276e-02 -5.910241400179262229e-03
2.670000000000083418e+01 2.624086501138485350e-02 -5.494956345987261903e-03
2.680000000000083560e+01 2.534061055246306093e-02 -5.121482509756329279e-03
2.690000000000083702e+01 2.449590154069147124e-02 -4.784452905101727743e-03
2.700000000000083844e+01 2.370197541812275877e-02 -4.479324935257869220e-03
2.710000000000083986e+01 2.295456858882708243e-02 -4.202234753674104900e-03
2.720000000000084128e+01 2.224985791030305304e-02 -3.949880420976181229e-03
2.730000000000084270e+01 2.158440915231649854e-02 -3.719427611992641002e-03
2.740000000000084412e+01 2.095513174976661522e-02 -3.508433090120648395e-03
2.750000000000084555e+01 2.035923915909661555e-02 -3.314782264008256721e-03
2.760000000000084697e+01 1.979421415644828236e-02 -3.136637970096012914e-03
2.770000000000084839e+01 1.925777846635556151e-02 -2.972398253465036080e-03
2.780000000000084981e+01 1.874786617017960150e-02 -2.820661399983220071e-03
2.790000000000085123e+01 1.826260040531136816e-02 -2.680196841898021490e-03
2.800000000000085265e+01 1.780027292533679223e-02 -2.549920844259129845e-03
2.810000000000085407e+01 1.735932614633770715e-02 -2.428876101322340660e-03
2.820000000000085549e+01 1.693833735349463063e-02 -2.316214545222338231e-03
2.830000000000085691e+01 1.653600478593407475e-02 -2.211182805297413727e-03
2.840000000000085834e+01 1.615113535595449901e-02 -2.113109863843296975e-03
2.850000000000085976e+01 1.578263379186350263e-02 -2.021396539245617300e-03
2.860000000000086118e+01 1.542949302260849219e-02 -1.935506495412027839e-03
2.870000000000086260e+01 1.509078564697262197e-02 -1.854958530761327334e-03
2.880000000000086402e+01 1.476565635156799894e-02 -1.779319943808209880e-03
2.890000000000086544e+01 1.445331516018013261e-02 -1.708200807717976917e-03
2.900000000000086686e+01 1.415303141266341901e-02 -1.641249014848762200e-03
2.910000000000086828e+01 1.386412838527722319e-02 -1.578145975683903877e-03
2.920000000000086970e+01 1.358597847581310969e-02 -1.518602875607594866e-03
2.930000000000087113e+01 1.331799888696122945e-02 -1.462357408665748877e-03
2.940000000000087255e+01 1.305964774995589835e-02 -1.409170920352878064e-03
2.950000000000087397e+01 1.281042063786594354e-02 -1.358825902111545324e-03
2.960000000000087539e+01 1.256984742442125713e-02 -1.311123789102488406e-03
2.970000000000087681e+01 1.233748944965460878e-02 -1.265883020133318172e-03
2.980000000000087823e+01 1.211293695849828891e-02 -1.222937324792964554e-03
2.990000000000087965e+01 1.189580678260563490e-02 -1.182134207978796994e-03
3.000000000000088107e+01 1.168574023918523414e-02 -1.143333606307460034e-03
3.010000000000088249e+01 1.148240122386673563e-02 -1.106406694558139401e-03
3.020000000000088392e+01 1.128547447721904226e-02 -1.071234823346233324e-03
3.030000000000088534e+01 1.109466400697897183e-02 -1.037708571839287544e-03
3.040000000000088676e+01 1.090969165010856855e-02 -1.005726901533271185e-03
3.050000000000088818e+01 1.073029576054484839e-02 -9.751963989757484949e-04
3.060000000000088960e+01 1.055623001018308159e-02 -9.460305969427541730e-04
3.070000000000089102e+01 1.038726229192689539e-02 -9.181493649308771236e-04
3.080000000000089244e+01 1.022317371491803829e-02 -8.914783610125393259e-04
3.090000000000089386e+01 1.006375768312731817e-02 -8.659485381117382847e-04
3.100000000000089528e+01 9.908819049381007230e-03 -8.414956986191762280e-04
3.110000000000089670e+01 9.758173337813704287e-03 -8.180600920299739304e-04
3.120000000000089813e+01 9.611646028393563274e-03 -7.955860509232400533e-04
3.130000000000089955e+01 9.469071897870910345e-03 -7.740216611740116529e-04
3.140000000000090097e+01 9.330294412076167720e-03 -7.533184627759282551e-04
3.150000000000090239e+01 9.195165164961388235e-03 -7.334311780712662746e-04
3.160000000000090381e+01 9.063543360307428284e-03 -7.143174645662725072e-04
3.170000000000090523e+01 8.935295332353829570e-03 -6.959376898224893743e-04
3.180000000000090665e+01 8.810294102015926720e-03 -6.782547262046078294e-04
3.190000000000090807e+01 8.688418965674189753e-03 -6.612337635127632160e-04
