-3.200000000000000000e+01 7.785882511559239459e-03 1.651984019539498279e-03
-3.189999999999999858e+01 7.889600979837149003e-03 1.693112215779623208e-03
-3.179999999999999716e+01 7.995721296144321644e-03 1.735760036626531706e-03
-3.169999999999999574e+01 8.104322624117910739e-03 1.780002266883437155e-03
-3.159999999999999432e+01 8.215487393009115319e-03 1.825918284110960178e-03
-3.149999999999999289e+01 8.329301448291793336e-03 1.873592395923726192e-03
-3.139999999999999147e+01 8.445854208659762247e-03 1.923114206014915921e-03
-3.129999999999999005e+01 8.565238829481758645e-03 1.974579011692035972e-03
-3.119999999999998863e+01 8.687552372691791785e-03 2.028088235990415517e-03
-3.109999999999998721e+01 8.812895983018620774e-03 2.083749897761420083e-03
-3.099999999999998579e+01 8.941375070407915279e-03 2.141679123520394065e-03
-3.089999999999998437e+01 9.073099498318852596e-03 2.201998705227423483e-03
-3.079999999999998295e+01 9.208183777501885783e-03 2.264839708665120771e-03
-3.069999999999998153e+01 9.346747264658644694e-03 2.330342137580564132e-03
-3.059999999999998010e+01 9.488914365178017368e-03 2.398655659339238126e-03
-3.049999999999997868e+01 9.634814738937652612e-03 2.469940398512774759e-03
-3.039999999999997726e+01 9.784583507788048931e-03 2.544367805522219743e-03
-3.029999999999997584e+01 9.938361463038013904e-03 2.622121608313494456e-03
-3.019999999999997442e+01 1.009629527077063674e-02 2.703398855944026246e-03
-3.009999999999997300e+01 1.025853767227600036e-02 2.788411063993463928e-03
-2.999999999999997158e+01 1.042524767628417483e-02 2.877385472901352291e-03
-2.989999999999997016e+01 1.059659073881314729e-02 2.970566431601406963e-03
-2.979999999999996874e+01 1.077273892557112193e-02 3.068216920331121120e-03
-2.969999999999996732e+01 1.095387105064865585e-02 3.170620228118100226e-03
-2.959999999999996589e+01 1.114017278383890724e-02 3.278081802291195682e-03
-2.949999999999996447e+01 1.133183671729732188e-02 3.390931289471186411e-03
-2.939999999999996305e+01 1.152906238012586793e-02 3.509524789767976254e-03
-2.929999999999996163e+01 1.173205618709622505e-02 3.634247348561173586e-03
-2.919999999999996021e+01 1.194103130469203675e-02 3.765515713109503834e-03
-2.909999999999995879e+01 1.215620741404401656e-02 3.903781384460489317e-03
-2.899999999999995737e+01 1.237781034603782290e-02 4.049533998759582108e-03
-2.889999999999995595e+01 1.260607155848859386e-02 4.203305075956747898e-03
-2.879999999999995453e+01 1.284122741897983019e-02 4.365672178334147925e-03
-2.869999999999995310e+01 1.308351824913645510e-02 4.537263525999401734e-03
-2.859999999999995168e+01 1.333318707667958437e-02 4.718763121638837842e-03
-2.849999999999995026e+01 1.359047803025676023e-02 4.910916442397501858e-03
-2.839999999999994884e+01 1.385563429803729832e-02 5.114536762479121763e-03
-2.829999999999994742e+01 1.412889555431825171e-02 5.330512176134206970e-03
-2.819999999999994600e+01 1.441049473781410607e-02 5.559813396626231245e-03
-2.809999999999994458e+01 1.470065404038964872e-02 5.803502412428469294e-03
-2.799999999999994316e+01 1.499957993481900592e-02 6.062742086910930146e-03
-2.789999999999994174e+01 1.530745703325069387e-02 6.338806791228037731e-03
-2.779999999999994031e+01 1.562444052357880864e-02 6.633094161527334880e-03
-2.769999999999993889e+01 1.595064687673650172e-02 6.947138069273851683e-03
-2.759999999999993747e+01 1.628614245245361969e-02 7.282622885882049021e-03
-2.749999999999993605e+01 1.663092955208426288e-02 7.641399107537595256e-03
-2.739999999999993463e+01 1.698492937183778209e-02 8.025500379280353300e-03
-2.729999999999993321e+01 1.734796119597427355e-02 8.437161914985943229e-03
-2.719999999999993179e+01 1.771971703375256266e-02 8.878840244865827958e-03
-2.709999999999993037e+01 1.809973074365778256e-02 9.353234126195084097e-03
-2.699999999999992895e+01 1.848734050131244783e-02 9.863306314638673258e-03
-2.689999999999992752e+01 1.888164325175064120e-02 1.041230569677564777e-02
-2.679999999999992610e+01 1.928143954394227408e-02 1.100378900957053700e-02
-2.669999999999992468e+01 1.968516687962364176e-02 1.164164099211547829e-02
-2.659999999999992326e+01 2.009081943120126154e-02 1.233009129510317069e-02
-2.649999999999992184e+01 2.049585171631143621e-02 1.307372577102343392e-02
-2.639999999999992042e+01 2.089706359678872652e-02 1.387748882913331615e-02
-2.629999999999991900e+01 2.129046386026320695e-02 1.474667230234777415e-02
-2.619999999999991758e+01 2.167110974094554887e-02 1.568688466775510285e-02
-2.609999999999991616e+01 2.203292019281219427e-02 1.670399242027843095e-02
-2.599999999999991473e+01 2.236846176474820147e-02 1.780402286726281980e-02
-2.589999999999991331e+01 2.266870785852868192e-02 1.899301458065411757e-02
-2.579999999999991189e+01 2.292277541000760366e-02 2.027679829914838874e-02
-2.569999999999991047e+01 2.311764818339518898e-02 2.166068746975286646e-02
-2.559999999999990905e+01 2.323790358782883494e-02 2.314905440363545716e-02
-2.549999999999990763e+01 2.326547093953276399e-02 2.474476619421346613e-02
-2.539999999999990621e+01 2.317946399392159518e-02 2.644845575780789548e-02
-2.529999999999990479e+01 2.295614946444128959e-02 2.825761011244947232e-02
-2.519999999999990337e+01 2.256913513385389036e-02 3.016547375035032869e-02
-2.509999999999990195e+01 2.198988304378341613e-02 3.215979383782539142e-02
-2.499999999999990052e+01 2.118866896641800196e-02 3.422147999814039582e-02
-2.489999999999989910e+01 2.013610861217458511e-02 3.632331651289538027e-02
-2.479999999999989768e+01 1.880533930677554325e-02 3.842894545178190957e-02
-2.469999999999989626e+01 1.717486680165138113e-02 4.049242225481079760e-02
-2.459999999999989484e+01 1.523194852784019900e-02 4.245870366903659043e-02
-2.449999999999989342e+01 1.297619046309720844e-02 4.426542105092617918e-02
-2.439999999999989200e+01 1.042281699175843721e-02 4.584617461389840776e-02
-2.429999999999989058e+01 7.604900141642807233e-03 4.713532782182060926e-02
-2.419999999999988916e+01 4.573801216506850377e-03 4.807390447271542994e-02
-2.409999999999988773e+01 1.397268852819638814e-03 4.861578281496574394e-02
-2.399999999999988631e+01 -1.844928352440337784e-03 4.873309116308953415e-02
-2.389999999999988489e+01 -5.067370819084851888e-03 4.841969249792979491e-02
-2.379999999999988347e+01 -8.186350198951017343e-03 4.769197384672098361e-02
-2.369999999999988205e+01 -1.112692740736559265e-02 4.658675626793286340e-02
-2.359999999999988063e+01 -1.382847879521867558e-02 4.515680791861952093e-02
-2.349999999999987921e+01 -1.624795243954551757e-02 4.346493698367916853e-02
-2.339999999999987779e+01 -1.836064782258818584e-02 4.157781062750768447e-02
-2.329999999999987637e+01 -2.015886717577722309e-02 3.956048786228861386e-02
-2.319999999999987494e+01 -2.164911341413490800e-02 3.747228926853151537e-02
-2.309999999999987352e+01 -2.284858992010695838e-02 3.536421711446044447e-02
-2.299999999999987210e+01 -2.378164767577227098e-02 3.327781146829279085e-02
-2.289999999999987068e+01 -2.447662097700821493e-02 3.124513655172089788e-02
-2.279999999999986926e+01 -2.496327975694068863e-02 2.928953008563000074e-02
-2.269999999999986784e+01 -2.527095604616491631e-02 2.742677713932717767e-02
-2.259999999999986642e+01 -2.542729175863280011e-02 2.566644398495020532e-02
-2.249999999999986500e+01 -2.545749961164722047e-02 2.401319185169870779e-02
-2.239999999999986358e+01 -2.538401349791660072e-02 2.246796493739020711e-02
-2.229999999999986215e+01 -2.522641300306180737e-02 2.102900337829815072e-02
-2.219999999999986073e+01 -2.500152631992715382e-02 1.969266960576141617e-02
-2.209999999999985931e+01 -2.472363824153708464e-02 1.845409882965294221e-02
-2.199999999999985789e+01 -2.440475065495920082e-02 1.730769551976447940e-02
-2.189999999999985647e+01 -2.405486005810043501e-02 1.624750159683105433e-02
-2.179999999999985505e+01 -2.368222968503153752e-02 1.526746160670850068e-02
-2.169999999999985363e+01 -2.329364323955670363e-02 1.436160752604480687e-02
-2.159999999999985221e+01 -2.289463368678531369e-02 1.352418236328840374e-02
-2.149999999999985079e+01 -2.248968475611963502e-02 1.274971814115450491e-02
-2.139999999999984936e+01 -2.208240539711136749e-02 1.203308057314313693e-02
-2.129999999999984794e+01 -2.167567890402616673e-02 1.136948994145308908e-02
-2.119999999999984652e+01 -2.127178916205946929e-02 1.075452538086716855e-02
-2.109999999999984510e+01 -2.087252673791635538e-02 1.018411793997444151e-02
-2.099999999999984368e+01 -2.047927752507415142e-02 9.654536363253356235e-03
-2.089999999999984226e+01 -2.009309648428585920e-02 9.162368445923642357e-03
-2.079999999999984084e+01 -1.971476877234653799e-02 8.704499990355413219e-03
-2.069999999999983942e+01 -1.934486027658597826e-02 8.278092779917169824e-03
-2.059999999999983800e+01 -1.898375929883419980e-02 7.880562535419528836e-03
-2.049999999999983658e+01 -1.863171087621459665e-02 7.509557490843545534e-03
-2.039999999999983515e+01 -1.828884499555585852e-02 7.162937989075722663e-03
-2.029999999999983373e+01 -1.795519975571297291e-02 6.838757330666460355e-03
-2.019999999999983231e+01 -1.763074035737242223e-02 6.535243991255553810e-03
-2.009999999999983089e+01 -1.731537465145664700e-02 6.250785243052679567e-03
-1.999999999999982947e+01 -1.700896585174213951e-02 5.983912161840073546e-03
-1.989999999999982805e+01 -1.671134291247626177e-02 5.733285966478483472e-03
-1.979999999999982663e+01 -1.642230898436564807e-02 5.497685616887600449e-03
-1.969999999999982521e+01 -1.614164828969726420e-02 5.275996584935216394e-03
-1.959999999999982379e+01 -1.586913169750983621e-02 5.067200707916484984e-03
-1.949999999999982236e+01 -1.560452123005679620e-02 4.870367033742109379e-03
-1.939999999999982094e+01 -1.534757369106769243e-02 4.684643569504392049e-03
-1.929999999999981952e+01 -1.509804357268280418e-02 4.509249849367551015e-03
-1.919999999999981810e+01 -1.485568537017674384e-02 4.343470243007641236e-03
-1.909999999999981668e+01 -1.462025541094004455e-02 4.186647931776132751e-03
-1.899999999999981526e+01 -1.439151328531843368e-02 4.038179485679497735e-03
-1.889999999999981384e+01 -1.416922295156739994e-02 3.897509980252756093e-03
-1.879999999999981242e+01 -1.395315357447694457e-02 3.764128598086246592e-03
-1.869999999999981100e+01 -1.374308014669304093e-02 3.637564665078258340e-03
-1.859999999999980957e+01 -1.353878393325706753e-02 3.517384076534627296e-03
-1.849999999999980815e+01 -1.334005277266921488e-02 3.403186072743668612e-03
-1.839999999999980673e+01 -1.314668126199277157e-02 3.294600327876462051e-03
-1.829999999999980531e+01 -1.295847084867492345e-02 3.191284319845769622e-03
-1.819999999999980389e+01 -1.277522984770448553e-02 3.092920952142471942e-03
-1.809999999999980247e+01 -1.259677339952330888e-02 2.999216401798822373e-03
-1.799999999999980105e+01 -1.242292338128379685e-02 2.909898170332490472e-03
-1.789999999999979963e+01 -1.225350828185017144e-02 2.824713317029015850e-03
-1.779999999999979821e+01 -1.208836304907132120e-02 2.743426856122586216e-03
-1.769999999999979678e+01 -1.192732891625476570e-02 2.665820301376590953e-03
-1.759999999999979536e+01 -1.177025321357813743e-02 2.591690343362939436e-03
-1.749999999999979394e+01 -1.161698916903208811e-02 2.520847646260020863e-03
-1.739999999999979252e+01 -1.146739570266731845e-02 2.453115752408674931e-03
-1.729999999999979110e+01 -1.132133721719112696e-02 2.388330084102617806e-03
-1.719999999999978968e+01 -1.117868338731287624e-02 2.326337033172218814e-03
-1.709999999999978826e+01 -1.103930894981787481e-02 2.266993129937415995e-03
-1.699999999999978684e+01 -1.090309349586604699e-02 2.210164283947238691e-03
-1.689999999999978542e+01 -1.076992126672278970e-02 2.155725089725008935e-03
-1.679999999999978400e+01 -1.063968095384966103e-02 2.103558191431480207e-03
-1.669999999999978257e+01 -1.051226550401249994e-02 2.053553700961012821e-03
-1.659999999999978115e+01 -1.038757192994475137e-02 2.005608664566380962e-03
-1.649999999999977973e+01 -1.026550112688456515e-02 1.959626573574524151e-03
-1.639999999999977831e+01 -1.014595769522250515e-02 1.915516915214203822e-03
-1.629999999999977689e+01 -1.002884976939392644e-02 1.873194759969364900e-03
-1.619999999999977547e+01 -9.914088853030939008e-03 1.832580382211047420e-03
-1.609999999999977405e+01 -9.801589660383750596e-03 1.793598911198772015e-03
-1.599999999999977263e+01 -9.691269963909780738e-03 1.756180009803464661e-03
-1.589999999999977121e+01 -9.583050447926431265e-03 1.720257578571984152e-03
-1.579999999999976978e+01 -9.476854568190355710e-03 1.685769482979959351e-03
-1.569999999999976836e+01 -9.372608417207601086e-03 1.652657301913030251e-03
-1.559999999999976694e+01 -9.270240595115568707e-03 1.620866095618692972e-03
-1.549999999999976552e+01 -9.169682085910938266e-03 1.590344191518665339e-03
-1.539999999999976410e+01 -9.070866138823518998e-03 1.561042986432407010e-03
-1.529999999999976268e+01 -8.973728154629417170e-03 1.532916763895956960e-03
-1.519999999999976126e+01 -8.878205576662844337e-03 1.505922525372425502e-03
-1.509999999999975984e+01 -8.784237786334997411e-03 1.480019834274917115e-03
-1.499999999999975842e+01 -8.691766002920417455e-03 1.455170671807274512e-03
-1.489999999999975699e+01 -8.600733187405125435e-03 1.431339303727241713e-03
-1.479999999999975557e+01 -8.511083950193492481e-03 1.408492157217276211e-03
-1.469999999999975415e+01 -8.422764462446063333e-03 1.386597707114637940e-03
-1.459999999999975273e+01 -8.335722370871207279e-03 1.365626370831545151e-03
-1.449999999999975131e+01 -8.249906715753149017e-03 1.345550411345435189e-03
-1.439999999999974989e+01 -8.165267852033614160e-03 1.326343847702725733e-03
-1.429999999999974847e+01 -8.081757373268785849e-03 1.307982372529633728e-03
-1.419999999999974705e+01 -7.999328038262301308e-03 1.290443276084083171e-03
-1.409999999999974563e+01 -7.917933700222671775e-03 1.273705376434964339e-03
-1.399999999999974420e+01 -7.837529238257038428e-03 1.257748955384593425e-03
-1.389999999999974278e+01 -7.758070491045143506e-03 1.242555699792320884e-03
-1.379999999999974136e+01 -7.679514192541820293e-03 1.228108647989875407e-03
-1.369999999999973994e+01 -7.601817909535913895e-03 1.214392141004883886e-03
-1.359999999999973852e+01 -7.524939980937840958e-03 1.201391778345187351e-03
-1.349999999999973710e+01 -7.448839458632540433e-03 1.189094378115460515e-03
-1.339999999999973568e+01 -7.373476049763882587e-03 1.177487941267296159e-03
-1.329999999999973426e+01 -7.298810060319631428e-03 1.166561619806592755e-03
-1.319999999999973284e+01 -7.224802339865320569e-03 1.156305688800308290e-03
-1.309999999999973141e+01 -7.151414227316257866e-03 1.146711522051185829e-03
-1.299999999999972999e+01 -7.078607497601739976e-03 1.137771571323004409e-03
-1.289999999999972857e+01 -7.006344309101886735e-03 1.129479349021483879e-03
-1.279999999999972715e+01 -6.934587151738818428e-03 1.121829414253735883e-03
-1.269999999999972573e+01 -6.863298795584129273e-03 1.114817362203529474e-03
-1.259999999999972431e+01 -6.792442239876377540e-03 1.108439816783163582e-03
-1.249999999999972289e+01 -6.721980662318557433e-03 1.102694426531222217e-03
-1.239999999999972147e+01 -6.651877368534737066e-03 1.097579863750242773e-03
-1.229999999999972005e+01 -6.582095741575848084e-03 1.093095826890218281e-03
-1.219999999999971863e+01 -6.512599191341552837e-03 1.089243046201484417e-03
-1.209999999999971720e+01 -6.443351103803570713e-03 1.086023292698432745e-03
-1.199999999999971578e+01 -6.374314789915417646e-03 1.083439390492496905e-03
-1.189999999999971436e+01 -6.305453434070222400e-03 1.081495232569660387e-03
-1.179999999999971294e+01 -6.236730042001550033e-03 1.080195800107790725e-03
-1.169999999999971152e+01 -6.168107387985727677e-03 1.079547185446678558e-03
-1.159999999999971010e+01 -6.099547961224035565e-03 1.079556618844791996e-03
-1.149999999999970868e+01 -6.031013911280624744e-03 1.080232499177412060e-03
-1.139999999999970726e+01 -5.962466992427375989e-03 1.081584428753210253e-03
-1.129999999999970584e+01 -5.893868506778172402e-03 1.083623252450163343e-03
-1.119999999999970441e+01 -5.825179246057362627e-03 1.086361101397150322e-03
-1.109999999999970299e+01 -5.756359431865327309e-03 1.089811441454872866e-03
-1.099999999999970157e+01 -5.687368654300089740e-03 1.093989126778579244e-03
-1.089999999999970015e+01 -5.618165808767940257e-03 1.098910458777888760e-03
-1.079999999999969873e+01 -5.548709030845983513e-03 1.104593250821599235e-03
-1.069999999999969731e+01 -5.478955629020422317e-03 1.111056899074447943e-03
-1.059999999999969589e+01 -5.408862015141720735e-03 1.118322459892231004e-03
-1.049999999999969447e+01 -5.338383632432988288e-03 1.126412734245383056e-03
-1.039999999999969305e+01 -5.267474880860900134e-03 1.135352359691835407e-03
-1.029999999999969162e+01 -5.196089039708778022e-03 1.145167910469245673e-03
-1.019999999999969020e+01 -5.124178187151685708e-03 1.155888006338515748e-03
-1.009999999999968878e+01 -5.051693116651562003e-03 1.167543430871955789e-03
-9.999999999999687361e+00 -4.978583249986844560e-03 1.180167259949009562e-03
-9.899999999999685940e+00 -4.904796546704781601e-03 1.193795001303450502e-03
-9.799999999999684519e+00 -4.830279409818691826e-03 1.208464746045407332e-03
-9.699999999999683098e+00 -4.754976587534768401e-03 1.224217333181578347e-03
-9.599999999999681677e+00 -4.678831070816518931e-03 1.241096528257365928e-03
-9.499999999999680256e+00 -4.601783986597544028e-03 1.259149217359017492e-03
-9.399999999999678835e+00 -4.523774486433580419e-03 1.278425617846819630e-03
-9.299999999999677414e+00 -4.444739630430215478e-03 1.298979507323390131e-03
-9.199999999999675993e+00 -4.364614266255353869e-03 1.320868472506651643e-03
-9.099999999999674571e+00 -4.283330903085238658e-03 1.344154179846115179e-03
-8.999999999999673150e+00 -4.200819580354011977e-03 1.368902669914150595e-03
-8.899999999999671729e+00 -4.117007731178315595e-03 1.395184677827204789e-03
-8.799999999999670308e+00 -4.031820040404074379e-03 1.423075982180821257e-03
-8.699999999999668887e+00 -3.945178297226649249e-03 1.452657785262164315e-03
-8.599999999999667466e+00 -3.857001242417581327e-03 1.484017127595600987e-03
-8.499999999999666045e+00 -3.767204410262618708e-03 1.517247340209797830e-03
-8.399999999999664624e+00 -3.675699965374628481e-03 1.552448538398257293e-03
-8.299999999999663203e+00 -3.582396534696691281e-03 1.589728161147241706e-03
-8.199999999999661782e+00 -3.487199035098175089e-03 1.629201560888328230e-03
-8.099999999999660361e+00 -3.390008497156080103e-03 1.670992648746625047e-03
-7.999999999999658939e+00 -3.290721885911662530e-03 1.715234601041005103e-03
-7.899999999999657518e+00 -3.189231919600398271e-03 1.762070633464419070e-03
-7.799999999999656097e+00 -3.085426887692020205e-03 1.811654850090122209e-03
-7.699999999999654676e+00 -2.979190469879640021e-03 1.864153175200239203e-03
-7.599999999999653255e+00 -2.870401558112913379e-03 1.919744376851560078e-03
-7.499999999999651834e+00 -2.758934084285224846e-03 1.978621192138542342e-03
-7.399999999999650413e+00 -2.644656856770155259e-03 2.040991565308287840e-03
-7.299999999999648992e+00 -2.527433409805089973e-03 2.107080011177968164e-03
-7.199999999999647571e+00 -2.407121870567512090e-03 2.177129117821521073e-03
-7.099999999999646150e+00 -2.283574849912739166e-03 2.251401204148370180e-03
-6.999999999999644729e+00 -2.156639364056378919e-03 2.330180149875770053e-03
-6.899999999999643308e+00 -2.026156796028869868e-03 2.413773417534545700e-03
-6.799999999999641886e+00 -1.891962907700677279e-03 2.502514288486146384e-03
-6.699999999999640465e+00 -1.753887915419461568e-03 2.596764337631661014e-03
-6.599999999999639044e+00 -1.611756645121386645e-03 2.696916174457711455e-03
-6.499999999999637623e+00 -1.465388786141517095e-03 2.803396481403735117e-03
-6.399999999999636202e+00 -1.314599266962257484e-03 2.916669384301315802e-03
-6.299999999999634781e+00 -1.159198781118658643e-03 3.037240193745427766e-03
-6.199999999999633360e+00 -9.989944973461464817e-04 3.165659560924926220e-03
-6.099999999999631939e+00 -8.337909952901984001e-04 3.302528096510971845e-03
-5.999999999999630518e+00 -6.633914768095225747e-04 3.448501506804889805e-03
-5.899999999999629097e+00 -4.875993134078847324e-04 3.604296307510122723e-03
-5.799999999999627676e+00 -3.062200032162426533e-04 3.770696182039416557e-03
-5.699999999999626255e+00 -1.190636264039625358e-04 3.948559058398047605e-03
-5.599999999999624833e+00 7.405209318035906041e-05 4.138824986051249481e-03
-5.499999999999623412e+00 2.732979894110240671e-04 4.342524901768719109e-03
-5.399999999999621991e+00 4.788287598095197078e-04 4.560790381010346867e-03
-5.299999999999620570e+00 6.907771835219815235e-04 4.794864478346246538e-03
-5.199999999999619149e+00 9.092470178394072150e-04 5.046113766438315232e-03
-5.099999999999617728e+00 1.134304289715498161e-03 5.316041687035963359e-03
-4.999999999999616307e+00 1.365966638065310365e-03 5.606303328217709069e-03
-4.899999999999614886e+00 1.604190289136872560e-03 5.918721738043548203e-03
-4.799999999999613465e+00 1.848854158080018295e-03 6.255305873102528710e-03
-4.699999999999612044e+00 2.099740462395279297e-03 6.618270258240440199e-03
-4.599999999999610623e+00 2.356511103395459231e-03 7.010056395860645231e-03
-4.499999999999609201e+00 2.618678916617461772e-03 7.433355903480370376e-03
-4.399999999999607780e+00 2.885572707286628014e-03 7.891135268042527920e-03
-4.299999999999606359e+00 3.156294768199381304e-03 8.386661972552219430e-03
-4.199999999999604938e+00 3.429669321819289740e-03 8.923531559762568066e-03
-4.099999999999603517e+00 3.704180033541625700e-03 9.505694926983025358e-03
-3.999999999999602096e+00 3.977894410155483410e-03 1.013748476803753504e-02
-3.899999999999600675e+00 4.248372532545417746e-03 1.082363955647441811e-02
-3.799999999999599254e+00 4.512557188950851866e-03 1.156932275045720326e-02
-3.699999999999597833e+00 4.766642103696931004e-03 1.238013393573740573e-02
-3.599999999999596412e+00 5.005914646036486657e-03 1.326210733413779250e-02
-3.499999999999594991e+00 5.224569238284000258e-03 1.422169140438430367e-02
-3.399999999999593570e+00 5.415487794025076670e-03 1.526570105233168544e-02
-3.299999999999592148e+00 5.569984108148608171e-03 1.640123114858379680e-02
-3.199999999999590727e+00 5.677510491506722670e-03 1.763551654439202837e-02
-3.099999999999589306e+00 5.725327524162656528e-03 1.897571955540194172e-02
-2.999999999999587885e+00 5.698142186297341927e-03 2.042862104442140850e-02
-2.899999999999586464e+00 5.577726593979034225e-03 2.200018610134743535e-02
-2.799999999999585043e+00 5.342540072476720595e-03 2.369497059724174834e-02
-2.699999999999583622e+00 4.967392387686585253e-03 2.551533190168440643e-02
-2.599999999999582201e+00 4.423206536584265575e-03 2.746040800828338999e-02
-2.499999999999580780e+00 3.676965883225281895e-03 2.952483761309760563e-02
-2.399999999999579359e+00 2.691961519325753935e-03 3.169721409179603738e-02
-2.299999999999577938e+00 1.428487774145604378e-03 3.395830471826979252e-02
-2.199999999999576517e+00 -1.548412274136063554e-04 3.627912884788554726e-02
-2.099999999999575095e+00 -2.098977004822004042e-03 3.861907873616071685e-02
-1.999999999999573674e+00 -4.441384180584975402e-03 4.092438094352030681e-02
-1.899999999999572253e+00 -7.212011775704598587e-03 4.312731862815549072e-02
-1.799999999999570832e+00 -1.042843627928973990e-02 4.514673005058775918e-02
-1.699999999999569411e+00 -1.409059527925602719e-02 4.689031031326536259e-02
-1.599999999999567990e+00 -1.817584819522379339e-02 4.825910534819767561e-02
-1.499999999999566569e+00 -2.263537552305680545e-02 4.915425049427611659e-02
-1.399999999999565148e+00 -2.739302665595650527e-02 4.948548170542536179e-02
-1.299999999999563727e+00 -3.234751749322655606e-02 4.918034404680200061e-02
-1.199999999999562306e+00 -3.737831126346477517e-02 4.819254359617285849e-02
-1.099999999999560885e+00 -4.235468874130750294e-02 4.650776537214462714e-02
-9.999999999995594635e-01 -4.714668139388605850e-02 4.414564667879054827e-02
-8.999999999995580424e-01 -5.163601353349923234e-02 4.115738928219436765e-02
-7.999999999995566213e-01 -5.572518450717860172e-02 3.761945334478587061e-02
-6.999999999995552002e-01 -5.934330595135656194e-02 3.362456553916307045e-02
-5.999999999995537792e-01 -6.244807171915071897e-02 2.927165915669564800e-02
-4.999999999995523581e-01 -6.502398813257667665e-02 2.465631778846741687e-02
-3.999999999995509370e-01 -6.707752748105365315e-02 1.986296552096876791e-02
-2.999999999995495159e-01 -6.863015090992882761e-02 1.495963450870353359e-02
-1.999999999995480948e-01 -6.971026458187298824e-02 9.995768144320037185e-03
-9.999999999954667373e-02 -7.034522642426205286e-02 5.003187888370723424e-03
4.547473508864641190e-13 -7.055453350370918808e-02 5.175547490576803966e-15
1.000000000004561684e-01 -7.034522642425823646e-02 -5.003187888416194863e-03
2.000000000004575895e-01 -6.971026458186521668e-02 -9.995768144365342958e-03
3.000000000004590106e-01 -6.863015090991689271e-02 -1.495963450874847854e-02
4.000000000004604317e-01 -6.707752748103729123e-02 -1.986296552101296173e-02
5.000000000004618528e-01 -6.502398813255566568e-02 -2.465631778851030964e-02
6.000000000004632739e-01 -6.244807171912488547e-02 -2.927165915673656665e-02
7.000000000004646949e-01 -5.934330595132593367e-02 -3.362456553920117192e-02
8.000000000004661160e-01 -5.572518450714346316e-02 -3.761945334482028058e-02
9.000000000004675371e-01 -5.163601353346009698e-02 -4.115738928222419796e-02
1.000000000000468958e+00 -4.714668139384368961e-02 -4.414564667881497317e-02
1.100000000000470379e+00 -4.235468874126289279e-02 -4.650776537216309153e-02
1.200000000000471800e+00 -3.737831126341907562e-02 -4.819254359618501543e-02
1.300000000000473221e+00 -3.234751749318094671e-02 -4.918034404680784316e-02
1.400000000000474643e+00 -2.739302665591216573e-02 -4.948548170542516750e-02
1.500000000000476064e+00 -2.263537552301474881e-02 -4.915425049427040588e-02
1.600000000000477485e+00 -1.817584819518484537e-02 -4.825910534818721870e-02
1.700000000000478906e+00 -1.409059527922074812e-02 -4.689031031325103377e-02
1.800000000000480327e+00 -1.042843627925844029e-02 -4.514673005057051602e-02
1.900000000000481748e+00 -7.212011775677386848e-03 -4.312731862813616590e-02
2.000000000000483169e+00 -4.441384180561763068e-03 -4.092438094349969829e-02
2.100000000000484590e+00 -2.098977004802562996e-03 -3.861907873613951159e-02
2.200000000000486011e+00 -1.548412273976295522e-04 -3.627912884786428649e-02
2.300000000000487432e+00 1.428487774158488169e-03 -3.395830471824892033e-02
2.400000000000488853e+00 2.691961519335914210e-03 -3.169721409177583826e-02
2.500000000000490274e+00 3.676965883233095089e-03 -2.952483761307831203e-02
2.600000000000491696e+00 4.423206536590078633e-03 -2.746040800826514763e-02
2.700000000000493117e+00 4.967392387690713895e-03 -2.551533190166727430e-02
2.800000000000494538e+00 5.342540072479454519e-03 -2.369497059722576113e-02
2.900000000000495959e+00 5.577726593980626701e-03 -2.200018610133258959e-02
3.000000000000497380e+00 5.698142186297983774e-03 -2.042862104440765908e-02
3.100000000000498801e+00 5.725327524162543771e-03 -1.897571955538925742e-02
3.200000000000500222e+00 5.677510491505988882e-03 -1.763551654438032940e-02
3.300000000000501643e+00 5.569984108147407742e-03 -1.640123114857303457e-02
3.400000000000503064e+00 5.415487794023487664e-03 -1.526570105232178363e-02
3.500000000000504485e+00 5.224569238282121553e-03 -1.422169140437520678e-02
3.600000000000505906e+00 5.005914646034394580e-03 -1.326210733412943460e-02
3.700000000000507328e+00 4.766642103694684537e-03 -1.238013393572971570e-02
3.800000000000508749e+00 4.512557188948496112e-03 -1.156932275045014120e-02
3.900000000000510170e+00 4.248372532542978725e-03 -1.082363955646791290e-02
4.000000000000511591e+00 3.977894410153002755e-03 -1.013748476803155371e-02
4.100000000000513012e+00 3.704180033539136371e-03 -9.505694926977514142e-03
4.200000000000514433e+00 3.429669321816793473e-03 -8.923531559757480122e-03
4.300000000000515854e+00 3.156294768196909323e-03 -8.386661972547528737e-03
4.400000000000517275e+00 2.885572707284171645e-03 -7.891135268038194581e-03
4.500000000000518696e+00 2.618678916615055710e-03 -7.433355903476367502e-03
4.600000000000520117e+00 2.356511103393101741e-03 -7.010056395856943331e-03
4.700000000000521538e+00 2.099740462392968646e-03 -6.618270258237014120e-03
4.800000000000522959e+00 1.848854158077759685e-03 -6.255305873099348962e-03
4.900000000000524381e+00 1.604190289134679002e-03 -5.918721738040604377e-03
5.000000000000525802e+00 1.365966638063175788e-03 -5.606303328214972542e-03
5.100000000000527223e+00 1.134304289713420830e-03 -5.316041687033420254e-03
5.200000000000528644e+00 9.092470178373888642e-04 -5.046113766435947334e-03
5.300000000000530065e+00 6.907771835200186838e-04 -4.794864478344039102e-03
5.400000000000531486e+00 4.788287598076253898e-04 -4.560790381008291219e-03
5.500000000000532907e+00 2.732979894091843928e-04 -4.342524901766804842e-03
5.600000000000534328e+00 7.405209317857229523e-05 -4.138824986049460114e-03
5.700000000000535749e+00 -1.190636264056903204e-04 -3.948559058396375332e-03
5.800000000000537170e+00 -3.062200032179123246e-04 -3.770696182037850969e-03
5.900000000000538591e+00 -4.875993134095093010e-04 -3.604296307508659484e-03
6.000000000000540012e+00 -6.633914768111011731e-04 -3.448501506803519374e-03
6.100000000000541434e+00 -8.337909952917214873e-04 -3.302528096509686414e-03
6.200000000000542855e+00 -9.989944973476218640e-04 -3.165659560923720153e-03
6.300000000000544276e+00 -1.159198781120089790e-03 -3.037240193744295859e-03
6.400000000000545697e+00 -1.314599266963653937e-03 -2.916669384300252417e-03
6.500000000000547118e+00 -1.465388786142870180e-03 -2.803396481402736784e-03
6.600000000000548539e+00 -1.611756645122698964e-03 -2.696916174456772536e-03
6.700000000000549960e+00 -1.753887915420731386e-03 -2.596764337630777606e-03
6.800000000000551381e+00 -1.891962907701915005e-03 -2.502514288485312849e-03
6.900000000000552802e+00 -2.026156796030073766e-03 -2.413773417533762039e-03
7.000000000000554223e+00 -2.156639364057550724e-03 -2.330180149875031928e-03
7.100000000000555644e+00 -2.283574849913877144e-03 -2.251401204147674556e-03
7.200000000000557066e+00 -2.407121870568623180e-03 -2.177129117820864480e-03
7.300000000000558487e+00 -2.527433409806170705e-03 -2.107080011177349735e-03
7.400000000000559908e+00 -2.644656856771207369e-03 -2.040991565307704106e-03
7.500000000000561329e+00 -2.758934084286250935e-03 -1.978621192137992001e-03
7.600000000000562750e+00 -2.870401558113915182e-03 -1.919744376851039661e-03
7.700000000000564171e+00 -2.979190469880615803e-03 -1.864153175199748927e-03
7.800000000000565592e+00 -3.085426887692976038e-03 -1.811654850089659038e-03
7.900000000000567013e+00 -3.189231919601333287e-03 -1.762070633463979968e-03
8.000000000000568434e+00 -3.290721885912573259e-03 -1.715234601040591155e-03
8.100000000000569855e+00 -3.390008497156973485e-03 -1.670992648746233433e-03
8.200000000000571276e+00 -3.487199035099047655e-03 -1.629201560887959168e-03
8.300000000000572697e+00 -3.582396534697545633e-03 -1.589728161146893243e-03
8.400000000000574119e+00 -3.675699965375470689e-03 -1.552448538397926828e-03
8.500000000000575540e+00 -3.767204410263438365e-03 -1.517247340209487098e-03
8.600000000000576961e+00 -3.857001242418393178e-03 -1.484017127595307602e-03
8.700000000000578382e+00 -3.945178297227443752e-03 -1.452657785261886759e-03
8.800000000000579803e+00 -4.031820040404858474e-03 -1.423075982180559314e-03
8.900000000000581224e+00 -4.117007731179081476e-03 -1.395184677826958675e-03
9.000000000000582645e+00 -4.200819580354768316e-03 -1.368902669913918792e-03
9.100000000000584066e+00 -4.283330903085981120e-03 -1.344154179845896604e-03
9.200000000000585487e+00 -4.364614266256086790e-03 -1.320868472506446512e-03
9.300000000000586908e+00 -4.444739630430936256e-03 -1.298979507323198227e-03
9.400000000000588329e+00 -4.523774486434297727e-03 -1.278425617846638135e-03
9.500000000000589750e+00 -4.601783986598246591e-03 -1.259149217358848140e-03
9.600000000000591172e+00 -4.678831070817217157e-03 -1.241096528257206550e-03
9.700000000000592593e+00 -4.754976587535461423e-03 -1.224217333181429595e-03
9.800000000000594014e+00 -4.830279409819372705e-03 -1.208464746045269638e-03
9.900000000000595435e+00 -4.904796546705455541e-03 -1.193795001303322133e-03
1.000000000000059686e+01 -4.978583249987508959e-03 -1.180167259948891167e-03
1.010000000000059828e+01 -5.051693116652225535e-03 -1.167543430871845634e-03
1.020000000000059970e+01 -5.124178187152338831e-03 -1.155888006338414483e-03
1.030000000000060112e+01 -5.196089039709425941e-03 -1.145167910469152648e-03
1.040000000000060254e+01 -5.267474880861548921e-03 -1.135352359691749972e-03
1.050000000000060396e+01 -5.338383632433628401e-03 -1.126412734245306295e-03
1.060000000000060538e+01 -5.408862015142362582e-03 -1.118322459892160965e-03
1.070000000000060680e+01 -5.478955629021062430e-03 -1.111056899074385710e-03
1.080000000000060822e+01 -5.548709030846618422e-03 -1.104593250821543724e-03
1.090000000000060965e+01 -5.618165808768570829e-03 -1.098910458777840621e-03
1.100000000000061107e+01 -5.687368654300716843e-03 -1.093989126778538044e-03
1.110000000000061249e+01 -5.756359431865956146e-03 -1.089811441454837521e-03
1.120000000000061391e+01 -5.825179246057991464e-03 -1.086361101397122350e-03
1.130000000000061533e+01 -5.893868506778798637e-03 -1.083623252450142092e-03
1.140000000000061675e+01 -5.962466992427998755e-03 -1.081584428753194424e-03
1.150000000000061817e+01 -6.031013911281250112e-03 -1.080232499177402519e-03
1.160000000000061959e+01 -6.099547961224656596e-03 -1.079556618844789177e-03
1.170000000000062101e+01 -6.168107387986353045e-03 -1.079547185446681160e-03
1.180000000000062244e+01 -6.236730042002174533e-03 -1.080195800107799833e-03
1.190000000000062386e+01 -6.305453434070847768e-03 -1.081495232569674916e-03
1.200000000000062528e+01 -6.374314789916045616e-03 -1.083439390492517505e-03
1.210000000000062670e+01 -6.443351103804199551e-03 -1.086023292698459417e-03
1.220000000000062812e+01 -6.512599191342183409e-03 -1.089243046201516943e-03
1.230000000000062954e+01 -6.582095741576482993e-03 -1.093095826890256011e-03
1.240000000000063096e+01 -6.651877368535372842e-03 -1.097579863750286575e-03
1.250000000000063238e+01 -6.721980662319196678e-03 -1.102694426531272091e-03
1.260000000000063380e+01 -6.792442239877019387e-03 -1.108439816783218877e-03
1.270000000000063523e+01 -6.863298795584775458e-03 -1.114817362203590406e-03
1.280000000000063665e+01 -6.934587151739231292e-03 -1.121829414253583228e-03
1.290000000000063807e+01 -7.006344309102541593e-03 -1.129479349021556955e-03
1.300000000000063949e+01 -7.078607497602400038e-03 -1.137771571323082688e-03
1.310000000000064091e+01 -7.151414227316921397e-03 -1.146711522051270396e-03
1.320000000000064233e+01 -7.224802339865991040e-03 -1.156305688800398713e-03
1.330000000000064375e+01 -7.298810060320307103e-03 -1.166561619806689249e-03
1.340000000000064517e+01 -7.373476049764566068e-03 -1.177487941267398508e-03
1.350000000000064659e+01 -7.448839458633227384e-03 -1.189094378115569152e-03
1.360000000000064801e+01 -7.524939980938538317e-03 -1.201391778345302494e-03
1.370000000000064944e+01 -7.601817909536619060e-03 -1.214392141005004883e-03
1.380000000000065086e+01 -7.679514192542525458e-03 -1.228108647990003559e-03
1.390000000000065228e+01 -7.758070491045861682e-03 -1.242555699792455975e-03
1.400000000000065370e+01 -7.837529238257765277e-03 -1.257748955384734805e-03
1.410000000000065512e+01 -7.917933700223409033e-03 -1.273705376435113092e-03
1.420000000000065654e+01 -7.999328038263048973e-03 -1.290443276084239079e-03
1.430000000000065796e+01 -8.081757373269543923e-03 -1.307982372529797009e-03
1.440000000000065938e+01 -8.165267852034373969e-03 -1.326343847702896169e-03
1.450000000000066080e+01 -8.249906715753924438e-03 -1.345550411345614083e-03
1.460000000000066223e+01 -8.335722370871993109e-03 -1.365626370831731634e-03
1.470000000000066365e+01 -8.422764462446861305e-03 -1.386597707114832663e-03
1.480000000000066507e+01 -8.511083950194300862e-03 -1.408492157217479824e-03
1.490000000000066649e+01 -8.600733187405947694e-03 -1.431339303727454000e-03
1.500000000000066791e+01 -8.691766002921251857e-03 -1.455170671807495472e-03
1.510000000000066933e+01 -8.784237786335847425e-03 -1.480019834275147616e-03
1.520000000000067075e+01 -8.878205576663706494e-03 -1.505922525372665544e-03
1.530000000000067217e+01 -8.973728154630293205e-03 -1.532916763896207844e-03
1.540000000000067359e+01 -9.070866138824407177e-03 -1.561042986432668086e-03
1.550000000000067502e+01 -9.169682085911845526e-03 -1.590344191518937257e-03
1.560000000000067644e+01 -9.270240595116493315e-03 -1.620866095618976599e-03
1.570000000000067786e+01 -9.372608417208541307e-03 -1.652657301913325587e-03
1.580000000000067928e+01 -9.476854568191313277e-03 -1.685769482980266180e-03
1.590000000000068070e+01 -9.583050447927404444e-03 -1.720257578572303775e-03
1.600000000000068212e+01 -9.691269963910776469e-03 -1.756180009803798379e-03
1.610000000000068354e+01 -9.801589660384767144e-03 -1.793598911199118743e-03
1.620000000000068496e+01 -9.914088853031972903e-03 -1.832580382211409760e-03
1.630000000000068638e+01 -1.002884976939497769e-02 -1.873194759969741769e-03
1.640000000000068781e+01 -1.014595769522358241e-02 -1.915516915214596737e-03
1.650000000000068923e+01 -1.026550112688566323e-02 -1.959626573574933979e-03
1.660000000000069065e+01 -1.038757192994587200e-02 -2.005608664566806837e-03
1.670000000000069207e+01 -1.051226550401364312e-02 -2.053553700961458211e-03
1.680000000000069349e+01 -1.063968095385083371e-02 -2.103558191431944679e-03
1.690000000000069491e+01 -1.076992126672398839e-02 -2.155725089725494224e-03
1.700000000000069633e+01 -1.090309349586726997e-02 -2.210164283947744363e-03
1.710000000000069775e+01 -1.103930894981912901e-02 -2.266993129937944218e-03
1.720000000000069917e+01 -1.117868338731415820e-02 -2.326337033172770456e-03
1.730000000000070060e+01 -1.132133721719243841e-02 -2.388330084103194167e-03
1.740000000000070202e+01 -1.146739570266866112e-02 -2.453115752409277747e-03
1.750000000000070344e+01 -1.161698916903346722e-02 -2.520847646260651002e-03
1.760000000000070486e+01 -1.177025321357954776e-02 -2.591690343363598631e-03
1.770000000000070628e+01 -1.192732891625621419e-02 -2.665820301377280505e-03
1.780000000000070770e+01 -1.208836304907280612e-02 -2.743426856123307861e-03
1.790000000000070912e+01 -1.225350828185169105e-02 -2.824713317029772623e-03
1.800000000000071054e+01 -1.242292338128535810e-02 -2.909898170333283674e-03
1.810000000000071196e+01 -1.259677339952490829e-02 -2.999216401799653740e-03
1.820000000000071338e+01 -1.277522984770612657e-02 -3.092920952143345809e-03
1.830000000000071481e+01 -1.295847084867661134e-02 -3.191284319846685990e-03
1.840000000000071623e+01 -1.314668126199450629e-02 -3.294600327877425256e-03
1.850000000000071765e+01 -1.334005277267100165e-02 -3.403186072744682125e-03
1.860000000000071907e+01 -1.353878393325889939e-02 -3.517384076535691982e-03
1.870000000000072049e+01 -1.374308014669492484e-02 -3.637564665079379405e-03
1.880000000000072191e+01 -1.395315357447888399e-02 -3.764128598087428806e-03
1.890000000000072333e+01 -1.416922295156939141e-02 -3.897509980254002492e-03
1.900000000000072475e+01 -1.439151328532048413e-02 -4.038179485680810921e-03
1.910000000000072617e+01 -1.462025541094215744e-02 -4.186647931777519663e-03
1.920000000000072760e+01 -1.485568537017891572e-02 -4.343470243009107078e-03
1.930000000000072902e+01 -1.509804357268504024e-02 -4.509249849369100990e-03
1.940000000000073044e+01 -1.534757369106999440e-02 -4.684643569506032230e-03
1.950000000000073186e+01 -1.560452123005916757e-02 -4.870367033743848439e-03
1.960000000000073328e+01 -1.586913169751227870e-02 -5.067200707918328127e-03
1.970000000000073470e+01 -1.614164828969977608e-02 -5.275996584937171427e-03
1.980000000000073612e+01 -1.642230898436823974e-02 -5.497685616889678648e-03
1.990000000000073754e+01 -1.671134291247892978e-02 -5.733285966480692643e-03
2.000000000000073896e+01 -1.700896585174488385e-02 -5.983912161842424096e-03
2.010000000000074039e+01 -1.731537465145947113e-02 -6.250785243055183640e-03
2.020000000000074181e+01 -1.763074035737533310e-02 -6.535243991258227018e-03
2.030000000000074323e+01 -1.795519975571596358e-02 -6.838757330669312240e-03
2.040000000000074465e+01 -1.828884499555893245e-02 -7.162937989078770572e-03
2.050000000000074607e+01 -1.863171087621775385e-02 -7.509557490846805079e-03
2.060000000000074749e+01 -1.898375929883744720e-02 -7.880562535423022569e-03
2.070000000000074891e+01 -1.934486027658930199e-02 -8.278092779920911623e-03
2.080000000000075033e+01 -1.971476877234993458e-02 -8.704499990359425635e-03
2.090000000000075175e+01 -2.009309648428933212e-02 -9.162368445927958349e-03
2.100000000000075318e+01 -2.047927752507770066e-02 -9.654536363257996620e-03
2.110000000000075460e+01 -2.087252673791996707e-02 -1.018411793997944098e-02
2.120000000000075602e+01 -2.127178916206311915e-02 -1.075452538087255314e-02
2.130000000000075744e+01 -2.167567890402985822e-02 -1.136948994145889520e-02
2.140000000000075886e+01 -2.208240539711507980e-02 -1.203308057314940623e-02
2.150000000000076028e+01 -2.248968475612333692e-02 -1.274971814116127727e-02
2.160000000000076170e+01 -2.289463368678897395e-02 -1.352418236329572775e-02
2.170000000000076312e+01 -2.329364323956029798e-02 -1.436160752605272588e-02
2.180000000000076454e+01 -2.368222968503501044e-02 -1.526746160671706848e-02
2.190000000000076597e+01 -2.405486005810373445e-02 -1.624750159684032122e-02
2.200000000000076739e+01 -2.440475065496226087e-02 -1.730769551977450957e-02
2.210000000000076881e+01 -2.472363824153982204e-02 -1.845409882966377729e-02
2.220000000000077023e+01 -2.500152631992945754e-02 -1.969266960577311862e-02
2.230000000000077165e+01 -2.522641300306356638e-02 -2.102900337831076563e-02
2.240000000000077307e+01 -2.538401349791767972e-02 -2.246796493740376918e-02
2.250000000000077449e+01 -2.545749961164744946e-02 -2.401319185171325171e-02
2.260000000000077591e+01 -2.542729175863198479e-02 -2.566644398496573110e-02
2.270000000000077733e+01 -2.527095604616284505e-02 -2.742677713934366796e-02
2.280000000000077875e+01 -2.496327975693712203e-02 -2.928953008564738267e-02
2.290000000000078018e+01 -2.447662097700289280e-02 -3.124513655173906737e-02
2.300000000000078160e+01 -2.378164767576491229e-02 -3.327781146831155362e-02
2.310000000000078302e+01 -2.284858992009729944e-02 -3.536421711447958194e-02
2.320000000000078444e+01 -2.164911341412270943e-02 -3.747228926855066672e-02
2.330000000000078586e+01 -2.015886717576229059e-02 -3.956048786230736275e-02
2.340000000000078728e+01 -1.836064782257040146e-02 -4.157781062752553131e-02
2.350000000000078870e+01 -1.624795243952488130e-02 -4.346493698369553738e-02
2.360000000000079012e+01 -1.382847879519533835e-02 -4.515680791863382892e-02
2.370000000000079154e+01 -1.112692740733985802e-02 -4.658675626794448604e-02
2.380000000000079297e+01 -8.186350198923357177e-03 -4.769197384672939355e-02
2.390000000000079439e+01 -5.067370819055892414e-03 -4.841969249793456886e-02
2.400000000000079581e+01 -1.844928352410809321e-03 -4.873309116309042927e-02
2.410000000000079723e+01 1.397268852848955641e-03 -4.861578281496272552e-02
2.420000000000079865e+01 4.573801216535193156e-03 -4.807390447270865064e-02
2.430000000000080007e+01 7.604900141669493352e-03 -4.713532782181038827e-02
2.440000000000080149e+01 1.042281699178292456e-02 -4.584617461388525161e-02
2.450000000000080291e+01 1.297619046311910933e-02 -4.426542105091067075e-02
2.460000000000080433e+01 1.523194852785930004e-02 -4.245870366901932647e-02
2.470000000000080576e+01 1.717486680166761814e-02 -4.049242225479238177e-02
2.480000000000080718e+01 1.880533930678897347e-02 -3.842894545176286925e-02
2.490000000000080860e+01 2.013610861218538203e-02 -3.632331651287618729e-02
2.500000000000081002e+01 2.118866896642638761e-02 -3.422147999812141794e-02
2.510000000000081144e+01 2.198988304378964725e-02 -3.215979383780691314e-02
2.520000000000081286e+01 2.256913513385824452e-02 -3.016547375033256165e-02
2.530000000000081428e+01 2.295614946444402005e-02 -2.825761011243255183e-02
2.540000000000081570e+01 2.317946399392296214e-02 -2.644845575779191174e-02
2.550000000000081712e+01 2.326547093953299644e-02 -2.474476619419845383e-02
2.560000000000081855e+01 2.323790358782749227e-02 -2.314905440360741709e-02
2.570000000000081997e+01 2.311764818339373528e-02 -2.166068746973981440e-02
2.580000000000082139e+01 2.292277541000554281e-02 -2.027679829913626997e-02
2.590000000000082281e+01 2.266870785852614228e-02 -1.899301458064288350e-02
2.600000000000082423e+01 2.236846176474529407e-02 -1.780402286725241839e-02
2.610000000000082565e+01 2.203292019280900932e-02 -1.670399242026880671e-02
2.620000000000082707e+01 2.167110974094216269e-02 -1.568688466774621065e-02
2.630000000000082849e+01 2.129046386025968546e-02 -1.474667230233955850e-02
2.640000000000082991e+01 2.089706359678510789e-02 -1.387748882912571632e-02
2.650000000000083134e+01 2.049585171630776553e-02 -1.307372577101640655e-02
2.660000000000083276e+01 2.009081943119757352e-02 -1.233009129509666721e-02
2.670000000000083418e+01 1.968516687961995720e-02 -1.164164099210945533e-02
2.680000000000083560e+01 1.928143954393862075e-02 -1.100378900956494946e-02
2.690000000000083702e+01 1.888164325174703298e-02 -1.041230569677046788e-02
2.700000000000083844e+01 1.848734050130888817e-02 -9.863306314633859401e-03
2.710000000000083986e+01 1.809973074365429230e-02 -9.353234126190613715e-03
2.720000000000084128e+01 1.771971703374914525e-02 -8.878840244861666356e-03
2.730000000000084270e+01 1.734796119597093247e-02 -8.437161914982064387e-03
2.740000000000084412e+01 1.698492937183452081e-02 -8.025500379276738136e-03
2.750000000000084555e+01 1.663092955208109180e-02 -7.641399107534220352e-03
2.760000000000084697e+01 1.628614245245052494e-02 -7.282622885878894427e-03
2.770000000000084839e+01 1.595064687673349718e-02 -6.947138069270900919e-03
2.780000000000084981e+01 1.562444052357587869e-02 -6.633094161524570598e-03
2.790000000000085123e+01 1.530745703324785587e-02 -6.338806791225447788e-03
2.800000000000085265e+01 1.499957993481624598e-02 -6.062742086908498064e-03
2.810000000000085407e+01 1.470065404038697204e-02 -5.803502412426182928e-03
2.820000000000085549e+01 1.441049473781151093e-02 -5.559813396624082790e-03
2.830000000000085691e+01 1.412889555431572769e-02 -5.330512176132182547e-03
2.840000000000085834e+01 1.385563429803484889e-02 -5.114536762477214435e-03
2.850000000000085976e+01 1.359047803025438365e-02 -4.910916442395702949e-03
2.860000000000086118e+01 1.333318707667727893e-02 -4.718763121637140415e-03
2.870000000000086260e+01 1.308351824913421557e-02 -4.537263525997797114e-03
2.880000000000086402e+01 1.284122741897766526e-02 -4.365672178332630042e-03
2.890000000000086544e+01 1.260607155848648790e-02 -4.203305075955311547e-03
2.900000000000086686e+01 1.237781034603577940e-02 -4.049533998758221218e-03
2.910000000000086828e+01 1.215620741404203030e-02 -3.903781384459199116e-03
2.920000000000086970e+01 1.194103130469010947e-02 -3.765515713108278685e-03
2.930000000000087113e+01 1.173205618709435155e-02 -3.634247348560009586e-03
2.940000000000087255e+01 1.152906238012404647e-02 -3.509524789766870368e-03
2.950000000000087397e+01 1.133183671729555420e-02 -3.390931289470135168e-03
2.960000000000087539e+01 1.114017278383718987e-02 -3.278081802290194312e-03
2.970000000000087681e+01 1.095387105064698705e-02 -3.170620228117146128e-03
2.980000000000087823e+01 1.077273892556949650e-02 -3.068216920330211258e-03
2.990000000000087965e+01 1.059659073881156870e-02 -2.970566431600540902e-03
3.000000000000088107e+01 1.042524767628263613e-02 -2.877385472900523093e-03
3.010000000000088249e+01 1.025853767227450503e-02 -2.788411063992672894e-03
3.020000000000088392e+01 1.009629527076917957e-02 -2.703398855943270340e-03
3.030000000000088534e+01 9.938361463036598370e-03 -2.622121608312771943e-03
3.040000000000088676e+01 9.784583507786668091e-03 -2.544367805521527588e-03
3.050000000000088818e+01 9.634814738936311670e-03 -2.469940398512112962e-03
3.060000000000088960e+01 9.488914365176707652e-03 -2.398655659338603217e-03
3.070000000000089102e+01 9.346747264657367937e-03 -2.330342137579955678e-03
3.080000000000089244e+01 9.208183777500638517e-03 -2.264839708664537037e-03
3.090000000000089386e+01 9.073099498317636555e-03 -2.201998705226864035e-03
3.100000000000089528e+01 8.941375070406732198e-03 -2.141679123519856301e-03
3.110000000000089670e+01 8.812895983017467183e-03 -2.083749897760904003e-03
3.120000000000089813e+01 8.687552372690671154e-03 -2.028088235989919386e-03
3.130000000000089955e+01 8.565238829480664035e-03 -1.974579011691559357e-03
3.140000000000090097e+01 8.445854208658686718e-03 -1.923114206014456436e-03
3.150000000000090239e+01 8.329301448290745563e-03 -1.873592395923284488e-03
3.160000000000090381e+01 8.215487393008091832e-03 -1.825918284110534737e-03
3.170000000000090523e+01 8.104322624116913273e-03 -1.780002266883027543e-03
3.180000000000090665e+01 7.995721296143341525e-03 -1.735760036626136840e-03
3.190000000000090807e+01 7.889600979836198374e-03 -1.693112215779242653e-03
