-3.200000000000000000e+01 6.302135111640244300e-03 4.669043176096552379e-04
-3.189999999999999858e+01 6.388200066682054104e-03 4.786761049863511377e-04
-3.179999999999999716e+01 6.476427649434445336e-03 4.908983824484052221e-04
-3.169999999999999574e+01 6.566900044145396187e-03 5.035945053718439857e-04
-3.159999999999999432e+01 6.659703649475580411e-03 5.167893631654020764e-04
-3.149999999999999289e+01 6.754929351116236574e-03 5.305095016574326887e-04
-3.139999999999999147e+01 6.852672815709353119e-03 5.447832570065205219e-04
-3.129999999999999005e+01 6.953034808047179813e-03 5.596409023936544042e-04
-3.119999999999998863e+01 7.056121533705734389e-03 5.751148089053519314e-04
-3.109999999999998721e+01 7.162045009495974016e-03 5.912396221938991808e-04
-3.099999999999998579e+01 7.270923464407873585e-03 6.080524567080585092e-04
-3.089999999999998437e+01 7.382881773961475630e-03 6.255931095110560652e-04
-3.079999999999998295e+01 7.498051931256832434e-03 6.439042959752185567e-04
-3.069999999999998153e+01 7.616573558348925868e-03 6.630319099415226455e-04
-3.059999999999998010e+01 7.738594461984757422e-03 6.830253112809723257e-04
-3.049999999999997868e+01 7.864271238243809165e-03 7.039376442029849756e-04
-3.039999999999997726e+01 7.993769931090872333e-03 7.258261901105216712e-04
-3.029999999999997584e+01 8.127266750505649992e-03 7.487527593479246981e-04
-3.019999999999997442e+01 8.264948856491385887e-03 7.727841268032124540e-04
-3.009999999999997300e+01 8.407015216028497495e-03 7.979925170478658659e-04
-2.999999999999997158e+01 8.553677540954006397e-03 8.244561455451205473e-04
-2.989999999999997016e+01 8.705161315670379915e-03 8.522598234258902576e-04
-2.979999999999996874e+01 8.861706924786875994e-03 8.814956344894254526e-04
-2.969999999999996732e+01 9.023570892043464992e-03 9.122636944211388269e-04
-2.959999999999996589e+01 9.191027243339758984e-03 9.446730037967208992e-04
-2.949999999999996447e+01 9.364369008433742411e-03 9.788424083097806844e-04
-2.939999999999996305e+01 9.543909877733661520e-03 1.014901681839383476e-03
-2.929999999999996163e+01 9.729986032916507557e-03 1.052992750587937931e-03
-2.919999999999996021e+01 9.922958172620045814e-03 1.093271079595864665e-03
-2.909999999999995879e+01 1.012321375740725914e-02 1.135907246612694261e-03
-2.899999999999995737e+01 1.033116950167608204e-02 1.181088732706084884e-03
-2.889999999999995595e+01 1.054727414403718033e-02 1.229021964228610648e-03
-2.879999999999995453e+01 1.077201153234675496e-02 1.279934647102375957e-03
-2.869999999999995310e+01 1.100590406481655181e-02 1.334078441989700091e-03
-2.859999999999995168e+01 1.124951653476340997e-02 1.391732038136477825e-03
-2.849999999999995026e+01 1.150346043377765796e-02 1.453204694887158055e-03
-2.839999999999994884e+01 1.176839877627966838e-02 1.518840333484984453e-03
-2.829999999999994742e+01 1.204505151821818817e-02 1.589022278483759754e-03
-2.819999999999994600e+01 1.233420165384536797e-02 1.664178768567730823e-03
-2.809999999999994458e+01 1.263670208759716182e-02 1.744789381829463942e-03
-2.799999999999994316e+01 1.295348339344552617e-02 1.831392551844691517e-03
-2.789999999999994174e+01 1.328556259166131272e-02 1.924594389715435228e-03
-2.779999999999994031e+01 1.363405309361673430e-02 2.025079075829765152e-03
-2.769999999999993889e+01 1.400017598891043977e-02 2.133621145956475246e-03
-2.759999999999993747e+01 1.438527287639225320e-02 2.251100073043983425e-03
-2.749999999999993605e+01 1.479082047195086347e-02 2.378517643355744244e-03
-2.739999999999993463e+01 1.521844726094071128e-02 2.517018749309293639e-03
-2.729999999999993321e+01 1.566995250241588061e-02 2.667916379876521509e-03
-2.719999999999993179e+01 1.614732793462503660e-02 2.832721793250716266e-03
-2.709999999999993037e+01 1.665278257540389259e-02 3.013181120310312253e-03
-2.699999999999992895e+01 1.718877105427437171e-02 3.211319990838780187e-03
-2.689999999999992752e+01 1.775802594921708361e-02 3.429498223917376836e-03
-2.679999999999992610e+01 1.836359462158321937e-02 3.670477216056602411e-03
-2.669999999999992468e+01 1.900888103040331706e-02 3.937503445124328205e-03
-2.659999999999992326e+01 1.969769293584190673e-02 4.234412554098076348e-03
-2.649999999999992184e+01 2.043429472584017137e-02 4.565759881837900408e-03
-2.639999999999992042e+01 2.122346574489750171e-02 4.936985201314579227e-03
-2.629999999999991900e+01 2.207056334765825772e-02 5.354621995444388757e-03
-2.619999999999991758e+01 2.298158873774569164e-02 5.826565106110730141e-03
-2.609999999999991616e+01 2.396325164662787416e-02 6.362415395356910142e-03
-2.599999999999991473e+01 2.502302649375463817e-02 6.973926660312315326e-03
-2.589999999999991331e+01 2.616918689830742550e-02 7.675589128043743166e-03
-2.579999999999991189e+01 2.741079568276003076e-02 8.485396329912554825e-03
-2.569999999999991047e+01 2.875761108782075998e-02 9.425859150907120107e-03
-2.559999999999990905e+01 3.021984213327874591e-02 1.052535362293488194e-02
-2.549999999999990763e+01 3.180763886652889644e-02 1.181991853028333157e-02
-2.539999999999990621e+01 3.353012277971129107e-02 1.335565452627789258e-02
-2.529999999999990479e+01 3.539362517011422626e-02 1.519191289135476443e-02
-2.519999999999990337e+01 3.739856647931257688e-02 1.740548139332379757e-02
-2.509999999999990195e+01 3.953401214767940375e-02 2.009592795144368726e-02
-2.499999999999990052e+01 4.176828188467439362e-02 2.339202751965963750e-02
-2.489999999999989910e+01 4.403295081005000750e-02 2.745848519380467492e-02
-2.479999999999989768e+01 4.619612326215338099e-02 3.250033739510026221e-02
-2.469999999999989626e+01 4.801941393016492116e-02 3.875815694255415472e-02
-2.459999999999989484e+01 4.909374442458494525e-02 4.647829284732954425e-02
-2.449999999999989342e+01 4.875860724951672914e-02 5.582681896139531086e-02
-2.439999999999989200e+01 4.604376407647273184e-02 6.669892999111985687e-02
-2.429999999999989058e+01 3.975184538295817305e-02 7.839233270575671209e-02
-2.419999999999988916e+01 2.889335812995746239e-02 8.925705579563279757e-02
-2.409999999999988773e+01 1.356674787860025558e-02 9.676183849001854242e-02
-2.399999999999988631e+01 -4.275446134381298210e-03 9.852596606167463023e-02
-2.389999999999988489e+01 -2.132433210241849175e-02 9.391023790378316694e-02
-2.379999999999988347e+01 -3.472185416271576786e-02 8.452275094240042919e-02
-2.369999999999988205e+01 -4.340597822476471856e-02 7.300645237429302659e-02
-2.359999999999988063e+01 -4.790394897274873054e-02 6.154974715474793856e-02
-2.349999999999987921e+01 -4.938568453687687543e-02 5.133597297479206012e-02
-2.339999999999987779e+01 -4.897153179722249505e-02 4.274533401166188962e-02
-2.329999999999987637e+01 -4.748725586141953892e-02 3.572591522199913827e-02
-2.319999999999987494e+01 -4.546776663737986390e-02 3.005868919570953493e-02
-2.309999999999987352e+01 -4.323442476262756573e-02 2.549363192525483379e-02
-2.299999999999987210e+01 -4.097011209185422165e-02 2.180481217958036774e-02
-2.289999999999987068e+01 -3.877337261138674024e-02 1.880590295454914393e-02
-2.279999999999986926e+01 -3.669320851176531562e-02 1.634947406799677067e-02
-2.269999999999986784e+01 -3.475026635010352444e-02 1.432100682203951529e-02
-2.259999999999986642e+01 -3.294938780426701769e-02 1.263212970298268310e-02
-2.249999999999986500e+01 -3.128693122828139078e-02 1.121465036745769757e-02
-2.239999999999986358e+01 -2.975499497761080817e-02 1.001575504859211763e-02
-2.229999999999986215e+01 -2.834382328117377239e-02 8.994305641602752879e-03
-2.219999999999986073e+01 -2.704315097586606348e-02 8.118038759888208944e-03
-2.209999999999985931e+01 -2.584293077150299697e-02 7.361463988577532716e-03
-2.199999999999985789e+01 -2.473370298421755445e-02 6.704289323006871679e-03
-2.189999999999985647e+01 -2.370676017134418223e-02 6.130239040533840174e-03
-2.179999999999985505e+01 -2.275419614383022288e-02 5.626162335470049833e-03
-2.169999999999985363e+01 -2.186889184429013921e-02 5.181357395347055590e-03
-2.159999999999985221e+01 -2.104446876357982804e-02 4.787055566299629715e-03
-2.149999999999985079e+01 -2.027522765701616700e-02 4.436025021599617618e-03
-2.139999999999984936e+01 -1.955608266566859904e-02 4.122264137712589212e-03
-2.129999999999984794e+01 -1.888249641079945904e-02 3.840762629294062341e-03
-2.119999999999984652e+01 -1.825041895175056467e-02 3.587314198295512690e-03
-2.109999999999984510e+01 -1.765623193324226611e-02 3.358368607302371182e-03
-2.099999999999984368e+01 -1.709669834992257054e-02 3.150914124956432239e-03
-2.089999999999984226e+01 -1.656891785763641572e-02 2.962383523378877420e-03
-2.079999999999984084e+01 -1.607028729995926830e-02 2.790578456324002178e-03
-2.069999999999983942e+01 -1.559846599752181054e-02 2.633608271929105057e-03
-2.059999999999983800e+01 -1.515134530801443349e-02 2.489840229943623279e-03
-2.049999999999983658e+01 -1.472702196985374926e-02 2.357858782152592262e-03
-2.039999999999983515e+01 -1.432377477185838542e-02 2.236432096136194061e-03
-2.029999999999983373e+01 -1.394004413158755375e-02 2.124484399453553402e-03
-2.019999999999983231e+01 -1.357441420892860004e-02 2.021073025337840733e-03
-2.009999999999983089e+01 -1.322559722535903738e-02 1.925369275277147990e-03
-1.999999999999982947e+01 -1.289241970011817569e-02 1.836642395265874594e-03
-1.989999999999982805e+01 -1.257381035200365663e-02 1.754246103924563937e-03
-1.979999999999982663e+01 -1.226878944883590117e-02 1.677607221408013681e-03
-1.969999999999982521e+01 -1.197645941589789778e-02 1.606216035170545450e-03
-1.959999999999982379e+01 -1.169599654044618450e-02 1.539618107675209003e-03
-1.949999999999982236e+01 -1.142664363145966082e-02 1.477407285934818817e-03
-1.939999999999982094e+01 -1.116770351309516289e-02 1.419219716607930106e-03
-1.929999999999981952e+01 -1.091853324684913772e-02 1.364728705523303356e-03
-1.919999999999981810e+01 -1.067853899156527044e-02 1.313640288820894534e-03
-1.909999999999981668e+01 -1.044717142277780744e-02 1.265689405858304610e-03
-1.899999999999981526e+01 -1.022392164324622404e-02 1.220636582638596210e-03
-1.889999999999981384e+01 -1.000831752563576850e-02 1.178265049738861855e-03
-1.879999999999981242e+01 -9.799920436040842481e-03 1.138378231169399164e-03
-1.869999999999981100e+01 -9.598322293645775508e-03 1.100797550816663695e-03
-1.859999999999980957e+01 -9.403142927664566442e-03 1.065360511589237558e-03
-1.849999999999980815e+01 -9.214027697540793857e-03 1.031919009355579311e-03
-1.839999999999980673e+01 -9.030645346727492542e-03 1.000337849582038849e-03
-1.829999999999980531e+01 -8.852686064052118012e-03 9.704934394160352491e-04
-1.819999999999980389e+01 -8.679859729808146046e-03 9.422726319933145273e-04
-1.809999999999980247e+01 -8.511894326575220743e-03 9.155717031544757323e-04
-1.799999999999980105e+01 -8.348534497082300138e-03 8.902954435910442541e-04
-1.789999999999979963e+01 -8.189540233576438066e-03 8.663563518553915946e-04
-1.779999999999979821e+01 -8.034685684976436426e-03 8.436739157003744381e-04
-1.769999999999979678e+01 -7.883758069627917406e-03 8.221739709304203090e-04
-1.759999999999979536e+01 -7.736556682942773849e-03 8.017881284228055945e-04
-1.749999999999979394e+01 -7.592891990340371391e-03 7.824532612143166813e-04
-1.739999999999979252e+01 -7.452584797021872057e-03 7.641110446226281189e-04
-1.729999999999979110e+01 -7.315465487039566825e-03 7.467075432841033516e-04
-1.719999999999978968e+01 -7.181373324899291075e-03 7.301928397677544171e-04
-1.709999999999978826e+01 -7.050155813726369930e-03 7.145207001085743682e-04
-1.699999999999978684e+01 -6.921668104592488928e-03 6.996482721755778456e-04
-1.689999999999978542e+01 -6.795772452207562465e-03 6.855358132979385731e-04
-1.679999999999978400e+01 -6.672337712675846695e-03 6.721464440067428155e-04
-1.669999999999978257e+01 -6.551238879415545620e-03 6.594459251226039969e-04
-1.659999999999978115e+01 -6.432356653794418094e-03 6.474024557543285293e-04
-1.649999999999977973e+01 -6.315577047317659509e-03 6.359864900523216989e-04
-1.639999999999977831e+01 -6.200791012551913270e-03 6.251705708140794680e-04
-1.629999999999977689e+01 -6.087894100241969184e-03 6.149291782564302944e-04
-1.619999999999977547e+01 -5.976786140284210888e-03 6.052385924565521552e-04
-1.609999999999977405e+01 -5.867370944496325125e-03 5.960767681365954172e-04
-1.599999999999977263e+01 -5.759556029259708249e-03 5.874232206084873190e-04
-1.589999999999977121e+01 -5.653252356321677996e-03 5.792589218284803325e-04
-1.579999999999976978e+01 -5.548374090198671463e-03 5.715662056248791258e-04
-1.569999999999976836e+01 -5.444838370727268784e-03 5.643286812607862905e-04
-1.559999999999976694e+01 -5.342565099487958311e-03 5.575311545871657667e-04
-1.549999999999976552e+01 -5.241476738885548353e-03 5.511595561167289062e-04
-1.539999999999976410e+01 -5.141498122804203860e-03 5.452008754221401854e-04
-1.529999999999976268e+01 -5.042556277844778556e-03 5.396431013243699251e-04
-1.519999999999976126e+01 -4.944580254201108582e-03 5.344751673909999001e-04
-1.509999999999975984e+01 -4.847500965355099056e-03 5.296869023171810664e-04
-1.499999999999975842e+01 -4.751251035785580834e-03 5.252689848036543822e-04
-1.489999999999975699e+01 -4.655764655976951313e-03 5.212129025882064962e-04
-1.479999999999975557e+01 -4.560977444065299202e-03 5.175109153226693272e-04
-1.469999999999975415e+01 -4.466826313477079494e-03 5.141560210187546501e-04
-1.459999999999975273e+01 -4.373249346005414484e-03 5.111419258173883606e-04
-1.449999999999975131e+01 -4.280185669759446407e-03 5.084630168607408990e-04
-1.439999999999974989e+01 -4.187575341486502942e-03 5.061143380716171414e-04
-1.429999999999974847e+01 -4.095359232796434712e-03 5.040915686665950642e-04
-1.419999999999974705e+01 -4.003478919815096904e-03 5.023910042487177326e-04
-1.409999999999974563e+01 -3.911876575863667410e-03 5.010095403452286987e-04
-1.399999999999974420e+01 -3.820494866735201639e-03 4.999446582717277047e-04
-1.389999999999974278e+01 -3.729276848187225435e-03 4.991944132207332433e-04
-1.379999999999974136e+01 -3.638165865284492123e-03 4.987574244871083957e-04
-1.369999999999973994e+01 -3.547105453210401549e-03 4.986328677564303433e-04
-1.359999999999973852e+01 -3.456039239222111897e-03 4.988204693958007366e-04
-1.349999999999973710e+01 -3.364910845387616284e-03 4.993205026986051107e-04
-1.339999999999973568e+01 -3.273663791779039475e-03 5.001337860468498334e-04
-1.329999999999973426e+01 -3.182241399801444270e-03 5.012616829658645507e-04
-1.319999999999973284e+01 -3.090586695310188967e-03 5.027061040575560909e-04
-1.309999999999973141e+01 -2.998642311217164166e-03 5.044695108088554031e-04
-1.299999999999972999e+01 -2.906350389239595669e-03 5.065549212831928433e-04
-1.289999999999972857e+01 -2.813652480472227796e-03 5.089659177133022726e-04
-1.279999999999972715e+01 -2.720489444458653455e-03 5.117066560242525090e-04
-1.269999999999972573e+01 -2.626801346406686111e-03 5.147818773268041581e-04
-1.259999999999972431e+01 -2.532527352216620148e-03 5.181969214329785935e-04
-1.249999999999972289e+01 -2.437605620963564229e-03 5.219577424548214493e-04
-1.239999999999972147e+01 -2.341973194457353663e-03 5.260709265630921037e-04
-1.229999999999972005e+01 -2.245565883517618155e-03 5.305437119912324298e-04
-1.219999999999971863e+01 -2.148318150548205602e-03 5.353840113859024974e-04
-1.209999999999971720e+01 -2.050162988003978448e-03 5.406004366178861816e-04
-1.199999999999971578e+01 -1.951031792323674324e-03 5.462023261817032559e-04
-1.189999999999971436e+01 -1.850854232847757436e-03 5.521997753297152147e-04
-1.179999999999971294e+01 -1.749558115263810665e-03 5.586036691008691843e-04
-1.169999999999971152e+01 -1.647069239043733729e-03 5.654257184250910525e-04
-1.159999999999971010e+01 -1.543311248336533964e-03 5.726784995024467506e-04
-1.149999999999970868e+01 -1.438205475745860801e-03 5.803754966772862664e-04
-1.139999999999970726e+01 -1.331670778349322570e-03 5.885311490532006565e-04
-1.129999999999970584e+01 -1.223623365325689910e-03 5.971609011164235670e-04
-1.119999999999970441e+01 -1.113976616456291424e-03 6.062812576667159442e-04
-1.109999999999970299e+01 -1.002640890748054264e-03 6.159098433829464760e-04
-1.099999999999970157e+01 -8.895233243691111347e-04 6.260654673836010906e-04
-1.089999999999970015e+01 -7.745276169894114993e-04 6.367681931823174863e-04
-1.079999999999969873e+01 -6.575538056047755542e-04 6.480394144742098296e-04
-1.069999999999969731e+01 -5.384980247909870732e-04 6.599019372382691545e-04
-1.059999999999969589e+01 -4.172522522856124405e-04 6.723800686874945856e-04
-1.049999999999969447e+01 -2.937040387044481671e-04 6.854997136526191004e-04
-1.039999999999969305e+01 -1.677362200591669961e-04 6.992884790498941038e-04
-1.029999999999969162e+01 -3.922661169147162452e-05 7.137757871444151215e-04
-1.019999999999969020e+01 9.195231794509317602e-05 7.289929984014987662e-04
-1.009999999999968878e+01 2.259337953220384720e-04 7.449735447978746844e-04
-9.999999999999687361e+00 3.628571135055255747e-04 7.617530745566323484e-04
-9.899999999999685940e+00 5.028680294812820639e-04 7.793696093784080025e-04
-9.799999999999684519e+00 6.461191892727820296e-04 7.978637153488927526e-04
-9.699999999999683098e+00 7.927705832600356883e-04 8.172786888400666427e-04
-9.599999999999681677e+00 9.429900342874351915e-04 8.376607588623321849e-04
-9.499999999999680256e+00 1.096953721393640474e-03 8.590593074864921221e-04
-9.399999999999678835e+00 1.254846742319275926e-03 8.815271101434486202e-04
-9.299999999999677414e+00 1.416863718176994413e-03 9.051205978044922495e-04
-9.199999999999675993e+00 1.583209444081867118e-03 9.299001432863023085e-04
-9.099999999999674571e+00 1.754099589867962050e-03 9.559303741789094457e-04
-8.999999999999673150e+00 1.929761455432096873e-03 9.832805151882002652e-04
-8.899999999999671729e+00 2.110434785765512994e-03 1.012024763025558141e-03
-8.799999999999670308e+00 2.296372651168266527e-03 1.042242697341076892e-03
-8.699999999999668887e+00 2.487842398806647953e-03 1.074019731637216148e-03
-8.599999999999667466e+00 2.685126682367606349e-03 1.107447608577048033e-03
-8.499999999999666045e+00 2.888524577285167538e-03 1.142624944652446614e-03
-8.399999999999664624e+00 3.098352789889489284e-03 1.179657829817640571e-03
-8.299999999999663203e+00 3.314946969641335145e-03 1.218660488395201550e-03
-8.199999999999661782e+00 3.538663134737721899e-03 1.259756008399680370e-03
-8.099999999999660361e+00 3.769879222462642343e-03 1.303077147354099116e-03
-7.999999999999658939e+00 4.008996776948037938e-03 1.348767223752050373e-03
-7.899999999999657518e+00 4.256442788544784195e-03 1.396981104572123360e-03
-7.799999999999656097e+00 4.512671700538199715e-03 1.447886300657685388e-03
-7.699999999999654676e+00 4.778167600924289327e-03 1.501664183444017349e-03
-7.599999999999653255e+00 5.053446619000808576e-03 1.558511338405043191e-03
-7.499999999999651834e+00 5.339059548916107178e-03 1.618641072794823428e-03
-7.399999999999650413e+00 5.635594725124575682e-03 1.682285097835951740e-03
-7.299999999999648992e+00 5.943681177651313069e-03 1.749695408454440739e-03
-7.199999999999647571e+00 6.263992098727692165e-03 1.821146387157473881e-03
-7.099999999999646150e+00 6.597248656286577168e-03 1.896937162683558697e-03
-6.999999999999644729e+00 6.944224194382824650e-03 1.977394258794501827e-03
-6.899999999999643308e+00 7.305748865956612770e-03 2.062874574168364027e-03
-6.799999999999641886e+00 7.682714749200028614e-03 2.153768740861895618e-03
-6.699999999999640465e+00 8.076081505850429831e-03 2.250504916569974825e-03
-6.599999999999639044e+00 8.486882647553352366e-03 2.353553075014681081e-03
-6.499999999999637623e+00 8.916232485547001541e-03 2.463429869614504157e-03
-6.399999999999636202e+00 9.365333849565268820e-03 2.580704158481781155e-03
-6.299999999999634781e+00 9.835486673789917145e-03 2.706003294080986787e-03
-6.199999999999633360e+00 1.032809756192278050e-02 2.840020299267935044e-03
-6.099999999999631939e+00 1.084469045956858863e-02 2.983522073385536967e-03
-5.999999999999630518e+00 1.138691858094349751e-02 3.137358798535608978e-03
-5.899999999999629097e+00 1.195657775896041830e-02 3.302474748112071545e-03
-5.799999999999627676e+00 1.255562141290746114e-02 3.479920738258941021e-03
-5.699999999999626255e+00 1.318617735777401906e-02 3.670868509947875901e-03
-5.599999999999624833e+00 1.385056671356256486e-02 3.876627386583301939e-03
-5.499999999999623412e+00 1.455132521304105392e-02 4.098663622107000248e-03
-5.399999999999621991e+00 1.529122725339238098e-02 4.338622940723165476e-03
-5.299999999999620570e+00 1.607331309142302073e-02 4.598356875431372850e-03
-5.199999999999619149e+00 1.690091964586251660e-02 4.879953644134938338e-03
-5.099999999999617728e+00 1.777771544400118947e-02 5.185774465532495131e-03
-4.999999999999616307e+00 1.870774033571766248e-02 5.518496421211773265e-03
-4.899999999999614886e+00 1.969545069756354488e-02 5.881163226708579009e-03
-4.799999999999613465e+00 2.074577096353575484e-02 6.277245597169103103e-03
-4.699999999999612044e+00 2.186415245040786159e-02 6.710713302599334573e-03
-4.599999999999610623e+00 2.305664059320274017e-02 7.186121528534230446e-03
-4.499999999999609201e+00 2.432995187118602853e-02 7.708714824595072970e-03
-4.399999999999607780e+00 2.569156188447903333e-02 8.284552781269508004e-03
-4.299999999999606359e+00 2.714980622870571264e-02 8.920662684631323197e-03
-4.199999999999604938e+00 2.871399600022700449e-02 9.625225842626556477e-03
-4.099999999999603517e+00 3.039454992331207944e-02 1.040780616564301354e-02
-3.999999999999602096e+00 3.220314518577781920e-02 1.127963207108579301e-02
-3.899999999999600675e+00 3.415288903577734514e-02 1.225394607578097345e-02
-3.799999999999599254e+00 3.625851291736572474e-02 1.334644082864680677e-02
-3.699999999999597833e+00 3.853659022622667185e-02 1.457580622037400048e-02
-3.599999999999596412e+00 4.100577734379496492e-02 1.596442014178203056e-02
-3.499999999999594991e+00 4.368707495981655198e-02 1.753922622535961789e-02
-3.399999999999593570e+00 4.660410199376369828e-02 1.933285658057640882e-02
-3.299999999999592148e+00 4.978336629916466777e-02 2.138507763458333266e-02
-3.199999999999590727e+00 5.325450249752272658e-02 2.374466481693015066e-02
-3.099999999999589306e+00 5.705042389582050399e-02 2.647184984950911452e-02
-2.999999999999587885e+00 6.120729601193369146e-02 2.964153665405932711e-02
-2.899999999999586464e+00 6.576417274215477782e-02 3.334755323228386081e-02
-2.799999999999585043e+00 7.076202378820795058e-02 3.770830284806623439e-02
-2.699999999999583622e+00 7.624169119315932219e-02 4.287430313733234938e-02
-2.599999999999582201e+00 8.223998782507757621e-02 4.903825561562323576e-02
-2.499999999999580780e+00 8.878259539058647176e-02 5.644845216630963586e-02
-2.399999999999579359e+00 9.587147118713504335e-02 6.542643390417339500e-02
-2.299999999999577938e+00 1.034628634599325248e-01 7.638968766311829417e-02
-2.199999999999576517e+00 1.114293546261849177e-01 8.987933156635441456e-02
-2.099999999999575095e+00 1.194950749156061670e-01 1.065900979331751153e-01
-1.999999999999573674e+00 1.271270503940974961e-01 1.273929827015306271e-01
-1.899999999999572253e+00 1.333588747633797644e-01 1.533245341826938446e-01
-1.799999999999570832e+00 1.365228999269036403e-01 1.854817463020051460e-01
-1.699999999999569411e+00 1.338988559216064411e-01 2.246977049486352518e-01
-1.599999999999567990e+00 1.214126215226616623e-01 2.707935452369029661e-01
-1.499999999999566569e+00 9.383356759139323267e-02 3.212284972675510386e-01
-1.399999999999565148e+00 4.636012362222143024e-02 3.694712012023963488e-01
-1.299999999999563727e+00 -2.175734558196057433e-02 4.047650163908806942e-01
-1.199999999999562306e+00 -1.033754113327117197e-01 4.158895543163534381e-01
-1.099999999999560885e+00 -1.844048759003933946e-01 3.982291525266001275e-01
-9.999999999995594635e-01 -2.512347012364316567e-01 3.573518000271987405e-01
-8.999999999995580424e-01 -2.976637504244690202e-01 3.046786116790831667e-01
-7.999999999995566213e-01 -3.251005811501560538e-01 2.505246687583978504e-01
-6.999999999995552002e-01 -3.385326782587044780e-01 2.008465501327503233e-01
-5.999999999995537792e-01 -3.431003921659551148e-01 1.577597601221300272e-01
-4.999999999995523581e-01 -3.427094581616010327e-01 1.211945751326858611e-01
-3.999999999995509370e-01 -3.399312769381676036e-01 9.019431358322643755e-02
-2.999999999995495159e-01 -3.363550326895465847e-01 6.361799828759107100e-02
-1.999999999995480948e-01 -3.329957413397742760e-01 4.040810657180034932e-02
-9.999999999954667373e-02 -3.305996998601465342e-01 1.956892369489801609e-02
4.547473508864641190e-13 -3.297260112876054250e-01 9.811595980124820926e-15
1.000000000004561684e-01 -3.305996998601621328e-01 -1.956892369507993307e-02
2.000000000004575895e-01 -3.329957413398014765e-01 -4.040810657199913475e-02
3.000000000004590106e-01 -3.363550326895794473e-01 -6.361799828781597443e-02
4.000000000004604317e-01 -3.399312769381984123e-01 -9.019431358348659056e-02
5.000000000004618528e-01 -3.427094581616184632e-01 -1.211945751329913806e-01
6.000000000004632739e-01 -3.431003921659409595e-01 -1.577597601224911550e-01
7.000000000004646949e-01 -3.385326782586295935e-01 -2.008465501331732350e-01
8.000000000004661160e-01 -3.251005811499785847e-01 -2.505246687588756904e-01
9.000000000004675371e-01 -2.976637504241392285e-01 -3.046786116795814348e-01
1.000000000000468958e+00 -2.512347012359140153e-01 -3.573518000276423301e-01
1.100000000000470379e+00 -1.844048758997048343e-01 -3.982291525268814025e-01
1.200000000000471800e+00 -1.033754113319482471e-01 -4.158895543163840802e-01
1.300000000000473221e+00 -2.175734558126207752e-02 -4.047650163906553744e-01
1.400000000000474643e+00 4.636012362275115928e-02 -3.694712012019978897e-01
1.500000000000476064e+00 9.383356759172899186e-02 -3.212284972670887973e-01
1.600000000000477485e+00 1.214126215228354677e-01 -2.707935452364576001e-01
1.700000000000478906e+00 1.338988559216679197e-01 -2.246977049482457856e-01
1.800000000000480327e+00 1.365228999268961185e-01 -1.854817463016814327e-01
1.900000000000481748e+00 1.333588747633338567e-01 -1.533245341824312491e-01
2.000000000000483169e+00 1.271270503940325480e-01 -1.273929827013197402e-01
2.100000000000484590e+00 1.194950749155337111e-01 -1.065900979330060144e-01
2.200000000000486011e+00 1.114293546261114487e-01 -8.987933156621824571e-02
2.300000000000487432e+00 1.034628634598615121e-01 -7.638968766300803515e-02
2.400000000000488853e+00 9.587147118706815241e-02 -6.542643390408342530e-02
2.500000000000490274e+00 8.878259539052443805e-02 -5.644845216623568807e-02
2.600000000000491696e+00 8.223998782502056626e-02 -4.903825561556194451e-02
2.700000000000493117e+00 7.624169119310714171e-02 -4.287430313728114728e-02
2.800000000000494538e+00 7.076202378816036365e-02 -3.770830284802316468e-02
2.900000000000495959e+00 6.576417274211143749e-02 -3.334755323224736917e-02
3.000000000000497380e+00 6.120729601189411895e-02 -2.964153665402820964e-02
3.100000000000498801e+00 5.705042389578440093e-02 -2.647184984948242059e-02
3.200000000000500222e+00 5.325450249748972520e-02 -2.374466481690711700e-02
3.300000000000501643e+00 4.978336629913448358e-02 -2.138507763456335212e-02
3.400000000000503064e+00 4.660410199373602597e-02 -1.933285658055897832e-02
3.500000000000504485e+00 4.368707495979110705e-02 -1.753922622534435580e-02
3.600000000000505906e+00 4.100577734377156697e-02 -1.596442014176859686e-02
3.700000000000507328e+00 3.853659022620514046e-02 -1.457580622036213150e-02
3.800000000000508749e+00 3.625851291734583093e-02 -1.334644082863627873e-02
3.900000000000510170e+00 3.415288903575892238e-02 -1.225394607577160420e-02
4.000000000000511591e+00 3.220314518576072177e-02 -1.127963207107741950e-02
4.100000000000513012e+00 3.039454992329623795e-02 -1.040780616563550739e-02
4.200000000000514433e+00 2.871399600021227322e-02 -9.625225842619808403e-03
4.300000000000515854e+00 2.714980622869199445e-02 -8.920662684625241257e-03
4.400000000000517275e+00 2.569156188446621025e-02 -8.284552781264003726e-03
4.500000000000518696e+00 2.432995187117406588e-02 -7.708714824590087375e-03
4.600000000000520117e+00 2.305664059319152692e-02 -7.186121528529701083e-03
4.700000000000521538e+00 2.186415245039735611e-02 -6.710713302595205931e-03
4.800000000000522959e+00 2.074577096352588773e-02 -6.277245597165337018e-03
4.900000000000524381e+00 1.969545069755428840e-02 -5.881163226705135583e-03
5.000000000000525802e+00 1.870774033570896805e-02 -5.518496421208617803e-03
5.100000000000527223e+00 1.777771544399298770e-02 -5.185774465529592939e-03
5.200000000000528644e+00 1.690091964585475892e-02 -4.879953644132269466e-03
5.300000000000530065e+00 1.607331309141569325e-02 -4.598356875428912145e-03
5.400000000000531486e+00 1.529122725338545596e-02 -4.338622940720895590e-03
5.500000000000532907e+00 1.455132521303451748e-02 -4.098663622104902968e-03
5.600000000000534328e+00 1.385056671355635455e-02 -3.876627386581358182e-03
5.700000000000535749e+00 1.318617735776814182e-02 -3.670868509946074391e-03
5.800000000000537170e+00 1.255562141290187533e-02 -3.479920738257268314e-03
5.900000000000538591e+00 1.195657775895511005e-02 -3.302474748110515064e-03
6.000000000000540012e+00 1.138691858093845294e-02 -3.137358798534160484e-03
6.100000000000541434e+00 1.084469045956377997e-02 -2.983522073384186919e-03
6.200000000000542855e+00 1.032809756191819389e-02 -2.840020299266673466e-03
6.300000000000544276e+00 9.835486673785552580e-03 -2.706003294079808042e-03
6.400000000000545697e+00 9.365333849561091606e-03 -2.580704158480679605e-03
6.500000000000547118e+00 8.916232485543011677e-03 -2.463429869613471563e-03
6.600000000000548539e+00 8.486882647549535974e-03 -2.353553075013713972e-03
6.700000000000549960e+00 8.076081505846766095e-03 -2.250504916569067131e-03
6.800000000000551381e+00 7.682714749196538351e-03 -2.153768740861043435e-03
6.900000000000552802e+00 7.305748865953257815e-03 -2.062874574167562584e-03
7.000000000000554223e+00 6.944224194379608472e-03 -1.977394258793747223e-03
7.100000000000555644e+00 6.597248656283482421e-03 -1.896937162682848978e-03
7.200000000000557066e+00 6.263992098724725788e-03 -1.821146387156806013e-03
7.300000000000558487e+00 5.943681177648454245e-03 -1.749695408453809517e-03
7.400000000000559908e+00 5.635594725121838289e-03 -1.682285097835356730e-03
7.500000000000561329e+00 5.339059548913473868e-03 -1.618641072794261811e-03
7.600000000000562750e+00 5.053446618998244655e-03 -1.558511338404510848e-03
7.700000000000564171e+00 4.778167600921836428e-03 -1.501664183443515146e-03
7.800000000000565592e+00 4.512671700535840491e-03 -1.447886300657210074e-03
7.900000000000567013e+00 4.256442788542487421e-03 -1.396981104571671682e-03
8.000000000000568434e+00 4.008996776945824431e-03 -1.348767223751623631e-03
8.100000000000569855e+00 3.769879222460498225e-03 -1.303077147353694058e-03
8.200000000000571276e+00 3.538663134735647170e-03 -1.259756008399295479e-03
8.300000000000572697e+00 3.314946969639340213e-03 -1.218660488394836391e-03
8.400000000000574119e+00 3.098352789887553332e-03 -1.179657829817295361e-03
8.500000000000575540e+00 2.888524577283294037e-03 -1.142624944652119619e-03
8.600000000000576961e+00 2.685126682365777950e-03 -1.107447608576735782e-03
8.700000000000578382e+00 2.487842398804882005e-03 -1.074019731636920378e-03
8.800000000000579803e+00 2.296372651166552620e-03 -1.042242697340794999e-03
8.900000000000581224e+00 2.110434785763851129e-03 -1.012024763025290344e-03
9.000000000000582645e+00 1.929761455430483580e-03 -9.832805151879448272e-04
9.100000000000584066e+00 1.754099589866379982e-03 -9.559303741786668012e-04
9.200000000000585487e+00 1.583209444080326683e-03 -9.299001432860707229e-04
9.300000000000586908e+00 1.416863718175512959e-03 -9.051205978042723733e-04
9.400000000000588329e+00 1.254846742317822228e-03 -8.815271101432395860e-04
9.500000000000589750e+00 1.096953721392218001e-03 -8.590593074862917615e-04
9.600000000000591172e+00 9.429900342860578211e-04 -8.376607588621420158e-04
9.700000000000592593e+00 7.927705832586930124e-04 -8.172786888398860146e-04
9.800000000000594014e+00 6.461191892714532314e-04 -7.978637153487201476e-04
9.900000000000595435e+00 5.028680294799914297e-04 -7.793696093782434206e-04
1.000000000000059686e+01 3.628571135042592266e-04 -7.617530745564760064e-04
1.010000000000059828e+01 2.259337953208068184e-04 -7.449735447977263655e-04
1.020000000000059970e+01 9.195231794388927793e-05 -7.289929984013573862e-04
1.030000000000060112e+01 -3.922661169265123648e-05 -7.137757871442804635e-04
1.040000000000060254e+01 -1.677362200603257913e-04 -6.992884790497654090e-04
1.050000000000060396e+01 -2.937040387055826762e-04 -6.854997136524964771e-04
1.060000000000060538e+01 -4.172522522867330719e-04 -6.723800686873779254e-04
1.070000000000060680e+01 -5.384980247920903573e-04 -6.599019372381585659e-04
1.080000000000060822e+01 -6.575538056058476133e-04 -6.480394144741044452e-04
1.090000000000060965e+01 -7.745276169904696806e-04 -6.367681931822178482e-04
1.100000000000061107e+01 -8.895233243701450299e-04 -6.260654673835062229e-04
1.110000000000061249e+01 -1.002640890749070812e-03 -6.159098433828568125e-04
1.120000000000061391e+01 -1.113976616457294094e-03 -6.062812576666310512e-04
1.130000000000061533e+01 -1.223623365326685641e-03 -5.971609011163427939e-04
1.140000000000061675e+01 -1.331670778350300954e-03 -5.885311490531242203e-04
1.150000000000061817e+01 -1.438205475746821838e-03 -5.803754966772139501e-04
1.160000000000061959e+01 -1.543311248337488062e-03 -5.726784995023788795e-04
1.170000000000062101e+01 -1.647069239044670480e-03 -5.654257184250270846e-04
1.180000000000062244e+01 -1.749558115264737007e-03 -5.586036691008090110e-04
1.190000000000062386e+01 -1.850854232848673370e-03 -5.521997753296590530e-04
1.200000000000062528e+01 -1.951031792324576380e-03 -5.462023261816504553e-04
1.210000000000062670e+01 -2.050162988004877035e-03 -5.406004366178371757e-04
1.220000000000062812e+01 -2.148318150549090311e-03 -5.353840113858566356e-04
1.230000000000062954e+01 -2.245565883518499395e-03 -5.305437119911904711e-04
1.240000000000063096e+01 -2.341973194458221025e-03 -5.260709265630531808e-04
1.250000000000063238e+01 -2.437605620964431591e-03 -5.219577424547852370e-04
1.260000000000063380e+01 -2.532527352217484040e-03 -5.181969214329458506e-04
1.270000000000063523e+01 -2.626801346407543064e-03 -5.147818773267745594e-04
1.280000000000063665e+01 -2.720489444459659595e-03 -5.117066560241222964e-04
1.290000000000063807e+01 -2.813652480473074341e-03 -5.089659177132785286e-04
1.300000000000063949e+01 -2.906350389240438745e-03 -5.065549212831723519e-04
1.310000000000064091e+01 -2.998642311218000303e-03 -5.044695108088378390e-04
1.320000000000064233e+01 -3.090586695311030307e-03 -5.027061040575415626e-04
1.330000000000064375e+01 -3.182241399802271734e-03 -5.012616829658530582e-04
1.340000000000064517e+01 -3.273663791779863469e-03 -5.001337860468408345e-04
1.350000000000064659e+01 -3.364910845388442012e-03 -4.993205026985993644e-04
1.360000000000064801e+01 -3.456039239222941095e-03 -4.988204693957977009e-04
1.370000000000064944e+01 -3.547105453211234216e-03 -4.986328677564296928e-04
1.380000000000065086e+01 -3.638165865285321321e-03 -4.987574244871106725e-04
1.390000000000065228e+01 -3.729276848188054633e-03 -4.991944132207385559e-04
1.400000000000065370e+01 -3.820494866736030837e-03 -4.999446582717362699e-04
1.410000000000065512e+01 -3.911876575864496608e-03 -5.010095403452397575e-04
1.420000000000065654e+01 -4.003478919815933040e-03 -5.023910042487321525e-04
1.430000000000065796e+01 -4.095359232797272583e-03 -5.040915686666117609e-04
1.440000000000065938e+01 -4.187575341487344283e-03 -5.061143380716370908e-04
1.450000000000066080e+01 -4.280185669760287748e-03 -5.084630168607638841e-04
1.460000000000066223e+01 -4.373249346006262764e-03 -5.111419258174141646e-04
1.470000000000066365e+01 -4.466826313477931243e-03 -5.141560210187838152e-04
1.480000000000066507e+01 -4.560977444066159625e-03 -5.175109153227012027e-04
1.490000000000066649e+01 -4.655764655977816940e-03 -5.212129025882418411e-04
1.500000000000066791e+01 -4.751251035786455135e-03 -5.252689848036931966e-04
1.510000000000066933e+01 -4.847500965355976826e-03 -5.296869023172232419e-04
1.520000000000067075e+01 -4.944580254201996761e-03 -5.344751673910452198e-04
1.530000000000067217e+01 -5.042556277845670204e-03 -5.396431013244189310e-04
1.540000000000067359e+01 -5.141498122805109386e-03 -5.452008754221924439e-04
1.550000000000067502e+01 -5.241476738886467757e-03 -5.511595561167850679e-04
1.560000000000067644e+01 -5.342565099488884653e-03 -5.575311545872256146e-04
1.570000000000067786e+01 -5.444838370728202065e-03 -5.643286812608499332e-04
1.580000000000067928e+01 -5.548374090199623826e-03 -5.715662056249471053e-04
1.590000000000068070e+01 -5.653252356322640768e-03 -5.792589218285523235e-04
1.600000000000068212e+01 -5.759556029260683163e-03 -5.874232206085638636e-04
1.610000000000068354e+01 -5.867370944497313917e-03 -5.960767681366762986e-04
1.620000000000068496e+01 -5.976786140285215293e-03 -6.052385924566379156e-04
1.630000000000068638e+01 -6.087894100242989201e-03 -6.149291782565209337e-04
1.640000000000068781e+01 -6.200791012552948900e-03 -6.251705708141749862e-04
1.650000000000068923e+01 -6.315577047318710752e-03 -6.359864900524227465e-04
1.660000000000069065e+01 -6.432356653795490153e-03 -6.474024557544348895e-04
1.670000000000069207e+01 -6.551238879416637628e-03 -6.594459251227165371e-04
1.680000000000069349e+01 -6.672337712676963857e-03 -6.721464440068614273e-04
1.690000000000069491e+01 -6.795772452208697842e-03 -6.855358132980634732e-04
1.700000000000069633e+01 -6.921668104593640784e-03 -6.996482721757094677e-04
1.710000000000069775e+01 -7.050155813727552144e-03 -7.145207001087132545e-04
1.720000000000069917e+01 -7.181373324900496707e-03 -7.301928397679007844e-04
1.730000000000070060e+01 -7.315465487040803683e-03 -7.467075432842576336e-04
1.740000000000070202e+01 -7.452584797023136670e-03 -7.641110446227905324e-04
1.750000000000070344e+01 -7.592891990341663760e-03 -7.824532612144877684e-04
1.760000000000070486e+01 -7.736556682944093974e-03 -8.017881284229861141e-04
1.770000000000070628e+01 -7.883758069629272225e-03 -8.221739709306106949e-04
1.780000000000070770e+01 -8.034685684977825940e-03 -8.436739157005751239e-04
1.790000000000070912e+01 -8.189540233577864009e-03 -8.663563518556036645e-04
1.800000000000071054e+01 -8.348534497083767714e-03 -8.902954435912675997e-04
1.810000000000071196e+01 -8.511894326576729952e-03 -9.155717031547120884e-04
1.820000000000071338e+01 -8.679859729809698624e-03 -9.422726319935640022e-04
1.830000000000071481e+01 -8.852686064053712223e-03 -9.704934394162989270e-04
1.840000000000071623e+01 -9.030645346729135325e-03 -1.000337849582317922e-03
1.850000000000071765e+01 -9.214027697542486947e-03 -1.031919009355874647e-03
1.860000000000071907e+01 -9.403142927666315043e-03 -1.065360511589550675e-03
1.870000000000072049e+01 -9.598322293647581355e-03 -1.100797550816995677e-03
1.880000000000072191e+01 -9.799920436042702104e-03 -1.138378231169751530e-03
1.890000000000072333e+01 -1.000831752563768884e-02 -1.178265049739235472e-03
1.900000000000072475e+01 -1.022392164324821898e-02 -1.220636582638993462e-03
1.910000000000072617e+01 -1.044717142277987176e-02 -1.265689405858727449e-03
1.920000000000072760e+01 -1.067853899156741282e-02 -1.313640288821344478e-03
1.930000000000072902e+01 -1.091853324685135990e-02 -1.364728705523783007e-03
1.940000000000073044e+01 -1.116770351309747528e-02 -1.419219716608442067e-03
1.950000000000073186e+01 -1.142664363146205647e-02 -1.477407285935365688e-03
1.960000000000073328e+01 -1.169599654044868944e-02 -1.539618107675794689e-03
1.970000000000073470e+01 -1.197645941590050160e-02 -1.606216035171172552e-03
1.980000000000073612e+01 -1.226878944883861081e-02 -1.677607221408686103e-03
1.990000000000073754e+01 -1.257381035200648596e-02 -1.754246103925286449e-03
2.000000000000073896e+01 -1.289241970012114033e-02 -1.836642395266652183e-03
2.010000000000074039e+01 -1.322559722536213560e-02 -1.925369275277985645e-03
2.020000000000074181e+01 -1.357441420893184918e-02 -2.021073025338744958e-03
2.030000000000074323e+01 -1.394004413159095901e-02 -2.124484399454530919e-03
2.040000000000074465e+01 -1.432377477186196242e-02 -2.236432096137253543e-03
2.050000000000074607e+01 -1.472702196985750840e-02 -2.357858782153742817e-03
2.060000000000074749e+01 -1.515134530801839560e-02 -2.489840229944876183e-03
2.070000000000074891e+01 -1.559846599752598602e-02 -2.633608271930470285e-03
2.080000000000075033e+01 -1.607028729996368144e-02 -2.790578456325494040e-03
2.090000000000075175e+01 -1.656891785764108213e-02 -2.962383523380512397e-03
2.100000000000075318e+01 -1.709669834992750756e-02 -3.150914124958228979e-03
2.110000000000075460e+01 -1.765623193324750845e-02 -3.358368607304350936e-03
2.120000000000075602e+01 -1.825041895175613660e-02 -3.587314198297701911e-03
2.130000000000075744e+01 -1.888249641080538832e-02 -3.840762629296490087e-03
2.140000000000075886e+01 -1.955608266567493078e-02 -4.122264137715288441e-03
2.150000000000076028e+01 -2.027522765702292895e-02 -4.436025021602634302e-03
2.160000000000076170e+01 -2.104446876358706531e-02 -4.787055566303008956e-03
2.170000000000076312e+01 -2.186889184429790384e-02 -5.181357395350859839e-03
2.180000000000076454e+01 -2.275419614383857037e-02 -5.626162335474349345e-03
2.190000000000076597e+01 -2.370676017135316810e-02 -6.130239040538724288e-03
2.200000000000076739e+01 -2.473370298422725155e-02 -6.704289323012448815e-03
2.210000000000076881e+01 -2.584293077151348511e-02 -7.361463988583934713e-03
2.220000000000077023e+01 -2.704315097587742592e-02 -8.118038759895600601e-03
2.230000000000077165e+01 -2.834382328118608893e-02 -8.994305641611338026e-03
2.240000000000077307e+01 -2.975499497762417248e-02 -1.001575504860215821e-02
2.250000000000077449e+01 -3.128693122829590695e-02 -1.121465036746952491e-02
2.260000000000077591e+01 -3.294938780428276204e-02 -1.263212970299671875e-02
2.270000000000077733e+01 -3.475026635012054554e-02 -1.432100682205630221e-02
2.280000000000077875e+01 -3.669320851178363430e-02 -1.634947406801701489e-02
2.290000000000078018e+01 -3.877337261140623853e-02 -1.880590295457375619e-02
2.300000000000078160e+01 -4.097011209187460812e-02 -2.180481217961053111e-02
2.310000000000078302e+01 -4.323442476264822282e-02 -2.549363192529205402e-02
2.320000000000078444e+01 -4.546776663739955648e-02 -3.005868919575569592e-02
2.330000000000078586e+01 -4.748725586143608818e-02 -3.572591522205644660e-02
2.340000000000078728e+01 -4.897153179723214012e-02 -4.274533401173261776e-02
2.350000000000078870e+01 -4.938568453687351700e-02 -5.133597297487772076e-02
2.360000000000079012e+01 -4.790394897272341745e-02 -6.154974715484756720e-02
2.370000000000079154e+01 -4.340597822470634165e-02 -7.300645237440006596e-02
2.380000000000079297e+01 -3.472185416261520940e-02 -8.452275094249948884e-02
2.390000000000079439e+01 -2.132433210227689668e-02 -9.391023790385061298e-02
2.400000000000079581e+01 -4.275446134217339086e-03 -9.852596606168849414e-02
2.410000000000079723e+01 1.356674787875550639e-02 -9.676183848997367554e-02
2.420000000000079865e+01 2.889335813007797710e-02 -8.925705579554504832e-02
2.430000000000080007e+01 3.975184538303518089e-02 -7.839233270565081069e-02
2.440000000000080149e+01 4.604376407651181863e-02 -6.669892999101552367e-02
2.450000000000080291e+01 4.875860724952889302e-02 -5.582681896130286398e-02
2.460000000000080433e+01 4.909374442458035170e-02 -4.647829284725204374e-02
2.470000000000080576e+01 4.801941393015095316e-02 -3.875815694249093446e-02
2.480000000000080718e+01 4.619612326213478476e-02 -3.250033739504926827e-02
2.490000000000080860e+01 4.403295081002961409e-02 -2.745848519376359320e-02
2.500000000000081002e+01 4.176828188465379899e-02 -2.339202751962642449e-02
2.510000000000081144e+01 3.953401214765946137e-02 -2.009592795141668456e-02
2.520000000000081286e+01 3.739856647929372391e-02 -1.740548139330166597e-02
2.530000000000081428e+01 3.539362517009662923e-02 -1.519191289133648218e-02
2.540000000000081570e+01 3.353012277969499855e-02 -1.335565452626265998e-02
2.550000000000081712e+01 3.180763886651385985e-02 -1.181991853027054319e-02
2.560000000000081855e+01 3.021984213325116381e-02 -1.052535362291323953e-02
2.570000000000081997e+01 2.875761108780799935e-02 -9.425859150897891378e-03
2.580000000000082139e+01 2.741079568274828321e-02 -8.485396329904634077e-03
2.590000000000082281e+01 2.616918689829657307e-02 -7.675589128036898814e-03
2.600000000000082423e+01 2.502302649374462534e-02 -6.973926660306371296e-03
2.610000000000082565e+01 2.396325164661860033e-02 -6.362415395351713777e-03
2.620000000000082707e+01 2.298158873773710476e-02 -5.826565106106163482e-03
2.630000000000082849e+01 2.207056334765027800e-02 -5.354621995440356393e-03
2.640000000000082991e+01 2.122346574489006321e-02 -4.936985201311002228e-03
2.650000000000083134e+01 2.043429472583323941e-02 -4.565759881834713721e-03
2.660000000000083276e+01 1.969769293583543274e-02 -4.234412554095227932e-03
2.670000000000083418e+01 1.900888103039725593e-02 -3.937503445121770355e-03
2.680000000000083560e+01 1.836359462157753641e-02 -3.670477216054297831e-03
2.690000000000083702e+01 1.775802594921174760e-02 -3.429498223915294301e-03
2.700000000000083844e+01 1.718877105426935836e-02 -3.211319990836891507e-03
2.710000000000083986e+01 1.665278257539915679e-02 -3.013181120308593575e-03
2.720000000000084128e+01 1.614732793462056795e-02 -2.832721793249148075e-03
2.730000000000084270e+01 1.566995250241165830e-02 -2.667916379875088194e-03
2.740000000000084412e+01 1.521844726093670927e-02 -2.517018749307980020e-03
2.750000000000084555e+01 1.479082047194707657e-02 -2.378517643354536876e-03
2.760000000000084697e+01 1.438527287638866059e-02 -2.251100073042871467e-03
2.770000000000084839e+01 1.400017598890702583e-02 -2.133621145955449157e-03
2.780000000000084981e+01 1.363405309361348863e-02 -2.025079075828816258e-03
2.790000000000085123e+01 1.328556259165821624e-02 -1.924594389714555072e-03
2.800000000000085265e+01 1.295348339344257714e-02 -1.831392551843874896e-03
2.810000000000085407e+01 1.263670208759434810e-02 -1.744789381828704133e-03
2.820000000000085549e+01 1.233420165384268262e-02 -1.664178768567023273e-03
2.830000000000085691e+01 1.204505151821561558e-02 -1.589022278483100126e-03
2.840000000000085834e+01 1.176839877627720334e-02 -1.518840333484367758e-03
2.850000000000085976e+01 1.150346043377529874e-02 -1.453204694886580609e-03
2.860000000000086118e+01 1.124951653476114963e-02 -1.391732038135936158e-03
2.870000000000086260e+01 1.100590406481438167e-02 -1.334078441989192468e-03
2.880000000000086402e+01 1.077201153234466809e-02 -1.279934647101898691e-03
2.890000000000086544e+01 1.054727414403517499e-02 -1.229021964228161571e-03
2.900000000000086686e+01 1.033116950167415997e-02 -1.181088732705662262e-03
2.910000000000086828e+01 1.012321375740540125e-02 -1.135907246612295274e-03
2.920000000000086970e+01 9.922958172618259048e-03 -1.093271079595488230e-03
2.930000000000087113e+01 9.729986032914784977e-03 -1.052992750587581445e-03
2.940000000000087255e+01 9.543909877732003125e-03 -1.014901681839046723e-03
2.950000000000087397e+01 9.364369008432137792e-03 -9.788424083094619289e-04
2.960000000000087539e+01 9.191027243338208141e-03 -9.446730037964184068e-04
2.970000000000087681e+01 9.023570892041959252e-03 -9.122636944208515133e-04
2.980000000000087823e+01 8.861706924785429235e-03 -8.814956344891531010e-04
2.990000000000087965e+01 8.705161315668978259e-03 -8.522598234256308081e-04
3.000000000000088107e+01 8.553677540952649844e-03 -8.244561455448739997e-04
3.010000000000088249e+01 8.407015216027184309e-03 -7.979925170476312446e-04
3.020000000000088392e+01 8.264948856490116069e-03 -7.727841268029885663e-04
3.030000000000088534e+01 8.127266750504423543e-03 -7.487527593477113271e-04
3.040000000000088676e+01 7.993769931089678843e-03 -7.258261901103178412e-04
3.050000000000088818e+01 7.864271238242646900e-03 -7.039376442027904697e-04
3.060000000000088960e+01 7.738594461983628117e-03 -6.830253112807862766e-04
3.070000000000089102e+01 7.616573558347831258e-03 -6.630319099413448363e-04
3.080000000000089244e+01 7.498051931255767313e-03 -6.439042959750483370e-04
3.090000000000089386e+01 7.382881773960441735e-03 -6.255931095108932180e-04
3.100000000000089528e+01 7.270923464406869180e-03 -6.080524567079022757e-04
3.110000000000089670e+01 7.162045009494997366e-03 -5.912396221937493441e-04
3.120000000000089813e+01 7.056121533704785495e-03 -5.751148089052081662e-04
3.130000000000089955e+01 6.953034808046256940e-03 -5.596409023935167105e-04
3.140000000000090097e+01 6.852672815708451062e-03 -5.447832570063880324e-04
3.150000000000090239e+01 6.754929351115357070e-03 -5.305095016573055117e-04
3.160000000000090381e+01 6.659703649474726928e-03 -5.167893631652796700e-04
3.170000000000090523e+01 6.566900044144565254e-03 -5.035945053717263498e-04
3.180000000000090665e+01 6.476427649433635220e-03 -4.908983824482921398e-04
3.190000000000090807e+01 6.388200066681259601e-03 -4.786761049862420670e-04
