-3.200000000000000000e+01 2.825332265245071844e-03 6.584944306681100347e-04
-3.189999999999999858e+01 2.866505785786840205e-03 6.756161603191508354e-04
-3.179999999999999716e+01 2.908675788711098924e-03 6.933813036972267304e-04
-3.169999999999999574e+01 2.951875716178672861e-03 7.118217115700115321e-04
-3.159999999999999432e+01 2.996140399272916813e-03 7.309711944973731413e-04
-3.149999999999999289e+01 3.041506122212941400e-03 7.508656668462911597e-04
-3.139999999999999147e+01 3.088010689293328118e-03 7.715433030739877497e-04
-3.129999999999999005e+01 3.135693494579057123e-03 7.930447074678179629e-04
-3.119999999999998863e+01 3.184595594346335302e-03 8.154130986515665917e-04
-3.109999999999998721e+01 3.234759782228475815e-03 8.386945103089600909e-04
-3.099999999999998579e+01 3.286230667003465708e-03 8.629380097407404922e-04
-3.089999999999998437e+01 3.339054752888102710e-03 8.881959360376542227e-04
-3.079999999999998295e+01 3.393280522169984156e-03 9.145241598611825607e-04
-3.069999999999998153e+01 3.448958519921708349e-03 9.419823670388126000e-04
-3.059999999999998010e+01 3.506141440453289237e-03 9.706343684286290263e-04
-3.049999999999997868e+01 3.564884215070342980e-03 1.000548438795706777e-03
-3.039999999999997726e+01 3.625244100548239562e-03 1.031797687741931643e-03
-3.029999999999997584e+01 3.687280767603393419e-03 1.064460466095778655e-03
-3.019999999999997442e+01 3.751056388434783045e-03 1.098620811554057702e-03
-3.009999999999997300e+01 3.816635722176946362e-03 1.134368937809251661e-03
-2.999999999999997158e+01 3.884086196847148093e-03 1.171801771904077642e-03
-2.989999999999997016e+01 3.953477986000182923e-03 1.211023545096190064e-03
-2.979999999999996874e+01 4.024884077928570988e-03 1.252146443160171742e-03
-2.969999999999996732e+01 4.098380334733003026e-03 1.295291322747136806e-03
-2.959999999999996589e+01 4.174045537991036628e-03 1.340588501210947941e-03
-2.949999999999996447e+01 4.251961417056198886e-03 1.388178628209574316e-03
-2.939999999999996305e+01 4.332212655113230372e-03 1.438213648360838577e-03
-2.929999999999996163e+01 4.414886867101107740e-03 1.490857865363206386e-03
-2.919999999999996021e+01 4.500074542320518962e-03 1.546289119217573484e-03
-2.909999999999995879e+01 4.587868943002552068e-03 1.604700089563769515e-03
-2.899999999999995737e+01 4.678365948280078027e-03 1.666299739694606340e-03
-2.889999999999995595e+01 4.771663830705137263e-03 1.731314917475748226e-03
-2.879999999999995453e+01 4.867862949764649450e-03 1.799992131289419265e-03
-2.869999999999995310e+01 4.967065343504847505e-03 1.872599521136377506e-03
-2.859999999999995168e+01 5.069374195350953918e-03 1.949429047229977877e-03
-2.849999999999995026e+01 5.174893148358077413e-03 2.030798920795787166e-03
-2.839999999999994884e+01 5.283725433150822902e-03 2.117056304236173553e-03
-2.829999999999994742e+01 5.395972768655664040e-03 2.208580310413464816e-03
-2.819999999999994600e+01 5.511733985945612910e-03 2.305785333334515672e-03
-2.809999999999994458e+01 5.631103314876568545e-03 2.409124744937958008e-03
-2.799999999999994316e+01 5.754168260305549294e-03 2.519094994823455752e-03
-2.789999999999994174e+01 5.881006978922762550e-03 2.636240151236618479e-03
-2.779999999999994031e+01 6.011685048730790355e-03 2.761156922224873578e-03
-2.769999999999993889e+01 6.146251500064774456e-03 2.894500194886577300e-03
-2.759999999999993747e+01 6.284733949084868668e-03 3.036989127388716684e-03
-2.749999999999993605e+01 6.427132640958722193e-03 3.189413821889829949e-03
-2.739999999999993463e+01 6.573413169265318948e-03 3.352642595054845104e-03
-2.729999999999993321e+01 6.723497589559385840e-03 3.527629844725415492e-03
-2.719999999999993179e+01 6.877253587051181810e-03 3.715424483542052476e-03
-2.709999999999993037e+01 7.034481289912501538e-03 3.917178869352859992e-03
-2.699999999999992895e+01 7.194897239801753552e-03 4.134158103162001267e-03
-2.689999999999992752e+01 7.358114939072108937e-03 4.367749481334564851e-03
-2.679999999999992610e+01 7.523621290432675607e-03 4.619471771391294584e-03
-2.669999999999992468e+01 7.690748131303412442e-03 4.890983818255181283e-03
-2.659999999999992326e+01 7.858637946680221975e-03 5.184091765789091040e-03
-2.649999999999992184e+01 8.026202730216053932e-03 5.500753878454416566e-03
-2.639999999999992042e+01 8.192074869341970517e-03 5.843081546918391621e-03
-2.629999999999991900e+01 8.354548883470260326e-03 6.213334533182136507e-03
-2.619999999999991758e+01 8.511512886321726673e-03 6.613907825150900331e-03
-2.609999999999991616e+01 8.660368838446489206e-03 7.047306598394744055e-03
-2.599999999999991473e+01 8.797941098606950824e-03 7.516104701593958291e-03
-2.589999999999991331e+01 8.920373607521962095e-03 8.022880787639323150e-03
-2.579999999999991189e+01 9.023017429526986391e-03 8.570124741374302371e-03
-2.569999999999991047e+01 9.100312576955107979e-03 9.160105516227590172e-03
-2.559999999999990905e+01 9.145671338804367556e-03 9.794690119111977220e-03
-2.549999999999990763e+01 9.151375039140912521e-03 1.047510270272342982e-02
-2.539999999999990621e+01 9.108502514619287380e-03 1.120161324215470516e-02
-2.529999999999990479e+01 9.006916669060579736e-03 1.197314815776680599e-02
-2.519999999999990337e+01 8.835344811324721132e-03 1.278682196845307845e-02
-2.509999999999990195e+01 8.581597827247707672e-03 1.363740139273207121e-02
-2.499999999999990052e+01 8.232979949272868289e-03 1.451673297000024426e-02
-2.489999999999989910e+01 7.776940567059638376e-03 1.541319306862959718e-02
-2.479999999999989768e+01 7.202005975257176271e-03 1.631125360185927201e-02
-2.469999999999989626e+01 6.498995185695021458e-03 1.719129222607101298e-02
-2.459999999999989484e+01 5.662464843276775531e-03 1.802980072802295997e-02
-2.449999999999989342e+01 4.692245371559325244e-03 1.880014236466642785e-02
-2.439999999999989200e+01 3.594837460408758893e-03 1.947395876659910666e-02
-2.429999999999989058e+01 2.384364125492312650e-03 2.002321752224833773e-02
-2.419999999999988916e+01 1.082759319546115241e-03 2.042273069780634748e-02
-2.409999999999988773e+01 -2.810443481823274130e-04 2.065280021347894526e-02
-2.399999999999988631e+01 -1.672980825296109357e-03 2.070152219700978347e-02
-2.389999999999988489e+01 -3.056570673005513071e-03 2.056627518269106905e-02
-2.379999999999988347e+01 -4.396065313904907491e-03 2.025405723862070892e-02
-2.369999999999988205e+01 -5.659461369290392715e-03 1.978059336489961656e-02
-2.359999999999988063e+01 -6.820869313198176832e-03 1.916841921884387609e-02
-2.349999999999987921e+01 -7.861904166314786016e-03 1.844435832912017306e-02
-2.339999999999987779e+01 -8.772018481297449294e-03 1.763688229980375430e-02
-2.329999999999987637e+01 -9.547926361036207857e-03 1.677377591318060177e-02
-2.319999999999987494e+01 -1.019240675632538881e-02 1.588037317397130235e-02
-2.309999999999987352e+01 -1.071280859815623016e-02 1.497845549623202065e-02
-2.299999999999987210e+01 -1.111953344363788773e-02 1.408576317255595158e-02
-2.289999999999987068e+01 -1.142468407711384054e-02 1.321598954546955411e-02
-2.279999999999986926e+01 -1.164097645214294888e-02 1.237910103672510385e-02
-2.269999999999986784e+01 -1.178093954312563023e-02 1.158183847308399614e-02
-2.259999999999986642e+01 -1.185638055206351960e-02 1.082828674692466742e-02
-2.249999999999986500e+01 -1.187806926411953679e-02 1.012043589246963346e-02
-2.239999999999986358e+01 -1.185558872998172635e-02 9.458688459945607460e-03
-2.229999999999986215e+01 -1.179730303000774139e-02 8.842292133093352172e-03
-2.219999999999986073e+01 -1.171040122792230825e-02 8.269692648077631852e-03
-2.209999999999985931e+01 -1.160098620142542385e-02 7.738811600662124160e-03
-2.199999999999985789e+01 -1.147418589486955305e-02 7.247258482315820441e-03
-2.189999999999985647e+01 -1.133427184211124525e-02 6.792487926185595930e-03
-2.179999999999985505e+01 -1.118477538681759975e-02 6.371912956719504376e-03
-2.169999999999985363e+01 -1.102859604808389959e-02 5.982983915568505437e-03
-2.159999999999985221e+01 -1.086809923389053974e-02 5.623241248239945270e-03
-2.149999999999985079e+01 -1.070520230022543179e-02 5.290348808005180398e-03
-2.139999999999984936e+01 -1.054144905899199493e-02 4.982112935509847018e-03
-2.129999999999984794e+01 -1.037807346750225027e-02 4.696491374472152626e-03
-2.119999999999984652e+01 -1.021605354715944200e-02 4.431595100389910773e-03
-2.109999999999984510e+01 -1.005615669414246585e-02 4.185685356252686826e-03
-2.099999999999984368e+01 -9.898977539616236887e-03 3.957167579453197380e-03
-2.089999999999984226e+01 -9.744969444488006324e-03 3.744583437886477625e-03
-2.079999999999984084e+01 -9.594470608011966203e-03 3.546601841688358688e-03
-2.069999999999983942e+01 -9.447725651862800417e-03 3.362009535304360738e-03
-2.059999999999983800e+01 -9.304903424394895747e-03 3.189701682086139821e-03
-2.049999999999983658e+01 -9.166111660309807924e-03 3.028672713329616344e-03
-2.039999999999983515e+01 -9.031409032482449681e-03 2.878007612893138719e-03
-2.029999999999983373e+01 -8.900815046212489853e-03 2.736873736910526000e-03
-2.019999999999983231e+01 -8.774318151554317408e-03 2.604513217985377285e-03
-2.009999999999983089e+01 -8.651882385968766992e-03 2.480235968978659802e-03
-1.999999999999982947e+01 -8.533452805947342248e-03 2.363413278471814157e-03
-1.989999999999982805e+01 -8.418959921485443670e-03 2.253471975260011584e-03
-1.979999999999982663e+01 -8.308323309949478680e-03 2.149889130257242806e-03
-1.969999999999982521e+01 -8.201454554875548669e-03 2.052187259266700144e-03
-1.959999999999982379e+01 -8.098259629673872084e-03 1.959929988041347968e-03
-1.949999999999982236e+01 -7.998640825003244109e-03 1.872718140817757624e-03
-1.939999999999982094e+01 -7.902498301179734785e-03 1.790186214596134950e-03
-1.929999999999981952e+01 -7.809731332619905889e-03 1.711999203266190844e-03
-1.919999999999981810e+01 -7.720239299468211781e-03 1.637849737931822234e-03
-1.909999999999981668e+01 -7.633922471879671205e-03 1.567455512329599034e-03
-1.899999999999981526e+01 -7.550682624377165822e-03 1.500556964761798340e-03
-1.889999999999981384e+01 -7.470423511146360822e-03 1.436915190521919836e-03
-1.879999999999981242e+01 -7.393051227706148518e-03 1.376310061216802841e-03
-1.869999999999981100e+01 -7.318474479901150229e-03 1.318538529657354175e-03
-1.859999999999980957e+01 -7.246604777523001084e-03 1.263413101147532096e-03
-1.849999999999980815e+01 -7.177356566793550649e-03 1.210760453924171216e-03
-1.839999999999980673e+01 -7.110647313466056385e-03 1.160420193304072083e-03
-1.829999999999980531e+01 -7.046397546233124955e-03 1.112243725710314931e-03
-1.819999999999980389e+01 -6.984530868403399616e-03 1.066093240194145551e-03
-1.809999999999980247e+01 -6.924973944433319810e-03 1.021840786407351770e-03
-1.799999999999980105e+01 -6.867656466702154114e-03 9.793674391328876898e-04
-1.789999999999979963e+01 -6.812511106976649154e-03 9.385625405516228757e-04
-1.779999999999979821e+01 -6.759473456212945243e-03 8.993230123633981152e-04
-1.769999999999979678e+01 -6.708481955666908102e-03 8.615527307079201905e-04
-1.759999999999979536e+01 -6.659477821766094860e-03 8.251619576005318930e-04
-1.749999999999979394e+01 -6.612404966717684747e-03 7.900668232447751599e-04
-1.739999999999979252e+01 -6.567209916470910513e-03 7.561888541908372893e-04
-1.729999999999979110e+01 -6.523841727342169841e-03 7.234545428368777727e-04
-1.719999999999978968e+01 -6.482251902341488493e-03 6.917949542304183391e-04
-1.709999999999978826e+01 -6.442394308050772983e-03 6.611453665631990924e-04
-1.699999999999978684e+01 -6.404225092707924172e-03 6.314449421092626670e-04
-1.689999999999978542e+01 -6.367702606021983722e-03 6.026364256993383371e-04
-1.679999999999978400e+01 -6.332787321125321091e-03 5.746658681200398581e-04
-1.669999999999978257e+01 -6.299441758960716564e-03 5.474823720813682803e-04
-1.659999999999978115e+01 -6.267630415340280994e-03 5.210378586459299844e-04
-1.649999999999977973e+01 -6.237319690830601775e-03 4.952868522090159761e-04
-1.639999999999977831e+01 -6.208477823577647492e-03 4.701862823154263405e-04
-1.629999999999977689e+01 -6.181074825141654600e-03 4.456953007659195153e-04
-1.619999999999977547e+01 -6.155082419369069940e-03 4.217751126079256896e-04
-1.609999999999977405e+01 -6.130473984316208401e-03 3.983888197516588688e-04
-1.599999999999977263e+01 -6.107224497203669368e-03 3.755012760599874596e-04
-1.589999999999977121e+01 -6.085310482373385184e-03 3.530789528756790195e-04
-1.579999999999976978e+01 -6.064709962206552875e-03 3.310898140452485415e-04
-1.569999999999976836e+01 -6.045402410944653374e-03 3.095031995775969968e-04
-1.559999999999976694e+01 -6.027368711360192935e-03 2.882897171639917707e-04
-1.549999999999976552e+01 -6.010591114208562770e-03 2.674211408439127044e-04
-1.539999999999976410e+01 -5.995053200396944018e-03 2.468703161704642124e-04
-1.529999999999976268e+01 -5.980739845804264841e-03 2.266110712844113598e-04
-1.519999999999976126e+01 -5.967637188681403429e-03 2.066181333493231128e-04
-1.509999999999975984e+01 -5.955732599570023877e-03 1.868670498553509250e-04
-1.499999999999975842e+01 -5.945014653672521694e-03 1.673341143290741967e-04
-1.489999999999975699e+01 -5.935473105613414853e-03 1.479962960293475845e-04
-1.479999999999975557e+01 -5.927098866534578035e-03 1.288311732411387064e-04
-1.469999999999975415e+01 -5.919883983467418530e-03 1.098168698020098163e-04
-1.459999999999975273e+01 -5.913821620933918527e-03 9.093199453131812614e-05
-1.449999999999975131e+01 -5.908906044727765990e-03 7.215558324547379811e-05
-1.439999999999974989e+01 -5.905132607834415182e-03 5.346704306911714225e-05
-1.429999999999974847e+01 -5.902497738452541776e-03 3.484609877004417062e-05
-1.419999999999974705e+01 -5.900998930082938798e-03 1.627274085564853982e-05
-1.409999999999974563e+01 -5.900634733657678967e-03 -2.272824808037402292e-06
-1.399999999999974420e+01 -5.901404751685270303e-03 -2.081022609085579362e-05
-1.389999999999974278e+01 -5.903309634393965125e-03 -3.935897262640516807e-05
-1.379999999999974136e+01 -5.906351077859394935e-03 -5.793850298424258090e-05
-1.369999999999973994e+01 -5.910531824108494238e-03 -7.656823119594937787e-05
-1.359999999999973852e+01 -5.915855663195976680e-03 -9.526759282933597653e-05
-1.349999999999973710e+01 -5.922327437255748769e-03 -1.140560908097594181e-04
-1.339999999999973568e+01 -5.929953046534475018e-03 -1.329533411783062006e-04
-1.329999999999973426e+01 -5.938739457418880721e-03 -1.519791189744486770e-04
-1.319999999999973284e+01 -5.948694712476418171e-03 -1.711534044359610185e-04
-1.309999999999973141e+01 -5.959827942530515447e-03 -1.904964296997193425e-04
-1.299999999999972999e+01 -5.972149380801285851e-03 -2.100287261980449648e-04
-1.289999999999972857e+01 -5.985670379145765357e-03 -2.297711729418955382e-04
-1.279999999999972715e+01 -6.000403426437199428e-03 -2.497450458861678055e-04
-1.269999999999972573e+01 -6.016362169130410123e-03 -2.699720685827640843e-04
-1.259999999999972431e+01 -6.033561434069271631e-03 -2.904744643271166705e-04
-1.249999999999972289e+01 -6.052017253586432048e-03 -3.112750100144269678e-04
-1.239999999999972147e+01 -6.071746892971451384e-03 -3.323970919334576007e-04
-1.229999999999972005e+01 -6.092768880370328863e-03 -3.538647637291420607e-04
-1.219999999999971863e+01 -6.115103039200786052e-03 -3.757028067859592224e-04
-1.209999999999971720e+01 -6.138770523167536193e-03 -3.979367932915706639e-04
-1.199999999999971578e+01 -6.163793853968487814e-03 -4.205931522551898229e-04
-1.189999999999971436e+01 -6.190196961798006062e-03 -4.436992387793990125e-04
-1.179999999999971294e+01 -6.218005228749390496e-03 -4.672834068921561225e-04
-1.169999999999971152e+01 -6.247245535238886427e-03 -4.913750862780879225e-04
-1.159999999999971010e+01 -6.277946309574304953e-03 -5.160048632647615697e-04
-1.149999999999970868e+01 -6.310137580799192979e-03 -5.412045664452975590e-04
-1.139999999999970726e+01 -6.343851034962269368e-03 -5.670073573554152389e-04
-1.129999999999970584e+01 -6.379120074955689501e-03 -5.934478266425376094e-04
-1.119999999999970441e+01 -6.415979884090979718e-03 -6.205620962120402461e-04
-1.109999999999970299e+01 -6.454467493581302756e-03 -6.483879278666636542e-04
-1.099999999999970157e+01 -6.494621854108069761e-03 -6.769648389973038742e-04
-1.089999999999970015e+01 -6.536483911672143210e-03 -7.063342259393239758e-04
-1.079999999999969873e+01 -6.580096687921447793e-03 -7.365394956464167350e-04
-1.069999999999969731e+01 -6.625505365176838704e-03 -7.676262064051991244e-04
-1.059999999999969589e+01 -6.672757376376495589e-03 -7.996422183678131290e-04
-1.049999999999969447e+01 -6.721902500168637495e-03 -8.326378547486401431e-04
-1.039999999999969305e+01 -6.772992961408062784e-03 -8.666660746180249609e-04
-1.029999999999969162e+01 -6.826083537298740372e-03 -9.017826582944272768e-04
-1.019999999999969020e+01 -6.881231669458568248e-03 -9.380464064457996482e-04
-1.009999999999968878e+01 -6.938497582176551826e-03 -9.755193541039219613e-04
-9.999999999999687361e+00 -6.997944407139874631e-03 -1.014267000908507547e-03
-9.899999999999685940e+00 -7.059638314933766590e-03 -1.054358559035867759e-03
-9.799999999999684519e+00 -7.123648653594463059e-03 -1.095867220387611307e-03
-9.699999999999683098e+00 -7.190048094528011385e-03 -1.138870444788077623e-03
-9.599999999999681677e+00 -7.258912786090917363e-03 -1.183450271098418841e-03
-9.499999999999680256e+00 -7.330322515125086910e-03 -1.229693653343915663e-03
-9.399999999999678835e+00 -7.404360876755625154e-03 -1.277692824175856012e-03
-9.299999999999677414e+00 -7.481115452715222935e-03 -1.327545688200839702e-03
-9.199999999999675993e+00 -7.560677998476681566e-03 -1.379356247992610590e-03
-9.099999999999674571e+00 -7.643144639429428830e-03 -1.433235065876322344e-03
-8.999999999999673150e+00 -7.728616076300990484e-03 -1.489299764895428164e-03
-8.899999999999671729e+00 -7.817197800006812219e-03 -1.547675572746699119e-03
-8.799999999999670308e+00 -7.909000316013922727e-03 -1.608495912841342813e-03
-8.699999999999668887e+00 -8.004139378272103270e-03 -1.671903047122569059e-03
-8.599999999999667466e+00 -8.102736232648340836e-03 -1.738048775750201773e-03
-8.499999999999666045e+00 -8.204917869681976547e-03 -1.807095199316431297e-03
-8.399999999999664624e+00 -8.310817286366468590e-03 -1.879215549898952380e-03
-8.299999999999663203e+00 -8.420573756436858237e-03 -1.954595097919351390e-03
-8.199999999999661782e+00 -8.534333108474140978e-03 -2.033432142585551820e-03
-8.099999999999660361e+00 -8.652248010839779999e-03 -2.115939094547522430e-03
-7.999999999999658939e+00 -8.774478262125724390e-03 -2.202343660369556616e-03
-7.899999999999657518e+00 -8.901191085447499041e-03 -2.292890139544360127e-03
-7.799999999999656097e+00 -9.032561424368769007e-03 -2.387840845962271169e-03
-7.699999999999654676e+00 -9.168772237723523538e-03 -2.487477667171104911e-03
-7.599999999999653255e+00 -9.310014789860382098e-03 -2.592103776286716448e-03
-7.499999999999651834e+00 -9.456488931979575852e-03 -2.702045513154159931e-03
-7.399999999999650413e+00 -9.608403369250386947e-03 -2.817654453351835404e-03
-7.299999999999648992e+00 -9.765975907086228702e-03 -2.939309685782058937e-03
-7.199999999999647571e+00 -9.929433668529344392e-03 -3.067420322121544238e-03
-7.099999999999646150e+00 -1.009901327284761646e-02 -3.202428264158308294e-03
-6.999999999999644729e+00 -1.027496096326536643e-02 -3.344811258169342293e-03
-6.899999999999643308e+00 -1.045753266917884283e-02 -3.495086269056887560e-03
-6.799999999999641886e+00 -1.064699398495570076e-02 -3.653813210848118158e-03
-6.699999999999640465e+00 -1.084362004368149592e-02 -3.821599074668972570e-03
-6.599999999999639044e+00 -1.104769525954944938e-02 -3.999102500234977611e-03
-6.499999999999637623e+00 -1.125951290701334047e-02 -4.187038842463536997e-03
-6.399999999999636202e+00 -1.147937449815698320e-02 -4.386185791087751640e-03
-6.299999999999634781e+00 -1.170758891149223727e-02 -4.597389607991272248e-03
-6.199999999999633360e+00 -1.194447121565420274e-02 -4.821572054764994286e-03
-6.099999999999631939e+00 -1.219034111947748210e-02 -5.059738091433656909e-03
-5.999999999999630518e+00 -1.244552096549268218e-02 -5.312984436639725874e-03
-5.899999999999629097e+00 -1.271033316645837040e-02 -5.582509089851941247e-03
-5.799999999999627676e+00 -1.298509696319386647e-02 -5.869621927082629628e-03
-5.699999999999626255e+00 -1.327012435633828646e-02 -6.175756493505135322e-03
-5.599999999999624833e+00 -1.356571503330246918e-02 -6.502483128670056255e-03
-5.499999999999623412e+00 -1.387215007367332935e-02 -6.851523572709601953e-03
-5.399999999999621991e+00 -1.418968417024968863e-02 -7.224767214614598657e-03
-5.299999999999620570e+00 -1.451853604662790322e-02 -7.624289155320119853e-03
-5.199999999999619149e+00 -1.485887668421224939e-02 -8.052370268552440369e-03
-5.099999999999617728e+00 -1.521081488859659173e-02 -8.511519449150174027e-03
-4.999999999999616307e+00 -1.557437962469506235e-02 -9.004498240181525379e-03
-4.899999999999614886e+00 -1.594949842817330876e-02 -9.534348023838585401e-03
-4.799999999999613465e+00 -1.633597105293415480e-02 -1.010441994222047515e-02
-4.699999999999612044e+00 -1.673343733629095720e-02 -1.071840767795470550e-02
-4.599999999999610623e+00 -1.714133804869303820e-02 -1.138038316259501817e-02
-4.499999999999609201e+00 -1.755886723754591233e-02 -1.209483518278372735e-02
-4.399999999999607780e+00 -1.798491426814873353e-02 -1.286671070600492982e-02
-4.299999999999606359e+00 -1.841799340196472248e-02 -1.370145852910709117e-02
-4.199999999999604938e+00 -1.885615832838752684e-02 -1.460507453864362884e-02
-4.099999999999603517e+00 -1.929689857675337405e-02 -1.558414742630549743e-02
-3.999999999999602096e+00 -1.973701418235425040e-02 -1.664590307978152522e-02
-3.899999999999600675e+00 -2.017246437336455561e-02 -1.779824500904264237e-02
-3.799999999999599254e+00 -2.059818540827888442e-02 -1.904978699124038055e-02
-3.699999999999597833e+00 -2.100787207322853470e-02 -2.040987252735601207e-02
-3.599999999999596412e+00 -2.139371682713020473e-02 -2.188857357714644319e-02
-3.499999999999594991e+00 -2.174610029744987461e-02 -2.349665823250749949e-02
-3.399999999999593570e+00 -2.205322699780798076e-02 -2.524551334160236166e-02
-3.299999999999592148e+00 -2.230070109341513590e-02 -2.714700344105848429e-02
-3.199999999999590727e+00 -2.247103927620403702e-02 -2.921324155989013863e-02
-3.099999999999589306e+00 -2.254312203629146166e-02 -3.145624048130708783e-02
-2.999999999999587885e+00 -2.249159180787925830e-02 -3.388740504416161425e-02
-2.899999999999586464e+00 -2.228621790918139736e-02 -3.651681756133254991e-02
-2.799999999999585043e+00 -2.189126546025501469e-02 -3.935226058568537522e-02
-2.699999999999583622e+00 -2.126493027359267415e-02 -4.239791623399052911e-02
-2.599999999999582201e+00 -2.035893557435554391e-02 -4.565268271539068418e-02
-2.499999999999580780e+00 -1.911842984570221241e-02 -4.910806219137876100e-02
-2.399999999999579359e+00 -1.748237631886498389e-02 -5.274560743826832432e-02
-2.299999999999577938e+00 -1.538467748511245653e-02 -5.653397768308770360e-02
-2.199999999999576517e+00 -1.275631932818353104e-02 -6.042575628888711969e-02
-2.099999999999575095e+00 -9.528827024102657500e-03 -6.435433057660323863e-02
-1.999999999999573674e+00 -5.639263607780983789e-03 -6.823132168536871767e-02
-1.899999999999572253e+00 -1.036836496656614454e-03 -7.194525328346414172e-02
-1.799999999999570832e+00 4.309128186454756759e-03 -7.536230399292290216e-02
-1.699999999999569411e+00 1.040052739306763716e-02 -7.833000762289923924e-02
-1.599999999999567990e+00 1.720234333447349592e-02 -8.068453877059267310e-02
-1.499999999999566569e+00 2.463667957071107376e-02 -8.226166894721392842e-02
-1.399999999999565148e+00 3.258078328156206738e-02 -8.291061891607204304e-02
-1.299999999999563727e+00 4.087051888146946144e-02 -8.250904581448266495e-02
-1.199999999999562306e+00 4.930982171496835209e-02 -8.097662527063663462e-02
-1.099999999999560885e+00 5.768530061810576981e-02 -7.828449840886428368e-02
-9.999999999995594635e-01 6.578379587009913765e-02 -7.445847331157959270e-02
-8.999999999995580424e-01 7.340984941218495208e-02 -6.957519383813977332e-02
-7.999999999995566213e-01 8.040005154084467476e-02 -6.375207896578520550e-02
-6.999999999995552002e-01 8.663207088847793558e-02 -5.713313100845544834e-02
-5.999999999995537792e-01 9.202748299242760610e-02 -4.987331333221837332e-02
-4.999999999995523581e-01 9.654879078450373520e-02 -4.212405168759311702e-02
-3.999999999995509370e-01 1.001919168742030353e-01 -3.402176430803815349e-02
-2.999999999995495159e-01 1.029758499863888677e-01 -2.568052454602584925e-02
-1.999999999995480948e-01 1.049311730538686205e-01 -1.718925724622659065e-02
-9.999999999954667373e-02 1.060890775365899430e-01 -8.613333983825226942e-03
4.547473508864641190e-13 1.064722882909071300e-01 -5.023759186428833345e-15
1.000000000004561684e-01 1.060890775365829486e-01 8.613333983903449093e-03
2.000000000004575895e-01 1.049311730538545206e-01 1.718925724630427851e-02
3.000000000004590106e-01 1.029758499863673571e-01 2.568052454610253443e-02
4.000000000004604317e-01 1.001919168741738364e-01 3.402176430811308661e-02
5.000000000004618528e-01 9.654879078446665375e-02 4.212405168766536478e-02
6.000000000004632739e-01 9.202748299238247554e-02 4.987331333228683244e-02
7.000000000004646949e-01 8.663207088842495018e-02 5.713313100851880044e-02
8.000000000004661160e-01 8.040005154078438965e-02 6.375207896584202116e-02
9.000000000004675371e-01 7.340984941211825543e-02 6.957519383818866476e-02
1.000000000000468958e+00 6.578379587002734785e-02 7.445847331161935256e-02
1.100000000000470379e+00 5.768530061803053832e-02 7.828449840889399602e-02
1.200000000000471800e+00 4.930982171489156629e-02 8.097662527065582760e-02
1.300000000000473221e+00 4.087051888139307809e-02 8.250904581449138020e-02
1.400000000000474643e+00 3.258078328148795999e-02 8.291061891607076628e-02
1.500000000000476064e+00 2.463667957064091460e-02 8.226166894720361722e-02
1.600000000000477485e+00 1.720234333440861380e-02 8.068453877057453483e-02
1.700000000000478906e+00 1.040052739300893064e-02 7.833000762287475882e-02
1.800000000000480327e+00 4.309128186402725463e-03 7.536230399289363391e-02
1.900000000000481748e+00 -1.036836496701831756e-03 7.194525328343150117e-02
2.000000000000483169e+00 -5.639263607819536284e-03 6.823132168533402320e-02
2.100000000000484590e+00 -9.528827024134933765e-03 6.435433057656758660e-02
2.200000000000486011e+00 -1.275631932821005496e-02 6.042575628885145378e-02
2.300000000000487432e+00 -1.538467748513385608e-02 5.653397768305271076e-02
2.400000000000488853e+00 -1.748237631888185581e-02 5.274560743823448333e-02
2.500000000000490274e+00 -1.911842984571518814e-02 4.910806219134646738e-02
2.600000000000491696e+00 -2.035893557436522019e-02 4.565268271536015304e-02
2.700000000000493117e+00 -2.126493027359955407e-02 4.239791623396185760e-02
2.800000000000494538e+00 -2.189126546025959436e-02 3.935226058565863272e-02
2.900000000000495959e+00 -2.228621790918408618e-02 3.651681756130771561e-02
3.000000000000497380e+00 -2.249159180788039281e-02 3.388740504413861876e-02
3.100000000000498801e+00 -2.254312203629131595e-02 3.145624048128585482e-02
3.200000000000500222e+00 -2.247103927620289904e-02 2.921324155987055707e-02
3.300000000000501643e+00 -2.230070109341322077e-02 2.714700344104046398e-02
3.400000000000503064e+00 -2.205322699780543766e-02 2.524551334158578117e-02
3.500000000000504485e+00 -2.174610029744685619e-02 2.349665823249225127e-02
3.600000000000505906e+00 -2.139371682712682202e-02 2.188857357713242316e-02
3.700000000000507328e+00 -2.100787207322490566e-02 2.040987252734310919e-02
3.800000000000508749e+00 -2.059818540827507496e-02 1.904978699122852198e-02
3.900000000000510170e+00 -2.017246437336063514e-02 1.779824500903172055e-02
4.000000000000511591e+00 -1.973701418235025359e-02 1.664590307977147077e-02
4.100000000000513012e+00 -1.929689857674937031e-02 1.558414742629622880e-02
4.200000000000514433e+00 -1.885615832838352657e-02 1.460507453863507145e-02
4.300000000000515854e+00 -1.841799340196075344e-02 1.370145852909919991e-02
4.400000000000517275e+00 -1.798491426814480612e-02 1.286671070599762837e-02
4.500000000000518696e+00 -1.755886723754208206e-02 1.209483518277697928e-02
4.600000000000520117e+00 -1.714133804868928773e-02 1.138038316258876623e-02
4.700000000000521538e+00 -1.673343733628730734e-02 1.071840767794890979e-02
4.800000000000522959e+00 -1.633597105293058127e-02 1.010441994221509751e-02
4.900000000000524381e+00 -1.594949842816984625e-02 9.534348023833592867e-03
5.000000000000525802e+00 -1.557437962469170913e-02 9.004498240176879789e-03
5.100000000000527223e+00 -1.521081488859333912e-02 8.511519449145852831e-03
5.200000000000528644e+00 -1.485887668420909566e-02 8.052370268548412341e-03
5.300000000000530065e+00 -1.451853604662485878e-02 7.624289155316352901e-03
5.400000000000531486e+00 -1.418968417024675695e-02 7.224767214611089311e-03
5.500000000000532907e+00 -1.387215007367049134e-02 6.851523572706318989e-03
5.600000000000534328e+00 -1.356571503329973699e-02 6.502483128666984927e-03
5.700000000000535749e+00 -1.327012435633564275e-02 6.175756493502260018e-03
5.800000000000537170e+00 -1.298509696319132857e-02 5.869621927079935603e-03
5.900000000000538591e+00 -1.271033316645591056e-02 5.582509089849412021e-03
6.000000000000540012e+00 -1.244552096549031255e-02 5.312984436637348436e-03
6.100000000000541434e+00 -1.219034111947521828e-02 5.059738091431423453e-03
6.200000000000542855e+00 -1.194447121565201698e-02 4.821572054762895271e-03
6.300000000000544276e+00 -1.170758891149013131e-02 4.597389607989294663e-03
6.400000000000545697e+00 -1.147937449815494317e-02 4.386185791085883343e-03
6.500000000000547118e+00 -1.125951290701137850e-02 4.187038842461778855e-03
6.600000000000548539e+00 -1.104769525954754986e-02 3.999102500233317481e-03
6.700000000000549960e+00 -1.084362004367968139e-02 3.821599074667405248e-03
6.800000000000551381e+00 -1.064699398495394349e-02 3.653813210846634102e-03
6.900000000000552802e+00 -1.045753266917714627e-02 3.495086269055481133e-03
7.000000000000554223e+00 -1.027496096326373926e-02 3.344811258168013494e-03
7.100000000000555644e+00 -1.009901327284604827e-02 3.202428264157047150e-03
7.200000000000557066e+00 -9.929433668527833448e-03 3.067420322120349013e-03
7.300000000000558487e+00 -9.765975907084768065e-03 2.939309685780925295e-03
7.400000000000559908e+00 -9.608403369248974882e-03 2.817654453350757274e-03
7.500000000000561329e+00 -9.456488931978214094e-03 2.702045513153134276e-03
7.600000000000562750e+00 -9.310014789859070647e-03 2.592103776285740666e-03
7.700000000000564171e+00 -9.168772237722262394e-03 2.487477667170176401e-03
7.800000000000565592e+00 -9.032561424367558170e-03 2.387840845961386460e-03
7.900000000000567013e+00 -8.901191085446326368e-03 2.292890139543515751e-03
8.000000000000568434e+00 -8.774478262124593350e-03 2.202343660368752138e-03
8.100000000000569855e+00 -8.652248010838690592e-03 2.115939094546753947e-03
8.200000000000571276e+00 -8.534333108473091470e-03 2.033432142584820201e-03
8.300000000000572697e+00 -8.420573756435846893e-03 1.954595097918649695e-03
8.400000000000574119e+00 -8.310817286365491940e-03 1.879215549898281910e-03
8.500000000000575540e+00 -8.204917869681032858e-03 1.807095199315790100e-03
8.600000000000576961e+00 -8.102736232647423167e-03 1.738048775749588331e-03
8.700000000000578382e+00 -8.004139378271223765e-03 1.671903047121980771e-03
8.800000000000579803e+00 -7.909000316013067508e-03 1.608495912840777510e-03
8.900000000000581224e+00 -7.817197800005996899e-03 1.547675572746158102e-03
9.000000000000582645e+00 -7.728616076300194246e-03 1.489299764894906879e-03
9.100000000000584066e+00 -7.643144639428669021e-03 1.433235065875822526e-03
9.200000000000585487e+00 -7.560677998475946043e-03 1.379356247992129421e-03
9.300000000000586908e+00 -7.481115452714518638e-03 1.327545688200378483e-03
9.400000000000588329e+00 -7.404360876754936469e-03 1.277692824175410405e-03
9.500000000000589750e+00 -7.330322515124427715e-03 1.229693653343487836e-03
9.600000000000591172e+00 -7.258912786090275515e-03 1.183450271098004892e-03
9.700000000000592593e+00 -7.190048094527386885e-03 1.138870444787679938e-03
9.800000000000594014e+00 -7.123648653593873253e-03 1.095867220387227066e-03
9.900000000000595435e+00 -7.059638314933194131e-03 1.054358559035497396e-03
1.000000000000059686e+01 -6.997944407139324724e-03 1.014267000908149544e-03
1.010000000000059828e+01 -6.938497582176026204e-03 9.755193541035752335e-04
1.020000000000059970e+01 -6.881231669458059974e-03 9.380464064454652803e-04
1.030000000000060112e+01 -6.826083537298249446e-03 9.017826582941028835e-04
1.040000000000060254e+01 -6.772992961407592674e-03 8.666660746177118433e-04
1.050000000000060396e+01 -6.721902500168186467e-03 8.326378547483361328e-04
1.060000000000060538e+01 -6.672757376376053234e-03 7.996422183675175755e-04
1.070000000000060680e+01 -6.625505365176406758e-03 7.676262064049111603e-04
1.080000000000060822e+01 -6.580096687921036663e-03 7.365394956461367940e-04
1.090000000000060965e+01 -6.536483911671754632e-03 7.063342259390524916e-04
1.100000000000061107e+01 -6.494621854107696796e-03 6.769648389970412804e-04
1.110000000000061249e+01 -6.454467493580941934e-03 6.483879278664069152e-04
1.120000000000061391e+01 -6.415979884090634508e-03 6.205620962117902291e-04
1.130000000000061533e+01 -6.379120074955361638e-03 5.934478266422938807e-04
1.140000000000061675e+01 -6.343851034961955383e-03 5.670073573551777987e-04
1.150000000000061817e+01 -6.310137580798891137e-03 5.412045664450655397e-04
1.160000000000061959e+01 -6.277946309574022193e-03 5.160048632645355135e-04
1.170000000000062101e+01 -6.247245535238614075e-03 4.913750862778659863e-04
1.180000000000062244e+01 -6.218005228749132890e-03 4.672834068919387400e-04
1.190000000000062386e+01 -6.190196961797754527e-03 4.436992387791870510e-04
1.200000000000062528e+01 -6.163793853968257963e-03 4.205931522549817645e-04
1.210000000000062670e+01 -6.138770523167320220e-03 3.979367932913670507e-04
1.220000000000062812e+01 -6.115103039200577018e-03 3.757028067857590787e-04
1.230000000000062954e+01 -6.092768880370126768e-03 3.538647637289444106e-04
1.240000000000063096e+01 -6.071746892971263167e-03 3.323970919332646127e-04
1.250000000000063238e+01 -6.052017253586261178e-03 3.112750100142369072e-04
1.260000000000063380e+01 -6.033561434069108567e-03 2.904744643269280193e-04
1.270000000000063523e+01 -6.016362169130262672e-03 2.699720685825794447e-04
1.280000000000063665e+01 -6.000403426436522886e-03 2.497450458859169211e-04
1.290000000000063807e+01 -5.985670379145636120e-03 2.297711729417146933e-04
1.300000000000063949e+01 -5.972149380801168757e-03 2.100287261978667219e-04
1.310000000000064091e+01 -5.959827942530411364e-03 1.904964296995432680e-04
1.320000000000064233e+01 -5.948694712476323629e-03 1.711534044357854861e-04
1.330000000000064375e+01 -5.938739457418794852e-03 1.519791189742753131e-04
1.340000000000064517e+01 -5.929953046534400425e-03 1.329533411781331619e-04
1.350000000000064659e+01 -5.922327437255683717e-03 1.140560908095882226e-04
1.360000000000064801e+01 -5.915855663195922903e-03 9.526759282916543153e-05
1.370000000000064944e+01 -5.910531824108449135e-03 7.656823119577915813e-05
1.380000000000065086e+01 -5.906351077859365445e-03 5.793850298407333694e-05
1.390000000000065228e+01 -5.903309634393943441e-03 3.935897262623646621e-05
1.400000000000065370e+01 -5.901404751685259895e-03 2.081022609068763386e-05
1.410000000000065512e+01 -5.900634733657674630e-03 2.272824807868158332e-06
1.420000000000065654e+01 -5.900998930082948339e-03 -1.627274085581724167e-05
1.430000000000065796e+01 -5.902497738452558255e-03 -3.484609877021319774e-05
1.440000000000065938e+01 -5.905132607834448141e-03 -5.346704306928638621e-05
1.450000000000066080e+01 -5.908906044727806756e-03 -7.215558324564390943e-05
1.460000000000066223e+01 -5.913821620933968834e-03 -9.093199453148953851e-05
1.470000000000066365e+01 -5.919883983467478378e-03 -1.098168698021820960e-04
1.480000000000066507e+01 -5.927098866534650894e-03 -1.288311732413118535e-04
1.490000000000066649e+01 -5.935473105613495517e-03 -1.479962960295227916e-04
1.500000000000066791e+01 -5.945014653672611900e-03 -1.673341143292509216e-04
1.510000000000066933e+01 -5.955732599570125359e-03 -1.868670498555297099e-04
1.520000000000067075e+01 -5.967637188681514451e-03 -2.066181333495035240e-04
1.530000000000067217e+01 -5.980739845804386272e-03 -2.266110712845944815e-04
1.540000000000067359e+01 -5.995053200397081929e-03 -2.468703161706495026e-04
1.550000000000067502e+01 -6.010591114208709354e-03 -2.674211408441014640e-04
1.560000000000067644e+01 -6.027368711360353397e-03 -2.882897171641830240e-04
1.570000000000067786e+01 -6.045402410944819907e-03 -3.095031995777919364e-04
1.580000000000067928e+01 -6.064709962206730684e-03 -3.310898140454469505e-04
1.590000000000068070e+01 -6.085310482373576871e-03 -3.530789528758808979e-04
1.600000000000068212e+01 -6.107224497203874065e-03 -3.755012760601935664e-04
1.610000000000068354e+01 -6.130473984316424374e-03 -3.983888197518695292e-04
1.620000000000068496e+01 -6.155082419369298924e-03 -4.217751126081410121e-04
1.630000000000068638e+01 -6.181074825141897461e-03 -4.456953007661393915e-04
1.640000000000068781e+01 -6.208477823577900762e-03 -4.701862823156520714e-04
1.650000000000068923e+01 -6.237319690830872392e-03 -4.952868522092473448e-04
1.660000000000069065e+01 -6.267630415340560285e-03 -5.210378586461674247e-04
1.670000000000069207e+01 -6.299441758961014069e-03 -5.474823720816119005e-04
1.680000000000069349e+01 -6.332787321125629872e-03 -5.746658681202907425e-04
1.690000000000069491e+01 -6.367702606022308982e-03 -6.026364256995963772e-04
1.700000000000069633e+01 -6.404225092708265045e-03 -6.314449421095289471e-04
1.710000000000069775e+01 -6.442394308051127734e-03 -6.611453665634735039e-04
1.720000000000069917e+01 -6.482251902341858857e-03 -6.917949542307019663e-04
1.730000000000070060e+01 -6.523841727342555817e-03 -7.234545428371707242e-04
1.740000000000070202e+01 -6.567209916471314704e-03 -7.561888541911402153e-04
1.750000000000070344e+01 -6.612404966718104550e-03 -7.900668232450884943e-04
1.760000000000070486e+01 -6.659477821766535480e-03 -8.251619576008566116e-04
1.770000000000070628e+01 -6.708481955667362599e-03 -8.615527307082573773e-04
1.780000000000070770e+01 -6.759473456213417955e-03 -8.993230123637480956e-04
1.790000000000070912e+01 -6.812511106977143550e-03 -9.385625405519861918e-04
1.800000000000071054e+01 -6.867656466702664990e-03 -9.793674391332667269e-04
1.810000000000071196e+01 -6.924973944433847166e-03 -1.021840786407745985e-03
1.820000000000071338e+01 -6.984530868403953860e-03 -1.066093240194556247e-03
1.830000000000071481e+01 -7.046397546233702618e-03 -1.112243725710743841e-03
1.840000000000071623e+01 -7.110647313466651395e-03 -1.160420193304520075e-03
1.850000000000071765e+01 -7.177356566794168211e-03 -1.210760453924640241e-03
1.860000000000071907e+01 -7.246604777523641197e-03 -1.263413101148021939e-03
1.870000000000072049e+01 -7.318474479901814628e-03 -1.318538529657867220e-03
1.880000000000072191e+01 -7.393051227706839805e-03 -1.376310061217341472e-03
1.890000000000072333e+01 -7.470423511147074661e-03 -1.436915190522484705e-03
1.900000000000072475e+01 -7.550682624377910886e-03 -1.500556964762391398e-03
1.910000000000072617e+01 -7.633922471880442290e-03 -1.567455512330223101e-03
1.920000000000072760e+01 -7.720239299469009754e-03 -1.637849737932479260e-03
1.930000000000072902e+01 -7.809731332620731617e-03 -1.711999203266882565e-03
1.940000000000073044e+01 -7.902498301180593474e-03 -1.790186214596865702e-03
1.950000000000073186e+01 -7.998640825004132288e-03 -1.872718140818529142e-03
1.960000000000073328e+01 -8.098259629674794957e-03 -1.959929988042163722e-03
1.970000000000073470e+01 -8.201454554876507971e-03 -2.052187259267563169e-03
1.980000000000073612e+01 -8.308323309950465738e-03 -2.149889130258157872e-03
1.990000000000073754e+01 -8.418959921486470627e-03 -2.253471975260982162e-03
2.000000000000073896e+01 -8.533452805948395226e-03 -2.363413278472844149e-03
2.010000000000074039e+01 -8.651882385969858133e-03 -2.480235968979754846e-03
2.020000000000074181e+01 -8.774318151555444978e-03 -2.604513217986544320e-03
2.030000000000074323e+01 -8.900815046213657322e-03 -2.736873736911769363e-03
2.040000000000074465e+01 -9.031409032483655314e-03 -2.878007612894464048e-03
2.050000000000074607e+01 -9.166111660311049986e-03 -3.028672713331031878e-03
2.060000000000074749e+01 -9.304903424396175973e-03 -3.189701682087654235e-03
2.070000000000074891e+01 -9.447725651864111868e-03 -3.362009535305982705e-03
2.080000000000075033e+01 -9.594470608013317553e-03 -3.546601841690096013e-03
2.090000000000075175e+01 -9.744969444489394103e-03 -3.744583437888342886e-03
2.100000000000075318e+01 -9.898977539617648952e-03 -3.957167579455200986e-03
2.110000000000075460e+01 -1.005615669414390914e-02 -4.185685356254842220e-03
2.120000000000075602e+01 -1.021605354716090611e-02 -4.431595100392231833e-03
2.130000000000075744e+01 -1.037807346750373172e-02 -4.696491374474653230e-03
2.140000000000075886e+01 -1.054144905899348159e-02 -4.982112935512546248e-03
2.150000000000076028e+01 -1.070520230022692192e-02 -5.290348808008093866e-03
2.160000000000076170e+01 -1.086809923389200905e-02 -5.623241248243090323e-03
2.170000000000076312e+01 -1.102859604808534288e-02 -5.982983915571906362e-03
2.180000000000076454e+01 -1.118477538681899447e-02 -6.371912956723181122e-03
2.190000000000076597e+01 -1.133427184211256537e-02 -6.792487926189572783e-03
2.200000000000076739e+01 -1.147418589487076909e-02 -7.247258482320120820e-03
2.210000000000076881e+01 -1.160098620142650631e-02 -7.738811600666770617e-03
2.220000000000077023e+01 -1.171040122792320684e-02 -8.269692648082646938e-03
2.230000000000077165e+01 -1.179730303000841099e-02 -8.842292133098757570e-03
2.240000000000077307e+01 -1.185558872998210451e-02 -9.458688459951417049e-03
2.250000000000077449e+01 -1.187806926411955240e-02 -1.012043589247586112e-02
2.260000000000077591e+01 -1.185638055206309285e-02 -1.082828674693131488e-02
2.270000000000077733e+01 -1.178093954312467093e-02 -1.158183847309105299e-02
2.280000000000077875e+01 -1.164097645214135293e-02 -1.237910103673254408e-02
2.290000000000078018e+01 -1.142468407711149173e-02 -1.321598954547732740e-02
2.300000000000078160e+01 -1.111953344363467155e-02 -1.408576317256398161e-02
2.310000000000078302e+01 -1.071280859815203559e-02 -1.497845549624020681e-02
2.320000000000078444e+01 -1.019240675632010658e-02 -1.588037317397949719e-02
2.330000000000078586e+01 -9.547926361029756420e-03 -1.677377591318862313e-02
2.340000000000078728e+01 -8.772018481289778347e-03 -1.763688229981139402e-02
2.350000000000078870e+01 -7.861904166305904232e-03 -1.844435832912718135e-02
2.360000000000079012e+01 -6.820869313188139722e-03 -1.916841921884999966e-02
2.370000000000079154e+01 -5.659461369279332986e-03 -1.978059336490459522e-02
2.380000000000079297e+01 -4.396065313893023768e-03 -2.025405723862431021e-02
2.390000000000079439e+01 -3.056570672993076405e-03 -2.056627518269312643e-02
2.400000000000079581e+01 -1.672980825283431998e-03 -2.070152219701017898e-02
2.410000000000079723e+01 -2.810443481697402594e-04 -2.065280021347766504e-02
2.420000000000079865e+01 1.082759319558284326e-03 -2.042273069780346437e-02
2.430000000000080007e+01 2.384364125503774835e-03 -2.002321752224399398e-02
2.440000000000080149e+01 3.594837460419279124e-03 -1.947395876659350350e-02
2.450000000000080291e+01 4.692245371568743058e-03 -1.880014236465981509e-02
2.460000000000080433e+01 5.662464843284996385e-03 -1.802980072801560127e-02
2.470000000000080576e+01 6.498995185702020200e-03 -1.719129222606315816e-02
2.480000000000080718e+01 7.202005975262972849e-03 -1.631125360185115350e-02
2.490000000000080860e+01 7.776940567064311721e-03 -1.541319306862140755e-02
2.500000000000081002e+01 8.232979949276506004e-03 -1.451673296999214831e-02
2.510000000000081144e+01 8.581597827250427718e-03 -1.363740139272418862e-02
2.520000000000081286e+01 8.835344811326636266e-03 -1.278682196844549944e-02
2.530000000000081428e+01 9.006916669061802716e-03 -1.197314815775958781e-02
2.540000000000081570e+01 9.108502514619925758e-03 -1.120161324214789290e-02
2.550000000000081712e+01 9.151375039141065176e-03 -1.047510270271702695e-02
2.560000000000081855e+01 9.145671338803788158e-03 -9.794690119100004158e-03
2.570000000000081997e+01 9.100312576954537255e-03 -9.160105516222025179e-03
2.580000000000082139e+01 9.023017429526162397e-03 -8.570124741369136365e-03
2.590000000000082281e+01 8.920373607520931669e-03 -8.022880787634535313e-03
2.600000000000082423e+01 8.797941098605759069e-03 -7.516104701589524338e-03
2.610000000000082565e+01 8.660368838445179490e-03 -7.047306598390646638e-03
2.620000000000082707e+01 8.511512886320331955e-03 -6.613907825147110828e-03
2.630000000000082849e+01 8.354548883468806628e-03 -6.213334533178636702e-03
2.640000000000082991e+01 8.192074869340475185e-03 -5.843081546915154627e-03
2.650000000000083134e+01 8.026202730214536049e-03 -5.500753878451423301e-03
2.660000000000083276e+01 7.858637946678695418e-03 -5.184091765786322421e-03
2.670000000000083418e+01 7.690748131301886753e-03 -4.890983818252617361e-03
2.680000000000083560e+01 7.523621290431162928e-03 -4.619471771388918013e-03
2.690000000000083702e+01 7.358114939070615340e-03 -4.367749481332360018e-03
2.700000000000083844e+01 7.194897239800279037e-03 -4.134158103159954294e-03
2.710000000000083986e+01 7.034481289911057381e-03 -3.917178869350957868e-03
2.720000000000084128e+01 6.877253587049768010e-03 -3.715424483540283492e-03
2.730000000000084270e+01 6.723497589558005000e-03 -3.527629844723767071e-03
2.740000000000084412e+01 6.573413169263970200e-03 -3.352642595053308139e-03
2.750000000000084555e+01 6.427132640957410742e-03 -3.189413821888396200e-03
2.760000000000084697e+01 6.284733949083593646e-03 -3.036989127387376176e-03
2.770000000000084839e+01 6.146251500063532394e-03 -2.894500194885323962e-03
2.780000000000084981e+01 6.011685048729584722e-03 -2.761156922223699604e-03
2.790000000000085123e+01 5.881006978921592479e-03 -2.636240151235518664e-03
2.800000000000085265e+01 5.754168260304410448e-03 -2.519094994822423592e-03
2.810000000000085407e+01 5.631103314875466129e-03 -2.409124744936988732e-03
2.820000000000085549e+01 5.511733985944545187e-03 -2.305785333333604942e-03
2.830000000000085691e+01 5.395972768654625808e-03 -2.208580310412606995e-03
2.840000000000085834e+01 5.283725433149819364e-03 -2.117056304235366473e-03
2.850000000000085976e+01 5.174893148357104233e-03 -2.030798920795025622e-03
2.860000000000086118e+01 5.069374195350008494e-03 -1.949429047229259268e-03
2.870000000000086260e+01 4.967065343503928102e-03 -1.872599521135698362e-03
2.880000000000086402e+01 4.867862949763761271e-03 -1.799992131288777200e-03
2.890000000000086544e+01 4.771663830704277708e-03 -1.731314917475140639e-03
2.900000000000086686e+01 4.678365948279242757e-03 -1.666299739694031496e-03
2.910000000000086828e+01 4.587868943001741084e-03 -1.604700089563224161e-03
2.920000000000086970e+01 4.500074542319730531e-03 -1.546289119217056319e-03
2.930000000000087113e+01 4.414886867100344461e-03 -1.490857865362715242e-03
2.940000000000087255e+01 4.332212655112489645e-03 -1.438213648360371936e-03
2.950000000000087397e+01 4.251961417055478108e-03 -1.388178628209130660e-03
2.960000000000087539e+01 4.174045537990339269e-03 -1.340588501210525753e-03
2.970000000000087681e+01 4.098380334732323015e-03 -1.295291322746734567e-03
2.980000000000087823e+01 4.024884077927913528e-03 -1.252146443159788585e-03
2.990000000000087965e+01 3.953477985999544544e-03 -1.211023545095825339e-03
3.000000000000088107e+01 3.884086196846527929e-03 -1.171801771903729179e-03
3.010000000000088249e+01 3.816635722176341377e-03 -1.134368937808919245e-03
3.020000000000088392e+01 3.751056388434195841e-03 -1.098620811553740030e-03
3.030000000000088534e+01 3.687280767602822695e-03 -1.064460466095475078e-03
3.040000000000088676e+01 3.625244100547683583e-03 -1.031797687741641510e-03
3.050000000000088818e+01 3.564884215069801746e-03 -1.000548438795428570e-03
3.060000000000088960e+01 3.506141440452764484e-03 -9.706343684283628547e-04
3.070000000000089102e+01 3.448958519921193136e-03 -9.419823670385573788e-04
3.080000000000089244e+01 3.393280522169487157e-03 -9.145241598609381815e-04
3.090000000000089386e+01 3.339054752887613952e-03 -8.881959360374194930e-04
3.100000000000089528e+01 3.286230667002991695e-03 -8.629380097405154118e-04
3.110000000000089670e+01 3.234759782228014378e-03 -8.386945103087441178e-04
3.120000000000089813e+01 3.184595594345883407e-03 -8.154130986513590754e-04
3.130000000000089955e+01 3.135693494578619973e-03 -7.930447074676186866e-04
3.140000000000090097e+01 3.088010689292899642e-03 -7.715433030737959543e-04
3.150000000000090239e+01 3.041506122212523765e-03 -7.508656668461066285e-04
3.160000000000090381e+01 2.996140399272509587e-03 -7.309711944971957658e-04
3.170000000000090523e+01 2.951875716178275610e-03 -7.118217115698407703e-04
3.180000000000090665e+01 2.908675788710713382e-03 -6.933813036970623653e-04
3.190000000000090807e+01 2.866505785786461168e-03 -6.756161603189922166e-04
