-3.200000000000000000e+01 -2.921117624213619580e-03 -2.204791812896120533e-04
-3.189999999999999858e+01 -2.961758548514366405e-03 -2.260925411034281265e-04
-3.179999999999999716e+01 -3.003430691521230544e-03 -2.319215543198540740e-04
-3.169999999999999574e+01 -3.046173394608091972e-03 -2.379774162301202779e-04
-3.159999999999999432e+01 -3.090028019279978961e-03 -2.442720577623605093e-04
-3.149999999999999289e+01 -3.135038077904512849e-03 -2.508182041787658371e-04
-3.139999999999999147e+01 -3.181249374660096926e-03 -2.576294392997414365e-04
-3.129999999999999005e+01 -3.228710157648873643e-03 -2.647202758583560959e-04
-3.119999999999998863e+01 -3.277471283207953733e-03 -2.721062326610661263e-04
-3.109999999999998721e+01 -3.327586393562216669e-03 -2.798039193154818307e-04
-3.099999999999998579e+01 -3.379112109101654014e-03 -2.878311293853024963e-04
-3.089999999999998437e+01 -3.432108236681063757e-03 -2.962069429397452499e-04
-3.079999999999998295e+01 -3.486637995520823659e-03 -3.049518395954969418e-04
-3.069999999999998153e+01 -3.542768262447974336e-03 -3.140878232925904093e-04
-3.059999999999998010e+01 -3.600569838413961599e-03 -3.236385602128238372e-04
-3.049999999999997868e+01 -3.660117738466989873e-03 -3.336295314451521543e-04
-3.039999999999997726e+01 -3.721491507581568305e-03 -3.440882022205074726e-04
-3.029999999999997584e+01 -3.784775565061871631e-03 -3.550442098004757095e-04
-3.019999999999997442e+01 -3.850059580541733036e-03 -3.665295723996138595e-04
-3.009999999999997300e+01 -3.917438884970271193e-03 -3.785789218671418879e-04
-2.999999999999997158e+01 -3.987014920410812333e-03 -3.912297632604391632e-04
-2.989999999999997016e+01 -4.058895732923693822e-03 -4.045227649071332795e-04
-2.979999999999996874e+01 -4.133196513378439158e-03 -4.185020831079380786e-04
-2.969999999999996732e+01 -4.210040191639158498e-03 -4.332157262728742841e-04
-2.959999999999996589e+01 -4.289558090273213123e-03 -4.487159640397275252e-04
-2.949999999999996447e+01 -4.371890644768552589e-03 -4.650597878195761575e-04
-2.939999999999996305e+01 -4.457188198137050986e-03 -4.823094302594199364e-04
-2.929999999999996163e+01 -4.545611878888610943e-03 -5.005329523656948084e-04
-2.919999999999996021e+01 -4.637334572566763000e-03 -5.198049085077951570e-04
-2.909999999999995879e+01 -4.732541998452102078e-03 -5.402071012824946660e-04
-2.899999999999995737e+01 -4.831433904706129018e-03 -5.618294403313821598e-04
-2.889999999999995595e+01 -4.934225397074679109e-03 -5.847709217159057209e-04
-2.879999999999995453e+01 -5.041148418507059373e-03 -6.091407474955182677e-04
-2.869999999999995310e+01 -5.152453399558060664e-03 -6.350596088035271149e-04
-2.859999999999995168e+01 -5.268411102384984793e-03 -6.626611601366089871e-04
-2.849999999999995026e+01 -5.389314684613132761e-03 -6.920937179516711661e-04
-2.839999999999994884e+01 -5.515482013271620285e-03 -7.235222231937249926e-04
-2.829999999999994742e+01 -5.647258263693855432e-03 -7.571305153942283362e-04
-2.819999999999994600e+01 -5.785018843640079948e-03 -7.931239757974676381e-04
-2.809999999999994458e+01 -5.929172689179543210e-03 -8.317326090846888925e-04
-2.799999999999994316e+01 -6.080165986225911923e-03 -8.732146482727364684e-04
-2.789999999999994174e+01 -6.238486380048226948e-03 -9.178607859889869464e-04
-2.779999999999994031e+01 -6.404667745002687318e-03 -9.659991586231618521e-04
-2.769999999999993889e+01 -6.579295598076044180e-03 -1.018001239051420734e-03
-2.759999999999993747e+01 -6.763013252922215300e-03 -1.074288830439939753e-03
-2.749999999999993605e+01 -6.956528826079215466e-03 -1.135342400285015109e-03
-2.739999999999993463e+01 -7.160623223847064657e-03 -1.201711053193237413e-03
-2.729999999999993321e+01 -7.376159257152078465e-03 -1.274024516921401420e-03
-2.719999999999993179e+01 -7.604092052004894978e-03 -1.353007613966653380e-03
-2.709999999999993037e+01 -7.845480944350634311e-03 -1.439497817534433682e-03
-2.699999999999992895e+01 -8.101503068815966296e-03 -1.534466655429515304e-03
-2.689999999999992752e+01 -8.373468868200437121e-03 -1.639045940986929868e-03
-2.679999999999992610e+01 -8.662839760391087204e-03 -1.754560094169709634e-03
-2.669999999999992468e+01 -8.971248193523947978e-03 -1.882566192223322343e-03
-2.659999999999992326e+01 -9.300520285918835103e-03 -2.024903890950965554e-03
-2.649999999999992184e+01 -9.652701163039822604e-03 -2.183758030670343055e-03
-2.639999999999992042e+01 -1.003008293342338292e-02 -2.361737648959116084e-03
-2.629999999999991900e+01 -1.043523493074424713e-02 -2.561976354799345382e-03
-2.619999999999991758e+01 -1.087103529175639099e-02 -2.788260700026584746e-03
-2.609999999999991616e+01 -1.134070197788094279e-02 -3.045195487827293424e-03
-2.599999999999991473e+01 -1.184781971098668174e-02 -3.338418124797055183e-03
-2.589999999999991331e+01 -1.239635652603647206e-02 -3.674878480297717742e-03
-2.579999999999991189e+01 -1.299065897644116445e-02 -4.063206699414613661e-03
-2.569999999999991047e+01 -1.363540715220104386e-02 -4.514199567487223869e-03
-2.559999999999990905e+01 -1.433549734448049361e-02 -5.041466946959199079e-03
-2.549999999999990763e+01 -1.509579755538611665e-02 -5.662293955892315489e-03
-2.539999999999990621e+01 -1.592068246059993170e-02 -6.398791646960318678e-03
-2.529999999999990479e+01 -1.681318848091179624e-02 -7.279426419088787410e-03
-2.519999999999990337e+01 -1.777351703165533370e-02 -8.341027665347172312e-03
-2.509999999999990195e+01 -1.879642336822896775e-02 -9.631350733788309956e-03
-2.499999999999990052e+01 -1.986671254674322179e-02 -1.121215942848927810e-02
-2.489999999999989910e+01 -2.095156595336528788e-02 -1.316245058734143158e-02
-2.479999999999989768e+01 -2.198772272462237720e-02 -1.558056500458885295e-02
-2.469999999999989626e+01 -2.286084677472837584e-02 -1.858188765829670366e-02
-2.459999999999989484e+01 -2.337473315379114125e-02 -2.228457393843175441e-02
-2.449999999999989342e+01 -2.321258494011816179e-02 -2.676827717123990424e-02
-2.439999999999989200e+01 -2.190905020946934054e-02 -3.198272996913780614e-02
-2.429999999999989058e+01 -1.888983897892355934e-02 -3.759109412389232546e-02
-2.419999999999988916e+01 -1.368036425041327039e-02 -4.280200026829727999e-02
-2.409999999999988773e+01 -6.327842787244524966e-03 -4.640138959122229456e-02
-2.399999999999988631e+01 2.231236901382359968e-03 -4.724740909511130488e-02
-2.389999999999988489e+01 1.040984419488829617e-02 -4.503348143865407854e-02
-2.379999999999988347e+01 1.683718117286415322e-02 -4.053089187145431094e-02
-2.369999999999988205e+01 2.100386887223847435e-02 -3.500726686029775880e-02
-2.359999999999988063e+01 2.316278794607673150e-02 -2.951222254023396635e-02
-2.349999999999987921e+01 2.387506202463506727e-02 -2.461331853497599614e-02
-2.339999999999987779e+01 2.367803907917517131e-02 -2.049291065771366785e-02
-2.329999999999987637e+01 2.296777797645585192e-02 -1.712609905627307180e-02
-2.319999999999987494e+01 2.200083584053316721e-02 -1.440783242166029932e-02
-2.309999999999987352e+01 2.093134599574987195e-02 -1.221819266606067114e-02
-2.299999999999987210e+01 1.984702373346847876e-02 -1.044881722536766984e-02
-2.289999999999987068e+01 1.879513370891806867e-02 -9.010338755904619829e-03
-2.279999999999986926e+01 1.779917904662732878e-02 -7.832045844500227713e-03
-2.269999999999986784e+01 1.686906277745968408e-02 -6.859012284167989755e-03
-2.259999999999986642e+01 1.600710750835133631e-02 -6.048852739072413907e-03
-2.249999999999986500e+01 1.521156703174963466e-02 -5.368860329166534780e-03
-2.239999999999986358e+01 1.447865194296932452e-02 -4.793704139966491716e-03
-2.229999999999986215e+01 1.380368355950317705e-02 -4.303653208045172401e-03
-2.219999999999986073e+01 1.318173889108455524e-02 -3.883233115133468121e-03
-2.209999999999985931e+01 1.260799945522009594e-02 -3.520217935581518472e-03
-2.199999999999985789e+01 1.207792861126470892e-02 -3.204875035478723516e-03
-2.189999999999985647e+01 1.158735052390129014e-02 -2.929398093050321512e-03
-2.179999999999985505e+01 1.113247367107205246e-02 -2.687479576637727147e-03
-2.169999999999985363e+01 1.070988407103313361e-02 -2.473986553967308290e-03
-2.159999999999985221e+01 1.031652294004543370e-02 -2.284713284339022661e-03
-2.149999999999985079e+01 9.949657299401913624e-03 -2.116191127645122676e-03
-2.139999999999984936e+01 9.606848378618311479e-03 -1.965541479457549087e-03
-2.129999999999984794e+01 9.285920485382410938e-03 -1.830361205070185843e-03
-2.119999999999984652e+01 8.984931728525036992e-03 -1.708632781051160239e-03
-2.109999999999984510e+01 8.702147229980566195e-03 -1.598653345684000965e-03
-2.099999999999984368e+01 8.436015030940090600e-03 -1.498978316651090967e-03
-2.089999999999984226e+01 8.185144658369458009e-03 -1.408376304868997481e-03
-2.079999999999984084e+01 7.948288192917662282e-03 -1.325792844199467826e-03
-2.069999999999983942e+01 7.724323621198637621e-03 -1.250321044366730109e-03
-2.059999999999983800e+01 7.512240236416911111e-03 -1.181177713757799660e-03
-2.049999999999983658e+01 7.311125853751852116e-03 -1.117683829164220748e-03
-2.039999999999983515e+01 7.120155620998618387e-03 -1.059248479613557684e-03
-2.029999999999983373e+01 6.938582224295974585e-03 -1.005355601824833118e-03
-2.019999999999983231e+01 6.765727309843146825e-03 -9.555529706278264061e-04
-2.009999999999983089e+01 6.600973963533214584e-03 -9.094430200566120922e-04
-1.999999999999982947e+01 6.443760110005137577e-03 -8.666751578367056386e-04
-1.989999999999982805e+01 6.293572710592221231e-03 -8.269393038107069032e-04
-1.979999999999982663e+01 6.149942655629711367e-03 -7.899604359524319561e-04
-1.969999999999982521e+01 6.012440260621058560e-03 -7.554939694184076206e-04
-1.959999999999982379e+01 5.880671288129873768e-03 -7.233218271884858620e-04
-1.949999999999982236e+01 5.754273427851745205e-03 -6.932490871312675359e-04
-1.939999999999982094e+01 5.632913176577135535e-03 -6.651011113545830800e-04
-1.929999999999981952e+01 5.516283067684998528e-03 -6.387210805603518726e-04
-1.919999999999981810e+01 5.404099206589923869e-03 -6.139678697034078002e-04
-1.909999999999981668e+01 5.296099074487523213e-03 -5.907142122666381818e-04
-1.899999999999981526e+01 5.192039567716007741e-03 -5.688451093890325603e-04
-1.889999999999981384e+01 5.091695244415173245e-03 -5.482564473848810984e-04
-1.879999999999981242e+01 4.994856753877462835e-03 -5.288537931639133733e-04
-1.869999999999981100e+01 4.901329427151159338e-03 -5.105513419654388605e-04
-1.859999999999980957e+01 4.810932010258795952e-03 -4.932709958802130104e-04
-1.849999999999980815e+01 4.723495523716557398e-03 -4.769415549763601552e-04
-1.839999999999980673e+01 4.638862234120485692e-03 -4.614980056370405494e-04
-1.829999999999980531e+01 4.556884725333019102e-03 -4.468808930372036251e-04
-1.819999999999980389e+01 4.477425058308642791e-03 -4.330357666214640811e-04
-1.809999999999980247e+01 4.400354009967990393e-03 -4.199126890790044015e-04
-1.799999999999980105e+01 4.325550382640439354e-03 -4.074658006710096120e-04
-1.789999999999979963e+01 4.252900376624752649e-03 -3.956529319240349295e-04
-1.779999999999979821e+01 4.182297019288587839e-03 -3.844352586770752311e-04
-1.769999999999979678e+01 4.113639644866315392e-03 -3.737769942929395207e-04
-1.759999999999979536e+01 4.046833419816192774e-03 -3.636451145530730875e-04
-1.749999999999979394e+01 3.981788909144037825e-03 -3.540091113478055062e-04
-1.739999999999979252e+01 3.918421679633701804e-03 -3.448407717892564852e-04
-1.729999999999979110e+01 3.856651936371150759e-03 -3.361139798116777279e-04
-1.719999999999978968e+01 3.796404189322550009e-03 -3.278045376970346370e-04
-1.709999999999978826e+01 3.737606947105026004e-03 -3.198900052915588325e-04
-1.699999999999978684e+01 3.680192435362762866e-03 -3.123495549531850367e-04
-1.689999999999978542e+01 3.624096337451095107e-03 -3.051638405135188165e-04
-1.679999999999978400e+01 3.569257555368726860e-03 -2.983148787461530364e-04
-1.669999999999978257e+01 3.515617989071765422e-03 -2.917859420117235349e-04
-1.659999999999978115e+01 3.463122332518606735e-03 -2.855614609108876210e-04
-1.649999999999977973e+01 3.411717884933168285e-03 -2.796269359097010255e-04
-1.639999999999977831e+01 3.361354375939629244e-03 -2.739688570235916101e-04
-1.629999999999977689e+01 3.311983803352673127e-03 -2.685746307502815886e-04
-1.619999999999977547e+01 3.263560282508607205e-03 -2.634325135316413317e-04
-1.609999999999977405e+01 3.216039906152694510e-03 -2.585315511074809348e-04
-1.599999999999977263e+01 3.169380613966409684e-03 -2.538615231919369051e-04
-1.589999999999977121e+01 3.123542070918075651e-03 -2.494128929669364681e-04
-1.579999999999976978e+01 3.078485553694642815e-03 -2.451767609417390345e-04
-1.569999999999976836e+01 3.034173844524824023e-03 -2.411448227744549791e-04
-1.559999999999976694e+01 2.990571131787248243e-03 -2.373093306964106316e-04
-1.549999999999976552e+01 2.947642916828247320e-03 -2.336630582158854565e-04
-1.539999999999976410e+01 2.905355926477317698e-03 -2.301992678127819840e-04
-1.529999999999976268e+01 2.863678030791347046e-03 -2.269116813655290988e-04
-1.519999999999976126e+01 2.822578165584706169e-03 -2.237944530770491101e-04
-1.509999999999975984e+01 2.782026259358885006e-03 -2.208421446920998653e-04
-1.499999999999975842e+01 2.741993164256134596e-03 -2.180497028178105673e-04
-1.489999999999975699e+01 2.702450590703825602e-03 -2.154124381793288978e-04
-1.479999999999975557e+01 2.663371045441724483e-03 -2.129260066594258055e-04
-1.469999999999975415e+01 2.624727772635221737e-03 -2.105863919853840586e-04
-1.459999999999975273e+01 2.586494697818329108e-03 -2.083898899416269154e-04
-1.449999999999975131e+01 2.548646374409527585e-03 -2.063330939976746117e-04
-1.439999999999974989e+01 2.511157932573167099e-03 -2.044128822531341902e-04
-1.429999999999974847e+01 2.474005030214084314e-03 -2.026264056115331517e-04
-1.419999999999974705e+01 2.437163805895059890e-03 -2.009710771035026571e-04
-1.409999999999974563e+01 2.400610833497696280e-03 -1.994445622892595973e-04
-1.399999999999974420e+01 2.364323078439683340e-03 -1.980447706771419256e-04
-1.389999999999974278e+01 2.328277855282985184e-03 -1.967698481027026626e-04
-1.379999999999974136e+01 2.292452786576094567e-03 -1.956181700193420259e-04
-1.369999999999973994e+01 2.256825762769552879e-03 -1.945883356571543482e-04
-1.359999999999973852e+01 2.221374903068632813e-03 -1.936791630129820600e-04
-1.349999999999973710e+01 2.186078517074930769e-03 -1.928896846393417632e-04
-1.339999999999973568e+01 2.150915067084808834e-03 -1.922191442053050158e-04
-1.329999999999973426e+01 2.115863130916734863e-03 -1.916669938070530402e-04
-1.319999999999973284e+01 2.080901365131623305e-03 -1.912328920101416963e-04
-1.309999999999973141e+01 2.046008468530514934e-03 -1.909167026101917203e-04
-1.299999999999972999e+01 2.011163145798130353e-03 -1.907184941025980148e-04
-1.289999999999972857e+01 1.976344071173341196e-03 -1.906385398561722170e-04
-1.279999999999972715e+01 1.941529852027746098e-03 -1.906773189896076681e-04
-1.269999999999972573e+01 1.906698992223499617e-03 -1.908355179534975137e-04
-1.259999999999972431e+01 1.871829855134106088e-03 -1.911140328252297713e-04
-1.249999999999972289e+01 1.836900626200978909e-03 -1.915139723270490430e-04
-1.239999999999972147e+01 1.801889274897250891e-03 -1.920366615830657584e-04
-1.229999999999972005e+01 1.766773515975341574e-03 -1.926836466340908619e-04
-1.219999999999971863e+01 1.731530769858356973e-03 -1.934566997342173993e-04
-1.209999999999971720e+01 1.696138122040828644e-03 -1.943578254574162157e-04
-1.199999999999971578e+01 1.660572281359271735e-03 -1.953892676471389038e-04
-1.189999999999971436e+01 1.624809536975858372e-03 -1.965535172472726556e-04
-1.179999999999971294e+01 1.588825713929242420e-03 -1.978533210577353065e-04
-1.169999999999971152e+01 1.552596127081111096e-03 -1.992916914641802251e-04
-1.159999999999971010e+01 1.516095533289463226e-03 -2.008719171971665596e-04
-1.149999999999970868e+01 1.479298081629966226e-03 -2.025975751826680402e-04
-1.139999999999970726e+01 1.442177261464044208e-03 -2.044725435534620905e-04
-1.129999999999970584e+01 1.404705848158525200e-03 -2.065010158979320529e-04
-1.119999999999970441e+01 1.366855846229635997e-03 -2.086875168320601569e-04
-1.109999999999970299e+01 1.328598429680940413e-03 -2.110369189891206994e-04
-1.099999999999970157e+01 1.289903879288246610e-03 -2.135544615315591410e-04
-1.089999999999970015e+01 1.250741516554253890e-03 -2.162457703013649039e-04
-1.079999999999969873e+01 1.211079634054359686e-03 -2.191168797362352426e-04
-1.069999999999969731e+01 1.170885421853767178e-03 -2.221742566934091544e-04
-1.059999999999969589e+01 1.130124889663528323e-03 -2.254248263370796563e-04
-1.049999999999969447e+01 1.088762784376477027e-03 -2.288760002614940417e-04
-1.039999999999969305e+01 1.046762502581045917e-03 -2.325357070409616081e-04
-1.029999999999969162e+01 1.004085997638589842e-03 -2.364124254164100248e-04
-1.019999999999969020e+01 9.606936808528900029e-04 -2.405152203520201154e-04
-1.009999999999968878e+01 9.165443162335307203e-04 -2.448537822191847245e-04
-9.999999999999687361e+00 8.715949083110841739e-04 -2.494384693924305701e-04
-9.899999999999685940e+00 8.258005823990159644e-04 -2.542803545740492783e-04
-9.799999999999684519e+00 7.791144566654719522e-04 -2.593912751963286536e-04
-9.699999999999683098e+00 7.314875052961446189e-04 -2.647838882908204461e-04
-9.599999999999681677e+00 6.828684119773113098e-04 -2.704717302556659342e-04
-9.499999999999680256e+00 6.332034128557362945e-04 -2.764692819999480227e-04
-9.399999999999678835e+00 5.824361280353500953e-04 -2.827920399999299351e-04
-9.299999999999677414e+00 5.305073806049203505e-04 -2.894565938599841931e-04
-9.199999999999675993e+00 4.773550020664707461e-04 -2.964807110423078309e-04
-9.099999999999674571e+00 4.229136229385536266e-04 -3.038834295048773197e-04
-8.999999999999673150e+00 3.671144471854466407e-04 -3.116851590739405653e-04
-8.899999999999671729e+00 3.098850089682438774e-04 -3.199077924781788080e-04
-8.799999999999670308e+00 2.511489100872517366e-04 -3.285748270794993861e-04
-8.699999999999668887e+00 1.908255362861373955e-04 -3.377114984655699061e-04
-8.599999999999667466e+00 1.288297504136882293e-04 -3.473449272104966144e-04
-8.499999999999666045e+00 6.507156022562271547e-05 -3.575042802730447064e-04
-8.399999999999664624e+00 -5.442416516430320650e-07 -3.682209486910004810e-04
-8.299999999999663203e+00 -6.811846831168526240e-05 -3.795287434378204899e-04
-8.199999999999661782e+00 -1.377579627642455673e-04 -3.914641115553348528e-04
-8.099999999999660361e+00 -2.095760591084485508e-04 -4.040663749511896885e-04
-7.999999999999658939e+00 -2.836930844369797700e-04 -4.173779945680865505e-04
-7.899999999999657518e+00 -3.602369056803812752e-04 -4.314448630022547394e-04
-7.799999999999656097e+00 -4.393435260529234693e-04 -4.463166290640565833e-04
-7.699999999999654676e+00 -5.211577363494687698e-04 -4.620470582663748415e-04
-7.599999999999653255e+00 -6.058338269446742613e-04 -4.786944337845722760e-04
-7.499999999999651834e+00 -6.935363670522443069e-04 -4.963220030820759314e-04
-7.399999999999650413e+00 -7.844410586328714324e-04 -5.149984761561101103e-04
-7.299999999999648992e+00 -8.787356732113966312e-04 -5.347985822278552952e-04
-7.199999999999647571e+00 -9.766210809469249438e-04 -5.558036927327940921e-04
-7.099999999999646150e+00 -1.078312382459705940e-03 -5.781025196565612060e-04
-6.999999999999644729e+00 -1.184040155271248035e-03 -6.017918996592549292e-04
-6.899999999999643308e+00 -1.294051828296796658e-03 -6.269776760790454198e-04
-6.799999999999641886e+00 -1.408613199554112350e-03 -6.537756928244394146e-04
-6.699999999999640465e+00 -1.528010114340901116e-03 -6.823129164509130103e-04
-6.599999999999639044e+00 -1.652550323441673644e-03 -7.127287053999147330e-04
-6.499999999999637623e+00 -1.782565543615386924e-03 -7.451762485643949330e-04
-6.399999999999636202e+00 -1.918413745759576378e-03 -7.798241991426866412e-04
-6.299999999999634781e+00 -2.060481699668414643e-03 -8.168585342419485903e-04
-6.199999999999633360e+00 -2.209187808507576470e-03 -8.564846761037491797e-04
-6.099999999999631939e+00 -2.364985270885839805e-03 -8.989299172841428744e-04
-5.999999999999630518e+00 -2.528365613958345401e-03 -9.444461998986844551e-04
-5.899999999999629097e+00 -2.699862647500359675e-03 -9.933133084427134361e-04
-5.799999999999627676e+00 -2.880056896312824938e-03 -1.045842547038027025e-03
-5.699999999999626255e+00 -3.069580577125266552e-03 -1.102380985779157982e-03
-5.599999999999624833e+00 -3.269123196272795406e-03 -1.163316377661757946e-03
-5.499999999999623412e+00 -3.479437856255967326e-03 -1.229082868154239951e-03
-5.399999999999621991e+00 -3.701348373154646210e-03 -1.300167644769414151e-03
-5.299999999999620570e+00 -3.935757322850400725e-03 -1.377118705126512826e-03
-5.199999999999619149e+00 -4.183655152848127917e-03 -1.460553960605043495e-03
-5.099999999999617728e+00 -4.446130518225212269e-03 -1.551171940636182503e-03
-4.999999999999616307e+00 -4.724382025541304375e-03 -1.649764422562188760e-03
-4.899999999999614886e+00 -5.019731597926235800e-03 -1.757231387142588544e-03
-4.799999999999613465e+00 -5.333639708184786249e-03 -1.874598794405463393e-03
-4.699999999999612044e+00 -5.667722765494820347e-03 -2.003039794462812238e-03
-4.599999999999610623e+00 -6.023772984897434596e-03 -2.143900140442148161e-03
-4.499999999999609201e+00 -6.403781117491808700e-03 -2.298728765847400570e-03
-4.399999999999607780e+00 -6.809962472449460763e-03 -2.469314739720326456e-03
-4.299999999999606359e+00 -7.244786717542781723e-03 -2.657732137525034653e-03
-4.199999999999604938e+00 -7.711012000053741461e-03 -2.866394787950956625e-03
-4.099999999999603517e+00 -8.211723977697066301e-03 -3.098123408102595056e-03
-3.999999999999602096e+00 -8.750380378792593089e-03 -3.356228366366393982e-03
-3.899999999999600675e+00 -9.330861703420879893e-03 -3.644612274610325997e-03
-3.799999999999599254e+00 -9.957528600178185141e-03 -3.967897893062418899e-03
-3.699999999999597833e+00 -1.063528625426225088e-02 -4.331588549152774401e-03
-3.599999999999596412e+00 -1.136965571328937136e-02 -4.742270587476351239e-03
-3.499999999999594991e+00 -1.216685131298678516e-02 -5.207870508280197305e-03
-3.399999999999593570e+00 -1.303386200597986613e-02 -5.737983732613144081e-03
-3.299999999999592148e+00 -1.397853204424351695e-02 -6.344297793734300119e-03
-3.199999999999590727e+00 -1.500963245663588380e-02 -7.041140808384256655e-03
-3.099999999999589306e+00 -1.613690798177199945e-02 -7.846197163682747111e-03
-2.999999999999587885e+00 -1.737107268258554493e-02 -8.781447582035554686e-03
-2.899999999999586464e+00 -1.872370818372108212e-02 -9.874411514381096350e-03
-2.799999999999585043e+00 -2.020698586233036012e-02 -1.115979777723872211e-02
-2.699999999999583622e+00 -2.183307897935482522e-02 -1.268170586455914794e-02
-2.599999999999582201e+00 -2.361303644622016543e-02 -1.449656522601626418e-02
-2.499999999999580780e+00 -2.555472882857583519e-02 -1.667704773579988670e-02
-2.399999999999579359e+00 -2.765920204337919686e-02 -1.931722060728282772e-02
-2.299999999999577938e+00 -2.991430730016678835e-02 -2.253916994486914599e-02
-2.199999999999576517e+00 -3.228369813381906650e-02 -2.650108431390922267e-02
-2.099999999999575095e+00 -3.468804456585200535e-02 -3.140602266379662055e-02
-1.999999999999573674e+00 -3.697352162852212548e-02 -3.750858090902614572e-02
-1.899999999999572253e+00 -3.886066289029303095e-02 -4.511192021107643391e-02
-1.799999999999570832e+00 -3.986666706806293869e-02 -5.453747374207116444e-02
-1.699999999999569411e+00 -3.920343387598609897e-02 -6.603115111021128081e-02
-1.599999999999567990e+00 -3.569006883847490597e-02 -7.954678975256376794e-02
-1.499999999999566569e+00 -2.780981568585273039e-02 -9.435521036052853250e-02
-1.399999999999565148e+00 -1.416926259677847577e-02 -1.085726069716952402e-01
-1.299999999999563727e+00 5.452137100628903776e-03 -1.190932652625388555e-01
-1.199999999999562306e+00 2.898986731115709217e-02 -1.226810632143958413e-01
-1.099999999999560885e+00 5.237144978645713600e-02 -1.180198327710867412e-01
-9.999999999995594635e-01 7.167297811438695654e-02 -1.067518008849952377e-01
-8.999999999995580424e-01 8.513569364712178511e-02 -9.222179090263357693e-02
-7.999999999995566213e-01 9.323488929379997181e-02 -7.745604579481370211e-02
-6.999999999995552002e-01 9.752727834124114148e-02 -6.420756493957660571e-02
-5.999999999995537792e-01 9.967630892371537321e-02 -5.307664734800786321e-02
-4.999999999995523581e-01 1.010572438903700881e-01 -4.392878501134451358e-02
-3.999999999995509370e-01 1.026826557339313162e-01 -3.616685512635882394e-02
-2.999999999995495159e-01 1.051268989972903578e-01 -2.883089924307904311e-02
-1.999999999995480948e-01 1.082901610172825047e-01 -2.075112940099725634e-02
-9.999999999954667373e-02 1.111942250130400489e-01 -1.106699731653114360e-02
4.547473508864641190e-13 1.124018677545954442e-01 4.939104680801165159e-14
1.000000000004561684e-01 1.111942250130193294e-01 1.106699731662690034e-02
2.000000000004575895e-01 1.082901610172528201e-01 2.075112940107733117e-02
3.000000000004590106e-01 1.051268989972640455e-01 2.883089924314738428e-02
4.000000000004604317e-01 1.026826557339132889e-01 3.616685512642577038e-02
5.000000000004618528e-01 1.010572438903576814e-01 4.392878501142021691e-02
6.000000000004632739e-01 9.967630892370113460e-02 5.307664734809948437e-02
7.000000000004646949e-01 9.752727834121416306e-02 6.420756493968772516e-02
8.000000000004661160e-01 9.323488929374626477e-02 7.745604579494275166e-02
9.000000000004675371e-01 8.513569364702563980e-02 9.222179090277046742e-02
1.000000000000468958e+00 7.167297811423725684e-02 1.067518008851178896e-01
1.100000000000470379e+00 5.237144978625838526e-02 1.180198327711636241e-01
1.200000000000471800e+00 2.898986731093684474e-02 1.226810632144010038e-01
1.300000000000473221e+00 5.452137100427557892e-03 1.190932652624706184e-01
1.400000000000474643e+00 -1.416926259693090939e-02 1.085726069715774178e-01
1.500000000000476064e+00 -2.780981568594897285e-02 9.435521036039265508e-02
1.600000000000477485e+00 -3.569006883852429007e-02 7.954678975243315020e-02
1.700000000000478906e+00 -3.920343387600300905e-02 6.603115111009709437e-02
1.800000000000480327e+00 -3.986666706805990640e-02 5.453747374197628200e-02
1.900000000000481748e+00 -3.886066289027895193e-02 4.511192021099947463e-02
2.000000000000483169e+00 -3.697352162850260637e-02 3.750858090896429242e-02
2.100000000000484590e+00 -3.468804456583036988e-02 3.140602266374699358e-02
2.200000000000486011e+00 -3.228369813379720205e-02 2.650108431386924771e-02
2.300000000000487432e+00 -2.991430730014568717e-02 2.253916994483675523e-02
2.400000000000488853e+00 -2.765920204335933774e-02 1.931722060725637666e-02
2.500000000000490274e+00 -2.555472882855742631e-02 1.667704773577812633e-02
2.600000000000491696e+00 -2.361303644620325187e-02 1.449656522599821959e-02
2.700000000000493117e+00 -2.183307897933934108e-02 1.268170586454406626e-02
2.800000000000494538e+00 -2.020698586231623253e-02 1.115979777722602914e-02
2.900000000000495959e+00 -1.872370818370821394e-02 9.874411514370341064e-03
3.000000000000497380e+00 -1.737107268257379392e-02 8.781447582026379733e-03
3.100000000000498801e+00 -1.613690798176128580e-02 7.846197163674867997e-03
3.200000000000500222e+00 -1.500963245662608955e-02 7.041140808377457407e-03
3.300000000000501643e+00 -1.397853204423454496e-02 6.344297793728395987e-03
3.400000000000503064e+00 -1.303386200597165048e-02 5.737983732607993687e-03
3.500000000000504485e+00 -1.216685131297922870e-02 5.207870508275686157e-03
3.600000000000505906e+00 -1.136965571328241512e-02 4.742270587472376987e-03
3.700000000000507328e+00 -1.063528625425584281e-02 4.331588549149263320e-03
3.800000000000508749e+00 -9.957528600172269734e-03 3.967897893059303335e-03
3.900000000000510170e+00 -9.330861703415408576e-03 3.644612274607553042e-03
4.000000000000511591e+00 -8.750380378787506880e-03 3.356228366363913328e-03
4.100000000000513012e+00 -8.211723977692340914e-03 3.098123408100370273e-03
4.200000000000514433e+00 -7.711012000049345672e-03 2.866394787948959091e-03
4.300000000000515854e+00 -7.244786717538687776e-03 2.657732137523233142e-03
4.400000000000517275e+00 -6.809962472445630494e-03 2.469314739718695816e-03
4.500000000000518696e+00 -6.403781117488242108e-03 2.298728765845923887e-03
4.600000000000520117e+00 -6.023772984894083110e-03 2.143900140440806786e-03
4.700000000000521538e+00 -5.667722765491683967e-03 2.003039794461588391e-03
4.800000000000522959e+00 -5.333639708181837219e-03 1.874598794404347532e-03
4.900000000000524381e+00 -5.019731597923463712e-03 1.757231387141567659e-03
5.000000000000525802e+00 -4.724382025538702290e-03 1.649764422561254612e-03
5.100000000000527223e+00 -4.446130518222759370e-03 1.551171940635323598e-03
5.200000000000528644e+00 -4.183655152845806857e-03 1.460553960604253111e-03
5.300000000000530065e+00 -3.935757322848201095e-03 1.377118705125784243e-03
5.400000000000531486e+00 -3.701348373152571480e-03 1.300167644768742380e-03
5.500000000000532907e+00 -3.479437856253996680e-03 1.229082868153619137e-03
5.600000000000534328e+00 -3.269123196270928844e-03 1.163316377661182234e-03
5.700000000000535749e+00 -3.069580577123500603e-03 1.102380985778624554e-03
5.800000000000537170e+00 -2.880056896311143991e-03 1.045842547037531978e-03
5.900000000000538591e+00 -2.699862647498756790e-03 9.933133084422530838e-04
6.000000000000540012e+00 -2.528365613956824048e-03 9.444461998982559784e-04
6.100000000000541434e+00 -2.364985270884387841e-03 8.989299172837432374e-04
6.200000000000542855e+00 -2.209187808506188691e-03 8.564846761033764310e-04
6.300000000000544276e+00 -2.060481699667087579e-03 8.168585342416001278e-04
6.400000000000545697e+00 -1.918413745758315234e-03 7.798241991423615974e-04
6.500000000000547118e+00 -1.782565543614177822e-03 7.451762485640898385e-04
6.600000000000548539e+00 -1.652550323440514848e-03 7.127287053996291541e-04
6.700000000000549960e+00 -1.528010114339790892e-03 6.823129164506454292e-04
6.800000000000551381e+00 -1.408613199553048964e-03 6.537756928241880965e-04
6.900000000000552802e+00 -1.294051828295774906e-03 6.269776760788088469e-04
7.000000000000554223e+00 -1.184040155270271386e-03 6.017918996590326678e-04
7.100000000000555644e+00 -1.078312382458765720e-03 5.781025196563519550e-04
7.200000000000557066e+00 -9.766210809460194181e-04 5.558036927325974179e-04
7.300000000000558487e+00 -8.787356732105223306e-04 5.347985822276696798e-04
7.400000000000559908e+00 -7.844410586320318263e-04 5.149984761559352284e-04
7.500000000000561329e+00 -6.935363670514341911e-04 4.963220030819115664e-04
7.600000000000562750e+00 -6.058338269438901663e-04 4.786944337844166930e-04
7.700000000000564171e+00 -5.211577363487141651e-04 4.620470582662279321e-04
7.800000000000565592e+00 -4.393435260521948854e-04 4.463166290639178054e-04
7.900000000000567013e+00 -3.602369056796717733e-04 4.314448630021231173e-04
8.000000000000568434e+00 -2.836930844362945542e-04 4.173779945679621925e-04
8.100000000000569855e+00 -2.095760591077806823e-04 4.040663749510720526e-04
8.200000000000571276e+00 -1.377579627636002502e-04 3.914641115552230715e-04
8.300000000000572697e+00 -6.811846831105902722e-05 3.795287434377146718e-04
8.400000000000574119e+00 -5.442416510393482953e-07 3.682209486909004091e-04
8.500000000000575540e+00 6.507156022620731728e-05 3.575042802729500556e-04
8.600000000000576961e+00 1.288297504142641575e-04 3.473449272104067341e-04
8.700000000000578382e+00 1.908255362866925070e-04 3.377114984654847963e-04
8.800000000000579803e+00 2.511489100877929703e-04 3.285748270794186130e-04
8.900000000000581224e+00 3.098850089687712334e-04 3.199077924781021549e-04
9.000000000000582645e+00 3.671144471859583841e-04 3.116851590738677069e-04
9.100000000000584066e+00 4.229136229390532270e-04 3.038834295048082560e-04
9.200000000000585487e+00 4.773550020669582034e-04 2.964807110422420199e-04
9.300000000000586908e+00 5.305073806053956648e-04 2.894565938599218515e-04
9.400000000000588329e+00 5.824361280358167359e-04 2.827920399998708461e-04
9.500000000000589750e+00 6.332034128561925268e-04 2.764692819998919695e-04
9.600000000000591172e+00 6.828684119777588685e-04 2.704717302556125915e-04
9.700000000000592593e+00 7.314875052965835039e-04 2.647838882907701391e-04
9.800000000000594014e+00 7.791144566659004289e-04 2.593912751962807318e-04
9.900000000000595435e+00 8.258005823994340328e-04 2.542803545740040670e-04
1.000000000000059686e+01 8.715949083114970380e-04 2.494384693923877442e-04
1.010000000000059828e+01 9.165443162339366456e-04 2.448537822191440669e-04
1.020000000000059970e+01 9.606936808532872546e-04 2.405152203519817346e-04
1.030000000000060112e+01 1.004085997638980154e-03 2.364124254163739751e-04
1.040000000000060254e+01 1.046762502581431026e-03 2.325357070409272389e-04
1.050000000000060396e+01 1.088762784376855197e-03 2.288760002614616783e-04
1.060000000000060538e+01 1.130124889663901289e-03 2.254248263370491902e-04
1.070000000000060680e+01 1.170885421854134939e-03 2.221742566933804773e-04
1.080000000000060822e+01 1.211079634054723977e-03 2.191168797362083543e-04
1.090000000000060965e+01 1.250741516554612978e-03 2.162457703013395877e-04
1.100000000000061107e+01 1.289903879288598759e-03 2.135544615315355596e-04
1.110000000000061249e+01 1.328598429681289092e-03 2.110369189890985817e-04
1.120000000000061391e+01 1.366855846229985544e-03 2.086875168320395570e-04
1.130000000000061533e+01 1.404705848158868675e-03 2.065010158979126999e-04
1.140000000000061675e+01 1.442177261464385081e-03 2.044725435534443638e-04
1.150000000000061817e+01 1.479298081630301895e-03 2.025975751826516688e-04
1.160000000000061959e+01 1.516095533289794559e-03 2.008719171971516519e-04
1.170000000000062101e+01 1.552596127081442429e-03 1.992916914641664557e-04
1.180000000000062244e+01 1.588825713929572017e-03 1.978533210577228924e-04
1.190000000000062386e+01 1.624809536976185367e-03 1.965535172472614883e-04
1.200000000000062528e+01 1.660572281359592658e-03 1.953892676471289292e-04
1.210000000000062670e+01 1.696138122041150435e-03 1.943578254574074879e-04
1.220000000000062812e+01 1.731530769858679632e-03 1.934566997342097015e-04
1.230000000000062954e+01 1.766773515975661631e-03 1.926836466340844651e-04
1.240000000000063096e+01 1.801889274897568345e-03 1.920366615830605000e-04
1.250000000000063238e+01 1.836900626201294628e-03 1.915139723270448688e-04
1.260000000000063380e+01 1.871829855134423543e-03 1.911140328252266814e-04
1.270000000000063523e+01 1.906698992223815337e-03 1.908355179534955079e-04
1.280000000000063665e+01 1.941529852028039266e-03 1.906773189895699921e-04
1.290000000000063807e+01 1.976344071173659518e-03 1.906385398561723796e-04
1.300000000000063949e+01 2.011163145798445205e-03 1.907184941025992617e-04
1.310000000000064091e+01 2.046008468530831521e-03 1.909167026101939429e-04
1.320000000000064233e+01 2.080901365131943362e-03 1.912328920101450573e-04
1.330000000000064375e+01 2.115863130917054052e-03 1.916669938070575396e-04
1.340000000000064517e+01 2.150915067085127155e-03 1.922191442053105452e-04
1.350000000000064659e+01 2.186078517075251693e-03 1.928896846393483768e-04
1.360000000000064801e+01 2.221374903068953736e-03 1.936791630129897036e-04
1.370000000000064944e+01 2.256825762769874670e-03 1.945883356571631844e-04
1.380000000000065086e+01 2.292452786576420695e-03 1.956181700193517837e-04
1.390000000000065228e+01 2.328277855283312180e-03 1.967698481027136130e-04
1.400000000000065370e+01 2.364323078440013805e-03 1.980447706771541229e-04
1.410000000000065512e+01 2.400610833498028479e-03 1.994445622892728246e-04
1.420000000000065654e+01 2.437163805895391222e-03 2.009710771035171854e-04
1.430000000000065796e+01 2.474005030214420850e-03 2.026264056115487100e-04
1.440000000000065938e+01 2.511157932573506238e-03 2.044128822531509954e-04
1.450000000000066080e+01 2.548646374409868458e-03 2.063330939976927179e-04
1.460000000000066223e+01 2.586494697818672583e-03 2.083898899416462684e-04
1.470000000000066365e+01 2.624727772635570416e-03 2.105863919854047397e-04
1.480000000000066507e+01 2.663371045442078366e-03 2.129260066594476793e-04
1.490000000000066649e+01 2.702450590704182087e-03 2.154124381793522081e-04
1.500000000000066791e+01 2.741993164256497154e-03 2.180497028178351787e-04
1.510000000000066933e+01 2.782026259359251033e-03 2.208421446921260216e-04
1.520000000000067075e+01 2.822578165585077400e-03 2.237944530770766488e-04
1.530000000000067217e+01 2.863678030791721747e-03 2.269116813655582638e-04
1.540000000000067359e+01 2.905355926477699337e-03 2.301992678128126670e-04
1.550000000000067502e+01 2.947642916828635898e-03 2.336630582159178200e-04
1.560000000000067644e+01 2.990571131787641591e-03 2.373093306964446213e-04
1.570000000000067786e+01 3.034173844525224310e-03 2.411448227744906764e-04
1.580000000000067928e+01 3.078485553695048740e-03 2.451767609417766563e-04
1.590000000000068070e+01 3.123542070918489382e-03 2.494128929669759331e-04
1.600000000000068212e+01 3.169380613966829487e-03 2.538615231919784301e-04
1.610000000000068354e+01 3.216039906153124288e-03 2.585315511075244113e-04
1.620000000000068496e+01 3.263560282509043488e-03 2.634325135316869767e-04
1.630000000000068638e+01 3.311983803353118951e-03 2.685746307503296187e-04
1.640000000000068781e+01 3.361354375940084176e-03 2.739688570236418087e-04
1.650000000000068923e+01 3.411717884933630589e-03 2.796269359097537177e-04
1.660000000000069065e+01 3.463122332519079447e-03 2.855614609109428069e-04
1.670000000000069207e+01 3.515617989072249844e-03 2.917859420117814855e-04
1.680000000000069349e+01 3.569257555369222557e-03 2.983148787462138601e-04
1.690000000000069491e+01 3.624096337451600345e-03 3.051638405135826760e-04
1.700000000000069633e+01 3.680192435363278947e-03 3.123495549532519320e-04
1.710000000000069775e+01 3.737606947105554227e-03 3.198900052916290888e-04
1.720000000000069917e+01 3.796404189323091677e-03 3.278045376971084170e-04
1.730000000000070060e+01 3.856651936371705870e-03 3.361139798117551399e-04
1.740000000000070202e+01 3.918421679634271661e-03 3.448407717893378003e-04
1.750000000000070344e+01 3.981788909144623294e-03 3.540091113478911582e-04
1.760000000000070486e+01 4.046833419816792121e-03 3.636451145531628053e-04
1.770000000000070628e+01 4.113639644866929485e-03 3.737769942930342258e-04
1.780000000000070770e+01 4.182297019289221880e-03 3.844352586771746525e-04
1.790000000000070912e+01 4.252900376625402303e-03 3.956529319241396635e-04
1.800000000000071054e+01 4.325550382641110692e-03 4.074658006711198753e-04
1.810000000000071196e+01 4.400354009968680813e-03 4.199126890791207364e-04
1.820000000000071338e+01 4.477425058309354028e-03 4.330357666215865417e-04
1.830000000000071481e+01 4.556884725333751156e-03 4.468808930373328620e-04
1.840000000000071623e+01 4.638862234121242899e-03 4.614980056371769963e-04
1.850000000000071765e+01 4.723495523717339759e-03 4.769415549765044626e-04
1.860000000000071907e+01 4.810932010259606935e-03 4.932709958803657745e-04
1.870000000000072049e+01 4.901329427151996342e-03 5.105513419656006234e-04
1.880000000000072191e+01 4.994856753878327595e-03 5.288537931640847857e-04
1.890000000000072333e+01 5.091695244416069230e-03 5.482564473850629191e-04
1.900000000000072475e+01 5.192039567716936685e-03 5.688451093892255483e-04
1.910000000000072617e+01 5.296099074488485985e-03 5.907142122668433129e-04
1.920000000000072760e+01 5.404099206590924805e-03 6.139678697036259417e-04
1.930000000000072902e+01 5.516283067686036760e-03 6.387210805605841087e-04
1.940000000000073044e+01 5.632913176578218002e-03 6.651011113548307117e-04
1.950000000000073186e+01 5.754273427852869306e-03 6.932490871315318643e-04
1.960000000000073328e+01 5.880671288131048176e-03 7.233218271887688388e-04
1.970000000000073470e+01 6.012440260622281540e-03 7.554939694187103299e-04
1.980000000000073612e+01 6.149942655630986389e-03 7.899604359527565662e-04
1.990000000000073754e+01 6.293572710593555233e-03 8.269393038110553658e-04
2.000000000000073896e+01 6.443760110006534897e-03 8.666751578370803389e-04
2.010000000000074039e+01 6.600973963534678690e-03 9.094430200570156322e-04
2.020000000000074181e+01 6.765727309844682055e-03 9.555529706282623638e-04
2.030000000000074323e+01 6.938582224297586143e-03 1.005355601825304096e-03
2.040000000000074465e+01 7.120155621000312345e-03 1.059248479614067909e-03
2.050000000000074607e+01 7.311125853753632810e-03 1.117683829164774125e-03
2.060000000000074749e+01 7.512240236418788950e-03 1.181177713758402043e-03
2.070000000000074891e+01 7.724323621200618675e-03 1.250321044367386485e-03
2.080000000000075033e+01 7.948288192919757827e-03 1.325792844200185351e-03
2.090000000000075175e+01 8.185144658371674986e-03 1.408376304869783310e-03
2.100000000000075318e+01 8.436015030942437681e-03 1.498978316651954209e-03
2.110000000000075460e+01 8.702147229983058993e-03 1.598653345684952244e-03
2.120000000000075602e+01 8.984931728527687650e-03 1.708632781052211265e-03
2.130000000000075744e+01 9.285920485385235068e-03 1.830361205071351577e-03
2.140000000000075886e+01 9.606848378621326429e-03 1.965541479458845359e-03
2.150000000000076028e+01 9.949657299405140209e-03 2.116191127646570302e-03
2.160000000000076170e+01 1.031652294004888580e-02 2.284713284340645061e-03
2.170000000000076312e+01 1.070988407103683898e-02 2.473986553969134087e-03
2.180000000000076454e+01 1.113247367107603539e-02 2.687479576639791035e-03
2.190000000000076597e+01 1.158735052390558184e-02 2.929398093052665557e-03
2.200000000000076739e+01 1.207792861126934583e-02 3.204875035481399327e-03
2.210000000000076881e+01 1.260799945522511102e-02 3.520217935584589800e-03
2.220000000000077023e+01 1.318173889108998492e-02 3.883233115137014763e-03
2.230000000000077165e+01 1.380368355950906990e-02 4.303653208049291502e-03
2.240000000000077307e+01 1.447865194297571698e-02 4.793704139971309043e-03
2.250000000000077449e+01 1.521156703175657529e-02 5.368860329172207325e-03
2.260000000000077591e+01 1.600710750835886848e-02 6.048852739079147237e-03
2.270000000000077733e+01 1.686906277746783034e-02 6.859012284176041474e-03
2.280000000000077875e+01 1.779917904663609260e-02 7.832045844509940430e-03
2.290000000000078018e+01 1.879513370892740495e-02 9.010338755916426356e-03
2.300000000000078160e+01 1.984702373347824178e-02 1.044881722538213570e-02
2.310000000000078302e+01 2.093134599575976335e-02 1.221819266607852492e-02
2.320000000000078444e+01 2.200083584054259717e-02 1.440783242168244306e-02
2.330000000000078586e+01 2.296777797646377961e-02 1.712609905630056023e-02
2.340000000000078728e+01 2.367803907917978221e-02 2.049291065774758863e-02
2.350000000000078870e+01 2.387506202463343663e-02 2.461331853501707786e-02
2.360000000000079012e+01 2.316278794606457109e-02 2.951222254028175451e-02
2.370000000000079154e+01 2.100386887221045856e-02 3.500726686034909968e-02
2.380000000000079297e+01 1.683718117281591056e-02 4.053089187150182154e-02
2.390000000000079439e+01 1.040984419482036960e-02 4.503348143868642073e-02
2.400000000000079581e+01 2.231236901303708040e-03 4.724740909511795928e-02
2.410000000000079723e+01 -6.327842787318996645e-03 4.640138959120078399e-02
2.420000000000079865e+01 -1.368036425047108699e-02 4.280200026825519560e-02
2.430000000000080007e+01 -1.888983897896050201e-02 3.759109412384153970e-02
2.440000000000080149e+01 -2.190905020948810678e-02 3.198272996908776977e-02
2.450000000000080291e+01 -2.321258494012400780e-02 2.676827717119556471e-02
2.460000000000080433e+01 -2.337473315378894856e-02 2.228457393839458969e-02
2.470000000000080576e+01 -2.286084677472168675e-02 1.858188765826638070e-02
2.480000000000080718e+01 -2.198772272461347113e-02 1.558056500456439161e-02
2.490000000000080860e+01 -2.095156595335551097e-02 1.316245058732173207e-02
2.500000000000081002e+01 -1.986671254673335121e-02 1.121215942847335161e-02
2.510000000000081144e+01 -1.879642336821941290e-02 9.631350733775360246e-03
2.520000000000081286e+01 -1.777351703164629926e-02 8.341027665336557539e-03
2.530000000000081428e+01 -1.681318848090337242e-02 7.279426419080019250e-03
2.540000000000081570e+01 -1.592068246059212544e-02 6.398791646953013758e-03
2.550000000000081712e+01 -1.509579755537891234e-02 5.662293955886179772e-03
2.560000000000081855e+01 -1.433549734446726114e-02 5.041466946948818494e-03
2.570000000000081997e+01 -1.363540715219493590e-02 4.514199567482799456e-03
2.580000000000082139e+01 -1.299065897643553527e-02 4.063206699410815484e-03
2.590000000000082281e+01 -1.239635652603128177e-02 3.674878480294435645e-03
2.600000000000082423e+01 -1.184781971098189043e-02 3.338418124794204165e-03
2.610000000000082565e+01 -1.134070197787650711e-02 3.045195487824801494e-03
2.620000000000082707e+01 -1.087103529175227797e-02 2.788260700024395525e-03
2.630000000000082849e+01 -1.043523493074042727e-02 2.561976354797412467e-03
2.640000000000082991e+01 -1.003008293341982674e-02 2.361737648957401309e-03
2.650000000000083134e+01 -9.652701163036509283e-03 2.183758030668815631e-03
2.660000000000083276e+01 -9.300520285915742091e-03 2.024903890949599893e-03
2.670000000000083418e+01 -8.971248193521052725e-03 1.882566192222096327e-03
2.680000000000083560e+01 -8.662839760388374097e-03 1.754560094168604398e-03
2.690000000000083702e+01 -8.373468868197887077e-03 1.639045940985931317e-03
2.700000000000083844e+01 -8.101503068813570643e-03 1.534466655428609995e-03
2.710000000000083986e+01 -7.845480944348373967e-03 1.439497817533609905e-03
2.720000000000084128e+01 -7.604092052002761268e-03 1.353007613965902245e-03
2.730000000000084270e+01 -7.376159257150060981e-03 1.274024516920714469e-03
2.740000000000084412e+01 -7.160623223845154726e-03 1.201711053192607709e-03
2.750000000000084555e+01 -6.956528826077409619e-03 1.135342400284436578e-03
2.760000000000084697e+01 -6.763013252920499659e-03 1.074288830439407193e-03
2.770000000000084839e+01 -6.579295598074417009e-03 1.018001239050928940e-03
2.780000000000084981e+01 -6.404667745001141679e-03 9.659991586227069209e-04
2.790000000000085123e+01 -6.238486380046750698e-03 9.178607859885653001e-04
2.800000000000085265e+01 -6.080165986224506797e-03 8.732146482723453966e-04
2.810000000000085407e+01 -5.929172689178200534e-03 8.317326090843250343e-04
2.820000000000085549e+01 -5.785018843638798855e-03 7.931239757971288249e-04
2.830000000000085691e+01 -5.647258263692630717e-03 7.571305153939122913e-04
2.840000000000085834e+01 -5.515482013270447612e-03 7.235222231934295475e-04
2.850000000000085976e+01 -5.389314684612009528e-03 6.920937179513946946e-04
2.860000000000086118e+01 -5.268411102383906662e-03 6.626611601363498628e-04
2.870000000000086260e+01 -5.152453399557029370e-03 6.350596088032839284e-04
2.880000000000086402e+01 -5.041148418506068846e-03 6.091407474952898263e-04
2.890000000000086544e+01 -4.934225397073725879e-03 5.847709217156908321e-04
2.900000000000086686e+01 -4.831433904705213951e-03 5.618294403311798477e-04
2.910000000000086828e+01 -4.732541998451221706e-03 5.402071012823036296e-04
2.920000000000086970e+01 -4.637334572565912985e-03 5.198049085076149626e-04
2.930000000000087113e+01 -4.545611878887792154e-03 5.005329523655243718e-04
2.940000000000087255e+01 -4.457188198136260819e-03 4.823094302592587698e-04
2.950000000000087397e+01 -4.371890644767791913e-03 4.650597878194236102e-04
2.960000000000087539e+01 -4.289558090272475865e-03 4.487159640395827842e-04
2.970000000000087681e+01 -4.210040191638445527e-03 4.332157262727368615e-04
2.980000000000087823e+01 -4.133196513377752207e-03 4.185020831078078117e-04
2.990000000000087965e+01 -4.058895732923029423e-03 4.045227649070093009e-04
3.000000000000088107e+01 -3.987014920410168750e-03 3.912297632603212020e-04
3.010000000000088249e+01 -3.917438884969647560e-03 3.785789218670296188e-04
3.020000000000088392e+01 -3.850059580541129785e-03 3.665295723995070113e-04
3.030000000000088534e+01 -3.784775565061287463e-03 3.550442098003736861e-04
3.040000000000088676e+01 -3.721491507581002351e-03 3.440882022204100571e-04
3.050000000000088818e+01 -3.660117738466439966e-03 3.336295314450591840e-04
3.060000000000088960e+01 -3.600569838413428606e-03 3.236385602127349868e-04
3.070000000000089102e+01 -3.542768262447457388e-03 3.140878232925054621e-04
3.080000000000089244e+01 -3.486637995520320589e-03 3.049518395954156809e-04
3.090000000000089386e+01 -3.432108236680574999e-03 2.962069429396673500e-04
3.100000000000089528e+01 -3.379112109101179134e-03 2.878311293852279574e-04
3.110000000000089670e+01 -3.327586393561755233e-03 2.798039193154103817e-04
3.120000000000089813e+01 -3.277471283207504006e-03 2.721062326609975505e-04
3.130000000000089955e+01 -3.228710157648436926e-03 2.647202758582902849e-04
3.140000000000090097e+01 -3.181249374659671485e-03 2.576294392996781733e-04
3.150000000000090239e+01 -3.135038077904096516e-03 2.508182041787051760e-04
3.160000000000090381e+01 -3.090028019279574337e-03 2.442720577623021792e-04
3.170000000000090523e+01 -3.046173394607699057e-03 2.379774162300641433e-04
3.180000000000090665e+01 -3.003430691520846303e-03 2.319215543197999994e-04
3.190000000000090807e+01 -2.961758548513992138e-03 2.260925411033760577e-04
