-3.000000000000000000e+01 1.010840862423208848e-03
-2.989999999999999858e+01 1.019283616912125719e-03
-2.979999999999999716e+01 1.027839384273588220e-03
-2.969999999999999574e+01 1.036510316596854671e-03
-2.959999999999999432e+01 1.045298620273367235e-03
-2.949999999999999289e+01 1.054206557722976549e-03
-2.939999999999999147e+01 1.063236449186672405e-03
-2.929999999999999005e+01 1.072390674588864041e-03
-2.919999999999998863e+01 1.081671675472405418e-03
-2.909999999999998721e+01 1.091081957009661010e-03
-2.899999999999998579e+01 1.100624090093168302e-03
-2.889999999999998437e+01 1.110300713509588914e-03
-2.879999999999998295e+01 1.120114536200845189e-03
-2.869999999999998153e+01 1.130068339616589540e-03
-2.859999999999998010e+01 1.140164980162297181e-03
-2.849999999999997868e+01 1.150407391747583583e-03
-2.839999999999997726e+01 1.160798588439596957e-03
-2.829999999999997584e+01 1.171341667226523170e-03
-2.819999999999997442e+01 1.182039810896631489e-03
-2.809999999999997300e+01 1.192896291038515917e-03
-2.799999999999997158e+01 1.203914471168529478e-03
-2.789999999999997016e+01 1.215097809991787887e-03
-2.779999999999996874e+01 1.226449864803401315e-03
-2.769999999999996732e+01 1.237974295037042516e-03
-2.759999999999996589e+01 1.249674865968391276e-03
-2.749999999999996447e+01 1.261555452581338650e-03
-2.739999999999996305e+01 1.273620043605410129e-03
-2.729999999999996163e+01 1.285872745733292579e-03
-2.719999999999996021e+01 1.298317788027912676e-03
-2.709999999999995879e+01 1.310959526529104384e-03
-2.699999999999995737e+01 1.323802449070443383e-03
-2.689999999999995595e+01 1.336851180317526330e-03
-2.679999999999995453e+01 1.350110487039705076e-03
-2.669999999999995310e+01 1.363585283627901821e-03
-2.659999999999995168e+01 1.377280637872058599e-03
-2.649999999999995026e+01 1.391201777012550335e-03
-2.639999999999994884e+01 1.405354094080793871e-03
-2.629999999999994742e+01 1.419743154545349828e-03
-2.619999999999994600e+01 1.434374703280707954e-03
-2.609999999999994458e+01 1.449254671877200223e-03
-2.599999999999994316e+01 1.464389186311665933e-03
-2.589999999999994174e+01 1.479784574999694607e-03
-2.579999999999994031e+01 1.495447377251778436e-03
-2.569999999999993889e+01 1.511384352157130228e-03
-2.559999999999993747e+01 1.527602487920517440e-03
-2.549999999999993605e+01 1.544109011679281563e-03
-2.539999999999993463e+01 1.560911399829416433e-03
-2.529999999999993321e+01 1.578017388891711503e-03
-2.519999999999993179e+01 1.595434986951119313e-03
-2.509999999999993037e+01 1.613172485704709265e-03
-2.499999999999992895e+01 1.631238473156238064e-03
-2.489999999999992752e+01 1.649641846997992444e-03
-2.479999999999992610e+01 1.668391828723474147e-03
-2.469999999999992468e+01 1.687497978517791793e-03
-2.459999999999992326e+01 1.706970210975854770e-03
-2.449999999999992184e+01 1.726818811702336828e-03
-2.439999999999992042e+01 1.747054454851397704e-03
-2.429999999999991900e+01 1.767688221668353493e-03
-2.419999999999991758e+01 1.788731620100405054e-03
-2.409999999999991616e+01 1.810196605548554686e-03
-2.399999999999991473e+01 1.832095602838419105e-03
-2.389999999999991331e+01 1.854441529493820826e-03
-2.379999999999991189e+01 1.877247820403434063e-03
-2.369999999999991047e+01 1.900528453978103226e-03
-2.359999999999990905e+01 1.924297979904276805e-03
-2.349999999999990763e+01 1.948571548607349073e-03
-2.339999999999990621e+01 1.973364942548207473e-03
-2.329999999999990479e+01 1.998694609486328672e-03
-2.319999999999990337e+01 2.024577697853844650e-03
-2.309999999999990195e+01 2.051032094397289406e-03
-2.299999999999990052e+01 2.078076464256781771e-03
-2.289999999999989910e+01 2.105730293667140620e-03
-2.279999999999989768e+01 2.134013935481409059e-03
-2.269999999999989626e+01 2.162948657734553928e-03
-2.259999999999989484e+01 2.192556695484595714e-03
-2.249999999999989342e+01 2.222861306189426699e-03
-2.239999999999989200e+01 2.253886828900833039e-03
-2.229999999999989058e+01 2.285658747583026174e-03
-2.219999999999988916e+01 2.318203758890960507e-03
-2.209999999999988773e+01 2.351549844775115833e-03
-2.199999999999988631e+01 2.385726350313870699e-03
-2.189999999999988489e+01 2.420764067212416350e-03
-2.179999999999988347e+01 2.456695323449587919e-03
-2.169999999999988205e+01 2.493554079600534754e-03
-2.159999999999988063e+01 2.531376032414909411e-03
-2.149999999999987921e+01 2.570198726287967368e-03
-2.139999999999987779e+01 2.610061673325566201e-03
-2.129999999999987637e+01 2.651006482775449848e-03
-2.119999999999987494e+01 2.693077000676503008e-03
-2.109999999999987352e+01 2.736319460665754752e-03
-2.099999999999987210e+01 2.780782646982025118e-03
-2.089999999999987068e+01 2.826518070815325911e-03
-2.079999999999986926e+01 2.873580161274722888e-03
-2.069999999999986784e+01 2.922026472386224632e-03
-2.059999999999986642e+01 2.971917907687420153e-03
-2.049999999999986500e+01 3.023318964160774756e-03
-2.039999999999986358e+01 3.076297997444394413e-03
-2.029999999999986215e+01 3.130927510480521932e-03
-2.019999999999986073e+01 3.187284468012941633e-03
-2.009999999999985931e+01 3.245450639627344563e-03
-1.999999999999985789e+01 3.305512974349189906e-03
-1.989999999999985647e+01 3.367564010177447834e-03
-1.979999999999985505e+01 3.431702322344801475e-03
-1.969999999999985363e+01 3.498033014564952328e-03
-1.959999999999985221e+01 3.566668258062736813e-03
-1.949999999999985079e+01 3.637727883792997007e-03
-1.939999999999984936e+01 3.711340033952988463e-03
-1.929999999999984794e+01 3.787641879692613470e-03
-1.919999999999984652e+01 3.866780412844558236e-03
-1.909999999999984510e+01 3.948913320552054594e-03
-1.899999999999984368e+01 4.034209952886817600e-03
-1.889999999999984226e+01 4.122852394953240886e-03
-1.879999999999984084e+01 4.215036656597713829e-03
-1.869999999999983942e+01 4.310973994721828406e-03
-1.859999999999983800e+01 4.410892385383522428e-03
-1.849999999999983658e+01 4.515038165412529024e-03
-1.839999999999983515e+01 4.623677866233302618e-03
-1.829999999999983373e+01 4.737100266058818371e-03
-1.819999999999983231e+01 4.855618690685180837e-03
-1.809999999999983089e+01 4.979573597897976947e-03
-1.799999999999982947e+01 5.109335486133843689e-03
-1.789999999999982805e+01 5.245308174693485981e-03
-1.779999999999982663e+01 5.387932510685658483e-03
-1.769999999999982521e+01 5.537690567244167930e-03
-1.759999999999982379e+01 5.695110408714874201e-03
-1.749999999999982236e+01 5.860771511839987791e-03
-1.739999999999982094e+01 6.035310947942496528e-03
-1.729999999999981952e+01 6.219430450326195355e-03
-1.719999999999981810e+01 6.413904514284063038e-03
-1.709999999999981668e+01 6.619589705162786178e-03
-1.699999999999981526e+01 6.837435384015808082e-03
-1.689999999999981384e+01 7.068496101931012743e-03
-1.679999999999981242e+01 7.313945964974215633e-03
-1.669999999999981100e+01 7.575095334171460040e-03
-1.659999999999980957e+01 7.853410302023690684e-03
-1.649999999999980815e+01 8.150535482519399855e-03
-1.639999999999980673e+01 8.468320770382552556e-03
-1.629999999999980531e+01 8.808852873710922016e-03
-1.619999999999980389e+01 9.174492610492782432e-03
-1.609999999999980247e+01 9.567919194533083468e-03
-1.599999999999980105e+01 9.992183034285527510e-03
-1.589999999999979963e+01 1.045076894775631877e-02
-1.579999999999979821e+01 1.094767218297417778e-02
-1.569999999999979678e+01 1.148749025989189224e-02
-1.559999999999979536e+01 1.207553446084880244e-02
-1.549999999999979394e+01 1.271796585352853899e-02
-1.539999999999979252e+01 1.342196211517486873e-02
-1.529999999999979110e+01 1.419592325242446593e-02
-1.519999999999978968e+01 1.504972673250723654e-02
-1.509999999999978826e+01 1.599504577294453417e-02
-1.499999999999978684e+01 1.704574887551244672e-02
-1.489999999999978542e+01 1.821840455028624073e-02
-1.479999999999978400e+01 1.953292313527433058e-02
-1.469999999999978257e+01 2.101337848414598294e-02
-1.459999999999978115e+01 2.268906719380553438e-02
-1.449999999999977973e+01 2.459588352953640325e-02
-1.439999999999977831e+01 2.677811639139815111e-02
-1.429999999999977689e+01 2.929081333450104727e-02
-1.419999999999977547e+01 3.220290924775661562e-02
-1.409999999999977405e+01 3.560138749395264091e-02
-1.399999999999977263e+01 3.959683154022216461e-02
-1.389999999999977121e+01 4.433083227316838432e-02
-1.379999999999976978e+01 4.998582081434477242e-02
-1.369999999999976836e+01 5.679793635854552686e-02
-1.359999999999976694e+01 6.507334576191893538e-02
-1.349999999999976552e+01 7.520759170104183988e-02
-1.339999999999976410e+01 8.770509020636343966e-02
-1.329999999999976268e+01 1.031896950870298535e-01
-1.319999999999976126e+01 1.223830415972104180e-01
-1.309999999999975984e+01 1.459983008627244450e-01
-1.299999999999975842e+01 1.744482429270694801e-01
-1.289999999999975699e+01 2.072215468328715005e-01
-1.279999999999975557e+01 2.418668738205083657e-01
-1.269999999999975415e+01 2.730372183309701106e-01
-1.259999999999975273e+01 2.930483737656445764e-01
-1.249999999999975131e+01 2.953815754266565508e-01
-1.239999999999974989e+01 2.792295132015836789e-01
-1.229999999999974847e+01 2.501392539117626712e-01
-1.219999999999974705e+01 2.159421701080703748e-01
-1.209999999999974563e+01 1.826660774587786917e-01
-1.199999999999974420e+01 1.533664630327337963e-01
-1.189999999999974278e+01 1.288990274700773930e-01
-1.179999999999974136e+01 1.089933169276283698e-01
-1.169999999999973994e+01 9.297014331467752524e-02
-1.159999999999973852e+01 8.009615099510750125e-02
-1.149999999999973710e+01 6.972163349098857432e-02
-1.139999999999973568e+01 6.131551212544082696e-02
-1.129999999999973426e+01 5.445934862771056179e-02
-1.119999999999973284e+01 4.882875124802131539e-02
-1.109999999999973141e+01 4.417359758864884689e-02
-1.099999999999972999e+01 4.030093284592286412e-02
-1.089999999999972857e+01 3.706133449054317686e-02
-1.079999999999972715e+01 3.433843907115288752e-02
-1.069999999999972573e+01 3.204103575125157727e-02
-1.059999999999972431e+01 3.009713823756953593e-02
-1.049999999999972289e+01 2.844954444444866559e-02
-1.039999999999972147e+01 2.705250251304422426e-02
-1.029999999999972005e+01 2.586919654564386745e-02
-1.019999999999971863e+01 2.486984010517835977e-02
-1.009999999999971720e+01 2.403022185591839610e-02
-9.999999999999715783e+00 2.333058927326064555e-02
-9.899999999999714362e+00 2.275478668529444179e-02
-9.799999999999712941e+00 2.228958597002116473e-02
-9.699999999999711520e+00 2.192416427935838658e-02
-9.599999999999710099e+00 2.164969486611969390e-02
-9.499999999999708677e+00 2.145902566656592708e-02
-9.399999999999707256e+00 2.134642661171510039e-02
-9.299999999999705835e+00 2.130739133101446775e-02
-9.199999999999704414e+00 2.133848242085937055e-02
-9.099999999999702993e+00 2.143721210046329109e-02
-8.999999999999701572e+00 2.160195210206709848e-02
-8.899999999999700151e+00 2.183186821143044687e-02
-8.799999999999698730e+00 2.212687611314499703e-02
-8.699999999999697309e+00 2.248761619707496592e-02
-8.599999999999695888e+00 2.291544581850017345e-02
-8.499999999999694467e+00 2.341244823138416420e-02
-8.399999999999693046e+00 2.398145807756566633e-02
-8.299999999999691624e+00 2.462610395442782138e-02
-8.199999999999690203e+00 2.535086923682344090e-02
-8.099999999999688782e+00 2.616117303296385671e-02
-7.999999999999687361e+00 2.706347394897491709e-02
-7.899999999999685940e+00 2.806540026951206274e-02
-7.799999999999684519e+00 2.917591128882581625e-02
-7.699999999999683098e+00 3.040549591935148496e-02
-7.599999999999681677e+00 3.176641645546127157e-02
-7.499999999999680256e+00 3.327300759981733497e-02
-7.399999999999678835e+00 3.494204373069519781e-02
-7.299999999999677414e+00 3.679319111875427317e-02
-7.199999999999675993e+00 3.884956668733608592e-02
-7.099999999999674571e+00 4.113843135688367847e-02
-6.999999999999673150e+00 4.369205457958721256e-02
-6.899999999999671729e+00 4.654879812741369999e-02
-6.799999999999670308e+00 4.975448261914341974e-02
-6.699999999999668887e+00 5.336412115764632702e-02
-6.599999999999667466e+00 5.744413288947331636e-02
-6.499999999999666045e+00 6.207518821373385343e-02
-6.399999999999664624e+00 6.735589080808053464e-02
-6.299999999999663203e+00 7.340757516557770701e-02
-6.199999999999661782e+00 8.038059939966654688e-02
-6.099999999999660361e+00 8.846265122551084936e-02
-5.999999999999658939e+00 9.788977139818169637e-02
-5.899999999999657518e+00 1.089610436039048641e-01
-5.799999999999656097e+00 1.220582039817542930e-01
-5.699999999999654676e+00 1.376717579695618254e-01
-5.599999999999653255e+00 1.564354448079680326e-01
-5.499999999999651834e+00 1.791707392882374850e-01
-5.399999999999650413e+00 2.069417033472107925e-01
-5.299999999999648992e+00 2.411159228287546030e-01
-5.199999999999647571e+00 2.834150076266406248e-01
-5.099999999999646150e+00 3.359087591892214730e-01
-4.999999999999644729e+00 4.008433276014538582e-01
-4.899999999999643308e+00 4.800737934648105498e-01
-4.799999999999641886e+00 5.737082484557706197e-01
-4.699999999999640465e+00 6.775592069032007059e-01
-4.599999999999639044e+00 7.798035376055172385e-01
-4.499999999999637623e+00 8.597515552068547562e-01
-4.399999999999636202e+00 8.940519081873543605e-01
-4.299999999999634781e+00 8.706410450247986654e-01
-4.199999999999633360e+00 7.980145752425802375e-01
-4.099999999999631939e+00 6.985693119081716196e-01
-3.999999999999630518e+00 5.942661711238257372e-01
-3.899999999999629097e+00 4.986452921882353895e-01
-3.799999999999627676e+00 4.170749635428811497e-01
-3.699999999999626255e+00 3.500204997512716409e-01
-3.599999999999624833e+00 2.958207001880826525e-01
-3.499999999999623412e+00 2.522436022397617772e-01
-3.399999999999621991e+00 2.171670552346637584e-01
-3.299999999999620570e+00 1.888025317740492093e-01
-3.199999999999619149e+00 1.657209971534581439e-01
-3.099999999999617728e+00 1.468081668553280483e-01
-2.999999999999616307e+00 1.312037143387262961e-01
-2.899999999999614886e+00 1.182447514415549267e-01
-2.799999999999613465e+00 1.074193601245012064e-01
-2.699999999999612044e+00 9.833038783659198145e-02
-2.599999999999610623e+00 9.066794397655299209e-02
-2.499999999999609201e+00 8.418873999936730967e-02
-2.399999999999607780e+00 7.870062709286701486e-02
-2.299999999999606359e+00 7.405101719077457345e-02
-2.199999999999604938e+00 7.011818689706590668e-02
-2.099999999999603517e+00 6.680472044685259458e-02
-1.999999999999602096e+00 6.403254481721593061e-02
-1.899999999999600675e+00 6.173915684209709681e-02
-1.799999999999599254e+00 5.987474994330390515e-02
-1.699999999999597833e+00 5.840002681784034477e-02
-1.599999999999596412e+00 5.728454200072170127e-02
-1.499999999999594991e+00 5.650546059038284025e-02
-1.399999999999593570e+00 5.604665095386537899e-02
-1.299999999999592148e+00 5.589805311855067238e-02
-1.199999999999590727e+00 5.605528315642706316e-02
-1.099999999999589306e+00 5.651944893572469208e-02
-9.999999999995878852e-01 5.729716552015196029e-02
-8.999999999995864641e-01 5.840077036466524707e-02
-7.999999999995850430e-01 5.984875029969533022e-02
-6.999999999995836220e-01 6.166640511883089704e-02
-5.999999999995822009e-01 6.388678749838055948e-02
-4.999999999995807798e-01 6.655197731819195717e-02
-3.999999999995793587e-01 6.971477193502580161e-02
-2.999999999995779376e-01 7.344090486514474880e-02
-1.999999999995765165e-01 7.781194676735517235e-02
-9.999999999957509544e-02 8.292909884187366076e-02
4.263256414560601115e-13 8.891816560139116643e-02
1.000000000004277467e-01 9.593609927553449490e-02
2.000000000004291678e-01 1.041796520803737608e-01
3.000000000004305889e-01 1.138968675377816930e-01
4.000000000004320100e-01 1.254024003960256817e-01
5.000000000004334311e-01 1.390979823501508894e-01
6.000000000004348522e-01 1.554997286782171528e-01
7.000000000004362732e-01 1.752743189600393103e-01
8.000000000004376943e-01 1.992861103388582911e-01
9.000000000004391154e-01 2.286562379560719283e-01
1.000000000000440536e+00 2.648309765466236865e-01
1.100000000000441958e+00 3.096460461614250481e-01
1.200000000000443379e+00 3.653474248184959139e-01
1.300000000000444800e+00 4.344707412888230702e-01
1.400000000000446221e+00 5.193655592321156922e-01
1.500000000000447642e+00 6.209710049981564950e-01
1.600000000000449063e+00 7.363375352638152904e-01
1.700000000000450484e+00 8.549160585208773755e-01
1.800000000000451905e+00 9.558820854120189114e-01
1.900000000000453326e+00 1.012162294095502180e+00
2.000000000000454747e+00 1.004556148771179602e+00
2.100000000000456168e+00 9.358209491383779888e-01
2.200000000000457590e+00 8.284770307008109125e-01
2.300000000000459011e+00 7.090980827241673001e-01
2.400000000000460432e+00 5.961874876964062819e-01
2.500000000000461853e+00 4.982351958363857580e-01
2.600000000000463274e+00 4.170186346262375610e-01
2.700000000000464695e+00 3.511166436337351815e-01
2.800000000000466116e+00 2.980678317653092657e-01
2.900000000000467537e+00 2.553812663255462523e-01
3.000000000000468958e+00 2.209045495884161270e-01
3.100000000000470379e+00 1.928991079651547758e-01
3.200000000000471800e+00 1.700039505509707283e-01
3.300000000000473221e+00 1.511685225711494607e-01
3.400000000000474643e+00 1.355861162657225893e-01
3.500000000000476064e+00 1.226378331824744539e-01
3.600000000000477485e+00 1.118485956736092468e-01
3.700000000000478906e+00 1.028538063301674133e-01
3.800000000000480327e+00 9.537459905043531305e-02
3.900000000000481748e+00 8.919978053852312128e-02
4.000000000000483169e+00 8.417294780091502671e-02
4.100000000000484590e+00 8.018367166473622243e-02
4.200000000000486011e+00 7.716199269747384126e-02
4.300000000000487432e+00 7.507577329175128822e-02
4.400000000000488853e+00 7.393069030209292736e-02
4.500000000000490274e+00 7.377282679596317005e-02
4.600000000000491696e+00 7.469387796478478558e-02
4.700000000000493117e+00 7.683877444236000831e-02
4.800000000000494538e+00 8.041467149077495546e-02
4.900000000000495959e+00 8.569789910366255870e-02
5.000000000000497380e+00 9.302982580133425938e-02
5.100000000000498801e+00 1.027804513633093220e-01
5.200000000000500222e+00 1.152362187273702626e-01
5.300000000000501643e+00 1.303400120153118125e-01
5.400000000000503064e+00 1.472175895163139181e-01
5.500000000000504485e+00 1.635938504048888020e-01
5.600000000000505906e+00 1.756737913050899491e-01
5.700000000000507328e+00 1.794213095347391429e-01
5.800000000000508749e+00 1.730681601794312185e-01
5.900000000000510170e+00 1.584826998150445920e-01
6.000000000000511591e+00 1.397147412111252041e-01
6.100000000000513012e+00 1.204990909379890923e-01
6.200000000000514433e+00 1.030349941352119714e-01
6.300000000000515854e+00 8.813704201348837586e-02
6.400000000000517275e+00 7.582074906170220563e-02
6.500000000000518696e+00 6.576807820241981073e-02
6.600000000000520117e+00 5.758023817278653395e-02
6.700000000000521538e+00 5.088539305781844546e-02
6.800000000000522959e+00 4.537243809238968723e-02
6.900000000000524381e+00 4.079334076303331447e-02
7.000000000000525802e+00 3.695458850662432931e-02
7.100000000000527223e+00 3.370642203971568884e-02
7.200000000000528644e+00 3.093302351685092710e-02
7.300000000000530065e+00 2.854451291350959888e-02
7.400000000000531486e+00 2.647073227180142541e-02
7.500000000000532907e+00 2.465652792097246249e-02
7.600000000000534328e+00 2.305820456789278716e-02
7.700000000000535749e+00 2.164086698227648750e-02
7.800000000000537170e+00 2.037642385128780528e-02
7.900000000000538591e+00 1.924208269320044559e-02
8.000000000000540012e+00 1.821920868508893759e-02
8.100000000000541434e+00 1.729245384325618987e-02
8.200000000000542855e+00 1.644908792811908618e-02
8.300000000000544276e+00 1.567848069921789350e-02
8.400000000000545697e+00 1.497169843087330261e-02
8.500000000000547118e+00 1.432118725573606338e-02
8.600000000000548539e+00 1.372052293480792440e-02
8.700000000000549960e+00 1.316421179031633179e-02
8.800000000000551381e+00 1.264753130961360390e-02
8.900000000000552802e+00 1.216640171221849802e-02
9.000000000000554223e+00 1.171728183896249276e-02
9.100000000000555644e+00 1.129708426598029745e-02
9.200000000000557066e+00 1.090310570651466769e-02
9.300000000000558487e+00 1.053296964088717459e-02
9.400000000000559908e+00 1.018457878254465550e-02
9.500000000000561329e+00 9.856075499091341771e-03
9.600000000000562750e+00 9.545808700688206486e-03
9.700000000000564171e+00 9.252306012929808338e-03
9.800000000000565592e+00 8.974250288644299023e-03
9.900000000000567013e+00 8.710459698911977161e-03
1.000000000000056843e+01 8.459870789909489791e-03
1.010000000000056986e+01 8.221524007963712175e-03
1.020000000000057128e+01 7.994551287264606981e-03
1.030000000000057270e+01 7.778165368255718533e-03
1.040000000000057412e+01 7.571650573779782449e-03
1.050000000000057554e+01 7.374354817681183678e-03
1.060000000000057696e+01 7.185682659141484109e-03
1.070000000000057838e+01 7.005089247394731371e-03
1.080000000000057980e+01 6.832075027089435683e-03
1.090000000000058122e+01 6.666181095570710390e-03
1.100000000000058265e+01 6.506985120641330979e-03
1.110000000000058407e+01 6.354097741641548044e-03
1.120000000000058549e+01 6.207159388525428263e-03
1.130000000000058691e+01 6.065837463458272766e-03
1.140000000000058833e+01 5.929823837680672956e-03
1.150000000000058975e+01 5.798832623266311249e-03
1.160000000000059117e+01 5.672598185182412857e-03
1.170000000000059259e+01 5.550873363934372660e-03
1.180000000000059401e+01 5.433427883191691010e-03
1.190000000000059543e+01 5.320046920282291494e-03
1.200000000000059686e+01 5.210529820407643932e-03
1.210000000000059828e+01 5.104688937957543686e-03
1.220000000000059970e+01 5.002348590463800461e-03
1.230000000000060112e+01 4.903344112580741189e-03
1.240000000000060254e+01 4.807520999068965600e-03
1.250000000000060396e+01 4.714734127126952133e-03
1.260000000000060538e+01 4.624847049593893734e-03
1.270000000000060680e+01 4.537731351568157975e-03
1.280000000000060822e+01 4.453266063870098442e-03
1.290000000000060965e+01 4.371337127545690468e-03
1.300000000000061107e+01 4.291836904277011172e-03
1.310000000000061249e+01 4.214663728148155056e-03
1.320000000000061391e+01 4.139721494725043770e-03
1.330000000000061533e+01 4.066919283854583504e-03
1.340000000000061675e+01 3.996171012979560754e-03
1.350000000000061817e+01 3.927395118110400124e-03
1.360000000000061959e+01 3.860514259898023028e-03
1.370000000000062101e+01 3.795455052519115455e-03
1.380000000000062244e+01 3.732147813322062805e-03
1.390000000000062386e+01 3.670526331390408081e-03
1.400000000000062528e+01 3.610527653366167686e-03
1.410000000000062670e+01 3.552091885040475211e-03
1.420000000000062812e+01 3.495162007364856563e-03
1.430000000000062954e+01 3.439683705667253601e-03
1.440000000000063096e+01 3.385605210973199712e-03
1.450000000000063238e+01 3.332877152436243464e-03
1.460000000000063380e+01 3.281452419975179439e-03
1.470000000000063523e+01 3.231286036298521794e-03
1.480000000000063665e+01 3.182335037571385784e-03
1.490000000000063807e+01 3.134558362047467489e-03
1.500000000000063949e+01 3.087916746048666866e-03
1.510000000000064091e+01 3.042372626729562997e-03
1.520000000000064233e+01 2.997890051112925541e-03
1.530000000000064375e+01 2.954434590926463284e-03
1.540000000000064517e+01 2.911973262811409779e-03
1.550000000000064659e+01 2.870474453509352496e-03
1.560000000000064801e+01 2.829907849666548486e-03
1.570000000000064944e+01 2.790244371924960332e-03
1.580000000000065086e+01 2.751456112995869820e-03
1.590000000000065228e+01 2.713516279436662196e-03
1.600000000000065370e+01 2.676399136873685875e-03
1.610000000000065512e+01 2.640079958434186653e-03
1.620000000000065654e+01 2.604534976169220906e-03
1.630000000000065796e+01 2.569741335266008484e-03
1.640000000000065938e+01 2.535677050863677923e-03
1.650000000000066080e+01 2.502320967300715807e-03
1.660000000000066223e+01 2.469652719635013170e-03
1.670000000000066365e+01 2.437652697289426074e-03
1.680000000000066507e+01 2.406302009686606472e-03
1.690000000000066649e+01 2.375582453746622955e-03
1.700000000000066791e+01 2.345476483130332600e-03
1.710000000000066933e+01 2.315967179119595397e-03
1.720000000000067075e+01 2.287038223033168241e-03
1.730000000000067217e+01 2.258673870084446870e-03
1.740000000000067359e+01 2.230858924593481698e-03
1.750000000000067502e+01 2.203578716471902080e-03
1.760000000000067644e+01 2.176819078904962401e-03
1.770000000000067786e+01 2.150566327159877771e-03
1.780000000000067928e+01 2.124807238454664692e-03
1.790000000000068070e+01 2.099529032825868478e-03
1.800000000000068212e+01 2.074719354937617534e-03
1.810000000000068354e+01 2.050366256778431932e-03
1.820000000000068496e+01 2.026458181195447614e-03
1.830000000000068638e+01 2.002983946219077330e-03
1.840000000000068781e+01 1.979932730134181633e-03
1.850000000000068923e+01 1.957294057256398021e-03
1.860000000000069065e+01 1.935057784375173546e-03
1.870000000000069207e+01 1.913214087827192671e-03
1.880000000000069349e+01 1.891753451166194172e-03
1.890000000000069491e+01 1.870666653397385455e-03
1.900000000000069633e+01 1.849944757746424051e-03
1.910000000000069775e+01 1.829579100934836675e-03
1.920000000000069917e+01 1.809561282935456209e-03
1.930000000000070060e+01 1.789883157182901386e-03
1.940000000000070202e+01 1.770536821215785766e-03
1.950000000000070344e+01 1.751514607728560206e-03
1.960000000000070486e+01 1.732809076012164530e-03
1.970000000000070628e+01 1.714413003764035225e-03
1.980000000000070770e+01 1.696319379248918680e-03
1.990000000000070912e+01 1.678521393793136647e-03
2.000000000000071054e+01 1.661012434595888695e-03
2.010000000000071196e+01 1.643786077842029425e-03
2.020000000000071338e+01 1.626836082101763750e-03
2.030000000000071481e+01 1.610156382003401524e-03
2.040000000000071623e+01 1.593741082166028403e-03
2.050000000000071765e+01 1.577584451379852046e-03
2.060000000000071907e+01 1.561680917022435170e-03
2.070000000000072049e+01 1.546025059699785396e-03
2.080000000000072191e+01 1.530611608101846736e-03
2.090000000000072333e+01 1.515435434062398961e-03
2.100000000000072475e+01 1.500491547814058503e-03
2.110000000000072617e+01 1.485775093429420393e-03
2.120000000000072760e+01 1.471281344439870353e-03
2.130000000000072902e+01 1.457005699624129829e-03
2.140000000000073044e+01 1.442943678958863874e-03
2.150000000000073186e+01 1.429090919724176206e-03
2.160000000000073328e+01 1.415443172757144480e-03
2.170000000000073470e+01 1.401996298846844161e-03
2.180000000000073612e+01 1.388746265264748049e-03
2.190000000000073754e+01 1.375689142424593855e-03
2.200000000000073896e+01 1.362821100666105614e-03
2.210000000000074039e+01 1.350138407157325726e-03
2.220000000000074181e+01 1.337637422910450393e-03
2.230000000000074323e+01 1.325314599906378225e-03
2.240000000000074465e+01 1.313166478323418793e-03
2.250000000000074607e+01 1.301189683865741718e-03
2.260000000000074749e+01 1.289380925187489681e-03
2.270000000000074891e+01 1.277736991408565505e-03
2.280000000000075033e+01 1.266254749718294468e-03
2.290000000000075175e+01 1.254931143063432774e-03
2.300000000000075318e+01 1.243763187917046884e-03
2.310000000000075460e+01 1.232747972125010664e-03
2.320000000000075602e+01 1.221882652827016927e-03
2.330000000000075744e+01 1.211164454449082132e-03
2.340000000000075886e+01 1.200590666764761102e-03
2.350000000000076028e+01 1.190158643022330015e-03
2.360000000000076170e+01 1.179865798135319114e-03
2.370000000000076312e+01 1.169709606933978883e-03
2.380000000000076454e+01 1.159687602475262778e-03
2.390000000000076597e+01 1.149797374409085478e-03
2.400000000000076739e+01 1.140036567398704497e-03
2.410000000000076881e+01 1.130402879593115544e-03
2.420000000000077023e+01 1.120894061149534755e-03
2.430000000000077165e+01 1.111507912804052473e-03
2.440000000000077307e+01 1.102242284488616931e-03
2.450000000000077449e+01 1.093095073992668637e-03
2.460000000000077591e+01 1.084064225667722607e-03
2.470000000000077733e+01 1.075147729173319203e-03
2.480000000000077875e+01 1.066343618262834570e-03
2.490000000000078018e+01 1.057649969607649728e-03
2.500000000000078160e+01 1.049064901658328672e-03
2.510000000000078302e+01 1.040586573541438329e-03
2.520000000000078444e+01 1.032213183990703456e-03
2.530000000000078586e+01 1.023942970311307338e-03
2.540000000000078728e+01 1.015774207376120937e-03
2.550000000000078870e+01 1.007705206652731401e-03
2.560000000000079012e+01 9.997343152601985417e-04
2.570000000000079154e+01 9.918599150544502811e-04
2.580000000000079297e+01 9.840804217413642949e-04
2.590000000000079439e+01 9.763942840165439020e-04
2.600000000000079581e+01 9.687999827308438642e-04
2.610000000000079723e+01 9.612960300808028047e-04
2.620000000000079865e+01 9.538809688230835476e-04
2.630000000000080007e+01 9.465533715121218902e-04
2.640000000000080149e+01 9.393118397601968924e-04
2.650000000000080291e+01 9.321550035191327344e-04
2.660000000000080433e+01 9.250815203829447584e-04
2.670000000000080576e+01 9.180900749107053383e-04
2.680000000000080718e+01 9.111793779689336291e-04
2.690000000000080860e+01 9.043481660929062697e-04
2.700000000000081002e+01 8.975952008662201964e-04
2.710000000000081144e+01 8.909192683180283852e-04
2.720000000000081286e+01 8.843191783373671733e-04
2.730000000000081428e+01 8.777937641039986914e-04
2.740000000000081570e+01 8.713418815352574204e-04
2.750000000000081712e+01 8.649624087483734087e-04
2.760000000000081855e+01 8.586542455377527095e-04
2.770000000000081997e+01 8.524163128667715987e-04
2.780000000000082139e+01 8.462475523735922371e-04
2.790000000000082281e+01 8.401469258905651209e-04
2.800000000000082423e+01 8.341134149767937466e-04
2.810000000000082565e+01 8.281460204634232556e-04
2.820000000000082707e+01 8.222437620112858390e-04
2.830000000000082849e+01 8.164056776804976294e-04
2.840000000000082991e+01 8.106308235116269556e-04
2.850000000000083134e+01 8.049182731181002458e-04
2.860000000000083276e+01 7.992671172894768401e-04
2.870000000000083418e+01 7.936764636052681026e-04
2.880000000000083560e+01 7.881454360589839215e-04
2.890000000000083702e+01 7.826731746920716866e-04
2.900000000000083844e+01 7.772588352374788616e-04
2.910000000000083986e+01 7.719015887725321065e-04
2.920000000000084128e+01 7.666006213808404307e-04
2.930000000000084270e+01 7.613551338229782159e-04
2.940000000000084412e+01 7.561643412156695762e-04
2.950000000000084555e+01 7.510274727192190521e-04
2.960000000000084697e+01 7.459437712329614967e-04
2.970000000000084839e+01 7.409124930984669352e-04
2.980000000000084981e+01 7.359329078102999286e-04
2.990000000000085123e+01 7.310042977341058663e-04
