-3.000000000000000000e+01 7.210658656421839192e-04
-2.989999999999999858e+01 7.279333164478008497e-04
-2.979999999999999716e+01 7.349047921460730029e-04
-2.969999999999999574e+01 7.419826031662566041e-04
-2.959999999999999432e+01 7.491691331018339667e-04
-2.949999999999999289e+01 7.564668419255029651e-04
-2.939999999999999147e+01 7.638782693909663014e-04
-2.929999999999999005e+01 7.714060386350827430e-04
-2.919999999999998863e+01 7.790528599951042311e-04
-2.909999999999998721e+01 7.868215350569626515e-04
-2.899999999999998579e+01 7.947149609520313485e-04
-2.889999999999998437e+01 8.027361349213087919e-04
-2.879999999999998295e+01 8.108881591676797475e-04
-2.869999999999998153e+01 8.191742460188395107e-04
-2.859999999999998010e+01 8.275977234254782789e-04
-2.849999999999997868e+01 8.361620408216840269e-04
-2.839999999999997726e+01 8.448707753770883346e-04
-2.829999999999997584e+01 8.537276386730263374e-04
-2.819999999999997442e+01 8.627364838382089876e-04
-2.809999999999997300e+01 8.719013131828414354e-04
-2.799999999999997158e+01 8.812262863739894455e-04
-2.789999999999997016e+01 8.907157291993734495e-04
-2.779999999999996874e+01 9.003741429714755967e-04
-2.769999999999996732e+01 9.102062146292990265e-04
-2.759999999999996589e+01 9.202168276011121664e-04
-2.749999999999996447e+01 9.304110734981480176e-04
-2.739999999999996305e+01 9.407942647168461049e-04
-2.729999999999996163e+01 9.513719480356067331e-04
-2.719999999999996021e+01 9.621499193015140700e-04
-2.709999999999995879e+01 9.731342393132078787e-04
-2.699999999999995737e+01 9.843312510180188355e-04
-2.689999999999995595e+01 9.957475981551176195e-04
-2.679999999999995453e+01 1.007390245491787640e-03
-2.669999999999995310e+01 1.019266500817183740e-03
-2.659999999999995168e+01 1.031384038877739776e-03
-2.649999999999995026e+01 1.043750927460674639e-03
-2.639999999999994884e+01 1.056375655857461678e-03
-2.629999999999994742e+01 1.069267165968169160e-03
-2.619999999999994600e+01 1.082434886340524153e-03
-2.609999999999994458e+01 1.095888769475440120e-03
-2.599999999999994316e+01 1.109639332774075378e-03
-2.589999999999994174e+01 1.123697703551063435e-03
-2.579999999999994031e+01 1.138075668595833322e-03
-2.569999999999993889e+01 1.152785728829698987e-03
-2.559999999999993747e+01 1.167841159682386862e-03
-2.549999999999993605e+01 1.183256077899679046e-03
-2.539999999999993463e+01 1.199045515595621031e-03
-2.529999999999993321e+01 1.215225502481275671e-03
-2.519999999999993179e+01 1.231813157339896542e-03
-2.509999999999993037e+01 1.248826789979169509e-03
-2.499999999999992895e+01 1.266286015079624546e-03
-2.489999999999992752e+01 1.284211879578969068e-03
-2.479999999999992610e+01 1.302627005491715801e-03
-2.469999999999992468e+01 1.321555750369521809e-03
-2.459999999999992326e+01 1.341024387969140010e-03
-2.449999999999992184e+01 1.361061312123617965e-03
-2.439999999999992042e+01 1.381697267321780036e-03
-2.429999999999991900e+01 1.402965610108077932e-03
-2.419999999999991758e+01 1.424902606141056861e-03
-2.409999999999991616e+01 1.447547768619247876e-03
-2.399999999999991473e+01 1.470944244830912559e-03
-2.389999999999991331e+01 1.495139258848841596e-03
-2.379999999999991189e+01 1.520184619923141195e-03
-2.369999999999991047e+01 1.546137307987447123e-03
-2.359999999999990905e+01 1.573060149966246709e-03
-2.349999999999990763e+01 1.601022603353764858e-03
-2.339999999999990621e+01 1.630101666956940967e-03
-2.329999999999990479e+01 1.660382942919427611e-03
-2.319999999999990337e+01 1.691961879380994961e-03
-2.309999999999990195e+01 1.724945229648500167e-03
-2.299999999999990052e+01 1.759452771911474735e-03
-2.289999999999989910e+01 1.795619343786237143e-03
-2.279999999999989768e+01 1.833597258916028986e-03
-2.269999999999989626e+01 1.873559189279914560e-03
-2.259999999999989484e+01 1.915701617815474683e-03
-2.249999999999989342e+01 1.960248992828204570e-03
-2.239999999999989200e+01 2.007458750304733433e-03
-2.229999999999989058e+01 2.057627415170959918e-03
-2.219999999999988916e+01 2.111098051127482077e-03
-2.209999999999988773e+01 2.168269405567691856e-03
-2.199999999999988631e+01 2.229607197552046106e-03
-2.189999999999988489e+01 2.295658131565393029e-03
-2.179999999999988347e+01 2.367067399843658226e-03
-2.169999999999988205e+01 2.444600678116352465e-03
-2.159999999999988063e+01 2.529171946946060824e-03
-2.149999999999987921e+01 2.621878915960270968e-03
-2.139999999999987779e+01 2.724048436550399310e-03
-2.129999999999987637e+01 2.837295123204734704e-03
-2.119999999999987494e+01 2.963597551580764242e-03
-2.109999999999987352e+01 3.105397980437571599e-03
-2.099999999999987210e+01 3.265733708187092132e-03
-2.089999999999987068e+01 3.448411109061016912e-03
-2.079999999999986926e+01 3.658237287617753346e-03
-2.069999999999986784e+01 3.901329236207768877e-03
-2.059999999999986642e+01 4.185526102064091730e-03
-2.049999999999986500e+01 4.520935335356802455e-03
-2.039999999999986358e+01 4.920644041953385270e-03
-2.029999999999986215e+01 5.401612139884388007e-03
-2.019999999999986073e+01 5.985707866924026323e-03
-2.009999999999985931e+01 6.700688619010698385e-03
-1.999999999999985789e+01 7.580540702435079915e-03
-1.989999999999985647e+01 8.663717855715936944e-03
-1.979999999999985505e+01 9.986083594950373454e-03
-1.969999999999985363e+01 1.156264685733889193e-02
-1.959999999999985221e+01 1.335041233068973675e-02
-1.949999999999985079e+01 1.519230354924249946e-02
-1.939999999999984936e+01 1.677554614901421298e-02
-1.929999999999984794e+01 1.768975311060703992e-02
-1.919999999999984652e+01 1.763870149770470699e-02
-1.909999999999984510e+01 1.665679612802029030e-02
-1.899999999999984368e+01 1.508169433564606962e-02
-1.889999999999984226e+01 1.331759377591267002e-02
-1.879999999999984084e+01 1.164838570838983012e-02
-1.869999999999983942e+01 1.020554026676487661e-02
-1.859999999999983800e+01 9.017503110091860605e-03
-1.849999999999983658e+01 8.063311578697503201e-03
-1.839999999999983515e+01 7.305756333593799341e-03
-1.829999999999983373e+01 6.706982434287386656e-03
-1.819999999999983231e+01 6.234204967475493082e-03
-1.809999999999983089e+01 5.860904506160463483e-03
-1.799999999999982947e+01 5.566293148419273334e-03
-1.789999999999982805e+01 5.334295631046752362e-03
-1.779999999999982663e+01 5.152532428412476967e-03
-1.769999999999982521e+01 5.011460223468103097e-03
-1.759999999999982379e+01 4.903693571908332959e-03
-1.749999999999982236e+01 4.823486386927831882e-03
-1.739999999999982094e+01 4.766341324675228870e-03
-1.729999999999981952e+01 4.728717091024256178e-03
-1.719999999999981810e+01 4.707809149775466634e-03
-1.709999999999981668e+01 4.701384944982928138e-03
-1.699999999999981526e+01 4.707659504376040388e-03
-1.689999999999981384e+01 4.725200994095590280e-03
-1.679999999999981242e+01 4.752858571050947410e-03
-1.669999999999981100e+01 4.789706920995263906e-03
-1.659999999999980957e+01 4.835003358933149739e-03
-1.649999999999980815e+01 4.888154450457204113e-03
-1.639999999999980673e+01 4.948689899586182495e-03
-1.629999999999980531e+01 5.016242022730964430e-03
-1.619999999999980389e+01 5.090529548962138655e-03
-1.609999999999980247e+01 5.171344796458895825e-03
-1.599999999999980105e+01 5.258543504432671052e-03
-1.589999999999979963e+01 5.352036770821321822e-03
-1.579999999999979821e+01 5.451784674346714203e-03
-1.569999999999979678e+01 5.557791256442456973e-03
-1.559999999999979536e+01 5.670100612282368002e-03
-1.549999999999979394e+01 5.788793896637075762e-03
-1.539999999999979252e+01 5.913987093924787976e-03
-1.529999999999979110e+01 6.045829435814159894e-03
-1.519999999999978968e+01 6.184502376468102927e-03
-1.509999999999978826e+01 6.330219056766729982e-03
-1.499999999999978684e+01 6.483224205951110437e-03
-1.489999999999978542e+01 6.643794443106713389e-03
-1.479999999999978400e+01 6.812238952531407890e-03
-1.469999999999978257e+01 6.988900516910269943e-03
-1.459999999999978115e+01 7.174156900827143024e-03
-1.449999999999977973e+01 7.368422584856067561e-03
-1.439999999999977831e+01 7.572150857609871721e-03
-1.429999999999977689e+01 7.785836279941977557e-03
-1.419999999999977547e+01 8.010017542227734419e-03
-1.409999999999977405e+01 8.245280742509518077e-03
-1.399999999999977263e+01 8.492263120471067045e-03
-1.389999999999977121e+01 8.751657289909712048e-03
-1.379999999999976978e+01 9.024216020812795766e-03
-1.369999999999976836e+01 9.310757631532535702e-03
-1.359999999999976694e+01 9.612172062142907564e-03
-1.349999999999976552e+01 9.929427712134897277e-03
-1.339999999999976410e+01 1.026357913948166591e-02
-1.329999999999976268e+01 1.061577573417411824e-02
-1.319999999999976126e+01 1.098727149803731436e-02
-1.309999999999975984e+01 1.137943608453088201e-02
-1.299999999999975842e+01 1.179376727797645102e-02
-1.289999999999975699e+01 1.223190512202508053e-02
-1.279999999999975557e+01 1.269564794315254132e-02
-1.269999999999975415e+01 1.318697055773544909e-02
-1.259999999999975273e+01 1.370804500226346749e-02
-1.249999999999975131e+01 1.426126418729273780e-02
-1.239999999999974989e+01 1.484926894905921890e-02
-1.229999999999974847e+01 1.547497906101393504e-02
-1.219999999999974705e+01 1.614162887438619007e-02
-1.209999999999974563e+01 1.685280838654331856e-02
-1.199999999999974420e+01 1.761251069386140719e-02
-1.189999999999974278e+01 1.842518697895220714e-02
-1.179999999999974136e+01 1.929581041914702963e-02
-1.169999999999973994e+01 2.022995069531256795e-02
-1.159999999999973852e+01 2.123386114165672078e-02
-1.149999999999973710e+01 2.231458102658953266e-02
-1.139999999999973568e+01 2.348005601578072310e-02
-1.129999999999973426e+01 2.473928057223828345e-02
-1.119999999999973284e+01 2.610246693499619283e-02
-1.109999999999973141e+01 2.758124644098461017e-02
-1.099999999999972999e+01 2.918891038400067348e-02
-1.089999999999972857e+01 3.094069943360170521e-02
-1.079999999999972715e+01 3.285415298955967484e-02
-1.069999999999972573e+01 3.494953289124834439e-02
-1.059999999999972431e+01 3.725033986156148919e-02
-1.049999999999972289e+01 3.978394624792525036e-02
-1.039999999999972147e+01 4.258237544703538657e-02
-1.029999999999972005e+01 4.568326743959366665e-02
-1.019999999999971863e+01 4.913108190941992137e-02
-1.009999999999971720e+01 5.297860657755264907e-02
-9.999999999999715783e+00 5.728886017701651651e-02
-9.899999999999714362e+00 6.213750906443863548e-02
-9.799999999999712941e+00 6.761595679550898297e-02
-9.699999999999711520e+00 7.383532124334399316e-02
-9.599999999999710099e+00 8.093158977487820149e-02
-9.499999999999708677e+00 8.907234748884895748e-02
-9.399999999999707256e+00 9.846561700954879759e-02
-9.299999999999705835e+00 1.093715439659590227e-01
-9.199999999999704414e+00 1.221179247416911279e-01
-9.099999999999702993e+00 1.371209138698168406e-01
-8.999999999999701572e+00 1.549126622132427911e-01
-8.899999999999700151e+00 1.761780659662886828e-01
-8.799999999999698730e+00 2.018030527189428880e-01
-8.699999999999697309e+00 2.329363494037396398e-01
-8.599999999999695888e+00 2.710641009497308240e-01
-8.499999999999694467e+00 3.180888067891325388e-01
-8.399999999999693046e+00 3.763836063385691544e-01
-8.299999999999691624e+00 4.487452098514146392e-01
-8.199999999999690203e+00 5.380683472972572767e-01
-8.099999999999688782e+00 6.463866632944860191e-01
-7.999999999999687361e+00 7.727223262298781314e-01
-7.899999999999685940e+00 9.093416191843305407e-01
-7.799999999999684519e+00 1.037584552451979114e+00
-7.699999999999683098e+00 1.128199096255519507e+00
-7.599999999999681677e+00 1.152774450296343733e+00
-7.499999999999680256e+00 1.102427276697425684e+00
-7.399999999999678835e+00 9.948082188910383206e-01
-7.299999999999677414e+00 8.606887825084853505e-01
-7.199999999999675993e+00 7.262102800362751909e-01
-7.099999999999674571e+00 6.058141495673035060e-01
-6.999999999999673150e+00 5.043280241904942729e-01
-6.899999999999671729e+00 4.213179669071247524e-01
-6.799999999999670308e+00 3.542743396748500584e-01
-6.699999999999668887e+00 3.002702177644314130e-01
-6.599999999999667466e+00 2.566414201579998444e-01
-6.499999999999666045e+00 2.211837673535036741e-01
-6.399999999999664624e+00 1.921506585479818841e-01
-6.299999999999663203e+00 1.681845663337352692e-01
-6.199999999999661782e+00 1.482377600491980585e-01
-6.099999999999660361e+00 1.315018395598582246e-01
-5.999999999999658939e+00 1.173508712390767678e-01
-5.899999999999657518e+00 1.052974601062932336e-01
-5.799999999999656097e+00 9.495949956141548631e-02
-5.699999999999654676e+00 8.603521560666822776e-02
-5.599999999999653255e+00 7.828447125520589245e-02
-5.499999999999651834e+00 7.151473298629804076e-02
-5.399999999999650413e+00 6.557049178863104399e-02
-5.299999999999648992e+00 6.032524367058293702e-02
-5.199999999999647571e+00 5.567537166486973693e-02
-5.099999999999646150e+00 5.153544687667328122e-02
-4.999999999999644729e+00 4.783459443397842376e-02
-4.899999999999643308e+00 4.451366352314337083e-02
-4.799999999999641886e+00 4.152300852443511353e-02
-4.699999999999640465e+00 3.882073766431202305e-02
-4.599999999999639044e+00 3.637132171463890867e-02
-4.499999999999637623e+00 3.414448179462001298e-02
-4.399999999999636202e+00 3.211429492084186960e-02
-4.299999999999634781e+00 3.025847050266832275e-02
-4.199999999999633360e+00 2.855776185529483244e-02
-4.099999999999631939e+00 2.699548498002366653e-02
-3.999999999999630518e+00 2.555712304772941521e-02
-3.899999999999629097e+00 2.422999973017843020e-02
-3.799999999999627676e+00 2.300300812925172925e-02
-3.699999999999626255e+00 2.186638483080463602e-02
-3.599999999999624833e+00 2.081152076056041675e-02
-3.499999999999623412e+00 1.983080219443641642e-02
-3.399999999999621991e+00 1.891747658721818631e-02
-3.299999999999620570e+00 1.806553891578019030e-02
-3.199999999999619149e+00 1.726963504962007387e-02
-3.099999999999617728e+00 1.652497931054901573e-02
-2.999999999999616307e+00 1.582728390176009123e-02
-2.899999999999614886e+00 1.517269830235460672e-02
-2.799999999999613465e+00 1.455775705850089613e-02
-2.699999999999612044e+00 1.397933467355948201e-02
-2.599999999999610623e+00 1.343460651981674692e-02
-2.499999999999609201e+00 1.292101487418831698e-02
-2.399999999999607780e+00 1.243623932741123525e-02
-2.299999999999606359e+00 1.197817093718563791e-02
-2.199999999999604938e+00 1.154488959548735129e-02
-2.099999999999603517e+00 1.113464416283171249e-02
-1.999999999999602096e+00 1.074583499083206842e-02
-1.899999999999600675e+00 1.037699851151952651e-02
-1.799999999999599254e+00 1.002679361962290419e-02
-1.699999999999597833e+00 9.693989614025301169e-03
-1.599999999999596412e+00 9.377455498255065497e-03
-1.499999999999594991e+00 9.076150468230608642e-03
-1.399999999999593570e+00 8.789115439461323356e-03
-1.299999999999592148e+00 8.515465486231797720e-03
-1.199999999999590727e+00 8.254383082573521491e-03
-1.099999999999589306e+00 8.005112049551043815e-03
-9.999999999995878852e-01 7.766952125960482206e-03
-8.999999999995864641e-01 7.539254090305212534e-03
-7.999999999995850430e-01 7.321415371152198773e-03
-6.999999999995836220e-01 7.112876090917456470e-03
-5.999999999995822009e-01 6.913115494981802132e-03
-4.999999999995807798e-01 6.721648723954286482e-03
-3.999999999995793587e-01 6.538023892025237108e-03
-2.999999999995779376e-01 6.361819438798956700e-03
-1.999999999995765165e-01 6.192641725861345453e-03
-9.999999999957509544e-02 6.030122852710357792e-03
4.263256414560601115e-13 5.873918669623855171e-03
1.000000000004277467e-01 5.723706967622168434e-03
2.000000000004291678e-01 5.579185827957420900e-03
3.000000000004305889e-01 5.440072115569747138e-03
4.000000000004320100e-01 5.306100102737415156e-03
5.000000000004334311e-01 5.177020210749706808e-03
6.000000000004348522e-01 5.052597858876855738e-03
7.000000000004362732e-01 4.932612411230477903e-03
8.000000000004376943e-01 4.816856213307949865e-03
9.000000000004391154e-01 4.705133711071636700e-03
1.000000000000440536e+00 4.597260646222772057e-03
1.100000000000441958e+00 4.493063321578707504e-03
1.200000000000443379e+00 4.392377929387782272e-03
1.300000000000444800e+00 4.295049931241264225e-03
1.400000000000446221e+00 4.200933467139103018e-03
1.500000000000447642e+00 4.109890745949093017e-03
1.600000000000449063e+00 4.021791319623708831e-03
1.700000000000450484e+00 3.936511068437885744e-03
1.800000000000451905e+00 3.853930688695579067e-03
1.900000000000453326e+00 3.773933735486944066e-03
2.000000000000454747e+00 3.696405276354646895e-03
2.100000000000456168e+00 3.621233565982713998e-03
2.200000000000457590e+00 3.548315812297321223e-03
2.300000000000459011e+00 3.477563313370667878e-03
2.400000000000460432e+00 3.408899577707894934e-03
2.500000000000461853e+00 3.342253434137136287e-03
2.600000000000463274e+00 3.277554147952641689e-03
2.700000000000464695e+00 3.214730692524137273e-03
2.800000000000466116e+00 3.153712968452078869e-03
2.900000000000467537e+00 3.094433015223482363e-03
3.000000000000468958e+00 3.036825667326526011e-03
3.100000000000470379e+00 2.980828767542112803e-03
3.200000000000471800e+00 2.926383142466887962e-03
3.300000000000473221e+00 2.873432476826219550e-03
3.400000000000474643e+00 2.821923155862494838e-03
3.500000000000476064e+00 2.771804105935546467e-03
3.600000000000477485e+00 2.723026644600776321e-03
3.700000000000478906e+00 2.675544343288368404e-03
3.800000000000480327e+00 2.629312902544525196e-03
3.900000000000481748e+00 2.584290038767537729e-03
4.000000000000483169e+00 2.540435381190346391e-03
4.100000000000484590e+00 2.497710377979735826e-03
4.200000000000486011e+00 2.456078210521834334e-03
4.300000000000487432e+00 2.415503715162155025e-03
4.400000000000488853e+00 2.375953311843509441e-03
4.500000000000490274e+00 2.337394939234174827e-03
4.600000000000491696e+00 2.299797996065732191e-03
4.700000000000493117e+00 2.263133288512918055e-03
4.800000000000494538e+00 2.227372983552320784e-03
4.900000000000495959e+00 2.192490568338674797e-03
5.000000000000497380e+00 2.158460815743047396e-03
5.100000000000498801e+00 2.125259756310434421e-03
5.200000000000500222e+00 2.092864657021436224e-03
5.300000000000501643e+00 2.061254007389879718e-03
5.400000000000503064e+00 2.030407513601406328e-03
5.500000000000504485e+00 2.000306101606987019e-03
5.600000000000505906e+00 1.970931930339784362e-03
5.700000000000507328e+00 1.942268416537387080e-03
5.800000000000508749e+00 1.914300273042195263e-03
5.900000000000510170e+00 1.887013562942390071e-03
6.000000000000511591e+00 1.860395772534971254e-03
6.100000000000513012e+00 1.834435906880302770e-03
6.200000000000514433e+00 1.809124612726096919e-03
6.300000000000515854e+00 1.784454334879089724e-03
6.400000000000517275e+00 1.760419513788874990e-03
6.500000000000518696e+00 1.737016834308847566e-03
6.600000000000520117e+00 1.714245538489447135e-03
6.700000000000521538e+00 1.692107819077938490e-03
6.800000000000522959e+00 1.670609315477983780e-03
6.900000000000524381e+00 1.649759740719031675e-03
7.000000000000525802e+00 1.629573677135973207e-03
7.100000000000527223e+00 1.610071590852350364e-03
7.200000000000528644e+00 1.591281132035458033e-03
7.300000000000530065e+00 1.573238810979954222e-03
7.400000000000531486e+00 1.555992171781913746e-03
7.500000000000532907e+00 1.539602628986261454e-03
7.600000000000534328e+00 1.524149192555103406e-03
7.700000000000535749e+00 1.509733388497188711e-03
7.800000000000537170e+00 1.496485793175154335e-03
7.900000000000538591e+00 1.484574744801207260e-03
8.000000000000540012e+00 1.474217976918378763e-03
8.100000000000541434e+00 1.465698119196735903e-03
8.200000000000542855e+00 1.459383165796217111e-03
8.300000000000544276e+00 1.455752934063450762e-03
8.400000000000545697e+00 1.455431747165199805e-03
8.500000000000547118e+00 1.459224921580921453e-03
8.600000000000548539e+00 1.468149505545613808e-03
8.700000000000549960e+00 1.483432564257643888e-03
8.800000000000551381e+00 1.506412939617036463e-03
8.900000000000552802e+00 1.538211745488209190e-03
9.000000000000554223e+00 1.578938960007565196e-03
9.100000000000555644e+00 1.626189695275913772e-03
9.200000000000557066e+00 1.673041568946701712e-03
9.300000000000558487e+00 1.707230575713636171e-03
9.400000000000559908e+00 1.714691810638236833e-03
9.500000000000561329e+00 1.687850349614763643e-03
9.600000000000562750e+00 1.631414592965553479e-03
9.700000000000564171e+00 1.558672134794776782e-03
9.800000000000565592e+00 1.482890479792389792e-03
9.900000000000567013e+00 1.412353319706310560e-03
1.000000000000056843e+01 1.350398323178127972e-03
1.010000000000056986e+01 1.297362106578596897e-03
1.020000000000057128e+01 1.252266105530746177e-03
1.030000000000057270e+01 1.213769924767444004e-03
1.040000000000057412e+01 1.180591449900595877e-03
1.050000000000057554e+01 1.151646700930683163e-03
1.060000000000057696e+01 1.126067580319980782e-03
1.070000000000057838e+01 1.103175724774917892e-03
1.080000000000057980e+01 1.082446107400199557e-03
1.090000000000058122e+01 1.063472989127137603e-03
1.100000000000058265e+01 1.045941851514943944e-03
1.110000000000058407e+01 1.029607497645733958e-03
1.120000000000058549e+01 1.014277399764244121e-03
1.130000000000058691e+01 9.997991791610904774e-04
1.140000000000058833e+01 9.860512255058244586e-04
1.150000000000058975e+01 9.729356610573818703e-04
1.160000000000059117e+01 9.603730439854628841e-04
1.170000000000059259e+01 9.482983597804055340e-04
1.180000000000059401e+01 9.366579686286868357e-04
1.190000000000059543e+01 9.254072651573870935e-04
1.200000000000059686e+01 9.145088718454991899e-04
1.210000000000059828e+01 9.039312346456046662e-04
1.220000000000059970e+01 8.936475236948800138e-04
1.230000000000060112e+01 8.836347669802955759e-04
1.240000000000060254e+01 8.738731630649487509e-04
1.250000000000060396e+01 8.643455323611122032e-04
1.260000000000060538e+01 8.550368762990358208e-04
1.270000000000060680e+01 8.459340210545215248e-04
1.280000000000060822e+01 8.370253279541996346e-04
1.290000000000060965e+01 8.283004567722692269e-04
1.300000000000061107e+01 8.197501712247797466e-04
1.310000000000061249e+01 8.113661783168274466e-04
1.320000000000061391e+01 8.031409949937008599e-04
1.330000000000061533e+01 7.950678369276414437e-04
1.340000000000061675e+01 7.871405253392805158e-04
1.350000000000061817e+01 7.793534085829101170e-04
1.360000000000061959e+01 7.717012958736371850e-04
1.370000000000062101e+01 7.641794010443803522e-04
1.380000000000062244e+01 7.567832946235535487e-04
1.390000000000062386e+01 7.495088628439409029e-04
1.400000000000062528e+01 7.423522724482759048e-04
1.410000000000062670e+01 7.353099403613921241e-04
1.420000000000062812e+01 7.283785074631726232e-04
1.430000000000062954e+01 7.215548158294450261e-04
1.440000000000063096e+01 7.148358889158207621e-04
1.450000000000063238e+01 7.082189142473171084e-04
1.460000000000063380e+01 7.017012282485474454e-04
1.470000000000063523e+01 6.952803029082355469e-04
1.480000000000063665e+01 6.889537340204361909e-04
1.490000000000063807e+01 6.827192307851273709e-04
1.500000000000063949e+01 6.765746065841344746e-04
1.510000000000064091e+01 6.705177707761651468e-04
1.520000000000064233e+01 6.645467213779367860e-04
1.530000000000064375e+01 6.586595385177690300e-04
1.540000000000064517e+01 6.528543785644088998e-04
1.550000000000064659e+01 6.471294688475567837e-04
1.560000000000064801e+01 6.414831028981968913e-04
1.570000000000064944e+01 6.359136361467270871e-04
1.580000000000065086e+01 6.304194820251989538e-04
1.590000000000065228e+01 6.249991084271409609e-04
1.600000000000065370e+01 6.196510344845209588e-04
1.610000000000065512e+01 6.143738276265884451e-04
1.620000000000065654e+01 6.091661008898580608e-04
1.630000000000065796e+01 6.040265104522954702e-04
1.640000000000065938e+01 5.989537533680888834e-04
1.650000000000066080e+01 5.939465654822850566e-04
1.660000000000066223e+01 5.890037195070048099e-04
1.670000000000066365e+01 5.841240232431274678e-04
1.680000000000066507e+01 5.793063179332061559e-04
1.690000000000066649e+01 5.745494767329744311e-04
1.700000000000066791e+01 5.698524032902717610e-04
1.710000000000066933e+01 5.652140304214245750e-04
1.720000000000067075e+01 5.606333188762004528e-04
1.730000000000067217e+01 5.561092561834536261e-04
1.740000000000067359e+01 5.516408555703686181e-04
1.750000000000067502e+01 5.472271549489796019e-04
1.760000000000067644e+01 5.428672159642925019e-04
1.770000000000067786e+01 5.385601230988909917e-04
1.780000000000067928e+01 5.343049828294571275e-04
1.790000000000068070e+01 5.301009228310608456e-04
1.800000000000068212e+01 5.259470912254689354e-04
1.810000000000068354e+01 5.218426558701196169e-04
1.820000000000068496e+01 5.177868036846857563e-04
1.830000000000068638e+01 5.137787400124575613e-04
1.840000000000068781e+01 5.098176880140270180e-04
1.850000000000068923e+01 5.059028880909688429e-04
1.860000000000069065e+01 5.020335973374435426e-04
1.870000000000069207e+01 4.982090890178089660e-04
1.880000000000069349e+01 4.944286520684870864e-04
1.890000000000069491e+01 4.906915906225105565e-04
1.900000000000069633e+01 4.869972235552745793e-04
1.910000000000069775e+01 4.833448840501526080e-04
1.920000000000069917e+01 4.797339191827554999e-04
1.930000000000070060e+01 4.761636895226776579e-04
1.940000000000070202e+01 4.726335687517092756e-04
1.950000000000070344e+01 4.691429432975389589e-04
1.960000000000070486e+01 4.656912119820474862e-04
1.970000000000070628e+01 4.622777856833865475e-04
1.980000000000070770e+01 4.589020870110665563e-04
1.990000000000070912e+01 4.555635499933476606e-04
2.000000000000071054e+01 4.522616197762834348e-04
2.010000000000071196e+01 4.489957523337922626e-04
2.020000000000071338e+01 4.457654141882032512e-04
2.030000000000071481e+01 4.425700821407409181e-04
2.040000000000071623e+01 4.394092430114449315e-04
2.050000000000071765e+01 4.362823933880806502e-04
2.060000000000071907e+01 4.331890393835940447e-04
2.070000000000072049e+01 4.301286964017135301e-04
2.080000000000072191e+01 4.271008889103240650e-04
2.090000000000072333e+01 4.241051502222423935e-04
2.100000000000072475e+01 4.211410222830808017e-04
2.110000000000072617e+01 4.182080554658754818e-04
2.120000000000072760e+01 4.153058083721765793e-04
2.130000000000072902e+01 4.124338476393407432e-04
2.140000000000073044e+01 4.095917477537499803e-04
2.150000000000073186e+01 4.067790908697125414e-04
2.160000000000073328e+01 4.039954666338209225e-04
2.170000000000073470e+01 4.012404720145302996e-04
2.180000000000073612e+01 3.985137111367664147e-04
2.190000000000073754e+01 3.958147951213559384e-04
2.200000000000073896e+01 3.931433419290891957e-04
2.210000000000074039e+01 3.904989762092461172e-04
2.220000000000074181e+01 3.878813291524134638e-04
2.230000000000074323e+01 3.852900383474285235e-04
2.240000000000074465e+01 3.827247476423089332e-04
2.250000000000074607e+01 3.801851070090053958e-04
2.260000000000074749e+01 3.776707724118599850e-04
2.270000000000074891e+01 3.751814056796273539e-04
2.280000000000075033e+01 3.727166743809300466e-04
2.290000000000075175e+01 3.702762517030405752e-04
2.300000000000075318e+01 3.678598163338672603e-04
2.310000000000075460e+01 3.654670523470362272e-04
2.320000000000075602e+01 3.630976490899710590e-04
2.330000000000075744e+01 3.607513010748604389e-04
2.340000000000075886e+01 3.584277078724292138e-04
2.350000000000076028e+01 3.561265740084177951e-04
2.360000000000076170e+01 3.538476088626763298e-04
2.370000000000076312e+01 3.515905265708016512e-04
2.380000000000076454e+01 3.493550459282276704e-04
2.390000000000076597e+01 3.471408902966961882e-04
2.400000000000076739e+01 3.449477875130342380e-04
2.410000000000076881e+01 3.427754698001628264e-04
2.420000000000077023e+01 3.406236736802748899e-04
2.430000000000077165e+01 3.384921398901168219e-04
2.440000000000077307e+01 3.363806132983004926e-04
2.450000000000077449e+01 3.342888428245996304e-04
2.460000000000077591e+01 3.322165813611621514e-04
2.470000000000077733e+01 3.301635856955849845e-04
2.480000000000077875e+01 3.281296164358004372e-04
2.490000000000078018e+01 3.261144379367137639e-04
2.500000000000078160e+01 3.241178182285516592e-04
2.510000000000078302e+01 3.221395289468687137e-04
2.520000000000078444e+01 3.201793452641598986e-04
2.530000000000078586e+01 3.182370458230440583e-04
2.540000000000078728e+01 3.163124126709675101e-04
2.550000000000078870e+01 3.144052311963875242e-04
2.560000000000079012e+01 3.125152900663988233e-04
2.570000000000079154e+01 3.106423811657530116e-04
2.580000000000079297e+01 3.087862995372482166e-04
2.590000000000079439e+01 3.069468433234421104e-04
2.600000000000079581e+01 3.051238137096511181e-04
2.610000000000079723e+01 3.033170148682112050e-04
2.620000000000079865e+01 3.015262539039583367e-04
2.630000000000080007e+01 2.997513408008995557e-04
2.640000000000080149e+01 2.979920883700461600e-04
2.650000000000080291e+01 2.962483121983711457e-04
2.660000000000080433e+01 2.945198305988712341e-04
2.670000000000080576e+01 2.928064645617007959e-04
2.680000000000080718e+01 2.911080377063461210e-04
2.690000000000080860e+01 2.894243762348218201e-04
2.700000000000081002e+01 2.877553088858578081e-04
2.710000000000081144e+01 2.861006668900527988e-04
2.720000000000081286e+01 2.844602839259733869e-04
2.730000000000081428e+01 2.828339960771686845e-04
2.740000000000081570e+01 2.812216417900841405e-04
2.750000000000081712e+01 2.796230618328521007e-04
2.760000000000081855e+01 2.780380992549296706e-04
2.770000000000081997e+01 2.764665993475742345e-04
2.780000000000082139e+01 2.749084096051290348e-04
2.790000000000082281e+01 2.733633796871002197e-04
2.800000000000082423e+01 2.718313613810105587e-04
2.810000000000082565e+01 2.703122085660021254e-04
2.820000000000082707e+01 2.688057771771817125e-04
2.830000000000082849e+01 2.673119251706831761e-04
2.840000000000082991e+01 2.658305124894299026e-04
2.850000000000083134e+01 2.643614010295861788e-04
2.860000000000083276e+01 2.629044546076765923e-04
2.870000000000083418e+01 2.614595389283591522e-04
2.880000000000083560e+01 2.600265215528388472e-04
2.890000000000083702e+01 2.586052718679019650e-04
2.900000000000083844e+01 2.571956610555622253e-04
2.910000000000083986e+01 2.557975620633034966e-04
2.920000000000084128e+01 2.544108495749006086e-04
2.930000000000084270e+01 2.530353999818118647e-04
2.940000000000084412e+01 2.516710913551263411e-04
2.950000000000084555e+01 2.503178034180534488e-04
2.960000000000084697e+01 2.489754175189459241e-04
2.970000000000084839e+01 2.476438166048368925e-04
2.980000000000084981e+01 2.463228851954891649e-04
2.990000000000085123e+01 2.450125093579387666e-04
3.000000000000085265e+01 2.437125766815215330e-04
3.010000000000085407e+01 2.424229762533764289e-04
3.020000000000085549e+01 2.411435986344116864e-04
3.030000000000085691e+01 2.398743358357245193e-04
3.040000000000085834e+01 2.386150812954648446e-04
3.050000000000085976e+01 2.373657298561315473e-04
3.060000000000086118e+01 2.361261777422948090e-04
3.070000000000086260e+01 2.348963225387340112e-04
3.080000000000086402e+01 2.336760631689797484e-04
3.090000000000086544e+01 2.324652998742553960e-04
3.100000000000086686e+01 2.312639341928074735e-04
3.110000000000086828e+01 2.300718689396158585e-04
3.120000000000086970e+01 2.288890081864780493e-04
3.130000000000087113e+01 2.277152572424560395e-04
3.140000000000087255e+01 2.265505226346816846e-04
3.150000000000087397e+01 2.253947120895124546e-04
3.160000000000087539e+01 2.242477345140259733e-04
3.170000000000087681e+01 2.231094999778526658e-04
3.180000000000087823e+01 2.219799196953349139e-04
3.190000000000087965e+01 2.208589060080070807e-04
3.200000000000088107e+01 2.197463723673915800e-04
3.210000000000088249e+01 2.186422333180997968e-04
3.220000000000088392e+01 2.175464044812370449e-04
3.230000000000088534e+01 2.164588025381033488e-04
3.240000000000088676e+01 2.153793452141797781e-04
3.250000000000088818e+01 2.143079512634025281e-04
3.260000000000088960e+01 2.132445404527118194e-04
3.270000000000089102e+01 2.121890335468734471e-04
3.280000000000089244e+01 2.111413522935675854e-04
3.290000000000089386e+01 2.101014194087365001e-04
3.300000000000089528e+01 2.090691585621897049e-04
3.310000000000089670e+01 2.080444943634603811e-04
3.320000000000089813e+01 2.070273523479045509e-04
3.330000000000089955e+01 2.060176589630437346e-04
3.340000000000090097e+01 2.050153415551422300e-04
3.350000000000090239e+01 2.040203283560152988e-04
3.360000000000090381e+01 2.030325484700655784e-04
3.370000000000090523e+01 2.020519318615389903e-04
3.380000000000090665e+01 2.010784093420001442e-04
3.390000000000090807e+01 2.001119125580224430e-04
