-3.000000000000000000e+01 1.307895853639704821e-03
-2.989999999999999858e+01 1.322558512811801640e-03
-2.979999999999999716e+01 1.337520522526226309e-03
-2.969999999999999574e+01 1.352791407254991122e-03
-2.959999999999999432e+01 1.368381110402090359e-03
-2.949999999999999289e+01 1.384300017729940329e-03
-2.939999999999999147e+01 1.400558982365102557e-03
-2.929999999999999005e+01 1.417169351507431476e-03
-2.919999999999998863e+01 1.434142994977911489e-03
-2.909999999999998721e+01 1.451492335752794030e-03
-2.899999999999998579e+01 1.469230382645010701e-03
-2.889999999999998437e+01 1.487370765308849941e-03
-2.879999999999998295e+01 1.505927771760349641e-03
-2.869999999999998153e+01 1.524916388623878162e-03
-2.859999999999998010e+01 1.544352344335661034e-03
-2.849999999999997868e+01 1.564252155557160386e-03
-2.839999999999997726e+01 1.584633177075894317e-03
-2.829999999999997584e+01 1.605513655498766630e-03
-2.819999999999997442e+01 1.626912787073208581e-03
-2.809999999999997300e+01 1.648850780005398477e-03
-2.799999999999997158e+01 1.671348921682510496e-03
-2.789999999999997016e+01 1.694429651247721666e-03
-2.779999999999996874e+01 1.718116638023768584e-03
-2.769999999999996732e+01 1.742434866333043451e-03
-2.759999999999996589e+01 1.767410727320770959e-03
-2.749999999999996447e+01 1.793072118453509743e-03
-2.739999999999996305e+01 1.819448551438530457e-03
-2.729999999999996163e+01 1.846571269392408964e-03
-2.719999999999996021e+01 1.874473374180044352e-03
-2.709999999999995879e+01 1.903189964949695027e-03
-2.699999999999995737e+01 1.932758289007792006e-03
-2.689999999999995595e+01 1.963217906310335114e-03
-2.679999999999995453e+01 1.994610868998274774e-03
-2.669999999999995310e+01 2.026981917575057784e-03
-2.659999999999995168e+01 2.060378695517752629e-03
-2.649999999999995026e+01 2.094851984333283724e-03
-2.639999999999994884e+01 2.130455961321584685e-03
-2.629999999999994742e+01 2.167248482592460442e-03
-2.619999999999994600e+01 2.205291394209040259e-03
-2.609999999999994458e+01 2.244650874703120209e-03
-2.599999999999994316e+01 2.285397812634718841e-03
-2.589999999999994174e+01 2.327608223358606458e-03
-2.579999999999994031e+01 2.371363709724128022e-03
-2.569999999999993889e+01 2.416751972084777659e-03
-2.559999999999993747e+01 2.463867373744512562e-03
-2.549999999999993605e+01 2.512811568835827177e-03
-2.539999999999993463e+01 2.563694200632023624e-03
-2.529999999999993321e+01 2.616633679466096821e-03
-2.519999999999993179e+01 2.671758050791591191e-03
-2.509999999999993037e+01 2.729205965512156943e-03
-2.499999999999992895e+01 2.789127766567763879e-03
-2.489999999999992752e+01 2.851686707949692770e-03
-2.479999999999992610e+01 2.917060324884355928e-03
-2.469999999999992468e+01 2.985441976952892852e-03
-2.459999999999992326e+01 3.057042589492598664e-03
-2.449999999999992184e+01 3.132092622867667982e-03
-2.439999999999992042e+01 3.210844304238636045e-03
-2.429999999999991900e+01 3.293574162471028452e-03
-2.419999999999991758e+01 3.380585914010100865e-03
-2.409999999999991616e+01 3.472213756169613939e-03
-2.399999999999991473e+01 3.568826134655598073e-03
-2.389999999999991331e+01 3.670830064668477530e-03
-2.379999999999991189e+01 3.778676100098600759e-03
-2.369999999999991047e+01 3.892864063773269871e-03
-2.359999999999990905e+01 4.013949674217821492e-03
-2.349999999999990763e+01 4.142552231957821740e-03
-2.339999999999990621e+01 4.279363562281461413e-03
-2.329999999999990479e+01 4.425158453227342158e-03
-2.319999999999990337e+01 4.580806879443313079e-03
-2.309999999999990195e+01 4.747288367163056584e-03
-2.299999999999990052e+01 4.925708936354603225e-03
-2.289999999999989910e+01 5.117321157640503278e-03
-2.279999999999989768e+01 5.323547989814775803e-03
-2.269999999999989626e+01 5.546011226505845326e-03
-2.259999999999989484e+01 5.786565588099933793e-03
-2.249999999999989342e+01 6.047339761221428439e-03
-2.239999999999989200e+01 6.330786031289147194e-03
-2.229999999999989058e+01 6.639740598730378522e-03
-2.219999999999988916e+01 6.977497249917314313e-03
-2.209999999999988773e+01 7.347897815486750112e-03
-2.199999999999988631e+01 7.755443853980032408e-03
-2.189999999999988489e+01 8.205435333796771979e-03
-2.179999999999988347e+01 8.704143870366668617e-03
-2.169999999999988205e+01 9.259030473640857128e-03
-2.159999999999988063e+01 9.879021004056491237e-03
-2.149999999999987921e+01 1.057485694507121279e-02
-2.139999999999987779e+01 1.135954512689253855e-02
-2.129999999999987637e+01 1.224893830472927048e-02
-2.119999999999987494e+01 1.326248986809130427e-02
-2.109999999999987352e+01 1.442424160178209201e-02
-2.099999999999987210e+01 1.576412485547978512e-02
-2.089999999999987068e+01 1.731968454982453845e-02
-2.079999999999986926e+01 1.913837402411549399e-02
-2.069999999999986784e+01 2.128061773224339953e-02
-2.059999999999986642e+01 2.382389548482980943e-02
-2.049999999999986500e+01 2.686815310459668427e-02
-2.039999999999986358e+01 3.054284983481673696e-02
-2.029999999999986215e+01 3.501580695469371646e-02
-2.019999999999986073e+01 4.050346672219963529e-02
-2.009999999999985931e+01 4.728060965736066712e-02
-1.999999999999985789e+01 5.568372021641052050e-02
-1.989999999999985647e+01 6.609353442635988729e-02
-1.979999999999985505e+01 7.886511543861270124e-02
-1.969999999999985363e+01 9.414689827361193142e-02
-1.959999999999985221e+01 1.115126276726459142e-01
-1.949999999999985079e+01 1.294057738303435734e-01
-1.939999999999984936e+01 1.447272128950711223e-01
-1.929999999999984794e+01 1.534107084550233036e-01
-1.919999999999984652e+01 1.525210960509396918e-01
-1.909999999999984510e+01 1.423989021821088219e-01
-1.899999999999984368e+01 1.263891209629209866e-01
-1.889999999999984226e+01 1.084959795558922552e-01
-1.879999999999984084e+01 9.153174852817992646e-02
-1.869999999999983942e+01 7.679856398369705461e-02
-1.859999999999983800e+01 6.457782562012184813e-02
-1.849999999999983658e+01 5.466139932849003319e-02
-1.839999999999983515e+01 4.668016594716190015e-02
-1.829999999999983373e+01 4.025858818266768446e-02
-1.819999999999983231e+01 3.507133710064341825e-02
-1.809999999999983089e+01 3.085513483665577178e-02
-1.799999999999982947e+01 2.740346294300356755e-02
-1.789999999999982805e+01 2.455646623323144706e-02
-1.779999999999982663e+01 2.219087619333710501e-02
-1.769999999999982521e+01 2.021149345120634017e-02
-1.759999999999982379e+01 1.854446530227415318e-02
-1.749999999999982236e+01 1.713214653232250986e-02
-1.739999999999982094e+01 1.592922727940472918e-02
-1.729999999999981952e+01 1.489983090171917608e-02
-1.719999999999981810e+01 1.401533890726926711e-02
-1.709999999999981668e+01 1.325275580490794559e-02
-1.699999999999981526e+01 1.259347383818550624e-02
-1.689999999999981384e+01 1.202233425198924281e-02
-1.679999999999981242e+01 1.152690924451633958e-02
-1.669999999999981100e+01 1.109694898441748734e-02
-1.659999999999980957e+01 1.072395281847745435e-02
-1.649999999999980815e+01 1.040083451274699707e-02
-1.639999999999980673e+01 1.012165916455705188e-02
-1.629999999999980531e+01 9.881435107544266072e-03
-1.619999999999980389e+01 9.675948295330234414e-03
-1.609999999999980247e+01 9.501629714483861983e-03
-1.599999999999980105e+01 9.355448646483546099e-03
-1.589999999999979963e+01 9.234826288305379369e-03
-1.579999999999979821e+01 9.137565507559151229e-03
-1.569999999999979678e+01 9.061793462859719581e-03
-1.559999999999979536e+01 9.005914544461748536e-03
-1.549999999999979394e+01 8.968571643098234222e-03
-1.539999999999979252e+01 8.948614179594575890e-03
-1.529999999999979110e+01 8.945071655909001343e-03
-1.519999999999978968e+01 8.957131743251821321e-03
-1.509999999999978826e+01 8.984122122322574580e-03
-1.499999999999978684e+01 9.025495447545309538e-03
-1.489999999999978542e+01 9.080816931317582316e-03
-1.479999999999978400e+01 9.149754143167923223e-03
-1.469999999999978257e+01 9.232068698016378597e-03
-1.459999999999978115e+01 9.327609571803055152e-03
-1.449999999999977973e+01 9.436307834949047083e-03
-1.439999999999977831e+01 9.558172637051037118e-03
-1.429999999999977689e+01 9.693288311926798184e-03
-1.419999999999977547e+01 9.841812502243035485e-03
-1.409999999999977405e+01 1.000397522875658314e-02
-1.399999999999977263e+01 1.018007885173426684e-02
-1.389999999999977121e+01 1.037049889224911370e-02
-1.379999999999976978e+01 1.057568569950615225e-02
-1.369999999999976836e+01 1.079616696776548694e-02
-1.359999999999976694e+01 1.103255112336648004e-02
-1.349999999999976552e+01 1.128553161934007024e-02
-1.339999999999976410e+01 1.155589219264464146e-02
-1.329999999999976268e+01 1.184451315768671187e-02
-1.319999999999976126e+01 1.215237883004295465e-02
-1.309999999999975984e+01 1.248058619678590365e-02
-1.299999999999975842e+01 1.283035497520122747e-02
-1.289999999999975699e+01 1.320303923076187116e-02
-1.279999999999975557e+01 1.360014075890582201e-02
-1.269999999999975415e+01 1.402332447454973131e-02
-1.259999999999975273e+01 1.447443609969859511e-02
-1.249999999999975131e+01 1.495552249459463322e-02
-1.239999999999974989e+01 1.546885504358822341e-02
-1.229999999999974847e+01 1.601695658578151243e-02
-1.219999999999974705e+01 1.660263247555293989e-02
-1.209999999999974563e+01 1.722900647317751263e-02
-1.199999999999974420e+01 1.789956230573233609e-02
-1.189999999999974278e+01 1.861819190941787008e-02
-1.179999999999974136e+01 1.938925157408778049e-02
-1.169999999999973994e+01 2.021762746901147392e-02
-1.159999999999973852e+01 2.110881234834018072e-02
-1.149999999999973710e+01 2.206899563167413758e-02
-1.139999999999973568e+01 2.310516955054628743e-02
-1.129999999999973426e+01 2.422525467290759932e-02
-1.119999999999973284e+01 2.543824890051106166e-02
-1.109999999999973141e+01 2.675440502534015205e-02
-1.099999999999972999e+01 2.818544319286800034e-02
-1.089999999999972857e+01 2.974480623415184585e-02
-1.079999999999972715e+01 3.144796790535916986e-02
-1.069999999999972573e+01 3.331280675969038041e-02
-1.059999999999972431e+01 3.536006187181801874e-02
-1.049999999999972289e+01 3.761389120928022856e-02
-1.039999999999972147e+01 4.010255946790935999e-02
-1.029999999999972005e+01 4.285929016632737676e-02
-1.019999999999971863e+01 4.592332742765925513e-02
-1.009999999999971720e+01 4.934126713528328573e-02
-9.999999999999715783e+00 5.316873638464586493e-02
-9.899999999999714362e+00 5.747252625061607251e-02
-9.799999999999712941e+00 6.233331848366514827e-02
-9.699999999999711520e+00 6.784919551076415423e-02
-9.599999999999710099e+00 7.414019013406997205e-02
-9.499999999999708677e+00 8.135422353635600456e-02
-9.399999999999707256e+00 8.967490683943422913e-02
-9.299999999999705835e+00 9.933185411918520058e-02
-9.199999999999704414e+00 1.106143864103023150e-01
-9.099999999999702993e+00 1.238898069958843801e-01
-8.999999999999701572e+00 1.396277934451247427e-01
-8.899999999999700151e+00 1.584328303822307160e-01
-8.799999999999698730e+00 1.810868242577008125e-01
-8.699999999999697309e+00 2.086036165154367128e-01
-8.599999999999695888e+00 2.422948381123218309e-01
-8.499999999999694467e+00 2.838395747442768458e-01
-8.399999999999693046e+00 3.353322763838495479e-01
-8.299999999999691624e+00 3.992412166043543542e-01
-8.199999999999690203e+00 4.781211785170056405e-01
-8.099999999999688782e+00 5.737669997100944830e-01
-7.999999999999687361e+00 6.853157518499431999e-01
-7.899999999999685940e+00 8.059421252144693959e-01
-7.799999999999684519e+00 9.191778688372934658e-01
-7.699999999999683098e+00 9.992067705449418913e-01
-7.599999999999681677e+00 1.020955054419377950e+00
-7.499999999999680256e+00 9.765828490271560858e-01
-7.399999999999678835e+00 8.816677561091131876e-01
-7.299999999999677414e+00 7.633671429539909958e-01
-7.199999999999675993e+00 6.447520147109483402e-01
-7.099999999999674571e+00 5.385676984526149846e-01
-6.999999999999673150e+00 4.490748992388414740e-01
-6.899999999999671729e+00 3.758907498331573449e-01
-6.799999999999670308e+00 3.168004876798101166e-01
-6.699999999999668887e+00 2.692210823793781960e-01
-6.599999999999667466e+00 2.308013941959433379e-01
-6.499999999999666045e+00 1.995962635483490288e-01
-6.399999999999664624e+00 1.740643732112050479e-01
-6.299999999999663203e+00 1.530077897352882244e-01
-6.199999999999661782e+00 1.355019987173685103e-01
-6.099999999999660361e+00 1.208337157394219902e-01
-5.999999999999658939e+00 1.084507019373832371e-01
-5.899999999999657518e+00 9.792299638989022947e-02
-5.799999999999656097e+00 8.891357204781404067e-02
-5.699999999999654676e+00 8.115631200724668370e-02
-5.599999999999653255e+00 7.443951076885994833e-02
-5.499999999999651834e+00 6.859349005942937116e-02
-5.399999999999650413e+00 6.348126358690309168e-02
-5.299999999999648992e+00 5.899146075379799875e-02
-5.199999999999647571e+00 5.503292864953707869e-02
-5.099999999999646150e+00 5.153058654978243808e-02
-4.999999999999644729e+00 4.842222039175619885e-02
-4.899999999999643308e+00 4.565598705938107155e-02
-4.799999999999641886e+00 4.318845817888005562e-02
-4.699999999999640465e+00 4.098307672758915582e-02
-4.599999999999639044e+00 3.900893163327376345e-02
-4.499999999999637623e+00 3.723977895462083493e-02
-4.399999999999636202e+00 3.565325552606247311e-02
-4.299999999999634781e+00 3.423024379707740456e-02
-4.199999999999633360e+00 3.295435619890545176e-02
-4.099999999999631939e+00 3.181151459418074534e-02
-3.999999999999630518e+00 3.078960583150280178e-02
-3.899999999999629097e+00 2.987819859043050127e-02
-3.799999999999627676e+00 2.906830989337515561e-02
-3.699999999999626255e+00 2.835221212206201838e-02
-3.599999999999624833e+00 2.772327328671981075e-02
-3.499999999999623412e+00 2.717582478899840254e-02
-3.399999999999621991e+00 2.670505209426468282e-02
-3.299999999999620570e+00 2.630690466018511392e-02
-3.199999999999619149e+00 2.597802221308941062e-02
-3.099999999999617728e+00 2.571567506482350107e-02
-2.999999999999616307e+00 2.551771665401097663e-02
-2.899999999999614886e+00 2.538254690288806528e-02
-2.799999999999613465e+00 2.530908532472325029e-02
-2.699999999999612044e+00 2.529675311386511000e-02
-2.599999999999610623e+00 2.534546371438771775e-02
-2.499999999999609201e+00 2.545562160583007480e-02
-2.399999999999607780e+00 2.562812927610426741e-02
-2.299999999999606359e+00 2.586440258207703055e-02
-2.199999999999604938e+00 2.616639493735721869e-02
-2.099999999999603517e+00 2.653663102469704105e-02
-1.999999999999602096e+00 2.697825101851567334e-02
-1.899999999999600675e+00 2.749506663458265929e-02
-1.799999999999599254e+00 2.809163071471840883e-02
-1.699999999999597833e+00 2.877332252409388336e-02
-1.599999999999596412e+00 2.954645151204264575e-02
-1.499999999999594991e+00 3.041838299584891797e-02
-1.399999999999593570e+00 3.139769011171016089e-02
-1.299999999999592148e+00 3.249433749150943546e-02
-1.199999999999590727e+00 3.371990353875370383e-02
-1.099999999999589306e+00 3.508784998574822345e-02
-9.999999999995878852e-01 3.661384974201602194e-02
-8.999999999995864641e-01 3.831618705966885474e-02
-7.999999999995850430e-01 4.021624797293774783e-02
-6.999999999995836220e-01 4.233912412689336269e-02
-5.999999999995822009e-01 4.471435991979526986e-02
-4.999999999995807798e-01 4.737688192989507330e-02
-3.999999999995793587e-01 5.036816169094898016e-02
-2.999999999995779376e-01 5.373767914684417224e-02
-1.999999999995765165e-01 5.754477612399989950e-02
-9.999999999957509544e-02 6.186101910282261473e-02
4.263256414560601115e-13 6.677323150680365693e-02
1.000000000004277467e-01 7.238741191454027557e-02
2.000000000004291678e-01 7.883383189201115249e-02
3.000000000004305889e-01 8.627371343783546420e-02
4.000000000004320100e-01 9.490803157575340709e-02
5.000000000004334311e-01 1.049891846740086815e-01
6.000000000004348522e-01 1.168365356634242097e-01
7.000000000004362732e-01 1.308571560543915768e-01
8.000000000004376943e-01 1.475734789995729324e-01
9.000000000004391154e-01 1.676598886043644543e-01
1.000000000000440536e+00 1.919902459325927013e-01
1.100000000000441958e+00 2.216972113189304150e-01
1.200000000000443379e+00 2.582401076246558236e-01
1.300000000000444800e+00 3.034667083607079374e-01
1.400000000000446221e+00 3.596265617364908795e-01
1.500000000000447642e+00 4.292318264859187882e-01
1.600000000000449063e+00 5.145413540192268487e-01
1.700000000000450484e+00 6.162632935896036335e-01
1.800000000000451905e+00 7.309850677017646348e-01
1.900000000000453326e+00 8.474632928664951326e-01
2.000000000000454747e+00 9.443046487771704633e-01
2.100000000000456168e+00 9.948064600224139076e-01
2.200000000000457590e+00 9.815216666970469905e-01
2.300000000000459011e+00 9.092648125804438930e-01
2.400000000000460432e+00 8.012895263784206579e-01
2.500000000000461853e+00 6.834386819809907809e-01
2.600000000000463274e+00 5.730491664401069496e-01
2.700000000000464695e+00 4.777537401819929586e-01
2.800000000000466116e+00 3.989032938986734056e-01
2.900000000000467537e+00 3.349372269146327352e-01
3.000000000000468958e+00 2.833939040727561087e-01
3.100000000000470379e+00 2.418329619150489107e-01
3.200000000000471800e+00 2.081618366737532366e-01
3.300000000000473221e+00 1.806949183762502076e-01
3.400000000000474643e+00 1.581127027191392698e-01
3.500000000000476064e+00 1.393945465746607437e-01
3.600000000000477485e+00 1.237533642303023235e-01
3.700000000000478906e+00 1.105809962623364590e-01
3.800000000000480327e+00 9.940529491424242303e-02
3.900000000000481748e+00 8.985738949120940233e-02
4.000000000000483169e+00 8.164704527698700420e-02
4.100000000000484590e+00 7.454419932482420075e-02
4.200000000000486011e+00 6.836511941993862751e-02
4.300000000000487432e+00 6.296199444706382375e-02
4.400000000000488853e+00 5.821506620803986592e-02
4.500000000000490274e+00 5.402664651827846637e-02
4.600000000000491696e+00 5.031653817939227974e-02
4.700000000000493117e+00 4.701850679344313222e-02
4.800000000000494538e+00 4.407754391769455604e-02
4.900000000000495959e+00 4.144773004368649399e-02
5.000000000000497380e+00 3.909055534686103894e-02
5.100000000000498801e+00 3.697359225197148491e-02
5.200000000000500222e+00 3.506944032531780081e-02
5.300000000000501643e+00 3.335488351534753038e-02
5.400000000000503064e+00 3.181021423633898643e-02
5.500000000000504485e+00 3.041868960061643382e-02
5.600000000000505906e+00 2.916609324186729760e-02
5.700000000000507328e+00 2.804038235022082715e-02
5.800000000000508749e+00 2.703140427870559526e-02
5.900000000000510170e+00 2.613067076227979652e-02
6.000000000000511591e+00 2.533118069846070769e-02
6.100000000000513012e+00 2.462728478720874886e-02
6.200000000000514433e+00 2.401458728365789969e-02
6.300000000000515854e+00 2.348988181478241580e-02
6.400000000000517275e+00 2.305111976466137080e-02
6.500000000000518696e+00 2.269741124777208477e-02
6.600000000000520117e+00 2.242906027111440936e-02
6.700000000000521538e+00 2.224763744962628131e-02
6.800000000000522959e+00 2.215609572261522525e-02
6.900000000000524381e+00 2.215893709503566691e-02
7.000000000000525802e+00 2.226244172420482198e-02
7.100000000000527223e+00 2.247497499762956749e-02
7.200000000000528644e+00 2.280739402298057050e-02
7.300000000000530065e+00 2.327358275967014029e-02
7.400000000000531486e+00 2.389115566752252409e-02
7.500000000000532907e+00 2.468238433253572631e-02
7.600000000000534328e+00 2.567542152736163388e-02
7.700000000000535749e+00 2.690592446640219931e-02
7.800000000000537170e+00 2.841921583593465944e-02
7.900000000000538591e+00 3.027316955793842024e-02
8.000000000000540012e+00 3.254206850790138800e-02
8.100000000000541434e+00 3.532174805608452595e-02
8.200000000000542855e+00 3.873639079402690921e-02
8.300000000000544276e+00 4.294731208915258253e-02
8.400000000000545697e+00 4.816381396248400892e-02
8.500000000000547118e+00 5.465530356018863389e-02
8.600000000000548539e+00 6.276150225911053537e-02
8.700000000000549960e+00 7.289187400856071697e-02
8.800000000000551381e+00 8.549298757619723521e-02
8.900000000000552802e+00 1.009390513439819698e-01
9.000000000000554223e+00 1.192683363610004266e-01
9.100000000000555644e+00 1.396836251139462470e-01
9.200000000000557066e+00 1.598869226417887202e-01
9.300000000000558487e+00 1.758056739380053635e-01
9.400000000000559908e+00 1.827690178170239543e-01
9.500000000000561329e+00 1.782620796949918041e-01
9.600000000000562750e+00 1.638505655802425243e-01
9.700000000000564171e+00 1.439502236036349359e-01
9.800000000000565592e+00 1.229700972033176964e-01
9.900000000000567013e+00 1.036635378279486680e-01
1.000000000000056843e+01 8.714075869495761795e-02
1.010000000000056986e+01 7.351496913671858036e-02
1.020000000000057128e+01 6.246243444686312013e-02
1.030000000000057270e+01 5.353918651173457388e-02
1.040000000000057412e+01 4.632058868786043809e-02
1.050000000000057554e+01 4.044779674770618283e-02
1.060000000000057696e+01 3.563365547215315010e-02
1.070000000000057838e+01 3.165401256710902167e-02
1.080000000000057980e+01 2.833562758230852296e-02
1.090000000000058122e+01 2.554486128235104389e-02
1.100000000000058265e+01 2.317835207899671124e-02
1.110000000000058407e+01 2.115574155272139517e-02
1.120000000000058549e+01 1.941414298245229542e-02
1.130000000000058691e+01 1.790398263602280271e-02
1.140000000000058833e+01 1.658588400616809247e-02
1.150000000000058975e+01 1.542833102778138482e-02
1.160000000000059117e+01 1.440590903511300945e-02
1.170000000000059259e+01 1.349797362486165539e-02
1.180000000000059401e+01 1.268763709066042869e-02
1.190000000000059543e+01 1.196099150363010011e-02
1.200000000000059686e+01 1.130650907225843466e-02
1.210000000000059828e+01 1.071457611035131312e-02
1.220000000000059970e+01 1.017712834834236073e-02
1.230000000000060112e+01 9.687363623865458476e-03
1.240000000000060254e+01 9.239514047719447204e-03
1.250000000000060396e+01 8.828664185867141079e-03
1.260000000000060538e+01 8.450605074918206977e-03
1.270000000000060680e+01 8.101716318323789329e-03
1.280000000000060822e+01 7.778870323049736496e-03
1.290000000000060965e+01 7.479354096878000971e-03
1.300000000000061107e+01 7.200805053777724687e-03
1.310000000000061249e+01 6.941158055288655822e-03
1.320000000000061391e+01 6.698601512415533824e-03
1.330000000000061533e+01 6.471540831177994939e-03
1.340000000000061675e+01 6.258567839607528070e-03
1.350000000000061817e+01 6.058435109737603588e-03
1.360000000000061959e+01 5.870034303712955495e-03
1.370000000000062101e+01 5.692377842565379646e-03
1.380000000000062244e+01 5.524583330022544460e-03
1.390000000000062386e+01 5.365860269939730365e-03
1.400000000000062528e+01 5.215498700660853824e-03
1.410000000000062670e+01 5.072859437489225277e-03
1.420000000000062812e+01 4.937365669073392159e-03
1.430000000000062954e+01 4.808495697659318641e-03
1.440000000000063096e+01 4.685776648988721274e-03
1.450000000000063238e+01 4.568779006817769682e-03
1.460000000000063380e+01 4.457111850908428499e-03
1.470000000000063523e+01 4.350418696951064562e-03
1.480000000000063665e+01 4.248373853031850618e-03
1.490000000000063807e+01 4.150679220616236217e-03
1.500000000000063949e+01 4.057061479103815475e-03
1.510000000000064091e+01 3.967269602234696838e-03
1.520000000000064233e+01 3.881072662331226057e-03
1.530000000000064375e+01 3.798257884812356391e-03
1.540000000000064517e+01 3.718628920837908393e-03
1.550000000000064659e+01 3.642004310507725769e-03
1.560000000000064801e+01 3.568216112899441021e-03
1.570000000000064944e+01 3.497108682497119658e-03
1.580000000000065086e+01 3.428537574340503272e-03
1.590000000000065228e+01 3.362368562588472030e-03
1.600000000000065370e+01 3.298476759208978076e-03
1.610000000000065512e+01 3.236745821235590456e-03
1.620000000000065654e+01 3.177067236511778043e-03
1.630000000000065796e+01 3.119339679118186652e-03
1.640000000000065938e+01 3.063468426775634544e-03
1.650000000000066080e+01 3.009364833463834023e-03
1.660000000000066223e+01 2.956945851316290785e-03
1.670000000000066365e+01 2.906133596562350280e-03
1.680000000000066507e+01 2.856854954904885883e-03
1.690000000000066649e+01 2.809041222260188955e-03
1.700000000000066791e+01 2.762627777254852632e-03
1.710000000000066933e+01 2.717553782284353337e-03
1.720000000000067075e+01 2.673761910296472942e-03
1.730000000000067217e+01 2.631198094776775794e-03
1.740000000000067359e+01 2.589811300689787328e-03
1.750000000000067502e+01 2.549553314372030987e-03
1.760000000000067644e+01 2.510378550587038810e-03
1.770000000000067786e+01 2.472243875141637813e-03
1.780000000000067928e+01 2.435108441629326489e-03
1.790000000000068070e+01 2.398933541014535049e-03
1.800000000000068212e+01 2.363682462902590153e-03
1.810000000000068354e+01 2.329320367456277820e-03
1.820000000000068496e+01 2.295814167023664618e-03
1.830000000000068638e+01 2.263132416633616660e-03
1.840000000000068781e+01 2.231245212597541324e-03
1.850000000000068923e+01 2.200124098529402435e-03
1.860000000000069065e+01 2.169741978161261829e-03
1.870000000000069207e+01 2.140073034390368306e-03
1.880000000000069349e+01 2.111092654046357615e-03
1.890000000000069491e+01 2.082777357914082986e-03
1.900000000000069633e+01 2.055104735590209276e-03
1.910000000000069775e+01 2.028053384789534151e-03
1.920000000000069917e+01 2.001602854751278766e-03
1.930000000000070060e+01 1.975733593426719139e-03
1.940000000000070202e+01 1.950426898157115200e-03
1.950000000000070344e+01 1.925664869576241200e-03
1.960000000000070486e+01 1.901430368494586584e-03
1.970000000000070628e+01 1.877706975542769866e-03
1.980000000000070770e+01 1.854478953370606318e-03
1.990000000000070912e+01 1.831731211215031647e-03
2.000000000000071054e+01 1.809449271665449768e-03
2.010000000000071196e+01 1.787619239469248091e-03
2.020000000000071338e+01 1.766227772232697481e-03
2.030000000000071481e+01 1.745262052884173415e-03
2.040000000000071623e+01 1.724709763777168732e-03
2.050000000000071765e+01 1.704559062320080325e-03
2.060000000000071907e+01 1.684798558028724512e-03
2.070000000000072049e+01 1.665417290905406951e-03
2.080000000000072191e+01 1.646404711055708637e-03
2.090000000000072333e+01 1.627750659461026442e-03
2.100000000000072475e+01 1.609445349830864076e-03
2.110000000000072617e+01 1.591479351464625226e-03
2.120000000000072760e+01 1.573843573057835026e-03
2.130000000000072902e+01 1.556529247392359058e-03
2.140000000000073044e+01 1.539527916854727509e-03
2.150000000000073186e+01 1.522831419730559434e-03
2.160000000000073328e+01 1.506431877226750140e-03
2.170000000000073470e+01 1.490321681176657361e-03
2.180000000000073612e+01 1.474493482386462703e-03
2.190000000000073754e+01 1.458940179583889359e-03
2.200000000000073896e+01 1.443654908933125324e-03
2.210000000000074039e+01 1.428631034082161657e-03
2.220000000000074181e+01 1.413862136711200625e-03
2.230000000000074323e+01 1.399342007552764871e-03
2.240000000000074465e+01 1.385064637856077939e-03
2.250000000000074607e+01 1.371024211270236099e-03
2.260000000000074749e+01 1.357215096122187407e-03
2.270000000000074891e+01 1.343631838067195364e-03
2.280000000000075033e+01 1.330269153090885047e-03
2.290000000000075175e+01 1.317121920843233353e-03
2.300000000000075318e+01 1.304185178286234540e-03
2.310000000000075460e+01 1.291454113638013318e-03
2.320000000000075602e+01 1.278924060597239325e-03
2.330000000000075744e+01 1.266590492832787114e-03
2.340000000000075886e+01 1.254449018724393275e-03
2.350000000000076028e+01 1.242495376341004295e-03
2.360000000000076170e+01 1.230725428644297579e-03
2.370000000000076312e+01 1.219135158905568705e-03
2.380000000000076454e+01 1.207720666324959419e-03
2.390000000000076597e+01 1.196478161842591146e-03
2.400000000000076739e+01 1.185403964131762728e-03
2.410000000000076881e+01 1.174494495765039366e-03
2.420000000000077023e+01 1.163746279544480887e-03
2.430000000000077165e+01 1.153155934987828155e-03
2.440000000000077307e+01 1.142720174962918132e-03
2.450000000000077449e+01 1.132435802462992318e-03
2.460000000000077591e+01 1.122299707516063094e-03
2.470000000000077733e+01 1.112308864221806968e-03
2.480000000000077875e+01 1.102460327909814738e-03
2.490000000000078018e+01 1.092751232413446657e-03
2.500000000000078160e+01 1.083178787453758412e-03
2.510000000000078302e+01 1.073740276128323009e-03
2.520000000000078444e+01 1.064433052500045589e-03
2.530000000000078586e+01 1.055254539281281568e-03
2.540000000000078728e+01 1.046202225608908274e-03
2.550000000000078870e+01 1.037273664906151202e-03
2.560000000000079012e+01 1.028466472827190177e-03
2.570000000000079154e+01 1.019778325280849178e-03
2.580000000000079297e+01 1.011206956529773961e-03
2.590000000000079439e+01 1.002750157361745114e-03
2.600000000000079581e+01 9.944057733299329314e-04
2.610000000000079723e+01 9.861717030590260238e-04
2.620000000000079865e+01 9.780458966143932772e-04
2.630000000000080007e+01 9.700263539315171499e-04
2.640000000000080149e+01 9.621111233030743256e-04
2.650000000000080291e+01 9.542982999212318556e-04
2.660000000000080433e+01 9.465860244727732206e-04
2.670000000000080576e+01 9.389724817848212881e-04
2.680000000000080718e+01 9.314558995190457078e-04
2.690000000000080860e+01 9.240345469122859768e-04
2.700000000000081002e+01 9.167067335617086520e-04
2.710000000000081144e+01 9.094708082526317119e-04
2.720000000000081286e+01 9.023251578272538072e-04
2.730000000000081428e+01 8.952682060926483261e-04
2.740000000000081570e+01 8.882984127664077896e-04
2.750000000000081712e+01 8.814142724584255731e-04
2.760000000000081855e+01 8.746143136873786019e-04
2.770000000000081997e+01 8.678970979304990660e-04
2.780000000000082139e+01 8.612612187053519984e-04
2.790000000000082281e+01 8.547053006823473846e-04
2.800000000000082423e+01 8.482279988267587244e-04
2.810000000000082565e+01 8.418279975691447641e-04
2.820000000000082707e+01 8.355040100030398887e-04
2.830000000000082849e+01 8.292547771088819904e-04
2.840000000000082991e+01 8.230790670031766596e-04
2.850000000000083134e+01 8.169756742119163887e-04
2.860000000000083276e+01 8.109434189673715970e-04
2.870000000000083418e+01 8.049811465273557561e-04
2.880000000000083560e+01 7.990877265161137367e-04
2.890000000000083702e+01 7.932620522860613132e-04
2.900000000000083844e+01 7.875030402995769879e-04
2.910000000000083986e+01 7.818096295301222133e-04
2.920000000000084128e+01 7.761807808819904840e-04
2.930000000000084270e+01 7.706154766279806750e-04
2.940000000000084412e+01 7.651127198643830306e-04
2.950000000000084555e+01 7.596715339826372532e-04
2.960000000000084697e+01 7.542909621570523986e-04
2.970000000000084839e+01 7.489700668480502683e-04
2.980000000000084981e+01 7.437079293203553969e-04
2.990000000000085123e+01 7.385036491756193479e-04
3.000000000000085265e+01 7.333563438989740800e-04
3.010000000000085407e+01 7.282651484190154345e-04
3.020000000000085549e+01 7.232292146807724371e-04
3.030000000000085691e+01 7.182477112312065076e-04
3.040000000000085834e+01 7.133198228167971378e-04
3.050000000000085976e+01 7.084447499928265462e-04
3.060000000000086118e+01 7.036217087439496825e-04
3.070000000000086260e+01 6.988499301156697900e-04
3.080000000000086402e+01 6.941286598563687835e-04
3.090000000000086544e+01 6.894571580695082027e-04
3.100000000000086686e+01 6.848346988756985739e-04
3.110000000000086828e+01 6.802605700842926208e-04
3.120000000000086970e+01 6.757340728741785801e-04
3.130000000000087113e+01 6.712545214834975864e-04
3.140000000000087255e+01 6.668212429079736336e-04
3.150000000000087397e+01 6.624335766075858207e-04
3.160000000000087539e+01 6.580908742213157367e-04
3.170000000000087681e+01 6.537924992896956789e-04
3.180000000000087823e+01 6.495378269849301327e-04
3.190000000000087965e+01 6.453262438483373499e-04
3.200000000000088107e+01 6.411571475348727201e-04
3.210000000000088249e+01 6.370299465645267410e-04
3.220000000000088392e+01 6.329440600803708846e-04
3.230000000000088534e+01 6.288989176130457912e-04
3.240000000000088676e+01 6.248939588514966373e-04
3.250000000000088818e+01 6.209286334197502196e-04
3.260000000000088960e+01 6.170024006595633192e-04
3.270000000000089102e+01 6.131147294187554294e-04
3.280000000000089244e+01 6.092650978450431590e-04
3.290000000000089386e+01 6.054529931852275582e-04
3.300000000000089528e+01 6.016779115895587275e-04
3.310000000000089670e+01 5.979393579211247272e-04
3.320000000000089813e+01 5.942368455701224324e-04
3.330000000000089955e+01 5.905698962728464030e-04
3.340000000000090097e+01 5.869380399352771551e-04
3.350000000000090239e+01 5.833408144611226852e-04
3.360000000000090381e+01 5.797777655841729501e-04
3.370000000000090523e+01 5.762484467048605095e-04
3.380000000000090665e+01 5.727524187308898540e-04
3.390000000000090807e+01 5.692892499218214688e-04
