-3.200000000000000000e+01 8.026317484192280194e-02 1.732781682653094374e-02
-3.189999999999999858e+01 8.135023228685114849e-02 1.776288633574900008e-02
-3.179999999999999716e+01 8.246268017168800757e-02 1.821408546273475815e-02
-3.169999999999999574e+01 8.360135837268944936e-02 1.868220893119066500e-02
-3.159999999999999432e+01 8.476714145957880975e-02 1.916810029005166366e-02
-3.149999999999999289e+01 8.596094029638487455e-02 1.967265549969133415e-02
-3.139999999999999147e+01 8.718370371019890097e-02 2.019682682358119041e-02
-3.129999999999999005e+01 8.843642022858091978e-02 2.074162705499601675e-02
-3.119999999999998863e+01 8.972011988537920146e-02 2.130813411137099517e-02
-3.109999999999998721e+01 9.103587609394099556e-02 2.189749603242992920e-02
-3.099999999999998579e+01 9.238480758615277844e-02 2.251093642232906630e-02
-3.089999999999998437e+01 9.376808041393068505e-02 2.314976038018847632e-02
-3.079999999999998295e+01 9.518691000897547272e-02 2.381536096860369447e-02
-3.069999999999998153e+01 9.664256329442372229e-02 2.450922627507847590e-02
-3.059999999999998010e+01 9.813636083982678338e-02 2.523294712749430541e-02
-3.049999999999997868e+01 9.966967904870652206e-02 2.598822553189731807e-02
-3.039999999999997726e+01 1.012439523639881711e-01 2.677688390832675194e-02
-3.029999999999997584e+01 1.028606754734304324e-01 2.760087520949828371e-02
-3.019999999999997442e+01 1.045214054919716973e-01 2.846229401675015591e-02
-3.009999999999997300e+01 1.062277640921384936e-01 2.936338871865397035e-02
-2.999999999999997158e+01 1.079814395472486893e-01 3.030657489034348576e-02
-2.989999999999997016e+01 1.097841886429122976e-01 3.129445000508540575e-02
-2.979999999999996874e+01 1.116378384030170257e-01 3.232980962566051747e-02
-2.969999999999996732e+01 1.135442875635908760e-01 3.341566524037808961e-02
-2.959999999999996589e+01 1.155055077130777430e-01 3.455526392818118742e-02
-2.949999999999996447e+01 1.175235440002562054e-01 3.575211005969985978e-02
-2.939999999999996305e+01 1.196005152884357520e-01 3.700998926527053479e-02
-2.929999999999996163e+01 1.217386136093449311e-01 3.833299492911403789e-02
-2.919999999999996021e+01 1.239401027378720516e-01 3.972555749936653585e-02
-2.909999999999995879e+01 1.262073156704719423e-01 4.119247693795916737e-02
-2.899999999999995737e+01 1.285426507443911404e-01 4.273895867291377382e-02
-2.889999999999995595e+01 1.309485660776049110e-01 4.437065345707900954e-02
-2.879999999999995453e+01 1.334275719424041773e-01 4.609370158438644283e-02
-2.869999999999995310e+01 1.359822206023441338e-01 4.791478196490257802e-02
-2.859999999999995168e+01 1.386150930420825544e-01 4.984116661471098969e-02
-2.849999999999995026e+01 1.413287818989052702e-01 5.188078117590694260e-02
-2.839999999999994884e+01 1.441258697558466806e-01 5.404227214287658787e-02
-2.829999999999994742e+01 1.470089017782641450e-01 5.633508153562475501e-02
-2.819999999999994600e+01 1.499803514569912344e-01 5.876952982388111701e-02
-2.809999999999994458e+01 1.530425779562942790e-01 6.135690796592443985e-02
-2.799999999999994316e+01 1.561977732439894240e-01 6.410957947929925294e-02
-2.789999999999994174e+01 1.594478967887069387e-01 6.704109349729811540e-02
-2.779999999999994031e+01 1.627945951363354571e-01 7.016630978006825614e-02
-2.769999999999993889e+01 1.662391031015611476e-01 7.350153662447479752e-02
-2.759999999999993747e+01 1.697821226142434414e-01 7.706468253601499174e-02
-2.749999999999993605e+01 1.734236744210542192e-01 8.087542236329212098e-02
-2.739999999999993463e+01 1.771629168298093637e-01 8.495537831048696753e-02
-2.729999999999993321e+01 1.809979244741969362e-01 8.932831579207044237e-02
-2.719999999999993179e+01 1.849254186329684080e-01 9.402035340268927177e-02
-2.709999999999993037e+01 1.889404389336455936e-01 9.906018525535806307e-02
-2.699999999999992895e+01 1.930359442811498960e-01 1.044793124701726000e-01
-2.689999999999992752e+01 1.972023285580276342e-01 1.103122785035367398e-01
-2.679999999999992610e+01 2.014268340613776520e-01 1.165969000854763238e-01
-2.669999999999992468e+01 2.056928428150775479e-01 1.233744814876396312e-01
-2.659999999999992326e+01 2.099790229475562986e-01 1.306899943169974598e-01
-2.649999999999992184e+01 2.142583044844424411e-01 1.385921975610870660e-01
-2.639999999999992042e+01 2.184966565680360184e-01 1.471336626270900172e-01
-2.629999999999991900e+01 2.226516369508998727e-01 1.563706549653345323e-01
-2.619999999999991758e+01 2.266706856564897343e-01 1.663628067975239100e-01
-2.609999999999991616e+01 2.304891395552289002e-01 1.771724937559432111e-01
-2.599999999999991473e+01 2.340279556236373459e-01 1.888638013204872457e-01
-2.589999999999991331e+01 2.371911511894440605e-01 2.015009347112436677e-01
-2.579999999999991189e+01 2.398630041229577459e-01 2.151458892720725935e-01
-2.569999999999991047e+01 2.419051106885240776e-01 2.298551600714403842e-01
-2.559999999999990905e+01 2.431534808476404907e-01 2.456752352670702744e-01
-2.549999999999990763e+01 2.434159679154963840e-01 2.626365983556963601e-01
-2.539999999999990621e+01 2.424704879121631351e-01 2.807459773201092523e-01
-2.529999999999990479e+01 2.400646848284602730e-01 2.999766505127624550e-01
-2.519999999999990337e+01 2.359179307661538605e-01 3.202567864741230896e-01
-2.509999999999990195e+01 2.297267825581802425e-01 3.414561019397567287e-01
-2.499999999999990052e+01 2.211751836011713879e-01 3.633716116278826180e-01
-2.489999999999989910e+01 2.099506916570501591e-01 3.857139353807533255e-01
-2.479999999999989768e+01 1.957676761054296943e-01 4.080964860231681701e-01
-2.469999999999989626e+01 1.783975874009152696e-01 4.300307439723635716e-01
-2.459999999999989484e+01 1.577049304068655899e-01 4.509314453522074717e-01
-2.449999999999989342e+01 1.336855090276946323e-01 4.701354370955431183e-01
-2.439999999999989200e+01 1.065011938505615180e-01 4.869367038959446781e-01
-2.429999999999989058e+01 7.650362508970948161e-02 5.006373458557732414e-01
-2.419999999999988916e+01 4.423890835637896146e-02 5.106102807777905817e-01
-2.409999999999988773e+01 1.042739174398295970e-02 5.163651047328641219e-01
-2.399999999999988631e+01 -2.408277140870138458e-02 5.176054623618344674e-01
-2.389999999999988489e+01 -5.838334234694400604e-02 5.142660978016260209e-01
-2.379999999999988347e+01 -9.158427759308884752e-02 5.065212479746427077e-01
-2.369999999999988205e+01 -1.228887753257645044e-01 4.947624199512736798e-01
-2.359999999999988063e+01 -1.516522465166910694e-01 4.795506824568150361e-01
-2.349999999999987921e+01 -1.774169383005248790e-01 4.615538573866743155e-01
-2.339999999999987779e+01 -1.999202241216162801e-01 4.414807981825712990e-01
-2.329999999999987637e+01 -2.190802637985090617e-01 4.200232591150285799e-01
-2.319999999999987494e+01 -2.349662098290578871e-01 3.978119789988427413e-01
-2.309999999999987352e+01 -2.477609904261419416e-01 3.753892499319291809e-01
-2.299999999999987210e+01 -2.577235327212996085e-01 3.531967546060851282e-01
-2.289999999999987068e+01 -2.651551176683195066e-01 3.315754212044563221e-01
-2.279999999999986926e+01 -2.703722912073249773e-01 3.107733910144988565e-01
-2.269999999999986784e+01 -2.736869433654889883e-01 2.909584996860593020e-01
-2.259999999999986642e+01 -2.753929937664188476e-01 2.722324597865138918e-01
-2.249999999999986500e+01 -2.757585331730220690e-01 2.546448296353905905e-01
-2.239999999999986358e+01 -2.750221059819701885e-01 2.382056451468383129e-01
-2.229999999999986215e+01 -2.733919076419346061e-01 2.228961904949045281e-01
-2.219999999999986073e+01 -2.710468789229313336e-01 2.086777845644849638e-01
-2.209999999999985931e+01 -2.681389174621700566e-01 1.954986973847521181e-01
-2.199999999999985789e+01 -2.647956475397850729e-01 1.832994290948190830e-01
-2.189999999999985647e+01 -2.611233708555736333e-01 1.720166248282964383e-01
-2.179999999999985505e+01 -2.572099599796882630e-01 1.615858942440161483e-01
-2.169999999999985363e+01 -2.531275562483743524e-01 1.519437765173514421e-01
-2.159999999999985221e+01 -2.489350024575638920e-01 1.430290545567338978e-01
-2.149999999999985079e+01 -2.446799854036516286e-01 1.347835841688871938e-01
-2.139999999999984936e+01 -2.404008908387666454e-01 1.271527690896663010e-01
-2.129999999999984794e+01 -2.361283890846554989e-01 1.200857829698310925e-01
-2.119999999999984652e+01 -2.318867773867608895e-01 1.135356149202893794e-01
-2.109999999999984510e+01 -2.276951079584505488e-01 1.074589957292636372e-01
-2.099999999999984368e+01 -2.235681305335929792e-01 1.018162466819262230e-01
-2.089999999999984226e+01 -2.195170764406385588e-01 9.657108130615761621e-02
-2.079999999999984084e+01 -2.155503085793702978e-01 9.169038161604772808e-02
-2.069999999999983942e+01 -2.116738587515569481e-01 8.714396390786374735e-02
-2.059999999999983800e+01 -2.078918708863493336e-01 8.290434437076306395e-02
-2.049999999999983658e+01 -2.042069659751331312e-01 7.894651128200190493e-02
-2.039999999999983515e+01 -2.006205420790094784e-01 7.524770804741433283e-02
-2.029999999999983373e+01 -1.971330206189270406e-01 7.178722956476475681e-02
-2.019999999999983231e+01 -1.937440483008077974e-01 6.854623313957254604e-02
-2.009999999999983089e+01 -1.904526624494355669e-01 6.550756432967248799e-02
-1.999999999999982947e+01 -1.872574261904897397e-01 6.265559752144277128e-02
-1.989999999999982805e+01 -1.841565388054622332e-01 5.997609067395173743e-02
-1.979999999999982663e+01 -1.811479256547638972e-01 5.745605344388200753e-02
-1.969999999999982521e+01 -1.782293112922810063e-01 5.508362778141557420e-02
-1.959999999999982379e+01 -1.753982787583137637e-01 5.284798003673323724e-02
-1.949999999999982236e+01 -1.726523175096606744e-01 5.073920361079299612e-02
-1.939999999999982094e+01 -1.699888620124767047e-01 4.874823121117034114e-02
-1.929999999999981952e+01 -1.674053226659296123e-01 4.686675581922406658e-02
-1.919999999999981810e+01 -1.648991104295476073e-01 4.508715953097500867e-02
-1.909999999999981668e+01 -1.624676562863197060e-01 4.340244949734348157e-02
-1.899999999999981526e+01 -1.601084264730131823e-01 4.180620025231029935e-02
-1.889999999999981384e+01 -1.578189342460226408e-01 4.029250178121331766e-02
-1.879999999999981242e+01 -1.555967488160002465e-01 3.885591274179944071e-02
-1.869999999999981100e+01 -1.534395019725965370e-01 3.749141830714038115e-02
-1.859999999999980957e+01 -1.513448928301698304e-01 3.619439215320796599e-02
-1.849999999999980815e+01 -1.493106910486434458e-01 3.496056216181867016e-02
-1.839999999999980673e+01 -1.473347388221127874e-01 3.378597945454984985e-02
-1.829999999999980531e+01 -1.454149518763296900e-01 3.266699041345519361e-02
-1.819999999999980389e+01 -1.435493196730982246e-01 3.160021138039734168e-02
-1.809999999999980247e+01 -1.417359049855168862e-01 3.058250576010942273e-02
-1.799999999999980105e+01 -1.399728429780099370e-01 2.961096328084338036e-02
-1.789999999999979963e+01 -1.382583399017330017e-01 2.868288119308825754e-02
-1.779999999999979821e+01 -1.365906714960557766e-01 2.779574721025688741e-02
-1.769999999999979678e+01 -1.349681811698608402e-01 2.694722401587379065e-02
-1.759999999999979536e+01 -1.333892780236689557e-01 2.613513518091944640e-02
-1.749999999999979394e+01 -1.318524347614996040e-01 2.535745235114333571e-02
-1.739999999999979252e+01 -1.303561855326175745e-01 2.461228357925673155e-02
-1.729999999999979110e+01 -1.288991237355851249e-01 2.389786269006686711e-02
-1.719999999999978968e+01 -1.274798998102016356e-01 2.321253957811348842e-02
-1.709999999999978826e+01 -1.260972190384047065e-01 2.255477134819060606e-02
-1.699999999999978684e+01 -1.247498393701181457e-01 2.192311421807006944e-02
-1.689999999999978542e+01 -1.234365692869338199e-01 2.131621611127156382e-02
-1.679999999999978400e+01 -1.221562657135395191e-01 2.073280987509138612e-02
-1.669999999999978257e+01 -1.209078319839716475e-01 2.017170706549921422e-02
-1.659999999999978115e+01 -1.196902158684471362e-01 1.963179224669489228e-02
-1.649999999999977973e+01 -1.185024076642544472e-01 1.911201775806135872e-02
-1.639999999999977831e+01 -1.173434383532847847e-01 1.861139890613093192e-02
-1.629999999999977689e+01 -1.162123778276940023e-01 1.812900954335525464e-02
-1.619999999999977547e+01 -1.151083331839588553e-01 1.766397799905880528e-02
-1.609999999999977405e+01 -1.140304470854845431e-01 1.721548333156109820e-02
-1.599999999999977263e+01 -1.129778961927961067e-01 1.678275187320792811e-02
-1.589999999999977121e+01 -1.119498896602902360e-01 1.636505404290521104e-02
-1.579999999999976978e+01 -1.109456676981731005e-01 1.596170140315319314e-02
-1.569999999999976836e+01 -1.099645001976347070e-01 1.557204394061648990e-02
-1.559999999999976694e+01 -1.090056854176424811e-01 1.519546755142457857e-02
-1.549999999999976552e+01 -1.080685487310928672e-01 1.483139171394263003e-02
-1.539999999999976410e+01 -1.071524414283024085e-01 1.447926733346351427e-02
-1.529999999999976268e+01 -1.062567395757532951e-01 1.413857474468360222e-02
-1.519999999999976126e+01 -1.053808429276966996e-01 1.380882185899493485e-02
-1.509999999999975984e+01 -1.045241738886783928e-01 1.348954244495887203e-02
-1.499999999999975842e+01 -1.036861765246154254e-01 1.318029453119482115e-02
-1.489999999999975699e+01 -1.028663156203791090e-01 1.288065892197284325e-02
-1.479999999999975557e+01 -1.020640757818720989e-01 1.259023781664440900e-02
-1.469999999999975415e+01 -1.012789605803823545e-01 1.230865352472276450e-02
-1.459999999999975273e+01 -1.005104917374695095e-01 1.203554726927410709e-02
-1.449999999999975131e+01 -9.975820834829450534e-02 1.177057807176525722e-02
-1.439999999999974989e+01 -9.902166614163582237e-02 1.151342171218440631e-02
-1.429999999999974847e+01 -9.830043677489144760e-02 1.126376975876733008e-02
-1.419999999999974705e+01 -9.759410716220628945e-02 1.102132866205470137e-02
-1.409999999999974563e+01 -9.690227883430305167e-02 1.078581890856660647e-02
-1.399999999999974420e+01 -9.622456732829973158e-02 1.055697422964491962e-02
-1.389999999999974278e+01 -9.556060160610063692e-02 1.033454086145362341e-02
-1.379999999999974136e+01 -9.491002350000585230e-02 1.011827685244832617e-02
-1.369999999999973994e+01 -9.427248718403963279e-02 9.907951414852636529e-03
-1.359999999999973852e+01 -9.364765866989643861e-02 9.703344317062531643e-03
-1.349999999999973710e+01 -9.303521532613291678e-02 9.504245314036225550e-03
-1.339999999999973568e+01 -9.243484541950769406e-02 9.310453613024932684e-03
-1.329999999999973426e+01 -9.184624767741778051e-02 9.121777372202702003e-03
-1.319999999999973284e+01 -9.126913087024599025e-02 8.938033229881908390e-03
-1.309999999999973141e+01 -9.070321341278808625e-02 8.759045862271906679e-03
-1.299999999999972999e+01 -9.014822298367863862e-02 8.584647567800930343e-03
-1.289999999999972857e+01 -8.960389616197471374e-02 8.414677876229275516e-03
-1.279999999999972715e+01 -8.906997808009473050e-02 8.248983180912290020e-03
-1.269999999999972573e+01 -8.854622209218043771e-02 8.087416392641140137e-03
-1.259999999999972431e+01 -8.803238945726475639e-02 7.929836613687565178e-03
-1.249999999999972289e+01 -8.752824903639619403e-02 7.776108830698461732e-03
-1.239999999999972147e+01 -8.703357700308185507e-02 7.626103625235811437e-03
-1.229999999999972005e+01 -8.654815656643492783e-02 7.479696900841723353e-03
-1.219999999999971863e+01 -8.607177770632443159e-02 7.336769625552607907e-03
-1.209999999999971720e+01 -8.560423691998300666e-02 7.197207588899811465e-03
-1.199999999999971578e+01 -8.514533697955614655e-02 7.060901172502180578e-03
-1.189999999999971436e+01 -8.469488669995789420e-02 6.927745133375646375e-03
-1.179999999999971294e+01 -8.425270071665817706e-02 6.797638399213978659e-03
-1.169999999999971152e+01 -8.381859927282091227e-02 6.670483874879783691e-03
-1.159999999999971010e+01 -8.339240801538422287e-02 6.546188259439940545e-03
-1.149999999999970868e+01 -8.297395779969218843e-02 6.424661873124130201e-03
-1.139999999999970726e+01 -8.256308450217356154e-02 6.305818493589101376e-03
-1.129999999999970584e+01 -8.215962884079711093e-02 6.189575200973834040e-03
-1.119999999999970441e+01 -8.176343620284065583e-02 6.075852231206053077e-03
-1.109999999999970299e+01 -8.137435647966456687e-02 5.964572837094780228e-03
-1.099999999999970157e+01 -8.099224390819292907e-02 5.855663156773999699e-03
-1.089999999999970015e+01 -8.061695691869835700e-02 5.749052089057095187e-03
-1.079999999999969873e+01 -8.024835798869738024e-02 5.644671175345437365e-03
-1.069999999999969731e+01 -7.988631350258314223e-02 5.542454487704991453e-03
-1.059999999999969589e+01 -7.953069361676115556e-02 5.442338522784530633e-03
-1.049999999999969447e+01 -7.918137213006086472e-02 5.344262101270043364e-03
-1.039999999999969305e+01 -7.883822635909641663e-02 5.248166272559374665e-03
-1.029999999999969162e+01 -7.850113701843924874e-02 5.153994224411217323e-03
-1.019999999999969020e+01 -7.816998810529850183e-02 5.061691197291031709e-03
-1.009999999999968878e+01 -7.784466678853008137e-02 4.971204403186114604e-03
-9.999999999999687361e+00 -7.752506330179878558e-02 4.882482948676745288e-03
-9.899999999999685940e+00 -7.721107084062578396e-02 4.795477762037388299e-03
-9.799999999999684519e+00 -7.690258546322387145e-02 4.710141524201667471e-03
-9.699999999999683098e+00 -7.659950599486961553e-02 4.626428603393647684e-03
-9.599999999999681677e+00 -7.630173393567230011e-02 4.544294993269776262e-03
-9.499999999999680256e+00 -7.600917337160284504e-02 4.463698254427196643e-03
-9.399999999999678835e+00 -7.572173088855838063e-02 4.384597459119822516e-03
-9.299999999999677414e+00 -7.543931548939263043e-02 4.306953139076263176e-03
-9.199999999999675993e+00 -7.516183851370060454e-02 4.230727236283416542e-03
-9.099999999999674571e+00 -7.488921356024499931e-02 4.155883056636334484e-03
-8.999999999999673150e+00 -7.462135641191397495e-02 4.082385226364063785e-03
-8.899999999999671729e+00 -7.435818496301749292e-02 4.010199651127178098e-03
-8.799999999999670308e+00 -7.409961914886924184e-02 3.939293477729982271e-03
-8.699999999999668887e+00 -7.384558087747022936e-02 3.869635058362299977e-03
-8.599999999999667466e+00 -7.359599396319807529e-02 3.801193917319021544e-03
-8.499999999999666045e+00 -7.335078406240694293e-02 3.733940720153808811e-03
-8.399999999999664624e+00 -7.310987861076490013e-02 3.667847245210765009e-03
-8.299999999999663203e+00 -7.287320676228185856e-02 3.602886357521456473e-03
-8.199999999999661782e+00 -7.264069932985846301e-02 3.539031985029669584e-03
-8.099999999999660361e+00 -7.241228872726465648e-02 3.476259097137556452e-03
-7.999999999999658939e+00 -7.218790891245421837e-02 3.414543685575564119e-03
-7.899999999999657518e+00 -7.196749533204634119e-02 3.353862747588374008e-03
-7.799999999999656097e+00 -7.175098486691812438e-02 3.294194271470863439e-03
-7.699999999999654676e+00 -7.153831577873373537e-02 3.235517224467154319e-03
-7.599999999999653255e+00 -7.132942765730349022e-02 3.177811543076974887e-03
-7.499999999999651834e+00 -7.112426136865690474e-02 3.121058125824564648e-03
-7.399999999999650413e+00 -7.092275900363834151e-02 3.065238828539268087e-03
-7.299999999999648992e+00 -7.072486382692810825e-02 3.010336462239350704e-03
-7.199999999999647571e+00 -7.053052022627276374e-02 2.956334793695909041e-03
-7.099999999999646150e+00 -7.033967366175875036e-02 2.903218548787962067e-03
-6.999999999999644729e+00 -7.015227061493889416e-02 2.850973418776124590e-03
-6.899999999999643308e+00 -6.996825853753430025e-02 2.799586069624632190e-03
-6.799999999999641886e+00 -6.978758579949785601e-02 2.749044154549490360e-03
-6.699999999999640465e+00 -6.961020163608973299e-02 2.699336329968438086e-03
-6.599999999999639044e+00 -6.943605609362722697e-02 2.650452275073506697e-03
-6.499999999999637623e+00 -6.926509997350872860e-02 2.602382715279123564e-03
-6.399999999999636202e+00 -6.909728477398199842e-02 2.555119449822141134e-03
-6.299999999999634781e+00 -6.893256262912279830e-02 2.508655383861323196e-03
-6.199999999999633360e+00 -6.877088624429185393e-02 2.462984565456182405e-03
-6.099999999999631939e+00 -6.861220882725492520e-02 2.418102227890610995e-03
-5.999999999999630518e+00 -6.845648401397996796e-02 2.374004837893445470e-03
-5.899999999999629097e+00 -6.830366578786617460e-02 2.330690150403933077e-03
-5.799999999999627676e+00 -6.815370839098301714e-02 2.288157270692852546e-03
-5.699999999999626255e+00 -6.800656622550287078e-02 2.246406724808022032e-03
-5.599999999999624833e+00 -6.786219374317348230e-02 2.205440539561074123e-03
-5.499999999999623412e+00 -6.772054532019787521e-02 2.165262333576804463e-03
-5.399999999999621991e+00 -6.758157511425842701e-02 2.125877421314066942e-03
-5.299999999999620570e+00 -6.744523689977693914e-02 2.087292932515668123e-03
-5.199999999999619149e+00 -6.731148387655354337e-02 2.049517950224058124e-03
-5.099999999999617728e+00 -6.718026844590326008e-02 2.012563671442337693e-03
-4.999999999999616307e+00 -6.705154194710859217e-02 1.976443595758393609e-03
-4.899999999999614886e+00 -6.692525434539361995e-02 1.941173748892965900e-03
-4.799999999999613465e+00 -6.680135386080754412e-02 1.906772950364453087e-03
-4.699999999999612044e+00 -6.667978652509841397e-02 1.873263137409606274e-03
-4.599999999999610623e+00 -6.656049565106630928e-02 1.840669761285043324e-03
-4.499999999999609201e+00 -6.644342119584312201e-02 1.809022277402119044e-03
-4.399999999999607780e+00 -6.632849899607685951e-02 1.778354757879373194e-03
-4.299999999999606359e+00 -6.621565984932331617e-02 1.748706664679902309e-03
-4.199999999999604938e+00 -6.610482841204698423e-02 1.720123834280232189e-03
-4.099999999999603517e+00 -6.599592188109704161e-02 1.692659741905870943e-03
-3.999999999999602096e+00 -6.588884842289464971e-02 1.666377136090552158e-03
-3.899999999999600675e+00 -6.578350531397329781e-02 1.641350164412790427e-03
-3.799999999999599254e+00 -6.567977675991262809e-02 1.617667150934681136e-03
-3.699999999999597833e+00 -6.557753136979727060e-02 1.595434237694440260e-03
-3.599999999999596412e+00 -6.547661928479181492e-02 1.574780169685319198e-03
-3.499999999999594991e+00 -6.537686899892442005e-02 1.555862588331149293e-03
-3.399999999999593570e+00 -6.527808397782589034e-02 1.538876305591803384e-03
-3.299999999999592148e+00 -6.518003929182222822e-02 1.524064161385396687e-03
-3.199999999999590727e+00 -6.508247865420686840e-02 1.511731219897484435e-03
-3.099999999999589306e+00 -6.498511252288262374e-02 1.502263228556087460e-03
-2.999999999999587885e+00 -6.488761832230122151e-02 1.496150428905398955e-03
-2.899999999999586464e+00 -6.478964442131843193e-02 1.494017934362705524e-03
-2.799999999999585043e+00 -6.469082031755479800e-02 1.496663908363098788e-03
-2.699999999999583622e+00 -6.459077658550177459e-02 1.505106573525222952e-03
-2.599999999999582201e+00 -6.448917957991817662e-02 1.520640477813146874e-03
-2.499999999999580780e+00 -6.438578762697093338e-02 1.544901171048343458e-03
-2.399999999999579359e+00 -6.428053734232075378e-02 1.579935143147120219e-03
-2.299999999999577938e+00 -6.417367043221812450e-02 1.628268107682566412e-03
-2.199999999999576517e+00 -6.406591216648470366e-02 1.692959052297930700e-03
-2.099999999999575095e+00 -6.395871150784152026e-02 1.777619690377610362e-03
-1.999999999999573674e+00 -6.385454798352502293e-02 1.886369340294145880e-03
-1.899999999999572253e+00 -6.375729980074708314e-02 2.023685147505192850e-03
-1.799999999999570832e+00 -6.367264966720401209e-02 2.194099783695828421e-03
-1.699999999999569411e+00 -6.360847879634717872e-02 2.401697870219536568e-03
-1.599999999999567990e+00 -6.357516789055484008e-02 2.649374122348016614e-03
-1.499999999999566569e+00 -6.358569265479911692e-02 2.937845765095772887e-03
-1.399999999999565148e+00 -6.365538053607128210e-02 3.264460905356481035e-03
-1.299999999999563727e+00 -6.380119621516489037e-02 3.621908960354774942e-03
-1.199999999999562306e+00 -6.404045419713273735e-02 3.997008146802802364e-03
-1.099999999999560885e+00 -6.438891910411129182e-02 4.369804459581211331e-03
-9.999999999995594635e-01 -6.485834282521082961e-02 4.713254984425804817e-03
-8.999999999995580424e-01 -6.545359631384234378e-02 4.993779652271726488e-03
-7.999999999995566213e-01 -6.616968150095858814e-02 5.172944167167140006e-03
-6.999999999995552002e-01 -6.698905761831527861e-02 5.210466773555577635e-03
-5.999999999995537792e-01 -6.787987529667309505e-02 5.068588982751351391e-03
-4.999999999995523581e-01 -6.879583294220681378e-02 4.717575680241101188e-03
-3.999999999995509370e-01 -6.967835560766839909e-02 4.141705727682964966e-03
-2.999999999995495159e-01 -7.046152617274112351e-02 3.344656049241723217e-03
-1.999999999995480948e-01 -7.107960404887811445e-02 2.352855167670100944e-03
-9.999999999954667373e-02 -7.147613080394901730e-02 1.215433411319022383e-03
4.547473508864641190e-13 -7.161282720350137243e-02 -1.466882171285988079e-14
1.000000000004561684e-01 -7.147613080394654705e-02 -1.215433411329847058e-03
2.000000000004575895e-01 -7.107960404887342376e-02 -2.352855167679870907e-03
3.000000000004590106e-01 -7.046152617273465646e-02 -3.344656049249911112e-03
4.000000000004604317e-01 -6.967835560766072467e-02 -4.141705727689237726e-03
5.000000000004618528e-01 -6.879583294219852874e-02 -4.717575680245333913e-03
6.000000000004632739e-01 -6.787987529666481001e-02 -5.068588982753571837e-03
7.000000000004646949e-01 -6.698905761830745154e-02 -5.210466773555980091e-03
8.000000000004661160e-01 -6.616968150095156598e-02 -5.172944167166113050e-03
9.000000000004675371e-01 -6.545359631383636245e-02 -4.993779652269575431e-03
1.000000000000468958e+00 -6.485834282520597238e-02 -4.713254984422904359e-03
1.100000000000470379e+00 -6.438891910410760033e-02 -4.369804459577936173e-03
1.200000000000471800e+00 -6.404045419713010057e-02 -3.997008146799332917e-03
1.300000000000473221e+00 -6.380119621516319728e-02 -3.621908960351395701e-03
1.400000000000474643e+00 -6.365538053607036617e-02 -3.264460905353358533e-03
1.500000000000476064e+00 -6.358569265479876997e-02 -2.937845765092962635e-03
1.600000000000477485e+00 -6.357516789055497886e-02 -2.649374122345581062e-03
1.700000000000478906e+00 -6.360847879634767832e-02 -2.401697870217454900e-03
1.800000000000480327e+00 -6.367264966720470598e-02 -2.194099783694100636e-03
1.900000000000481748e+00 -6.375729980074792969e-02 -2.023685147503791193e-03
2.000000000000483169e+00 -6.385454798352592498e-02 -1.886369340293028718e-03
2.100000000000484590e+00 -6.395871150784247783e-02 -1.777619690376736061e-03
2.200000000000486011e+00 -6.406591216648568898e-02 -1.692959052297264566e-03
2.300000000000487432e+00 -6.417367043221910983e-02 -1.628268107682045995e-03
2.400000000000488853e+00 -6.428053734232171135e-02 -1.579935143146748988e-03
2.500000000000490274e+00 -6.438578762697186320e-02 -1.544901171048090188e-03
2.600000000000491696e+00 -6.448917957991909256e-02 -1.520640477812966462e-03
2.700000000000493117e+00 -6.459077658550269052e-02 -1.505106573525122338e-03
2.800000000000494538e+00 -6.469082031755568618e-02 -1.496663908363060624e-03
2.900000000000495959e+00 -6.478964442131934787e-02 -1.494017934362702055e-03
3.000000000000497380e+00 -6.488761832230212356e-02 -1.496150428905447527e-03
3.100000000000498801e+00 -6.498511252288349804e-02 -1.502263228556156849e-03
3.200000000000500222e+00 -6.508247865420775657e-02 -1.511731219897588518e-03
3.300000000000501643e+00 -6.518003929182311640e-02 -1.524064161385504240e-03
3.400000000000503064e+00 -6.527808397782677852e-02 -1.538876305591945631e-03
3.500000000000504485e+00 -6.537686899892533599e-02 -1.555862588331308888e-03
3.600000000000505906e+00 -6.547661928479273086e-02 -1.574780169685499609e-03
3.700000000000507328e+00 -6.557753136979820041e-02 -1.595434237694634549e-03
3.800000000000508749e+00 -6.567977675991357178e-02 -1.617667150934885834e-03
3.900000000000510170e+00 -6.578350531397425538e-02 -1.641350164413015941e-03
4.000000000000511591e+00 -6.588884842289560728e-02 -1.666377136090782876e-03
4.100000000000513012e+00 -6.599592188109799917e-02 -1.692659741906117274e-03
4.200000000000514433e+00 -6.610482841204798343e-02 -1.720123834280485459e-03
4.300000000000515854e+00 -6.621565984932434312e-02 -1.748706664680162517e-03
4.400000000000517275e+00 -6.632849899607788646e-02 -1.778354757879649015e-03
4.500000000000518696e+00 -6.644342119584419060e-02 -1.809022277402401804e-03
4.600000000000520117e+00 -6.656049565106736399e-02 -1.840669761285336492e-03
4.700000000000521538e+00 -6.667978652509951032e-02 -1.873263137409908116e-03
4.800000000000522959e+00 -6.680135386080868209e-02 -1.906772950364763602e-03
4.900000000000524381e+00 -6.692525434539475793e-02 -1.941173748893279885e-03
5.000000000000525802e+00 -6.705154194710975790e-02 -1.976443595758718003e-03
5.100000000000527223e+00 -6.718026844590443969e-02 -2.012563671442672494e-03
5.200000000000528644e+00 -6.731148387655472298e-02 -2.049517950224399865e-03
5.300000000000530065e+00 -6.744523689977816039e-02 -2.087292932516016802e-03
5.400000000000531486e+00 -6.758157511425967601e-02 -2.125877421314422561e-03
5.500000000000532907e+00 -6.772054532019915196e-02 -2.165262333577167020e-03
5.600000000000534328e+00 -6.786219374317478681e-02 -2.205440539561441884e-03
5.700000000000535749e+00 -6.800656622550420305e-02 -2.246406724808396732e-03
5.800000000000537170e+00 -6.815370839098436329e-02 -2.288157270693232451e-03
5.900000000000538591e+00 -6.830366578786754850e-02 -2.330690150404321655e-03
6.000000000000540012e+00 -6.845648401398138350e-02 -2.374004837893842722e-03
6.100000000000541434e+00 -6.861220882725635462e-02 -2.418102227891015185e-03
6.200000000000542855e+00 -6.877088624429331110e-02 -2.462984565456597871e-03
6.300000000000544276e+00 -6.893256262912428323e-02 -2.508655383861741264e-03
6.400000000000545697e+00 -6.909728477398349722e-02 -2.555119449822566141e-03
6.500000000000547118e+00 -6.926509997351026904e-02 -2.602382715279556377e-03
6.600000000000548539e+00 -6.943605609362879516e-02 -2.650452275073949052e-03
6.700000000000549960e+00 -6.961020163609132894e-02 -2.699336329968885645e-03
6.800000000000551381e+00 -6.978758579949947971e-02 -2.749044154549943990e-03
6.900000000000552802e+00 -6.996825853753595170e-02 -2.799586069625097096e-03
7.000000000000554223e+00 -7.015227061494055949e-02 -2.850973418776599037e-03
7.100000000000555644e+00 -7.033967366176048508e-02 -2.903218548788441718e-03
7.200000000000557066e+00 -7.053052022627451234e-02 -2.956334793696396498e-03
7.300000000000558487e+00 -7.072486382692989848e-02 -3.010336462239846834e-03
7.400000000000559908e+00 -7.092275900364015950e-02 -3.065238828539772892e-03
7.500000000000561329e+00 -7.112426136865873660e-02 -3.121058125825073790e-03
7.600000000000562750e+00 -7.132942765730540535e-02 -3.177811543077493570e-03
7.700000000000564171e+00 -7.153831577873566439e-02 -3.235517224467683410e-03
7.800000000000565592e+00 -7.175098486692008115e-02 -3.294194271471402938e-03
7.900000000000567013e+00 -7.196749533204832572e-02 -3.353862747588920445e-03
8.000000000000568434e+00 -7.218790891245624453e-02 -3.414543685576118363e-03
8.100000000000569855e+00 -7.241228872726671040e-02 -3.476259097138124574e-03
8.200000000000571276e+00 -7.264069932986055855e-02 -3.539031985030244645e-03
8.300000000000572697e+00 -7.287320676228399574e-02 -3.602886357522041075e-03
8.400000000000574119e+00 -7.310987861076706507e-02 -3.667847245211360886e-03
8.500000000000575540e+00 -7.335078406240916338e-02 -3.733940720154415964e-03
8.600000000000576961e+00 -7.359599396320032350e-02 -3.801193917319638238e-03
8.700000000000578382e+00 -7.384558087747253308e-02 -3.869635058362927080e-03
8.800000000000579803e+00 -7.409961914887158718e-02 -3.939293477730622384e-03
8.900000000000581224e+00 -7.435818496301985214e-02 -4.010199651127829487e-03
9.000000000000582645e+00 -7.462135641191638968e-02 -4.082385226364726449e-03
9.100000000000584066e+00 -7.488921356024744180e-02 -4.155883056637008424e-03
9.200000000000585487e+00 -7.516183851370311642e-02 -4.230727236284103493e-03
9.300000000000586908e+00 -7.543931548939517007e-02 -4.306953139076962270e-03
9.400000000000588329e+00 -7.572173088856094803e-02 -4.384597459120533752e-03
9.500000000000589750e+00 -7.600917337160548182e-02 -4.463698254427920890e-03
9.600000000000591172e+00 -7.630173393567499240e-02 -4.544294993270518723e-03
9.700000000000592593e+00 -7.659950599487234946e-02 -4.626428603394402289e-03
9.800000000000594014e+00 -7.690258546322664701e-02 -4.710141524202435953e-03
9.900000000000595435e+00 -7.721107084062860115e-02 -4.795477762038170659e-03
1.000000000000059686e+01 -7.752506330180165828e-02 -4.882482948677544128e-03
1.010000000000059828e+01 -7.784466678853302346e-02 -4.971204403186928189e-03
1.020000000000059970e+01 -7.816998810530149944e-02 -5.061691197291863509e-03
1.030000000000060112e+01 -7.850113701844227410e-02 -5.153994224412065603e-03
1.040000000000060254e+01 -7.883822635909951138e-02 -5.248166272560242027e-03
1.050000000000060396e+01 -7.918137213006401498e-02 -5.344262101270927205e-03
1.060000000000060538e+01 -7.953069361676436133e-02 -5.442338522785432689e-03
1.070000000000060680e+01 -7.988631350258643127e-02 -5.542454487705911724e-03
1.080000000000060822e+01 -8.024835798870069703e-02 -5.644671175346374983e-03
1.090000000000060965e+01 -8.061695691870174318e-02 -5.749052089058053622e-03
1.100000000000061107e+01 -8.099224390819635688e-02 -5.855663156774980685e-03
1.110000000000061249e+01 -8.137435647966806407e-02 -5.964572837095778561e-03
1.120000000000061391e+01 -8.176343620284423630e-02 -6.075852231207076563e-03
1.130000000000061533e+01 -8.215962884080074691e-02 -6.189575200974880079e-03
1.140000000000061675e+01 -8.256308450217726691e-02 -6.305818493590169965e-03
1.150000000000061817e+01 -8.297395779969596319e-02 -6.424661873125224812e-03
1.160000000000061959e+01 -8.339240801538803927e-02 -6.546188259441056839e-03
1.170000000000062101e+01 -8.381859927282481193e-02 -6.670483874880927741e-03
1.180000000000062244e+01 -8.425270071666217386e-02 -6.797638399215148730e-03
1.190000000000062386e+01 -8.469488669996194652e-02 -6.927745133376843334e-03
1.200000000000062528e+01 -8.514533697956028213e-02 -7.060901172503405293e-03
1.210000000000062670e+01 -8.560423691998722551e-02 -7.197207588901067404e-03
1.220000000000062812e+01 -8.607177770632873370e-02 -7.336769625553893337e-03
1.230000000000062954e+01 -8.654815656643929933e-02 -7.479696900843040876e-03
1.240000000000063096e+01 -8.703357700308632372e-02 -7.626103625237161052e-03
1.250000000000063238e+01 -8.752824903640074594e-02 -7.776108830699846042e-03
1.260000000000063380e+01 -8.803238945726939157e-02 -7.929836613688980712e-03
1.270000000000063523e+01 -8.854622209218515616e-02 -8.087416392642590365e-03
1.280000000000063665e+01 -8.906997808009470274e-02 -8.248983180912302163e-03
1.290000000000063807e+01 -8.960389616197959872e-02 -8.414677876230802073e-03
1.300000000000063949e+01 -9.014822298368363462e-02 -8.584647567802496798e-03
1.310000000000064091e+01 -9.070321341279319327e-02 -8.759045862273511299e-03
1.320000000000064233e+01 -9.126913087025118054e-02 -8.938033229883558112e-03
1.330000000000064375e+01 -9.184624767742306795e-02 -9.121777372204395093e-03
1.340000000000064517e+01 -9.243484541951310640e-02 -9.310453613026670877e-03
1.350000000000064659e+01 -9.303521532613844014e-02 -9.504245314038008846e-03
1.360000000000064801e+01 -9.364765866990207299e-02 -9.703344317064363511e-03
1.370000000000064944e+01 -9.427248718404537819e-02 -9.907951414854520439e-03
1.380000000000065086e+01 -9.491002350001168097e-02 -1.011827685245026212e-02
1.390000000000065228e+01 -9.556060160610660437e-02 -1.033454086145562008e-02
1.400000000000065370e+01 -9.622456732830581005e-02 -1.055697422964696833e-02
1.410000000000065512e+01 -9.690227883430926892e-02 -1.078581890856871589e-02
1.420000000000065654e+01 -9.759410716221265936e-02 -1.102132866205687324e-02
1.430000000000065796e+01 -9.830043677489794240e-02 -1.126376975876956961e-02
1.440000000000065938e+01 -9.902166614164242819e-02 -1.151342171218670829e-02
1.450000000000066080e+01 -9.975820834830129158e-02 -1.177057807176763032e-02
1.460000000000066223e+01 -1.005104917374764345e-01 -1.203554726927655479e-02
1.470000000000066365e+01 -1.012789605803894322e-01 -1.230865352472529026e-02
1.480000000000066507e+01 -1.020640757818793154e-01 -1.259023781664701108e-02
1.490000000000066649e+01 -1.028663156203864781e-01 -1.288065892197552513e-02
1.500000000000066791e+01 -1.036861765246229611e-01 -1.318029453119758977e-02
1.510000000000066933e+01 -1.045241738886860672e-01 -1.348954244496172565e-02
1.520000000000067075e+01 -1.053808429277045544e-01 -1.380882185899788041e-02
1.530000000000067217e+01 -1.062567395757613442e-01 -1.413857474468665359e-02
1.540000000000067359e+01 -1.071524414283106380e-01 -1.447926733346665933e-02
1.550000000000067502e+01 -1.080685487311013049e-01 -1.483139171394588784e-02
1.560000000000067644e+01 -1.090056854176511131e-01 -1.519546755142794740e-02
1.570000000000067786e+01 -1.099645001976435055e-01 -1.557204394061997496e-02
1.580000000000067928e+01 -1.109456676981821072e-01 -1.596170140315679789e-02
1.590000000000068070e+01 -1.119498896602994509e-01 -1.636505404290894070e-02
1.600000000000068212e+01 -1.129778961928055575e-01 -1.678275187321180001e-02
1.610000000000068354e+01 -1.140304470854942159e-01 -1.721548333156510541e-02
1.620000000000068496e+01 -1.151083331839687918e-01 -1.766397799906295821e-02
1.630000000000068638e+01 -1.162123778277041608e-01 -1.812900954335956369e-02
1.640000000000068781e+01 -1.173434383532951930e-01 -1.861139890613539710e-02
1.650000000000068923e+01 -1.185024076642651331e-01 -1.911201775806600084e-02
1.660000000000069065e+01 -1.196902158684580719e-01 -1.963179224669970441e-02
1.670000000000069207e+01 -1.209078319839828608e-01 -2.017170706550422063e-02
1.680000000000069349e+01 -1.221562657135510377e-01 -2.073280987509659029e-02
1.690000000000069491e+01 -1.234365692869456299e-01 -2.131621611127697616e-02
1.700000000000069633e+01 -1.247498393701302333e-01 -2.192311421807570035e-02
1.710000000000069775e+01 -1.260972190384171132e-01 -2.255477134819646595e-02
1.720000000000069917e+01 -1.274798998102143754e-01 -2.321253957811959465e-02
1.730000000000070060e+01 -1.288991237355981978e-01 -2.389786269007322661e-02
1.740000000000070202e+01 -1.303561855326310082e-01 -2.461228357926336166e-02
1.750000000000070344e+01 -1.318524347615133985e-01 -2.535745235115025725e-02
1.760000000000070486e+01 -1.333892780236831110e-01 -2.613513518092666979e-02
1.770000000000070628e+01 -1.349681811698754119e-01 -2.694722401588134364e-02
1.780000000000070770e+01 -1.365906714960707369e-01 -2.779574721026477346e-02
1.790000000000070912e+01 -1.382583399017483783e-01 -2.868288119309651135e-02
1.800000000000071054e+01 -1.399728429780257577e-01 -2.961096328085201929e-02
1.810000000000071196e+01 -1.417359049855331510e-01 -3.058250576011846758e-02
1.820000000000071338e+01 -1.435493196731149335e-01 -3.160021138040682714e-02
1.830000000000071481e+01 -1.454149518763468985e-01 -3.266699041346513011e-02
1.840000000000071623e+01 -1.473347388221305232e-01 -3.378597945456027901e-02
1.850000000000071765e+01 -1.493106910486616812e-01 -3.496056216182961973e-02
1.860000000000071907e+01 -1.513448928301885932e-01 -3.619439215321946374e-02
1.870000000000072049e+01 -1.534395019726158826e-01 -3.749141830715248258e-02
1.880000000000072191e+01 -1.555967488160201473e-01 -3.885591274181217358e-02
1.890000000000072333e+01 -1.578189342460431521e-01 -4.029250178122673054e-02
1.900000000000072475e+01 -1.601084264730343321e-01 -4.180620025232442694e-02
1.910000000000072617e+01 -1.624676562863415219e-01 -4.340244949735839325e-02
1.920000000000072760e+01 -1.648991104295700616e-01 -4.508715953099074608e-02
1.930000000000072902e+01 -1.674053226659527605e-01 -4.686675581924069217e-02
1.940000000000073044e+01 -1.699888620125005467e-01 -4.874823121118793817e-02
1.950000000000073186e+01 -1.726523175096852936e-01 -5.073920361081162705e-02
1.960000000000073328e+01 -1.753982787583391045e-01 -5.284798003675297839e-02
1.970000000000073470e+01 -1.782293112923071243e-01 -5.508362778143651578e-02
1.980000000000073612e+01 -1.811479256547908756e-01 -5.745605344390425362e-02
1.990000000000073754e+01 -1.841565388054899888e-01 -5.997609067397537130e-02
2.000000000000073896e+01 -1.872574261905183279e-01 -6.265559752146789008e-02
2.010000000000074039e+01 -1.904526624494650433e-01 -6.550756432969924437e-02
2.020000000000074181e+01 -1.937440483008382452e-01 -6.854623313960107878e-02
2.030000000000074323e+01 -1.971330206189582934e-01 -7.178722956479519079e-02
2.040000000000074465e+01 -2.006205420790416194e-01 -7.524770804744684849e-02
2.050000000000074607e+01 -2.042069659751662158e-01 -7.894651128203666879e-02
2.060000000000074749e+01 -2.078918708863833342e-01 -8.290434437080033969e-02
2.070000000000074891e+01 -2.116738587515917536e-01 -8.714396390790367375e-02
2.080000000000075033e+01 -2.155503085794059359e-01 -9.169038161609054105e-02
2.090000000000075175e+01 -2.195170764406750297e-01 -9.657108130620360720e-02
2.100000000000075318e+01 -2.235681305336301439e-01 -1.018162466819756834e-01
2.110000000000075460e+01 -2.276951079584884075e-01 -1.074589957293168724e-01
2.120000000000075602e+01 -2.318867773867992199e-01 -1.135356149203467363e-01
2.130000000000075744e+01 -2.361283890846942179e-01 -1.200857829698929319e-01
2.140000000000075886e+01 -2.404008908388055865e-01 -1.271527690897330531e-01
2.150000000000076028e+01 -2.446799854036905142e-01 -1.347835841689592751e-01
2.160000000000076170e+01 -2.489350024576023335e-01 -1.430290545568118077e-01
2.170000000000076312e+01 -2.531275562484121000e-01 -1.519437765174357913e-01
2.180000000000076454e+01 -2.572099599797247338e-01 -1.615858942441073254e-01
2.190000000000076597e+01 -2.611233708556082167e-01 -1.720166248283951371e-01
2.200000000000076739e+01 -2.647956475398171583e-01 -1.832994290949258309e-01
2.210000000000076881e+01 -2.681389174621986449e-01 -1.954986973848674703e-01
2.220000000000077023e+01 -2.710468789229554254e-01 -2.086777845646094476e-01
2.230000000000077165e+01 -2.733919076419528693e-01 -2.228961904950386985e-01
2.240000000000077307e+01 -2.750221059819812353e-01 -2.382056451469826419e-01
2.250000000000077449e+01 -2.757585331730240674e-01 -2.546448296355453000e-01
2.260000000000077591e+01 -2.753929937664097993e-01 -2.722324597866790374e-01
2.270000000000077733e+01 -2.736869433654666173e-01 -2.909584996862346618e-01
2.280000000000077875e+01 -2.703722912072866746e-01 -3.107733910146837641e-01
2.290000000000078018e+01 -2.651551176682624966e-01 -3.315754212046495564e-01
2.300000000000078160e+01 -2.577235327212209492e-01 -3.531967546062848018e-01
2.310000000000078302e+01 -2.477609904260389129e-01 -3.753892499321326293e-01
2.320000000000078444e+01 -2.349662098289277967e-01 -3.978119789990464672e-01
2.330000000000078586e+01 -2.190802637983498835e-01 -4.200232591152280315e-01
2.340000000000078728e+01 -1.999202241214267928e-01 -4.414807981827612582e-01
2.350000000000078870e+01 -1.774169383003050826e-01 -4.615538573868485095e-01
2.360000000000079012e+01 -1.516522465164425182e-01 -4.795506824569670812e-01
2.370000000000079154e+01 -1.228887753254905013e-01 -4.947624199513972476e-01
2.380000000000079297e+01 -9.158427759279437474e-02 -5.065212479747320806e-01
2.390000000000079439e+01 -5.838334234663573874e-02 -5.142660978016767581e-01
2.400000000000079581e+01 -2.408277140838707697e-02 -5.176054623618440154e-01
2.410000000000079723e+01 1.042739174429500523e-02 -5.163651047328321475e-01
2.420000000000079865e+01 4.423890835668065763e-02 -5.106102807777186392e-01
2.430000000000080007e+01 7.650362508999358768e-02 -5.006373458556646616e-01
2.440000000000080149e+01 1.065011938508221845e-01 -4.869367038958048455e-01
2.450000000000080291e+01 1.336855090279278069e-01 -4.701354370953781947e-01
2.460000000000080433e+01 1.577049304070690383e-01 -4.509314453520240629e-01
2.470000000000080576e+01 1.783975874010882701e-01 -4.300307439721678948e-01
2.480000000000080718e+01 1.957676761055728853e-01 -4.080964860229657765e-01
2.490000000000080860e+01 2.099506916571652893e-01 -3.857139353805492110e-01
2.500000000000081002e+01 2.211751836012608718e-01 -3.633716116276808905e-01
2.510000000000081144e+01 2.297267825582467726e-01 -3.414561019395602748e-01
2.520000000000081286e+01 2.359179307662003788e-01 -3.202567864739341852e-01
2.530000000000081428e+01 2.400646848284895551e-01 -2.999766505125826543e-01
2.540000000000081570e+01 2.424704879121779566e-01 -2.807459773199393882e-01
2.550000000000081712e+01 2.434159679154990485e-01 -2.626365983555368211e-01
2.560000000000081855e+01 2.431534808476261134e-01 -2.456752352667722350e-01
2.570000000000081997e+01 2.419051106885088676e-01 -2.298551600713015786e-01
2.580000000000082139e+01 2.398630041229360965e-01 -2.151458892719438076e-01
2.590000000000082281e+01 2.371911511894173596e-01 -2.015009347111242632e-01
2.600000000000082423e+01 2.340279556236067038e-01 -1.888638013203766952e-01
2.610000000000082565e+01 2.304891395551953159e-01 -1.771724937558409874e-01
2.620000000000082707e+01 2.266706856564540129e-01 -1.663628067974294578e-01
2.630000000000082849e+01 2.226516369508626525e-01 -1.563706549652472688e-01
2.640000000000082991e+01 2.184966565679977990e-01 -1.471336626270092485e-01
2.650000000000083134e+01 2.142583044844036944e-01 -1.385921975610124035e-01
2.660000000000083276e+01 2.099790229475173020e-01 -1.306899943169283485e-01
2.670000000000083418e+01 2.056928428150386623e-01 -1.233744814875756407e-01
2.680000000000083560e+01 2.014268340613390440e-01 -1.165969000854169824e-01
2.690000000000083702e+01 1.972023285579894980e-01 -1.103122785034817005e-01
2.700000000000083844e+01 1.930359442811122872e-01 -1.044793124701214743e-01
2.710000000000083986e+01 1.889404389336087342e-01 -9.906018525531053165e-02
2.720000000000084128e+01 1.849254186329322702e-01 -9.402035340264507102e-02
2.730000000000084270e+01 1.809979244741616311e-01 -8.932831579202926697e-02
2.740000000000084412e+01 1.771629168297749191e-01 -8.495537831044855381e-02
2.750000000000084555e+01 1.734236744210206627e-01 -8.087542236325628853e-02
2.760000000000084697e+01 1.697821226142107731e-01 -7.706468253598146301e-02
2.770000000000084839e+01 1.662391031015293674e-01 -7.350153662444347535e-02
2.780000000000084981e+01 1.627945951363045374e-01 -7.016630978003890462e-02
2.790000000000085123e+01 1.594478967886769905e-01 -6.704109349727062350e-02
2.800000000000085265e+01 1.561977732439603084e-01 -6.410957947927341249e-02
2.810000000000085407e+01 1.530425779562660238e-01 -6.135690796590017454e-02
2.820000000000085549e+01 1.499803514569638119e-01 -5.876952982385830887e-02
2.830000000000085691e+01 1.470089017782374996e-01 -5.633508153560326526e-02
2.840000000000085834e+01 1.441258697558208679e-01 -5.404227214285636099e-02
2.850000000000085976e+01 1.413287818988802069e-01 -5.188078117588785371e-02
2.860000000000086118e+01 1.386150930420582406e-01 -4.984116661469295551e-02
2.870000000000086260e+01 1.359822206023205138e-01 -4.791478196488554997e-02
2.880000000000086402e+01 1.334275719423813067e-01 -4.609370158437034459e-02
2.890000000000086544e+01 1.309485660775827065e-01 -4.437065345706377173e-02
2.900000000000086686e+01 1.285426507443696020e-01 -4.273895867289934092e-02
2.910000000000086828e+01 1.262073156704509869e-01 -4.119247693794546999e-02
2.920000000000086970e+01 1.239401027378517067e-01 -3.972555749935353930e-02
2.930000000000087113e+01 1.217386136093251969e-01 -3.833299492910169359e-02
2.940000000000087255e+01 1.196005152884165729e-01 -3.700998926525880806e-02
2.950000000000087397e+01 1.175235440002376092e-01 -3.575211005968870204e-02
2.960000000000087539e+01 1.155055077130596464e-01 -3.455526392817057091e-02
2.970000000000087681e+01 1.135442875635732929e-01 -3.341566524036797964e-02
2.980000000000087823e+01 1.116378384029999143e-01 -3.232980962565086547e-02
2.990000000000087965e+01 1.097841886428956859e-01 -3.129445000507621172e-02
3.000000000000088107e+01 1.079814395472325217e-01 -3.030657489033470112e-02
3.010000000000088249e+01 1.062277640921227562e-01 -2.936338871864558817e-02
3.020000000000088392e+01 1.045214054919563901e-01 -2.846229401674214149e-02
3.030000000000088534e+01 1.028606754734155415e-01 -2.760087520949062317e-02
3.040000000000088676e+01 1.012439523639736549e-01 -2.677688390831942100e-02
3.050000000000088818e+01 9.966967904869240835e-02 -2.598822553189029938e-02
3.060000000000088960e+01 9.813636083981301661e-02 -2.523294712748757815e-02
3.070000000000089102e+01 9.664256329441028859e-02 -2.450922627507202967e-02
3.080000000000089244e+01 9.518691000896239984e-02 -2.381536096859751539e-02
3.090000000000089386e+01 9.376808041391793136e-02 -2.314976038018255050e-02
3.100000000000089528e+01 9.238480758614035782e-02 -2.251093642232336947e-02
3.110000000000089670e+01 9.103587609392886637e-02 -2.189749603242446829e-02
3.120000000000089813e+01 8.972011988536739147e-02 -2.130813411136574589e-02
3.130000000000089955e+01 8.843642022856940121e-02 -2.074162705499097564e-02
3.140000000000090097e+01 8.718370371018763221e-02 -2.019682682357632625e-02
3.150000000000090239e+01 8.596094029637391110e-02 -1.967265549968665733e-02
3.160000000000090381e+01 8.476714145956806834e-02 -1.916810029004715685e-02
3.170000000000090523e+01 8.360135837267898551e-02 -1.868220893118633166e-02
3.180000000000090665e+01 8.246268017167777964e-02 -1.821408546273057746e-02
3.190000000000090807e+01 8.135023228684115648e-02 -1.776288633574497552e-02
