-3.200000000000000000e+01 5.597056913922648924e-03 4.000738778190427998e-04
-3.189999999999999858e+01 5.670803772487680028e-03 4.099648448948038800e-04
-3.179999999999999716e+01 5.746367825639579763e-03 4.202313179627472999e-04
-3.169999999999999574e+01 5.823817581350594630e-03 4.308927115140209264e-04
-3.159999999999999432e+01 5.903225050984530625e-03 4.419697141308633948e-04
-3.149999999999999289e+01 5.984665975722919251e-03 4.534843901092964666e-04
-3.139999999999999147e+01 6.068220070679086753e-03 4.654602906496994093e-04
-3.129999999999999005e+01 6.153971288342198476e-03 4.779225756596443384e-04
-3.119999999999998863e+01 6.242008103140034986e-03 4.908981473391476388e-04
-3.109999999999998721e+01 6.332423819099323309e-03 5.044157968652597870e-04
-3.099999999999998579e+01 6.425316902825488341e-03 5.185063656649720014e-04
-3.089999999999998437e+01 6.520791344220490393e-03 5.332029229508886570e-04
-3.079999999999998295e+01 6.618957047672607147e-03 5.485409614204698504e-04
-3.069999999999998153e+01 6.719930256728606083e-03 5.645586132677650731e-04
-3.059999999999998010e+01 6.823834015599865993e-03 5.812968889460300940e-04
-3.049999999999997868e+01 6.930798671273670497e-03 5.987999414586338276e-04
-3.039999999999997726e+01 7.040962420387694709e-03 6.171153593329797155e-04
-3.029999999999997584e+01 7.154471905571141432e-03 6.362944918857580670e-04
-3.019999999999997442e+01 7.271482866485101670e-03 6.563928108990505980e-04
-3.009999999999997300e+01 7.392160851428342810e-03 6.774703134256766920e-04
-2.999999999999997158e+01 7.516681996135299998e-03 6.995919711462364032e-04
-2.989999999999997016e+01 7.645233877158111313e-03 7.228282325040396878e-04
-2.979999999999996874e+01 7.778016448221309470e-03 7.472555848055840045e-04
-2.969999999999996732e+01 7.915243068972652868e-03 7.729571845828727555e-04
-2.959999999999996589e+01 8.057141636775740079e-03 8.000235658229304684e-04
-2.949999999999996447e+01 8.203955833637699424e-03 8.285534372209182093e-04
-2.939999999999996305e+01 8.355946501906887092e-03 8.586545814224374670e-04
-2.929999999999996163e+01 8.513393164294870419e-03 8.904448713910424404e-04
-2.919999999999996021e+01 8.676595705863023034e-03 9.240534215907810411e-04
-2.909999999999995879e+01 8.845876238064702413e-03 9.596218947233068567e-04
-2.899999999999995737e+01 9.021581167819644337e-03 9.973059884138245085e-04
-2.889999999999995595e+01 9.204083497791580581e-03 1.037277130589215300e-03
-2.879999999999995453e+01 9.393785387914570240e-03 1.079724417555807427e-03
-2.869999999999995310e+01 9.591121012558847386e-03 1.124856835100930715e-03
-2.859999999999995168e+01 9.796559752825062528e-03 1.172905810596021423e-03
-2.849999999999995026e+01 1.001060976944859529e-02 1.224128153388231912e-03
-2.839999999999994884e+01 1.023382200859397628e-02 1.278809452071102450e-03
-2.829999999999994742e+01 1.046679470094454001e-02 1.337268011100736179e-03
-2.819999999999994600e+01 1.071017842377455787e-02 1.399859426219502009e-03
-2.809999999999994458e+01 1.096468180656276839e-02 1.466981919116008577e-03
-2.799999999999994316e+01 1.123107797344087902e-02 1.539082577728175189e-03
-2.789999999999994174e+01 1.151021183035932927e-02 1.616664680836960456e-03
-2.779999999999994031e+01 1.180300832203176956e-02 1.700296325929866008e-03
-2.769999999999993889e+01 1.211048180335798016e-02 1.790620629850978810e-03
-2.759999999999993747e+01 1.243374669268584171e-02 1.888367835477442174e-03
-2.749999999999993605e+01 1.277402960024992193e-02 1.994369738415602278e-03
-2.739999999999993463e+01 1.313268315419196391e-02 2.109576950441790100e-03
-2.729999999999993321e+01 1.351120177919276980e-02 2.235079648000653629e-03
-2.719999999999993179e+01 1.391123971785200239e-02 2.372132623320228652e-03
-2.709999999999993037e+01 1.433463162163556640e-02 2.522185674745066383e-03
-2.699999999999992895e+01 1.478341607405552274e-02 2.686920658023757638e-03
-2.689999999999992752e+01 1.525986243876577969e-02 2.868296893452350078e-03
-2.679999999999992610e+01 1.576650144227864994e-02 3.068607115411481259e-03
-2.669999999999992468e+01 1.630615989086963563e-02 3.290546802165519001e-03
-2.659999999999992326e+01 1.688199986186747492e-02 3.537300592215918398e-03
-2.649999999999992184e+01 1.749756256364580834e-02 3.812650658492720748e-03
-2.639999999999992042e+01 1.815681676381369208e-02 4.121113483543183825e-03
-2.629999999999991900e+01 1.886421114021893941e-02 4.468113612403101439e-03
-2.619999999999991758e+01 1.962472894443149929e-02 4.860205870244988305e-03
-2.609999999999991616e+01 2.044394170216246726e-02 5.305361519959430304e-03
-2.599999999999991473e+01 2.132805584095336451e-02 5.813339316665819267e-03
-2.589999999999991331e+01 2.228394134413784478e-02 6.396169958730217771e-03
-2.579999999999991189e+01 2.331912345155527644e-02 7.068792790992827618e-03
-2.569999999999991047e+01 2.444170479414529279e-02 7.849897726871351081e-03
-2.559999999999990905e+01 2.566016228080850864e-02 8.763044263887898727e-03
-2.549999999999990763e+01 2.698292387378710064e-02 9.838153959119562073e-03
-2.539999999999990621e+01 2.841756358560324630e-02 1.111350231382668245e-02
-2.529999999999990479e+01 2.996933886497089167e-02 1.263836626378154679e-02
-2.519999999999990337e+01 3.163859964513522638e-02 1.447649952115959843e-02
-2.509999999999990195e+01 3.341626830171037094e-02 1.671056919171881247e-02
-2.499999999999990052e+01 3.527604292942054798e-02 1.944749174280308718e-02
-2.489999999999989910e+01 3.716111417019300756e-02 2.282401491351200573e-02
-2.479999999999989768e+01 3.896197559277952277e-02 2.701037183033085445e-02
-2.469999999999989626e+01 4.048070695607050573e-02 3.220629998264833843e-02
-2.459999999999989484e+01 4.137766883137136698e-02 3.861633258922336082e-02
-2.449999999999989342e+01 4.110447091121829932e-02 4.637835381934585915e-02
-2.439999999999989200e+01 3.885556656506197748e-02 5.540534840572925585e-02
-2.429999999999989058e+01 3.363683180830943920e-02 6.511423224939817678e-02
-2.419999999999988916e+01 2.462673368493228931e-02 7.413510443188892074e-02
-2.409999999999988773e+01 1.190700843131779069e-02 8.036636686251794059e-02
-2.399999999999988631e+01 -2.901232533899872346e-03 8.183141343373601106e-02
-2.389999999999988489e+01 -1.705075589001678674e-02 7.799954318215995830e-02
-2.379999999999988347e+01 -2.816863821148906863e-02 7.020589075476524332e-02
-2.369999999999988205e+01 -3.537311657581586333e-02 6.064478298931785111e-02
-2.359999999999988063e+01 -3.910193864083136295e-02 5.113315962687817184e-02
-2.349999999999987921e+01 -4.032643648063317932e-02 4.265349578875203551e-02
-2.339999999999987779e+01 -3.997678524158539137e-02 3.552145898524611267e-02
-2.329999999999987637e+01 -3.873858132057104303e-02 2.969394651130240897e-02
-2.319999999999987494e+01 -3.705593637920535921e-02 2.498910937171690966e-02
-2.309999999999987352e+01 -3.519566116990991561e-02 2.119936341811014952e-02
-2.299999999999987210e+01 -3.330959336968572493e-02 1.813712771432825568e-02
-2.289999999999987068e+01 -3.147954847906222348e-02 1.564770303446107527e-02
-2.279999999999986926e+01 -2.974620952116700454e-02 1.360868453472011824e-02
-2.269999999999986784e+01 -2.812671701088489962e-02 1.192499238213056562e-02
-2.259999999999986642e+01 -2.662508931167787210e-02 1.052325564386209257e-02
-2.249999999999986500e+01 -2.523830141093636598e-02 9.346857299169593694e-03
-2.239999999999986358e+01 -2.395979136653572650e-02 8.351948510564638842e-03
-2.229999999999986215e+01 -2.278145779918248209e-02 7.504374251554109428e-03
-2.219999999999986073e+01 -2.169477636738038895e-02 6.777347802146805114e-03
-2.209999999999985931e+01 -2.069140358362361876e-02 6.149705758290250138e-03
-2.199999999999985789e+01 -1.976348378731622793e-02 5.604600740548461475e-03
-2.189999999999985647e+01 -1.890378583308183549e-02 5.128519923503766301e-03
-2.179999999999985505e+01 -1.810574378261687115e-02 4.710544973421754329e-03
-2.169999999999985363e+01 -1.736344517873546212e-02 4.341790857703833190e-03
-2.159999999999985221e+01 -1.667159236799247227e-02 4.014977569535622959e-03
-2.149999999999985079e+01 -1.602545161818902386e-02 3.724101070928749913e-03
-2.139999999999984936e+01 -1.542079842086598040e-02 3.464178716113203941e-03
-2.129999999999984794e+01 -1.485386360172207335e-02 3.231050932304965935e-03
-2.119999999999984652e+01 -1.432128263864444404e-02 3.021225670457768075e-03
-2.109999999999984510e+01 -1.382004928824571467e-02 2.831755588287642161e-03
-2.099999999999984368e+01 -1.334747387611928161e-02 2.660140449957452448e-03
-2.089999999999984226e+01 -1.290114619225400487e-02 2.504249079996114392e-03
-2.079999999999984084e+01 -1.247890271641345465e-02 2.362256577967309073e-03
-2.069999999999983942e+01 -1.207879779780680202e-02 2.232593517580519840e-03
-2.059999999999983800e+01 -1.169907838047230808e-02 2.113904614467430713e-03
-2.049999999999983658e+01 -1.133816187001972231e-02 2.005014918754994234e-03
-2.039999999999983515e+01 -1.099461676176011204e-02 1.904902021484692481e-03
-2.029999999999983373e+01 -1.066714568371701991e-02 1.812673093495263937e-03
-2.019999999999983231e+01 -1.035457054448477715e-02 1.727545827783777323e-03
-2.009999999999983089e+01 -1.005581951230235735e-02 1.648832550878496714e-03
-1.999999999999982947e+01 -9.769915585589011853e-03 1.575926919374581519e-03
-1.989999999999982805e+01 -9.495966546308624856e-03 1.508292735192863238e-03
-1.979999999999982663e+01 -9.233156115200792657e-03 1.445454505049633938e-03
-1.969999999999982521e+01 -8.980736152209765205e-03 1.386989441981818045e-03
-1.959999999999982379e+01 -8.738019766858628329e-03 1.332520664074174788e-03
-1.949999999999982236e+01 -8.504375221635433746e-03 1.281711391034658044e-03
-1.939999999999982094e+01 -8.279220527486495784e-03 1.234259975658355676e-03
-1.929999999999981952e+01 -8.062018644236904064e-03 1.189895636404388665e-03
-1.919999999999981810e+01 -7.852273210494895711e-03 1.148374780818785463e-03
-1.909999999999981668e+01 -7.649524737855337153e-03 1.109477828599423873e-03
-1.899999999999981526e+01 -7.453347212818473705e-03 1.073006458548205529e-03
-1.889999999999981384e+01 -7.263345057397913723e-03 1.038781216294801420e-03
-1.879999999999981242e+01 -7.079150405819540498e-03 1.006639430013468554e-03
-1.869999999999981100e+01 -6.900420660187214783e-03 9.764333898427729388e-04
-1.859999999999980957e+01 -6.726836292851146037e-03 9.480287537466801535e-04
-1.849999999999980815e+01 -6.558098867226580531e-03 9.213031483425057578e-04
-1.839999999999980673e+01 -6.393929252416524767e-03 8.961449380528715763e-04
-1.829999999999980531e+01 -6.234066010051487333e-03 8.724521399543493398e-04
-1.819999999999980389e+01 -6.078263934359170312e-03 8.501314650451507809e-04
-1.809999999999980247e+01 -5.926292728857751602e-03 8.290974694818980129e-04
-1.799999999999980105e+01 -5.777935804979823786e-03 8.092718016899685040e-04
-1.789999999999979963e+01 -5.632989189721437917e-03 7.905825332559354626e-04
-1.779999999999979821e+01 -5.491260530918182226e-03 7.729635631974595810e-04
-1.769999999999979678e+01 -5.352568190022811978e-03 7.563540866310714461e-04
-1.759999999999979536e+01 -5.216740413481912864e-03 7.406981200841152068e-04
-1.749999999999979394e+01 -5.083614574744196868e-03 7.259440767244332987e-04
-1.739999999999979252e+01 -4.953036479861890745e-03 7.120443856729454044e-04
-1.729999999999979110e+01 -4.824859730418584042e-03 6.989551503218918889e-04
-1.719999999999978968e+01 -4.698945138156402496e-03 6.866358412280866488e-04
-1.709999999999978826e+01 -4.575160186340188062e-03 6.750490197174653390e-04
-1.699999999999978684e+01 -4.453378533358674091e-03 6.641600888130903563e-04
-1.689999999999978542e+01 -4.333479554571244285e-03 6.539370685203407113e-04
-1.679999999999978400e+01 -4.215347918818390660e-03 6.443503928636564512e-04
-1.669999999999978257e+01 -4.098873196341792924e-03 6.353727263793394232e-04
-1.659999999999978115e+01 -3.983949495242080502e-03 6.269787980465058724e-04
-1.649999999999977973e+01 -3.870475123830319220e-03 6.191452508704979683e-04
-1.639999999999977831e+01 -3.758352276521673141e-03 6.118505055434642331e-04
-1.629999999999977689e+01 -3.647486741145199163e-03 6.050746367875028692e-04
-1.619999999999977547e+01 -3.537787625710289707e-03 5.987992611421507749e-04
-1.609999999999977405e+01 -3.429167102906201248e-03 5.930074351009721745e-04
-1.599999999999977263e+01 -3.321540170715078788e-03 5.876835626208727192e-04
-1.589999999999977121e+01 -3.214824427698673159e-03 5.828133111380115732e-04
-1.579999999999976978e+01 -3.108939861645530767e-03 5.783835353190985330e-04
-1.569999999999976836e+01 -3.003808650345926590e-03 5.743822078596025945e-04
-1.559999999999976694e+01 -2.899354973418671877e-03 5.707983567174899301e-04
-1.549999999999976552e+01 -2.795504834150447371e-03 5.676220082350101614e-04
-1.539999999999976410e+01 -2.692185890426058992e-03 5.648441356615608710e-04
-1.529999999999976268e+01 -2.589327293899684745e-03 5.624566126429489821e-04
-1.519999999999976126e+01 -2.486859536590592390e-03 5.604521712884748524e-04
-1.509999999999975984e+01 -2.384714304197017853e-03 5.588243644707566096e-04
-1.499999999999975842e+01 -2.282824335422796447e-03 5.575675320496267101e-04
-1.489999999999975699e+01 -2.181123286690948848e-03 5.566767707463433565e-04
-1.479999999999975557e+01 -2.079545601659960052e-03 5.561479074247986047e-04
-1.469999999999975415e+01 -1.978026384963069151e-03 5.559774755639448115e-04
-1.459999999999975273e+01 -1.876501279674744338e-03 5.561626947314420987e-04
-1.449999999999975131e+01 -1.774906347986389410e-03 5.567014528911134411e-04
-1.439999999999974989e+01 -1.673177954631274722e-03 5.575922913982993539e-04
-1.429999999999974847e+01 -1.571252652620556967e-03 5.588343925563116991e-04
-1.419999999999974705e+01 -1.469067070839012723e-03 5.604275696255453607e-04
-1.409999999999974563e+01 -1.366557803116411063e-03 5.623722591930398629e-04
-1.399999999999974420e+01 -1.263661298352772300e-03 5.646695158264733970e-04
-1.389999999999974278e+01 -1.160313751319599906e-03 5.673210089509666751e-04
-1.379999999999974136e+01 -1.056450993767631130e-03 5.703290219008613944e-04
-1.369999999999973994e+01 -9.520083854458460948e-04 5.736964531128049306e-04
-1.359999999999973852e+01 -8.469207046916879533e-04 5.774268194380443534e-04
-1.349999999999973710e+01 -7.411220382037217447e-04 5.815242615656733473e-04
-1.339999999999973568e+01 -6.345456696400797458e-04 5.859935515599651659e-04
-1.329999999999973426e+01 -5.271239666853333450e-04 5.908401025267317076e-04
-1.319999999999973284e+01 -4.187882661899067216e-04 5.960699804371393136e-04
-1.309999999999973141e+01 -3.094687570341925209e-04 6.016899181472792121e-04
-1.299999999999972999e+01 -1.990943603072947710e-04 6.077073316662958552e-04
-1.289999999999972857e+01 -8.759260641496430244e-05 6.141303387370070348e-04
-1.279999999999972715e+01 2.511049128164910549e-05 6.209677798056434991e-04
-1.269999999999972573e+01 1.390905667385533562e-04 6.282292414720382252e-04
-1.259999999999972431e+01 2.544250358360589104e-04 6.359250825249006169e-04
-1.249999999999972289e+01 3.711932357789854420e-04 6.440664626796179220e-04
-1.239999999999972147e+01 4.894765697843403429e-04 6.526653741558926559e-04
-1.229999999999972005e+01 6.093586575353360235e-04 6.617346762436138174e-04
-1.219999999999971863e+01 7.309254919572530373e-04 6.712881330275576389e-04
-1.209999999999971720e+01 8.542656028659306733e-04 6.813404544577061732e-04
-1.199999999999971578e+01 9.794702280725361976e-04 6.919073409718625757e-04
-1.189999999999971436e+01 1.106633492603883995e-03 7.030055319023138967e-04
-1.179999999999971294e+01 1.235852596677473880e-03 7.146528579169441654e-04
-1.169999999999971152e+01 1.367228013176235990e-03 7.268682977758823827e-04
-1.159999999999971010e+01 1.500863695379120455e-03 7.396720397095974016e-04
-1.149999999999970868e+01 1.636867295755503604e-03 7.530855477543554541e-04
-1.139999999999970726e+01 1.775350396734057257e-03 7.671316334183749322e-04
-1.129999999999970584e+01 1.916428754354750075e-03 7.818345330820927058e-04
-1.119999999999970441e+01 2.060222555851302928e-03 7.972199915824034790e-04
-1.109999999999970299e+01 2.206856692247453899e-03 8.133153524706275561e-04
-1.099999999999970157e+01 2.356461047134168763e-03 8.301496554818433606e-04
-1.089999999999970015e+01 2.509170802936055988e-03 8.477537418116565075e-04
-1.079999999999969873e+01 2.665126766005540548e-03 8.661603678473133068e-04
-1.069999999999969731e+01 2.824475712069798861e-03 8.854043280730659014e-04
-1.059999999999969589e+01 2.987370753634040199e-03 9.055225879366392283e-04
-1.049999999999969447e+01 3.153971731078543395e-03 9.265544275426367167e-04
-1.039999999999969305e+01 3.324445629389466417e-03 9.485415971335919329e-04
-1.029999999999969162e+01 3.498967022547101735e-03 9.715284854074383511e-04
-1.019999999999969020e+01 3.677718547858976894e-03 9.955623018394897834e-04
-1.009999999999968878e+01 3.860891412673733702e-03 1.020693274292119868e-03
-9.999999999999687361e+00 4.048685936129434171e-03 1.046974863330050673e-03
-9.899999999999685940e+00 4.241312128891790156e-03 1.074463994818370370e-03
-9.799999999999684519e+00 4.438990314015102412e-03 1.103221312536683749e-03
-9.699999999999683098e+00 4.641951792447300551e-03 1.133311452744462274e-03
-9.599999999999681677e+00 4.850439556971036792e-03 1.164803342836351167e-03
-9.499999999999680256e+00 5.064709058732089209e-03 1.197770526462631647e-03
-9.399999999999678835e+00 5.285029030975385567e-03 1.232291517766689708e-03
-9.299999999999677414e+00 5.511682374951851204e-03 1.268450187675443288e-03
-9.199999999999675993e+00 5.744967113558679950e-03 1.306336185532054085e-03
-9.099999999999674571e+00 5.985197418761183108e-03 1.346045399730911273e-03
-8.999999999999673150e+00 6.232704719451712116e-03 1.387680461443415673e-03
-8.899999999999671729e+00 6.487838897160293217e-03 1.431351296021631230e-03
-8.799999999999670308e+00 6.750969577672912003e-03 1.477175727197289207e-03
-8.699999999999668887e+00 7.022487527581666722e-03 1.525280139837457104e-03
-8.599999999999667466e+00 7.302806165665559623e-03 1.575800207714278100e-03
-8.499999999999666045e+00 7.592363200054116912e-03 1.628881693550438860e-03
-8.399999999999664624e+00 7.891622403406212127e-03 1.684681329536442344e-03
-8.299999999999663203e+00 8.201075539528285274e-03 1.743367787538158825e-03
-8.199999999999661782e+00 8.521244456495102870e-03 1.805122749436135696e-03
-8.099999999999660361e+00 8.852683362929977817e-03 1.870142089393250599e-03
-7.999999999999658939e+00 9.195981305989212040e-03 1.938637181417615304e-03
-7.899999999999657518e+00 9.551764871836884718e-03 2.010836347415071758e-03
-7.799999999999656097e+00 9.920701131641881942e-03 2.086986462972951518e-03
-7.699999999999654676e+00 1.030350085902140278e-02 2.167354740547695023e-03
-7.599999999999653255e+00 1.070092204783416878e-02 2.252230712479741902e-03
-7.499999999999651834e+00 1.111377376271412143e-02 2.341928439464431057e-03
-7.399999999999650413e+00 1.154292035883115741e-02 2.436788973856813395e-03
-7.299999999999648992e+00 1.198928611167861258e-02 2.537183111473152036e-03
-7.199999999999647571e+00 1.245386030302443603e-02 2.643514470635772995e-03
-7.099999999999646150e+00 1.293770281489287077e-02 2.756222943067886816e-03
-6.999999999999644729e+00 1.344195029011935327e-02 2.875788568129718399e-03
-6.899999999999643308e+00 1.396782292582286755e-02 3.002735890004566872e-03
-6.799999999999641886e+00 1.451663197465885569e-02 3.137638866889873139e-03
-6.699999999999640465e+00 1.508978803900788701e-02 3.281126412507397692e-03
-6.599999999999639044e+00 1.568881025464670398e-02 3.433888663450527547e-03
-6.499999999999637623e+00 1.631533647371752327e-02 3.596684081569567239e-03
-6.399999999999636202e+00 1.697113457231030909e-02 3.770347519286569755e-03
-6.299999999999634781e+00 1.765811502534581079e-02 3.955799397868811976e-03
-6.199999999999633360e+00 1.837834491217227306e-02 4.154056175313633123e-03
-6.099999999999631939e+00 1.913406353974252128e-02 4.366242312270028625e-03
-5.999999999999630518e+00 1.992769989762004090e-02 4.593603982673824179e-03
-5.899999999999629097e+00 2.076189219111203299e-02 4.837524821992382311e-03
-5.799999999999627676e+00 2.163950973541280132e-02 5.099544061723571692e-03
-5.699999999999626255e+00 2.256367753701904455e-02 5.381377466730800398e-03
-5.599999999999624833e+00 2.353780393850243846e-02 5.684941574594837635e-03
-5.499999999999623412e+00 2.456561176102070587e-02 6.012381837265443410e-03
-5.399999999999621991e+00 2.565117344723988335e-02 6.366105389547328797e-03
-5.299999999999620570e+00 2.679895078608787728e-02 6.748819321846757230e-03
-5.199999999999619149e+00 2.801383989354791493e-02 7.163575524180575832e-03
-5.099999999999617728e+00 2.930122223079432986e-02 7.613823403794461875e-03
-4.999999999999616307e+00 3.066702256564085571e-02 8.103472072629786319e-03
-4.899999999999614886e+00 3.211777492805391321e-02 8.636963969598112842e-03
-4.799999999999613465e+00 3.366069777617208825e-02 9.219362346766592914e-03
-4.699999999999612044e+00 3.530377978022312957e-02 9.856455636683233990e-03
-4.599999999999610623e+00 3.705587784684898078e-02 1.055488246595695859e-02
-4.499999999999609201e+00 3.892682924672330458e-02 1.132228203687671297e-02
-4.399999999999607780e+00 4.092757997112146662e-02 1.216747582923926978e-02
-4.299999999999606359e+00 4.307033171806749772e-02 1.310068816472755374e-02
-4.199999999999604938e+00 4.536871018239646558e-02 1.413381524466380060e-02
-4.099999999999603517e+00 4.783795756255108944e-02 1.528075497658784414e-02
-3.999999999999602096e+00 5.049515234789120344e-02 1.655781346370380908e-02
-3.899999999999600675e+00 5.335945942164682654e-02 1.798420874196615671e-02
-3.799999999999599254e+00 5.645241314811691447e-02 1.958269862190803109e-02
-3.699999999999597833e+00 5.979823515446650029e-02 2.138036789764465040e-02
-3.599999999999596412e+00 6.342418653559844799e-02 2.340962151377595432e-02
-3.499999999999594991e+00 6.736095050139401241e-02 2.570944563839521260e-02
-3.399999999999593570e+00 7.164303488129328268e-02 2.832701952119783678e-02
-3.299999999999592148e+00 7.630917245762655621e-02 3.131978966994521801e-02
-3.199999999999590727e+00 8.140267758749958338e-02 3.475815724441022603e-02
-3.099999999999589306e+00 8.697168455871601145e-02 3.872898372537232625e-02
-2.999999999999587885e+00 9.306913744558370505e-02 4.334019431970573266e-02
-2.899999999999586464e+00 9.975230730295311932e-02 4.872686013355687767e-02
-2.799999999999585043e+00 1.070814536935978944e-01 5.505927678449869245e-02
-2.699999999999583622e+00 1.151169779559604034e-01 6.255373556262450174e-02
-2.599999999999582201e+00 1.239139562926722948e-01 7.148690255439733854e-02
-2.499999999999580780e+00 1.335121560174094557e-01 8.221495572624734627e-02
-2.399999999999579359e+00 1.439182979684127395e-01 9.519878757521024748e-02
-2.299999999999577938e+00 1.550750536460794582e-01 1.110364027658628239e-01
-2.199999999999576517e+00 1.668074771738144724e-01 1.305024708180034243e-01
-2.099999999999575095e+00 1.787315276397135611e-01 1.545912732654788346e-01
-1.999999999999573674e+00 1.901006031515438122e-01 1.845495038972975732e-01
-1.899999999999572253e+00 1.995564241038067788e-01 2.218622550643352676e-01
-1.799999999999570832e+00 2.047505764963785668e-01 2.681061320479381505e-01
-1.699999999999569411e+00 2.018477388758438407e-01 3.244933873192741847e-01
-1.599999999999567990e+00 1.850991171485718845e-01 3.908186575666080520e-01
-1.499999999999566569e+00 1.471186874615160733e-01 4.635569491015923416e-01
-1.399999999999565148e+00 8.111741386994891778e-02 5.335693584507166243e-01
-1.299999999999563727e+00 -1.398948292780888281e-02 5.857780693330412181e-01
-1.199999999999562306e+00 -1.281721251643437032e-01 6.044840874041564893e-01
-1.099999999999560885e+00 -2.416435546175079441e-01 5.833540154778347198e-01
-9.999999999995594635e-01 -3.353740831736520822e-01 5.304790408871881136e-01
-8.999999999995580424e-01 -4.009335179424156625e-01 4.622595041663216109e-01
-7.999999999995566213e-01 -4.408640602555349286e-01 3.935516802981234852e-01
-6.999999999995552002e-01 -4.631225977152974016e-01 3.329796721003075444e-01
-5.999999999995537792e-01 -4.763983650954682902e-01 2.834219242805057215e-01
-4.999999999995523581e-01 -4.882150960999929179e-01 2.438341096868268942e-01
-3.999999999995509370e-01 -5.044129151686258528e-01 2.102193924940405356e-01
-2.999999999995495159e-01 -5.281754442403974181e-01 1.757601233263302865e-01
-1.999999999995480948e-01 -5.576739982792708883e-01 1.318196494539928820e-01
-9.999999999954667373e-02 -5.840755815660793049e-01 7.225955936092032239e-02
4.547473508864641190e-13 -5.949333297065250159e-01 -4.182210133762964688e-13
1.000000000004561684e-01 -5.840755815658924543e-01 -7.225955936153316550e-02
2.000000000004575895e-01 -5.576739982789983285e-01 -1.318196494544591202e-01
3.000000000004590106e-01 -5.281754442401472849e-01 -1.757601233266737339e-01
4.000000000004604317e-01 -5.044129151684462187e-01 -2.102193924943376868e-01
5.000000000004618528e-01 -4.882150960998729583e-01 -2.438341096871515234e-01
6.000000000004632739e-01 -4.763983650953644844e-01 -2.834219242809072892e-01
7.000000000004646949e-01 -4.631225977151481876e-01 -3.329796721008093097e-01
8.000000000004661160e-01 -4.408640602552657550e-01 -3.935516802987195084e-01
9.000000000004675371e-01 -4.009335179419456496e-01 -4.622595041669623206e-01
1.000000000000468958e+00 -3.353740831729247196e-01 -5.304790408877648744e-01
1.100000000000470379e+00 -2.416435546165431880e-01 -5.833540154781929887e-01
1.200000000000471800e+00 -1.281721251632750302e-01 -6.044840874041690348e-01
1.300000000000473221e+00 -1.398948292683249717e-02 -5.857780693326990473e-01
1.400000000000474643e+00 8.111741387068721609e-02 -5.335693584501347564e-01
1.500000000000476064e+00 1.471186874619811458e-01 -4.635569491009242649e-01
1.600000000000477485e+00 1.850991171488089448e-01 -3.908186575659666762e-01
1.700000000000478906e+00 2.018477388759229441e-01 -3.244933873187140216e-01
1.800000000000480327e+00 2.047505764963609975e-01 -2.681061320474726895e-01
1.900000000000481748e+00 1.995564241037357245e-01 -2.218622550639576529e-01
2.000000000000483169e+00 1.901006031514464734e-01 -1.845495038969939550e-01
2.100000000000484590e+00 1.787315276396061470e-01 -1.545912732652351684e-01
2.200000000000486011e+00 1.668074771737060868e-01 -1.305024708178070814e-01
2.300000000000487432e+00 1.550750536459749862e-01 -1.110364027657036456e-01
2.400000000000488853e+00 1.439182979683145958e-01 -9.519878757508021261e-02
2.500000000000490274e+00 1.335121560173184729e-01 -8.221495572614033465e-02
2.600000000000491696e+00 1.239139562925886950e-01 -7.148690255430857621e-02
2.700000000000493117e+00 1.151169779558839090e-01 -6.255373556255025558e-02
2.800000000000494538e+00 1.070814536935280614e-01 -5.505927678443618689e-02
2.900000000000495959e+00 9.975230730288955905e-02 -4.872686013350387146e-02
3.000000000000497380e+00 9.306913744552572365e-02 -4.334019431966051883e-02
3.100000000000498801e+00 8.697168455866308157e-02 -3.872898372533348232e-02
3.200000000000500222e+00 8.140267758745109439e-02 -3.475815724437666954e-02
3.300000000000501643e+00 7.630917245758217504e-02 -3.131978966991610241e-02
3.400000000000503064e+00 7.164303488125267627e-02 -2.832701952117242655e-02
3.500000000000504485e+00 6.736095050135670892e-02 -2.570944563837293181e-02
3.600000000000505906e+00 6.342418653556405883e-02 -2.340962151375633460e-02
3.700000000000507328e+00 5.979823515443480342e-02 -2.138036789762730663e-02
3.800000000000508749e+00 5.645241314808768784e-02 -1.958269862189262675e-02
3.900000000000510170e+00 5.335945942161979261e-02 -1.798420874195243852e-02
4.000000000000511591e+00 5.049515234786609852e-02 -1.655781346369154111e-02
4.100000000000513012e+00 4.783795756252778864e-02 -1.528075497657684426e-02
4.200000000000514433e+00 4.536871018237481623e-02 -1.413381524465391094e-02
4.300000000000515854e+00 4.307033171804731941e-02 -1.310068816471862858e-02
4.400000000000517275e+00 4.092757997110262058e-02 -1.216747582923119464e-02
4.500000000000518696e+00 3.892682924670572142e-02 -1.132228203686939418e-02
4.600000000000520117e+00 3.705587784683250785e-02 -1.055488246595030245e-02
4.700000000000521538e+00 3.530377978020768359e-02 -9.856455636677169396e-03
4.800000000000522959e+00 3.366069777615759984e-02 -9.219362346761053942e-03
4.900000000000524381e+00 3.211777492804034073e-02 -8.636963969593045715e-03
5.000000000000525802e+00 3.066702256562806039e-02 -8.103472072625145933e-03
5.100000000000527223e+00 2.930122223078228394e-02 -7.613823403790192720e-03
5.200000000000528644e+00 2.801383989353653514e-02 -7.163575524176646683e-03
5.300000000000530065e+00 2.679895078607710812e-02 -6.748819321843131658e-03
5.400000000000531486e+00 2.565117344722973869e-02 -6.366105389543987719e-03
5.500000000000532907e+00 2.456561176101108857e-02 -6.012381837262350398e-03
5.600000000000534328e+00 2.353780393849332075e-02 -5.684941574591968402e-03
5.700000000000535749e+00 2.256367753701042644e-02 -5.381377466728143669e-03
5.800000000000537170e+00 2.163950973540461342e-02 -5.099544061721102313e-03
5.900000000000538591e+00 2.076189219110423367e-02 -4.837524821990083802e-03
6.000000000000540012e+00 1.992769989761267180e-02 -4.593603982671685265e-03
6.100000000000541434e+00 1.913406353973549912e-02 -4.366242312268031958e-03
6.200000000000542855e+00 1.837834491216555621e-02 -4.154056175311769163e-03
6.300000000000544276e+00 1.765811502533939925e-02 -3.955799397867070313e-03
6.400000000000545697e+00 1.697113457230420286e-02 -3.770347519284939115e-03
6.500000000000547118e+00 1.631533647371169460e-02 -3.596684081568036345e-03
6.600000000000548539e+00 1.568881025464112511e-02 -3.433888663449094665e-03
6.700000000000549960e+00 1.508978803900255794e-02 -3.281126412506051547e-03
6.800000000000551381e+00 1.451663197465376254e-02 -3.137638866888608526e-03
6.900000000000552802e+00 1.396782292581795482e-02 -3.002735890003374250e-03
7.000000000000554223e+00 1.344195029011466258e-02 -2.875788568128599502e-03
7.100000000000555644e+00 1.293770281488838825e-02 -2.756222943066829502e-03
7.200000000000557066e+00 1.245386030302013392e-02 -2.643514470634777264e-03
7.300000000000558487e+00 1.198928611167447700e-02 -2.537183111472211816e-03
7.400000000000559908e+00 1.154292035882716061e-02 -2.436788973855926951e-03
7.500000000000561329e+00 1.111377376271030504e-02 -2.341928439463591451e-03
7.600000000000562750e+00 1.070092204783047729e-02 -2.252230712478950000e-03
7.700000000000564171e+00 1.030350085901787782e-02 -2.167354740546944755e-03
7.800000000000565592e+00 9.920701131638454129e-03 -2.086986462972241149e-03
7.900000000000567013e+00 9.551764871833567927e-03 -2.010836347414398685e-03
8.000000000000568434e+00 9.195981305986034027e-03 -1.938637181416977794e-03
8.100000000000569855e+00 8.852683362926883071e-03 -1.870142089392644313e-03
8.200000000000571276e+00 8.521244456492133024e-03 -1.805122749435558900e-03
8.300000000000572697e+00 8.201075539525412572e-03 -1.743367787537611520e-03
8.400000000000574119e+00 7.891622403403450448e-03 -1.684681329535923228e-03
8.500000000000575540e+00 7.592363200051452377e-03 -1.628881693549943596e-03
8.600000000000576961e+00 7.302806165662964477e-03 -1.575800207713807556e-03
8.700000000000578382e+00 7.022487527579168720e-03 -1.525280139837009979e-03
8.800000000000579803e+00 6.750969577670490329e-03 -1.477175727196862031e-03
8.900000000000581224e+00 6.487838897157947871e-03 -1.431351296021224438e-03
9.000000000000582645e+00 6.232704719449422281e-03 -1.387680461443027528e-03
9.100000000000584066e+00 5.985197418758976540e-03 -1.346045399730542210e-03
9.200000000000585487e+00 5.744967113556535832e-03 -1.306336185531701503e-03
9.300000000000586908e+00 5.511682374949769536e-03 -1.268450187675107185e-03
9.400000000000588329e+00 5.285029030973359410e-03 -1.232291517766367916e-03
9.500000000000589750e+00 5.064709058730111624e-03 -1.197770526462323733e-03
9.600000000000591172e+00 4.850439556969121657e-03 -1.164803342836057565e-03
9.700000000000592593e+00 4.641951792445420111e-03 -1.133311452744181682e-03
9.800000000000594014e+00 4.438990314013277483e-03 -1.103221312536415734e-03
9.900000000000595435e+00 4.241312128890006861e-03 -1.074463994818114932e-03
1.000000000000059686e+01 4.048685936127699447e-03 -1.046974863329806077e-03
1.010000000000059828e+01 3.860891412672054490e-03 -1.020693274291885246e-03
1.020000000000059970e+01 3.677718547857332376e-03 -9.955623018392668715e-04
1.030000000000060112e+01 3.498967022545505789e-03 -9.715284854072254138e-04
1.040000000000060254e+01 3.324445629387898227e-03 -9.485415971333863681e-04
1.050000000000060396e+01 3.153971731077016838e-03 -9.265544275424406929e-04
1.060000000000060538e+01 2.987370753632534459e-03 -9.055225879364514445e-04
1.070000000000060680e+01 2.824475712068334754e-03 -8.854043280728872249e-04
1.080000000000060822e+01 2.665126766004097258e-03 -8.661603678471420029e-04
1.090000000000060965e+01 2.509170802934647393e-03 -8.477537418114934435e-04
1.100000000000061107e+01 2.356461047132794862e-03 -8.301496554816868018e-04
1.110000000000061249e+01 2.206856692246107754e-03 -8.133153524704788036e-04
1.120000000000061391e+01 2.060222555849970660e-03 -7.972199915822607980e-04
1.130000000000061533e+01 1.916428754353431685e-03 -7.818345330819552290e-04
1.140000000000061675e+01 1.775350396732780500e-03 -7.671316334182439606e-04
1.150000000000061817e+01 1.636867295754268481e-03 -7.530855477542309877e-04
1.160000000000061959e+01 1.500863695377913087e-03 -7.396720397094781393e-04
1.170000000000062101e+01 1.367228013175042500e-03 -7.268682977757687583e-04
1.180000000000062244e+01 1.235852596676273452e-03 -7.146528579168357452e-04
1.190000000000062386e+01 1.106633492602704383e-03 -7.030055319022111143e-04
1.200000000000062528e+01 9.794702280713635245e-04 -6.919073409717636965e-04
1.210000000000062670e+01 8.542656028647996336e-04 -6.813404544576122813e-04
1.220000000000062812e+01 7.309254919561358754e-04 -6.712881330274685174e-04
1.230000000000062954e+01 6.093586575342396783e-04 -6.617346762435296834e-04
1.240000000000063096e+01 4.894765697832509366e-04 -6.526653741558122081e-04
1.250000000000063238e+01 3.711932357779307301e-04 -6.440664626795418110e-04
1.260000000000063380e+01 2.544250358349903207e-04 -6.359250825248281922e-04
1.270000000000063523e+01 1.390905667375125221e-04 -6.282292414719707879e-04
1.280000000000063665e+01 2.511049128024051003e-05 -6.209677798054600521e-04
1.290000000000063807e+01 -8.759260641599125874e-05 -6.141303387369458858e-04
1.300000000000063949e+01 -1.990943603083078495e-04 -6.077073316662394767e-04
1.310000000000064091e+01 -3.094687570351986605e-04 -6.016899181472263030e-04
1.320000000000064233e+01 -4.187882661908989834e-04 -5.960699804370896571e-04
1.330000000000064375e+01 -5.271239666863186679e-04 -5.908401025266859542e-04
1.340000000000064517e+01 -6.345456696410511910e-04 -5.859935515599233157e-04
1.350000000000064659e+01 -7.411220382046862509e-04 -5.815242615656343161e-04
1.360000000000064801e+01 -8.469207046926385818e-04 -5.774268194380083579e-04
1.370000000000064944e+01 -9.520083854467897844e-04 -5.736964531127719709e-04
1.380000000000065086e+01 -1.056450993768588698e-03 -5.703290219008323378e-04
1.390000000000065228e+01 -1.160313751320543596e-03 -5.673210089509404374e-04
1.400000000000065370e+01 -1.263661298353715989e-03 -5.646695158264508456e-04
1.410000000000065512e+01 -1.366557803117340875e-03 -5.623722591930203473e-04
1.420000000000065654e+01 -1.469067070839942535e-03 -5.604275696255286640e-04
1.430000000000065796e+01 -1.571252652621479839e-03 -5.588343925562993392e-04
1.440000000000065938e+01 -1.673177954632211473e-03 -5.575922913982893792e-04
1.450000000000066080e+01 -1.774906347987298405e-03 -5.567014528911073696e-04
1.460000000000066223e+01 -1.876501279675660272e-03 -5.561626947314388461e-04
1.470000000000066365e+01 -1.978026384964005902e-03 -5.559774755639454620e-04
1.480000000000066507e+01 -2.079545601660889864e-03 -5.561479074248012067e-04
1.490000000000066649e+01 -2.181123286691864782e-03 -5.566767707463500785e-04
1.500000000000066791e+01 -2.282824335423719320e-03 -5.575675320496364679e-04
1.510000000000066933e+01 -2.384714304197933787e-03 -5.588243644707702705e-04
1.520000000000067075e+01 -2.486859536591529141e-03 -5.604521712884913322e-04
1.530000000000067217e+01 -2.589327293900614557e-03 -5.624566126429691483e-04
1.540000000000067359e+01 -2.692185890426995742e-03 -5.648441356615845066e-04
1.550000000000067502e+01 -2.795504834151391060e-03 -5.676220082350372665e-04
1.560000000000067644e+01 -2.899354973419615566e-03 -5.707983567175211551e-04
1.570000000000067786e+01 -3.003808650346891096e-03 -5.743822078596366384e-04
1.580000000000067928e+01 -3.108939861646481395e-03 -5.783835353191369138e-04
1.590000000000068070e+01 -3.214824427699651543e-03 -5.828133111380540739e-04
1.600000000000068212e+01 -3.321540170716050233e-03 -5.876835626209193399e-04
1.610000000000068354e+01 -3.429167102907179632e-03 -5.930074351010224815e-04
1.620000000000068496e+01 -3.537787625711281969e-03 -5.987992611422056355e-04
1.630000000000068638e+01 -3.647486741146205302e-03 -6.050746367875625004e-04
1.640000000000068781e+01 -3.758352276522700097e-03 -6.118505055435279841e-04
1.650000000000068923e+01 -3.870475123831342706e-03 -6.191452508705662730e-04
1.660000000000069065e+01 -3.983949495243100519e-03 -6.269787980465795982e-04
1.670000000000069207e+01 -4.098873196342847636e-03 -6.353727263794181363e-04
1.680000000000069349e+01 -4.215347918819459250e-03 -6.443503928637408021e-04
1.690000000000069491e+01 -4.333479554572333692e-03 -6.539370685204304832e-04
1.700000000000069633e+01 -4.453378533359780844e-03 -6.641600888131864167e-04
1.710000000000069775e+01 -4.575160186341294816e-03 -6.750490197175679045e-04
1.720000000000069917e+01 -4.698945138157543944e-03 -6.866358412281952858e-04
1.730000000000070060e+01 -4.824859730419749776e-03 -6.989551503220072480e-04
1.740000000000070202e+01 -4.953036479863080765e-03 -7.120443856730680277e-04
1.750000000000070344e+01 -5.083614574745400766e-03 -7.259440767245635114e-04
1.760000000000070486e+01 -5.216740413483127170e-03 -7.406981200842531173e-04
1.770000000000070628e+01 -5.352568190024067918e-03 -7.563540866312183555e-04
1.780000000000070770e+01 -5.491260530919455513e-03 -7.729635631976149472e-04
1.790000000000070912e+01 -5.632989189722735490e-03 -7.905825332561002613e-04
1.800000000000071054e+01 -5.777935804981166462e-03 -8.092718016901433858e-04
1.810000000000071196e+01 -5.926292728859118564e-03 -8.290974694820840620e-04
1.820000000000071338e+01 -6.078263934360568499e-03 -8.501314650453473468e-04
1.830000000000071481e+01 -6.234066010052920215e-03 -8.724521399545579403e-04
1.840000000000071623e+01 -6.393929252418002751e-03 -8.961449380530938378e-04
1.850000000000071765e+01 -6.558098867228089740e-03 -9.213031483427413550e-04
1.860000000000071907e+01 -6.726836292852703819e-03 -9.480287537469306042e-04
1.870000000000072049e+01 -6.900420660188821137e-03 -9.764333898430392188e-04
1.880000000000072191e+01 -7.079150405821174608e-03 -1.006639430013751965e-03
1.890000000000072333e+01 -7.263345057399610283e-03 -1.038781216295103262e-03
1.900000000000072475e+01 -7.453347212820239653e-03 -1.073006458548526887e-03
1.910000000000072617e+01 -7.649524737857144735e-03 -1.109477828599766697e-03
1.920000000000072760e+01 -7.852273210496769212e-03 -1.148374780819150839e-03
1.930000000000072902e+01 -8.062018644238843484e-03 -1.189895636404778977e-03
1.940000000000073044e+01 -8.279220527488511533e-03 -1.234259975658772660e-03
1.950000000000073186e+01 -8.504375221637515414e-03 -1.281711391035104518e-03
1.960000000000073328e+01 -8.738019766860803672e-03 -1.332520664074653572e-03
1.970000000000073470e+01 -8.980736152212006468e-03 -1.386989441982331307e-03
1.980000000000073612e+01 -9.233156115203127595e-03 -1.445454505050185147e-03
1.990000000000073754e+01 -9.495966546311060408e-03 -1.508292735193455646e-03
2.000000000000073896e+01 -9.769915585591548018e-03 -1.575926919375219681e-03
2.010000000000074039e+01 -1.005581951230502188e-02 -1.648832550879185399e-03
2.020000000000074181e+01 -1.035457054448756312e-02 -1.727545827784521520e-03
2.030000000000074323e+01 -1.066714568371992730e-02 -1.812673093496069499e-03
2.040000000000074465e+01 -1.099461676176316169e-02 -1.904902021485565915e-03
2.050000000000074607e+01 -1.133816187002292114e-02 -2.005014918755942694e-03
2.060000000000074749e+01 -1.169907838047566997e-02 -2.113904614468464175e-03
2.070000000000074891e+01 -1.207879779781034085e-02 -2.232593517581646977e-03
2.080000000000075033e+01 -1.247890271641719472e-02 -2.362256577968542895e-03
2.090000000000075175e+01 -1.290114619225794963e-02 -2.504249079997466175e-03
2.100000000000075318e+01 -1.334747387612345536e-02 -2.660140449958938239e-03
2.110000000000075460e+01 -1.382004928825013995e-02 -2.831755588289281041e-03
2.120000000000075602e+01 -1.432128263864914340e-02 -3.021225670459579994e-03
2.130000000000075744e+01 -1.485386360172705894e-02 -3.231050932306975612e-03
2.140000000000075886e+01 -1.542079842087130948e-02 -3.464178716115440433e-03
2.150000000000076028e+01 -1.602545161819470335e-02 -3.724101070931248349e-03
2.160000000000076170e+01 -1.667159236799855074e-02 -4.014977569538424537e-03
2.170000000000076312e+01 -1.736344517874198121e-02 -4.341790857706986917e-03
2.180000000000076454e+01 -1.810574378262386902e-02 -4.710544973425320053e-03
2.190000000000076597e+01 -1.890378583308936419e-02 -5.128519923507817747e-03
2.200000000000076739e+01 -1.976348378732435337e-02 -5.604600740553087115e-03
2.210000000000076881e+01 -2.069140358363238258e-02 -6.149705758295560126e-03
2.220000000000077023e+01 -2.169477636738988136e-02 -6.777347802152935627e-03
2.230000000000077165e+01 -2.278145779919277594e-02 -7.504374251561233937e-03
2.240000000000077307e+01 -2.395979136654688424e-02 -8.351948510572972453e-03
2.250000000000077449e+01 -2.523830141094847782e-02 -9.346857299179407025e-03
2.260000000000077591e+01 -2.662508931169099702e-02 -1.052325564387374124e-02
2.270000000000077733e+01 -2.812671701089909312e-02 -1.192499238214450065e-02
2.280000000000077875e+01 -2.974620952118227357e-02 -1.360868453473692077e-02
2.290000000000078018e+01 -3.147954847907846743e-02 -1.564770303448150685e-02
2.300000000000078160e+01 -3.330959336970271134e-02 -1.813712771435329121e-02
2.310000000000078302e+01 -3.519566116992712407e-02 -2.119936341814104841e-02
2.320000000000078444e+01 -3.705593637922176276e-02 -2.498910937175523317e-02
2.330000000000078586e+01 -3.873858132058483061e-02 -2.969394651134998550e-02
2.340000000000078728e+01 -3.997678524159345437e-02 -3.552145898530482265e-02
2.350000000000078870e+01 -4.032643648063044539e-02 -4.265349578882314530e-02
2.360000000000079012e+01 -3.910193864081039361e-02 -5.113315962696089040e-02
2.370000000000079154e+01 -3.537311657576746454e-02 -6.064478298940671752e-02
2.380000000000079297e+01 -2.816863821140562843e-02 -7.020589075484748309e-02
2.390000000000079439e+01 -1.705075588989927310e-02 -7.799954318221594129e-02
2.400000000000079581e+01 -2.901232533763793697e-03 -8.183141343374751575e-02
2.410000000000079723e+01 1.190700843144663901e-02 -8.036636686248067873e-02
2.420000000000079865e+01 2.462673368503231000e-02 -7.413510443181606235e-02
2.430000000000080007e+01 3.363683180837331865e-02 -6.511423224931024711e-02
2.440000000000080149e+01 3.885556656509438211e-02 -5.540534840564263069e-02
2.450000000000080291e+01 4.110447091122836072e-02 -4.637835381926910111e-02
2.460000000000080433e+01 4.137766883136750895e-02 -3.861633258915900951e-02
2.470000000000080576e+01 4.048070695605886227e-02 -3.220629998259584570e-02
2.480000000000080718e+01 3.896197559276402822e-02 -2.701037183028850985e-02
2.490000000000080860e+01 3.716111417017601420e-02 -2.282401491347789760e-02
2.500000000000081002e+01 3.527604292940339503e-02 -1.944749174277550854e-02
2.510000000000081144e+01 3.341626830169376616e-02 -1.671056919169639290e-02
2.520000000000081286e+01 3.163859964511953754e-02 -1.447649952114122077e-02
2.530000000000081428e+01 2.996933886495622978e-02 -1.263836626376636449e-02
2.540000000000081570e+01 2.841756358558967036e-02 -1.111350231381403458e-02
2.550000000000081712e+01 2.698292387377457593e-02 -9.838153959108940361e-03
2.560000000000081855e+01 2.566016228078559988e-02 -8.763044263869932196e-03
2.570000000000081997e+01 2.444170479413465547e-02 -7.849897726863687072e-03
2.580000000000082139e+01 2.331912345154547872e-02 -7.068792790986248679e-03
2.590000000000082281e+01 2.228394134412880340e-02 -6.396169958724533082e-03
2.600000000000082423e+01 2.132805584094502396e-02 -5.813339316660879642e-03
2.610000000000082565e+01 2.044394170215473733e-02 -5.305361519955113445e-03
2.620000000000082707e+01 1.962472894442432794e-02 -4.860205870241194465e-03
2.630000000000082849e+01 1.886421114021227113e-02 -4.468113612399751688e-03
2.640000000000082991e+01 1.815681676380747830e-02 -4.121113483540210509e-03
2.650000000000083134e+01 1.749756256364000742e-02 -3.812650658490073560e-03
2.660000000000083276e+01 1.688199986186205911e-02 -3.537300592213550067e-03
2.670000000000083418e+01 1.630615989086456677e-02 -3.290546802163392230e-03
2.680000000000083560e+01 1.576650144227389680e-02 -3.068607115409565256e-03
2.690000000000083702e+01 1.525986243876131798e-02 -2.868296893450617523e-03
2.700000000000083844e+01 1.478341607405132471e-02 -2.686920658022187713e-03
2.710000000000083986e+01 1.433463162163161123e-02 -2.522185674743636970e-03
2.720000000000084128e+01 1.391123971784826233e-02 -2.372132623318924140e-03
2.730000000000084270e+01 1.351120177918923790e-02 -2.235079647999461440e-03
2.740000000000084412e+01 1.313268315418861243e-02 -2.109576950440696791e-03
2.750000000000084555e+01 1.277402960024674392e-02 -1.994369738414597439e-03
2.760000000000084697e+01 1.243374669268282329e-02 -1.888367835476517133e-03
2.770000000000084839e+01 1.211048180335511093e-02 -1.790620629850124892e-03
2.780000000000084981e+01 1.180300832202904257e-02 -1.700296325929075624e-03
2.790000000000085123e+01 1.151021183035673065e-02 -1.616664680836227535e-03
2.800000000000085265e+01 1.123107797343839837e-02 -1.539082577727495394e-03
2.810000000000085407e+01 1.096468180656039876e-02 -1.466981919115376270e-03
2.820000000000085549e+01 1.071017842377230272e-02 -1.399859426218912854e-03
2.830000000000085691e+01 1.046679470094237507e-02 -1.337268011100186706e-03
2.840000000000085834e+01 1.023382200859190155e-02 -1.278809452070588321e-03
2.850000000000085976e+01 1.001060976944660730e-02 -1.224128153387750526e-03
2.860000000000086118e+01 9.796559752823157802e-03 -1.172905810595569961e-03
2.870000000000086260e+01 9.591121012557022457e-03 -1.124856835100507442e-03
2.880000000000086402e+01 9.393785387912814699e-03 -1.079724417555409741e-03
2.890000000000086544e+01 9.204083497789894430e-03 -1.037277130588840817e-03
2.900000000000086686e+01 9.021581167818020636e-03 -9.973059884134717092e-04
2.910000000000086828e+01 8.845876238063134223e-03 -9.596218947229740066e-04
2.920000000000086970e+01 8.676595705861513824e-03 -9.240534215904665141e-04
2.930000000000087113e+01 8.513393164293420190e-03 -8.904448713907453690e-04
2.940000000000087255e+01 8.355946501905485435e-03 -8.586545814221564418e-04
2.950000000000087397e+01 8.203955833636339401e-03 -8.285534372206519293e-04
2.960000000000087539e+01 8.057141636774428628e-03 -8.000235658226780662e-04
2.970000000000087681e+01 7.915243068971383050e-03 -7.729571845826328216e-04
2.980000000000087823e+01 7.778016448220081286e-03 -7.472555848053562136e-04
2.990000000000087965e+01 7.645233877156928232e-03 -7.228282325038231726e-04
3.000000000000088107e+01 7.516681996134148142e-03 -6.995919711460300795e-04
3.010000000000088249e+01 7.392160851427225648e-03 -6.774703134254803430e-04
3.020000000000088392e+01 7.271482866484026142e-03 -6.563928108988633563e-04
3.030000000000088534e+01 7.154471905570093659e-03 -6.362944918855794989e-04
3.040000000000088676e+01 7.040962420386674692e-03 -6.171153593328092789e-04
3.050000000000088818e+01 6.930798671272685174e-03 -5.987999414584710888e-04
3.060000000000088960e+01 6.823834015598904956e-03 -5.812968889458744026e-04
3.070000000000089102e+01 6.719930256727676271e-03 -5.645586132676162121e-04
3.080000000000089244e+01 6.618957047671705091e-03 -5.485409614203276031e-04
3.090000000000089386e+01 6.520791344219609154e-03 -5.332029229507522644e-04
3.100000000000089528e+01 6.425316902824638327e-03 -5.185063656648410298e-04
3.110000000000089670e+01 6.332423819098494111e-03 -5.044157968651342364e-04
3.120000000000089813e+01 6.242008103139223135e-03 -4.908981473390271839e-04
3.130000000000089955e+01 6.153971288341414381e-03 -4.779225756595287624e-04
3.140000000000090097e+01 6.068220070678320005e-03 -4.654602906495883328e-04
3.150000000000090239e+01 5.984665975722169851e-03 -4.534843901091897811e-04
3.160000000000090381e+01 5.903225050983802041e-03 -4.419697141307605583e-04
3.170000000000090523e+01 5.823817581349886863e-03 -4.308927115139221556e-04
3.180000000000090665e+01 5.746367825638882404e-03 -4.202313179626522154e-04
3.190000000000090807e+01 5.670803772487003486e-03 -4.099648448947120481e-04
