-3.200000000000000000e+01 -1.711067082544662221e-03 -5.819010404806819687e-04
-3.189999999999999858e+01 -1.746972775690840834e-03 -5.990862191996000705e-04
-3.179999999999999716e+01 -1.783869423087662553e-03 -6.169463737589194830e-04
-3.169999999999999574e+01 -1.821791905455134170e-03 -6.355154134760501814e-04
-3.159999999999999432e+01 -1.860776577186123298e-03 -6.548293440103682616e-04
-3.149999999999999289e+01 -1.900861334892527121e-03 -6.749264216388576806e-04
-3.139999999999999147e+01 -1.942085688868895599e-03 -6.958473206800858731e-04
-3.129999999999999005e+01 -1.984490837502229238e-03 -7.176353153402016466e-04
-3.119999999999998863e+01 -2.028119744618594317e-03 -7.403364773848529696e-04
-3.109999999999998721e+01 -2.073017219723437277e-03 -7.639998911922149831e-04
-3.099999999999998579e+01 -2.119230001065411373e-03 -7.886778879193881864e-04
-3.089999999999998437e+01 -2.166806841381221926e-03 -8.144263006929761996e-04
-3.079999999999998295e+01 -2.215798596138341542e-03 -8.413047429585906664e-04
-3.069999999999998153e+01 -2.266258314002286139e-03 -8.693769123548115377e-04
-3.059999999999998010e+01 -2.318241329160218578e-03 -8.987109227430293851e-04
-3.049999999999997868e+01 -2.371805355035176005e-03 -9.293796673324943112e-04
-3.039999999999997726e+01 -2.427010578760956105e-03 -9.614612161612664468e-04
-3.029999999999997584e+01 -2.483919755644790894e-03 -9.950392515842253205e-04
-3.019999999999997442e+01 -2.542598302624852341e-03 -1.030203545832924584e-03
-3.009999999999997300e+01 -2.603114389481169660e-03 -1.067050485185477024e-03
-2.999999999999997158e+01 -2.665539026278300472e-03 -1.105683645828727836e-03
-2.989999999999997016e+01 -2.729946145127042784e-03 -1.146214427075930827e-03
-2.979999999999996874e+01 -2.796412673945061073e-03 -1.188762748292949631e-03
-2.969999999999996732e+01 -2.865018599349421213e-03 -1.233457816629558550e-03
-2.959999999999996589e+01 -2.935847015174325447e-03 -1.280438973497751440e-03
-2.949999999999996447e+01 -3.008984152358312736e-03 -1.329856628702785499e-03
-2.939999999999996305e+01 -3.084519384978515189e-03 -1.381873292173940683e-03
-2.929999999999996163e+01 -3.162545206117351598e-03 -1.436664714454001643e-03
-2.919999999999996021e+01 -3.243157165862462638e-03 -1.494421148420412796e-03
-2.909999999999995879e+01 -3.326453762089665728e-03 -1.555348746187893609e-03
-2.899999999999995737e+01 -3.412536272708318469e-03 -1.619671106802357151e-03
-2.889999999999995595e+01 -3.501508515590102261e-03 -1.687630992121984469e-03
-2.879999999999995453e+01 -3.593476519512611711e-03 -1.759492230306214508e-03
-2.869999999999995310e+01 -3.688548085869783333e-03 -1.835541828495292765e-03
-2.859999999999995168e+01 -3.786832216588396915e-03 -1.916092318620716498e-03
-2.849999999999995026e+01 -3.888438378486503560e-03 -2.001484362837110606e-03
-2.839999999999994884e+01 -3.993475567906919210e-03 -2.092089647688828019e-03
-2.829999999999994742e+01 -4.102051131785140747e-03 -2.188314098904500273e-03
-2.819999999999994600e+01 -4.214269291898397468e-03 -2.290601451424451387e-03
-2.809999999999994458e+01 -4.330229307636900005e-03 -2.399437211858297322e-03
-2.799999999999994316e+01 -4.450023198818275211e-03 -2.515353052861306164e-03
-2.789999999999994174e+01 -4.573732933180665178e-03 -2.638931680499392689e-03
-2.779999999999994031e+01 -4.701426962818236466e-03 -2.770812216316587140e-03
-2.769999999999993889e+01 -4.833155969023120863e-03 -2.911696134754972014e-03
-2.759999999999993747e+01 -4.968947645023764903e-03 -3.062353793096597374e-03
-2.749999999999993605e+01 -5.108800309967225645e-03 -3.223631584087185108e-03
-2.739999999999993463e+01 -5.252675103886036978e-03 -3.396459729128891054e-03
-2.729999999999993321e+01 -5.400486461296441498e-03 -3.581860710501633734e-03
-2.719999999999993179e+01 -5.552090498924036610e-03 -3.780958311308558854e-03
-2.709999999999993037e+01 -5.707270879685009263e-03 -3.994987187933275903e-03
-2.699999999999992895e+01 -5.865721629380968305e-03 -4.225302836464397971e-03
-2.689999999999992752e+01 -6.027026283815923452e-03 -4.473391724462677521e-03
-2.679999999999992610e+01 -6.190632632884430359e-03 -4.740881233618249486e-03
-2.669999999999992468e+01 -6.355822206488909859e-03 -5.029548884688027702e-03
-2.659999999999992326e+01 -6.521673520201141244e-03 -5.341330078110225789e-03
-2.649999999999992184e+01 -6.687017976260322544e-03 -5.678323262103039670e-03
-2.639999999999992042e+01 -6.850387214871613006e-03 -6.042791010209057172e-03
-2.629999999999991900e+01 -7.009950660615722751e-03 -6.437154923992187069e-03
-2.619999999999991758e+01 -7.163442053804990745e-03 -6.863981541624815212e-03
-2.609999999999991616e+01 -7.308073965677813755e-03 -7.325955498193377491e-03
-2.599999999999991473e+01 -7.440439770753863591e-03 -7.825835024520463520e-03
-2.589999999999991331e+01 -7.556403433841445139e-03 -8.366383483662405071e-03
-2.579999999999991189e+01 -7.650978961367734671e-03 -8.950269067447971100e-03
-2.569999999999991047e+01 -7.718203724151967426e-03 -9.579923126003290004e-03
-2.559999999999990905e+01 -7.751013392640247746e-03 -1.025734613158383116e-02
-2.549999999999990763e+01 -7.741131267854257925e-03 -1.098384944166780862e-02
-2.539999999999990621e+01 -7.678991613008126493e-03 -1.175972158129167874e-02
-2.529999999999990479e+01 -7.553725239677577113e-03 -1.258381085715815605e-02
-2.519999999999990337e+01 -7.353245623135815090e-03 -1.345302332177245909e-02
-2.509999999999990195e+01 -7.064483838165179497e-03 -1.436174832630761691e-02
-2.499999999999990052e+01 -6.673827802369206030e-03 -1.530124496958652422e-02
-2.489999999999989910e+01 -6.167820970624921656e-03 -1.625905254419286045e-02
-2.479999999999989768e+01 -5.534161102766319007e-03 -1.721852501330993490e-02
-2.469999999999989626e+01 -4.763003528622321292e-03 -1.815862755573480550e-02
-2.459999999999989484e+01 -3.848509996330993360e-03 -1.905415994187881212e-02
-2.449999999999989342e+01 -2.790495312518972981e-03 -1.987656834892551419e-02
-2.439999999999989200e+01 -1.595924278807510366e-03 -2.059545346323216064e-02
-2.429999999999989058e+01 -2.799322320383226814e-04 -2.118076534811338604e-02
-2.419999999999988916e+01 1.133972779214384441e-03 -2.160550312213548388e-02
-2.409999999999988773e+01 2.614780704950511736e-03 -2.184855061857433889e-02
-2.399999999999988631e+01 4.125978875203842322e-03 -2.189714649208471947e-02
-2.389999999999988489e+01 5.628467714515569820e-03 -2.174847946418253380e-02
-2.379999999999988347e+01 7.083931159878327499e-03 -2.141004969943487157e-02
-2.369999999999988205e+01 8.458067823715817446e-03 -2.089871199716697436e-02
-2.359999999999988063e+01 9.723130029124005258e-03 -2.023862167653835836e-02
-2.349999999999987921e+01 1.085941453959246572e-02 -1.945853032368353649e-02
-2.339999999999987779e+01 1.185561949837396489e-02 -1.858895611211305171e-02
-2.329999999999987637e+01 1.270822701813097838e-02 -1.765968095343370750e-02
-2.319999999999987494e+01 1.342022040113186043e-02 -1.669785965772533146e-02
-2.309999999999987352e+01 1.399948174685906183e-02 -1.572683886500817960e-02
-2.299999999999987210e+01 1.445716545585402912e-02 -1.476563337285615417e-02
-2.289999999999987068e+01 1.480624962611921946e-02 -1.382891988731759121e-02
-2.279999999999986926e+01 1.506036973277508073e-02 -1.292738007090857288e-02
-2.269999999999986784e+01 1.523296092701260235e-02 -1.206823792785317179e-02
-2.259999999999986642e+01 1.533668477746188974e-02 -1.125587043948118524e-02
-2.249999999999986500e+01 1.538309092399343936e-02 -1.049240899771517604e-02
-2.239999999999986358e+01 1.538245702242756890e-02 -9.778283273608075893e-03
-2.229999999999986215e+01 1.534375419289623482e-02 -9.112684951873506467e-03
-2.219999999999986073e+01 1.527469413822714339e-02 -8.493946033977527871e-03
-2.209999999999985931e+01 1.518182436736126295e-02 -7.919836626592761594e-03
-2.199999999999985789e+01 1.507064745377630077e-02 -7.387792227959467939e-03
-2.189999999999985647e+01 1.494574808713471092e-02 -6.895082282953808248e-03
-2.179999999999985505e+01 1.481091765686463890e-02 -6.438931577051268049e-03
-2.169999999999985363e+01 1.466927041616949284e-02 -6.016604837569024603e-03
-2.159999999999985221e+01 1.452334822776672058e-02 -5.625463315374899624e-03
-2.149999999999985079e+01 1.437521281710470167e-02 -5.263000482368791928e-03
-2.139999999999984936e+01 1.422652564359713767e-02 -4.926862481426895479e-03
-2.129999999999984794e+01 1.407861617538730403e-02 -4.614857681258284147e-03
-2.119999999999984652e+01 1.393253969061214459e-02 -4.324958634415266255e-03
-2.109999999999984510e+01 1.378912585161785193e-02 -4.055298897461052238e-03
-2.099999999999984368e+01 1.364901929292372529e-02 -3.804166518629318629e-03
-2.089999999999984226e+01 1.351271338600334299e-02 -3.569995498571834278e-03
-2.079999999999984084e+01 1.338057823063015794e-02 -3.351356152966791790e-03
-2.069999999999983942e+01 1.325288379639694147e-02 -3.146945025169345291e-03
-2.059999999999983800e+01 1.312981901269215379e-02 -2.955574790748444029e-03
-2.049999999999983658e+01 1.301150748806009089e-02 -2.776164445377129943e-03
-2.039999999999983515e+01 1.289802043430815504e-02 -2.607729959520478733e-03
-2.029999999999983373e+01 1.278938727801911396e-02 -2.449375506589845323e-03
-2.019999999999983231e+01 1.268560436215659254e-02 -2.300285317495339918e-03
-2.009999999999983089e+01 1.258664207246579930e-02 -2.159716177791905656e-03
-1.999999999999982947e+01 1.249245066593907688e-02 -2.026990558924308961e-03
-1.989999999999982805e+01 1.240296503061243810e-02 -1.901490359291244797e-03
-1.979999999999982663e+01 1.231810856594180853e-02 -1.782651221230227827e-03
-1.969999999999982521e+01 1.223779633978091391e-02 -1.669957384739407559e-03
-1.959999999999982379e+01 1.216193765056487047e-02 -1.562937036581468243e-03
-1.949999999999982236e+01 1.209043810058434837e-02 -1.461158113151353032e-03
-1.939999999999982094e+01 1.202320126757379370e-02 -1.364224516659837561e-03
-1.929999999999981952e+01 1.196013004643972644e-02 -1.271772706142821306e-03
-1.919999999999981810e+01 1.190112772026452603e-02 -1.183468627218439966e-03
-1.909999999999981668e+01 1.184609880932829817e-02 -1.099004947242817384e-03
-1.899999999999981526e+01 1.179494973827941579e-02 -1.018098565217890120e-03
-1.889999999999981384e+01 1.174758935454517372e-02 -9.404883685481327249e-04
-1.879999999999981242e+01 1.170392932525910618e-02 -8.659332113432451419e-04
-1.869999999999981100e+01 1.166388443517977352e-02 -7.942100913913663178e-04
-1.859999999999980957e+01 1.162737280415537811e-02 -7.251125052442678430e-04
-1.849999999999980815e+01 1.159431603941432631e-02 -6.584489629119154135e-04
-1.839999999999980673e+01 1.156463933529437021e-02 -5.940416455996709588e-04
-1.829999999999980531e+01 1.153827153080794199e-02 -5.317251916525686344e-04
-1.819999999999980389e+01 1.151514513360325093e-02 -4.713455974153474108e-04
-1.809999999999980247e+01 1.149519631738758069e-02 -4.127592211561168130e-04
-1.799999999999980105e+01 1.147836489861477072e-02 -3.558318794312587477e-04
-1.789999999999979963e+01 1.146459429721854301e-02 -3.004380264186468780e-04
-1.779999999999979821e+01 1.145383148531636808e-02 -2.464600077534150925e-04
-1.769999999999979678e+01 1.144602692709935365e-02 -1.937873812826755235e-04
-1.759999999999979536e+01 1.144113451254663572e-02 -1.423162979851057448e-04
-1.749999999999979394e+01 1.143911148711306003e-02 -9.194893698781254204e-05
-1.739999999999979252e+01 1.143991837914452858e-02 -4.259298926614961747e-05
-1.729999999999979110e+01 1.144351892644279722e-02 5.838814823013512706e-06
-1.719999999999978968e+01 1.144988000313008902e-02 5.342913853635016322e-05
-1.709999999999978826e+01 1.145897154773811710e-02 1.002564361566146874e-04
-1.699999999999978684e+01 1.147076649326222303e-02 1.463953183378540260e-04
-1.689999999999978542e+01 1.148524069976859102e-02 1.919168885281385267e-04
-1.679999999999978400e+01 1.150237289001547480e-02 2.368890532993342402e-04
-1.669999999999978257e+01 1.152214458845249312e-02 2.813768091468587390e-04
-1.659999999999978115e+01 1.154454006387124754e-02 3.254425080489974087e-04
-1.649999999999977973e+01 1.156954627592057111e-02 3.691461038751652976e-04
-1.639999999999977831e+01 1.159715282564108274e-02 4.125453815191559501e-04
-1.629999999999977689e+01 1.162735191012808506e-02 4.556961704566628996e-04
-1.619999999999977547e+01 1.166013828140642639e-02 4.986525442821502022e-04
-1.609999999999977405e+01 1.169550920956046597e-02 5.414670076177826100e-04
-1.599999999999977263e+01 1.173346445015584216e-02 5.841906716833713056e-04
-1.589999999999977121e+01 1.177400621596547126e-02 6.268734196906034645e-04
-1.579999999999976978e+01 1.181713915299965889e-02 6.695640631256072686e-04
-1.569999999999976836e+01 1.186287032084577808e-02 7.123104899085597533e-04
-1.559999999999976694e+01 1.191120917729866086e-02 7.551598053191655585e-04
-1.549999999999976552e+01 1.196216756728146063e-02 7.981584665279380097e-04
-1.539999999999976410e+01 1.201575971604413456e-02 8.413524114978020510e-04
-1.529999999999976268e+01 1.207200222662768024e-02 8.847871829653986345e-04
-1.519999999999976126e+01 1.213091408160192619e-02 9.285080481768581001e-04
-1.509999999999975984e+01 1.219251664906404603e-02 9.725601149886955663e-04
-1.499999999999975842e+01 1.225683369291694774e-02 1.016988444928812463e-03
-1.489999999999975699e+01 1.232389138743736345e-02 1.061838163766679749e-03
-1.479999999999975557e+01 1.239371833614869023e-02 1.107154570113661959e-03
-1.469999999999975415e+01 1.246634559504368467e-02 1.152983242565054633e-03
-1.459999999999975273e+01 1.254180670017753657e-02 1.199370145853209668e-03
-1.449999999999975131e+01 1.262013769969530519e-02 1.246361736487299615e-03
-1.439999999999974989e+01 1.270137719034636348e-02 1.294005068328165156e-03
-1.429999999999974847e+01 1.278556635854697504e-02 1.342347898536614716e-03
-1.419999999999974705e+01 1.287274902608921689e-02 1.391438794341960314e-03
-1.409999999999974563e+01 1.296297170056555370e-02 1.441327241050138243e-03
-1.399999999999974420e+01 1.305628363063061209e-02 1.492063751733493232e-03
-1.389999999999974278e+01 1.315273686620908183e-02 1.543699979031214545e-03
-1.379999999999974136e+01 1.325238632376890546e-02 1.596288829493097867e-03
-1.369999999999973994e+01 1.335528985682322284e-02 1.649884580923139353e-03
-1.359999999999973852e+01 1.346150833179014794e-02 1.704543003163484435e-03
-1.349999999999973710e+01 1.357110570940314037e-02 1.760321482797764896e-03
-1.339999999999973568e+01 1.368414913184807374e-02 1.817279152252025860e-03
-1.329999999999973426e+01 1.380070901581741116e-02 1.875477023788762153e-03
-1.319999999999973284e+01 1.392085915172362742e-02 1.934978128929265226e-03
-1.309999999999973141e+01 1.404467680927517365e-02 1.995847663835091310e-03
-1.299999999999972999e+01 1.417224284969253317e-02 2.058153141236072382e-03
-1.289999999999972857e+01 1.430364184482474377e-02 2.121964549504868312e-03
-1.279999999999972715e+01 1.443896220344498965e-02 2.187354519512687938e-03
-1.269999999999972573e+01 1.457829630505486085e-02 2.254398499955243343e-03
-1.259999999999972431e+01 1.472174064152225598e-02 2.323174941864017233e-03
-1.249999999999972289e+01 1.486939596688623133e-02 2.393765493067285741e-03
-1.239999999999972147e+01 1.502136745574454701e-02 2.466255203434492005e-03
-1.229999999999972005e+01 1.517776487058095092e-02 2.540732741764540822e-03
-1.219999999999971863e+01 1.533870273849333166e-02 2.617290625273975373e-03
-1.209999999999971720e+01 1.550430053776348516e-02 2.696025462688970802e-03
-1.199999999999971578e+01 1.567468289473321341e-02 2.777038212019330814e-03
-1.189999999999971436e+01 1.584997979153526804e-02 2.860434454200752770e-03
-1.179999999999971294e+01 1.603032678517467280e-02 2.946324683843638131e-03
-1.169999999999971152e+01 1.621586523857182494e-02 3.034824618465679913e-03
-1.159999999999971010e+01 1.640674256415927679e-02 3.126055527670101170e-03
-1.149999999999970868e+01 1.660311248065632350e-02 3.220144583849195857e-03
-1.139999999999970726e+01 1.680513528374176502e-02 3.317225236153223747e-03
-1.129999999999970584e+01 1.701297813128874181e-02 3.417437609563105452e-03
-1.119999999999970441e+01 1.722681534396067193e-02 3.520928931108970733e-03
-1.109999999999970299e+01 1.744682872194623646e-02 3.627853985420701963e-03
-1.099999999999970157e+01 1.767320787865114817e-02 3.738375601984568475e-03
-1.089999999999970015e+01 1.790615059227551598e-02 3.852665176722534085e-03
-1.079999999999969873e+01 1.814586317614143296e-02 3.970903230686738394e-03
-1.069999999999969731e+01 1.839256086879001439e-02 4.093280008967496372e-03
-1.059999999999969589e+01 1.864646824484278431e-02 4.219996123156169454e-03
-1.049999999999969447e+01 1.890781964766269363e-02 4.351263241006651447e-03
-1.039999999999969305e+01 1.917685964497616025e-02 4.487304827315368241e-03
-1.029999999999969162e+01 1.945384350853505973e-02 4.628356940346783216e-03
-1.019999999999969020e+01 1.973903771906745930e-02 4.774669088603330017e-03
-1.009999999999968878e+01 2.003272049772496233e-02 4.926505153149119548e-03
-9.999999999999687361e+00 2.033518236526639378e-02 5.084144381190543183e-03
-9.899999999999685940e+00 2.064672673034105566e-02 5.247882457215387667e-03
-9.799999999999684519e+00 2.096767050811448874e-02 5.418032658524252199e-03
-9.699999999999683098e+00 2.129834477064417031e-02 5.594927102737602687e-03
-9.599999999999681677e+00 2.163909543032363492e-02 5.778918095559080689e-03
-9.499999999999680256e+00 2.199028395770201427e-02 5.970379587897393578e-03
-9.399999999999678835e+00 2.235228813506753842e-02 6.169708752424330617e-03
-9.299999999999677414e+00 2.272550284697071044e-02 6.377327690572405158e-03
-9.199999999999675993e+00 2.311034090896223192e-02 6.593685282198460951e-03
-9.099999999999674571e+00 2.350723393561038321e-02 6.819259191338640502e-03
-8.999999999999673150e+00 2.391663324871404206e-02 7.054558042872393839e-03
-8.899999999999671729e+00 2.433901082656730885e-02 7.300123786543032470e-03
-8.799999999999670308e+00 2.477486029468821405e-02 7.556534266405479441e-03
-8.699999999999668887e+00 2.522469795831180917e-02 7.824406015821207955e-03
-8.599999999999667466e+00 2.568906387642640177e-02 8.104397300209972496e-03
-8.499999999999666045e+00 2.616852297662471127e-02 8.397211432173382062e-03
-8.399999999999664624e+00 2.666366620957545674e-02 8.703600386392520982e-03
-8.299999999999663203e+00 2.717511174092619719e-02 9.024368744580086449e-03
-8.199999999999661782e+00 2.770350617774593183e-02 9.360378004286386278e-03
-8.099999999999660361e+00 2.824952582532246070e-02 9.712551289053973289e-03
-7.999999999999658939e+00 2.881387796871948126e-02 1.008187850164650803e-02
-7.899999999999657518e+00 2.939730217197049356e-02 1.046942196694651203e-02
-7.799999999999656097e+00 3.000057158544823521e-02 1.087632261627917429e-02
-7.699999999999654676e+00 3.062449424971923351e-02 1.130380677109020862e-02
-7.599999999999653255e+00 3.126991438098927767e-02 1.175319359052712231e-02
-7.499999999999651834e+00 3.193771361956895816e-02 1.222590325502488987e-02
-7.399999999999650413e+00 3.262881221857055758e-02 1.272346596664524626e-02
-7.299999999999648992e+00 3.334417014438607885e-02 1.324753185625781454e-02
-7.199999999999647571e+00 3.408478805437913095e-02 1.379988189863061779e-02
-7.099999999999646150e+00 3.485170810924853591e-02 1.438243994844884063e-02
-6.999999999999644729e+00 3.564601456813495939e-02 1.499728602385624887e-02
-6.899999999999643308e+00 3.646883410348154830e-02 1.564667097958084493e-02
-6.799999999999641886e+00 3.732133575864617081e-02 1.633303272858032534e-02
-6.699999999999640465e+00 3.820473045519501287e-02 1.705901419070231587e-02
-6.599999999999639044e+00 3.912026993670716934e-02 1.782748316826880675e-02
-6.499999999999637623e+00 4.006924501191638788e-02 1.864155437264464546e-02
-6.399999999999636202e+00 4.105298293133290144e-02 1.950461385310496912e-02
-6.299999999999634781e+00 4.207284369600167162e-02 2.042034610903186928e-02
-6.199999999999633360e+00 4.313021505513661702e-02 2.139276420028473139e-02
-6.099999999999631939e+00 4.422650589778889807e-02 2.242624320731925053e-02
-5.999999999999630518e+00 4.536313768154899562e-02 2.352555743325820611e-02
-5.899999999999629097e+00 4.654153346632967925e-02 2.469592178487419604e-02
-5.799999999999627676e+00 4.776310402940300848e-02 2.594303781702265999e-02
-5.699999999999626255e+00 4.902923042758643157e-02 2.727314497702405111e-02
-5.599999999999624833e+00 5.034124223756716865e-02 2.869307763930611585e-02
-5.499999999999623412e+00 5.170039054187720862e-02 3.021032857624949067e-02
-5.399999999999621991e+00 5.310781452985480211e-02 3.183311956705036500e-02
-5.299999999999620570e+00 5.456450034094301182e-02 3.357047989804917004e-02
-5.199999999999619149e+00 5.607123048507609009e-02 3.543233355379105803e-02
-5.099999999999617728e+00 5.762852181825997566e-02 3.742959592944952035e-02
-4.999999999999616307e+00 5.923654961896474003e-02 3.957428090500893225e-02
-4.899999999999614886e+00 6.089505478704398955e-02 4.187961909788694842e-02
-4.799999999999613465e+00 6.260323055122576918e-02 4.436018803397635824e-02
-4.699999999999612044e+00 6.435958430510599348e-02 4.703205482721790204e-02
-4.599999999999610623e+00 6.616176926764125166e-02 4.991293169830327003e-02
-4.499999999999609201e+00 6.800637955690055914e-02 5.302234425105575855e-02
-4.399999999999607780e+00 6.988870094647772757e-02 5.638181179968794476e-02
-4.299999999999606359e+00 7.180240801156254071e-02 6.001503811507669789e-02
-4.199999999999604938e+00 7.373919654437724458e-02 6.394810962704089441e-02
-4.099999999999603517e+00 7.568833800775973120e-02 6.820969622814491984e-02
-3.999999999999602096e+00 7.763614040735067334e-02 7.283124717878651511e-02
-3.899999999999600675e+00 7.956529733670733573e-02 7.784717095639301365e-02
-3.799999999999599254e+00 8.145410418274612319e-02 8.329498288599052058e-02
-3.699999999999597833e+00 8.327551777064706728e-02 8.921539762218516634e-02
-3.599999999999596412e+00 8.499603342139191997e-02 9.565233449675497601e-02
-3.499999999999594991e+00 8.657435207117866738e-02 1.026527917885877161e-01
-3.399999999999593570e+00 8.795981067833449907e-02 1.102665304212064878e-01
-3.299999999999592148e+00 8.909055302722734826e-02 1.185454877333815410e-01
-3.199999999999590727e+00 8.989142732502924948e-02 1.275428172293759932e-01
-3.099999999999589306e+00 9.027161467490305014e-02 1.373114203853355586e-01
-2.999999999999587885e+00 9.012202274479072517e-02 1.479018023059388842e-01
-2.899999999999586464e+00 8.931252718096077681e-02 1.593590464883363200e-01
-2.799999999999585043e+00 8.768921622241049318e-02 1.717186700189885784e-01
-2.699999999999583622e+00 8.507189889445590514e-02 1.850010983347869509e-01
-2.599999999999582201e+00 8.125228052968097581e-02 1.992045035319343627e-01
-2.499999999999580780e+00 7.599339350450190489e-02 2.142958056959245738e-01
-2.399999999999579359e+00 6.903108855392453558e-02 2.301997758926094262e-01
-2.299999999999577938e+00 6.007861700205188726e-02 2.467864432817388209e-01
-2.199999999999576517e+00 4.883551127125962399e-02 2.638574389658977504e-01
-2.099999999999575095e+00 3.500200427090940924e-02 2.811325306971244053e-01
-1.999999999999573674e+00 1.829997848394088189e-02 2.982383931598339144e-01
-1.899999999999572253e+00 -1.499261874210955359e-03 3.147025055736970001e-01
-1.799999999999570832e+00 -2.454138180590573204e-02 3.299557264238168752e-01
-1.699999999999569411e+00 -5.085241875570353787e-02 3.433471763897457674e-01
-1.599999999999567990e+00 -8.030422883360990860e-02 3.541741062697568720e-01
-1.499999999999566569e+00 -1.125888810295569420e-01 3.617271017711951586e-01
-1.399999999999565148e+00 -1.472095447507735799e-01 3.653473668508725458e-01
-1.299999999999563727e+00 -1.834939150016518528e-01 3.644886989716272785e-01
-1.199999999999562306e+00 -2.206322347732238842e-01 3.587735552993769339e-01
-1.099999999999560885e+00 -2.577362267711814647e-01 3.480319191189692463e-01
-9.999999999995594635e-01 -2.939095485780899297e-01 3.323144455117201801e-01
-8.999999999995580424e-01 -3.283169521250481893e-01 3.118771203374695045e-01
-7.999999999995566213e-01 -3.602396485564645090e-01 2.871415035447123509e-01
-6.999999999995552002e-01 -3.891083640037515945e-01 2.586400772381493018e-01
-5.999999999995537792e-01 -4.145115964650421536e-01 2.269584818586345420e-01
-4.999999999995523581e-01 -4.361823911000232701e-01 1.926851689018900804e-01
-3.999999999995509370e-01 -4.539707573746364355e-01 1.563752753129581397e-01
-2.999999999995495159e-01 -4.678099831806049602e-01 1.185310199460405389e-01
-1.999999999995480948e-01 -4.776839530781612497e-01 7.959714172891801942e-02
-9.999999999954667373e-02 -4.836001571525946341e-01 3.996769397932670165e-02
4.547473508864641190e-13 -4.855705006008029789e-01 -1.076916333886401844e-14
1.000000000004561684e-01 -4.836001571525587739e-01 -3.996769397968924498e-02
2.000000000004575895e-01 -4.776839530780895293e-01 -7.959714172927578879e-02
3.000000000004590106e-01 -4.678099831804971576e-01 -1.185310199463903702e-01
4.000000000004604317e-01 -4.539707573744926061e-01 -1.563752753132960360e-01
5.000000000004618528e-01 -4.361823910998436915e-01 -1.926851689022118785e-01
6.000000000004632739e-01 -4.145115964648277140e-01 -2.269584818589353570e-01
7.000000000004646949e-01 -3.891083640035043478e-01 -2.586400772384239155e-01
8.000000000004661160e-01 -3.602396485561872863e-01 -2.871415035449552122e-01
9.000000000004675371e-01 -3.283169521247455425e-01 -3.118771203376756729e-01
1.000000000000468958e+00 -2.939095485777677985e-01 -3.323144455118849927e-01
1.100000000000470379e+00 -2.577362267708469545e-01 -3.480319191190898165e-01
1.200000000000471800e+00 -2.206322347728849886e-01 -3.587735552994517629e-01
1.300000000000473221e+00 -1.834939150013167319e-01 -3.644886989716566994e-01
1.400000000000474643e+00 -1.472095447504500054e-01 -3.653473668508593342e-01
1.500000000000476064e+00 -1.125888810292517417e-01 -3.617271017711434222e-01
1.600000000000477485e+00 -8.030422883332860584e-02 -3.541741062696722731e-01
1.700000000000478906e+00 -5.085241875544962986e-02 -3.433471763896344675e-01
1.800000000000480327e+00 -2.454138180568121719e-02 -3.299557264236856469e-01
1.900000000000481748e+00 -1.499261874016249996e-03 -3.147025055735518384e-01
2.000000000000483169e+00 1.829997848410655492e-02 -2.982383931596805926e-01
2.100000000000484590e+00 3.500200427104785406e-02 -2.811325306969673643e-01
2.200000000000486011e+00 4.883551127137322756e-02 -2.638574389657410979e-01
2.300000000000487432e+00 6.007861700214328637e-02 -2.467864432815854991e-01
2.400000000000488853e+00 6.903108855399639476e-02 -2.301997758924613779e-01
2.500000000000490274e+00 7.599339350455711073e-02 -2.142958056957834367e-01
2.600000000000491696e+00 8.125228052972188753e-02 -1.992045035318011081e-01
2.700000000000493117e+00 8.507189889448479869e-02 -1.850010983346618287e-01
2.800000000000494538e+00 8.768921622242947800e-02 -1.717186700188720327e-01
2.900000000000495959e+00 8.931252718097160148e-02 -1.593590464882280733e-01
3.000000000000497380e+00 9.012202274479486075e-02 -1.479018023058387143e-01
3.100000000000498801e+00 9.027161467490185665e-02 -1.373114203852430770e-01
3.200000000000500222e+00 8.989142732502375388e-02 -1.275428172292907281e-01
3.300000000000501643e+00 8.909055302721841096e-02 -1.185454877333031037e-01
3.400000000000503064e+00 8.795981067832295275e-02 -1.102665304211342678e-01
3.500000000000504485e+00 8.657435207116517817e-02 -1.026527917885213248e-01
3.600000000000505906e+00 8.499603342137687645e-02 -9.565233449669396926e-02
3.700000000000507328e+00 8.327551777063085803e-02 -8.921539762212896130e-02
3.800000000000508749e+00 8.145410418272927555e-02 -8.329498288593889521e-02
3.900000000000510170e+00 7.956529733668993298e-02 -7.784717095634546835e-02
4.000000000000511591e+00 7.763614040733307631e-02 -7.283124717874274456e-02
4.100000000000513012e+00 7.568833800774199538e-02 -6.820969622810460486e-02
4.200000000000514433e+00 7.373919654435950877e-02 -6.394810962700364643e-02
4.300000000000515854e+00 7.180240801154499919e-02 -6.001503811504231567e-02
4.400000000000517275e+00 6.988870094646040809e-02 -5.638181179965616463e-02
4.500000000000518696e+00 6.800637955688360048e-02 -5.302234425102638621e-02
4.600000000000520117e+00 6.616176926762462607e-02 -4.991293169827605569e-02
4.700000000000521538e+00 6.435958430508986750e-02 -4.703205482719267222e-02
4.800000000000522959e+00 6.260323055121003177e-02 -4.436018803395294641e-02
4.900000000000524381e+00 6.089505478702869623e-02 -4.187961909786520887e-02
5.000000000000525802e+00 5.923654961894997406e-02 -3.957428090498872619e-02
5.100000000000527223e+00 5.762852181824559827e-02 -3.742959592943072289e-02
5.200000000000528644e+00 5.607123048506215679e-02 -3.543233355377353039e-02
5.300000000000530065e+00 5.456450034092952261e-02 -3.357047989803282201e-02
5.400000000000531486e+00 5.310781452984178475e-02 -3.183311956703510637e-02
5.500000000000532907e+00 5.170039054186459371e-02 -3.021032857623523124e-02
5.600000000000534328e+00 5.034124223755498395e-02 -2.869307763929276889e-02
5.700000000000535749e+00 4.902923042757473260e-02 -2.727314497701154722e-02
5.800000000000537170e+00 4.776310402939173971e-02 -2.594303781701095060e-02
5.900000000000538591e+00 4.654153346631874355e-02 -2.469592178486320830e-02
6.000000000000540012e+00 4.536313768153847625e-02 -2.352555743324789492e-02
6.100000000000541434e+00 4.422650589777879504e-02 -2.242624320730957077e-02
6.200000000000542855e+00 4.313021505512687481e-02 -2.139276420027562756e-02
6.300000000000544276e+00 4.207284369599224860e-02 -2.042034610902328240e-02
6.400000000000545697e+00 4.105298293132379761e-02 -1.950461385309688184e-02
6.500000000000547118e+00 4.006924501190758936e-02 -1.864155437263701962e-02
6.600000000000548539e+00 3.912026993669870389e-02 -1.782748316826162152e-02
6.700000000000549960e+00 3.820473045518682498e-02 -1.705901419069552616e-02
6.800000000000551381e+00 3.732133575863826047e-02 -1.633303272857390687e-02
6.900000000000552802e+00 3.646883410347390164e-02 -1.564667097957475952e-02
7.000000000000554223e+00 3.564601456812756253e-02 -1.499728602385050347e-02
7.100000000000555644e+00 3.485170810924141660e-02 -1.438243994844340054e-02
7.200000000000557066e+00 3.408478805437226145e-02 -1.379988189862545525e-02
7.300000000000558487e+00 3.334417014437950078e-02 -1.324753185625292262e-02
7.400000000000559908e+00 3.262881221856418767e-02 -1.272346596664060067e-02
7.500000000000561329e+00 3.193771361956275479e-02 -1.222590325502048020e-02
7.600000000000562750e+00 3.126991438098329634e-02 -1.175319359052292775e-02
7.700000000000564171e+00 3.062449424971346035e-02 -1.130380677108622917e-02
7.800000000000565592e+00 3.000057158544265634e-02 -1.087632261627537872e-02
7.900000000000567013e+00 2.939730217196508122e-02 -1.046942196694290381e-02
8.000000000000568434e+00 2.881387796871424933e-02 -1.008187850164307155e-02
8.100000000000569855e+00 2.824952582531738143e-02 -9.712551289050691192e-03
8.200000000000571276e+00 2.770350617774104685e-02 -9.360378004283260306e-03
8.300000000000572697e+00 2.717511174092147874e-02 -9.024368744577107929e-03
8.400000000000574119e+00 2.666366620957090483e-02 -8.703600386389669097e-03
8.500000000000575540e+00 2.616852297662031201e-02 -8.397211432170663750e-03
8.600000000000576961e+00 2.568906387642211353e-02 -8.104397300207368676e-03
8.700000000000578382e+00 2.522469795830765971e-02 -7.824406015818716892e-03
8.800000000000579803e+00 2.477486029468417561e-02 -7.556534266403097666e-03
8.900000000000581224e+00 2.433901082656343695e-02 -7.300123786540753043e-03
9.000000000000582645e+00 2.391663324871025342e-02 -7.054558042870204618e-03
9.100000000000584066e+00 2.350723393560671948e-02 -6.819259191336544956e-03
9.200000000000585487e+00 2.311034090895867921e-02 -6.593685282196450406e-03
9.300000000000586908e+00 2.272550284696724099e-02 -6.377327690570472676e-03
9.400000000000588329e+00 2.235228813506416612e-02 -6.169708752422479667e-03
9.500000000000589750e+00 2.199028395769876687e-02 -5.970379587895622425e-03
9.600000000000591172e+00 2.163909543032048466e-02 -5.778918095557375456e-03
9.700000000000592593e+00 2.129834477064107556e-02 -5.594927102735958169e-03
9.800000000000594014e+00 2.096767050811153277e-02 -5.418032658522675335e-03
9.900000000000595435e+00 2.064672673033816908e-02 -5.247882457213869783e-03
1.000000000000059686e+01 2.033518236526361822e-02 -5.084144381189084280e-03
1.010000000000059828e+01 2.003272049772225616e-02 -4.926505153147712687e-03
1.020000000000059970e+01 1.973903771906482252e-02 -4.774669088601976932e-03
1.030000000000060112e+01 1.945384350853254785e-02 -4.628356940345475234e-03
1.040000000000060254e+01 1.917685964497367612e-02 -4.487304827314112302e-03
1.050000000000060396e+01 1.890781964766029277e-02 -4.351263241005444080e-03
1.060000000000060538e+01 1.864646824484042509e-02 -4.219996123154996781e-03
1.070000000000060680e+01 1.839256086878771068e-02 -4.093280008966361863e-03
1.080000000000060822e+01 1.814586317613921251e-02 -3.970903230685643784e-03
1.090000000000060965e+01 1.790615059227337880e-02 -3.852665176721475904e-03
1.100000000000061107e+01 1.767320787864903875e-02 -3.738375601983546723e-03
1.110000000000061249e+01 1.744682872194418255e-02 -3.627853985419713170e-03
1.120000000000061391e+01 1.722681534395867353e-02 -3.520928931108014900e-03
1.130000000000061533e+01 1.701297813128682668e-02 -3.417437609562180845e-03
1.140000000000061675e+01 1.680513528373987764e-02 -3.317225236152321691e-03
1.150000000000061817e+01 1.660311248065453327e-02 -3.220144583848325026e-03
1.160000000000061959e+01 1.640674256415755594e-02 -3.126055527669259829e-03
1.170000000000062101e+01 1.621586523857011797e-02 -3.034824618464862858e-03
1.180000000000062244e+01 1.603032678517300746e-02 -2.946324683842843628e-03
1.190000000000062386e+01 1.584997979153363046e-02 -2.860434454199982553e-03
1.200000000000062528e+01 1.567468289473165910e-02 -2.777038212018586617e-03
1.210000000000062670e+01 1.550430053776197248e-02 -2.696025462688249157e-03
1.220000000000062812e+01 1.533870273849184673e-02 -2.617290625273271075e-03
1.230000000000062954e+01 1.517776487057950763e-02 -2.540732741763854739e-03
1.240000000000063096e+01 1.502136745574316617e-02 -2.466255203433824136e-03
1.250000000000063238e+01 1.486939596688487825e-02 -2.393765493066633485e-03
1.260000000000063380e+01 1.472174064152091677e-02 -2.323174941863382324e-03
1.270000000000063523e+01 1.457829630505359103e-02 -2.254398499954626649e-03
1.280000000000063665e+01 1.443896220344211001e-02 -2.187354519511625420e-03
1.290000000000063807e+01 1.430364184482352252e-02 -2.121964549504281108e-03
1.300000000000063949e+01 1.417224284969136050e-02 -2.058153141235498189e-03
1.310000000000064091e+01 1.404467680927402179e-02 -1.995847663834531861e-03
1.320000000000064233e+01 1.392085915172253108e-02 -1.934978128928716186e-03
1.330000000000064375e+01 1.380070901581632870e-02 -1.875477023788230460e-03
1.340000000000064517e+01 1.368414913184703291e-02 -1.817279152251501106e-03
1.350000000000064659e+01 1.357110570940212729e-02 -1.760321482797252285e-03
1.360000000000064801e+01 1.346150833178916956e-02 -1.704543003162985702e-03
1.370000000000064944e+01 1.335528985682225833e-02 -1.649884580922648426e-03
1.380000000000065086e+01 1.325238632376801728e-02 -1.596288829492615614e-03
1.390000000000065228e+01 1.315273686620817978e-02 -1.543699979030740965e-03
1.400000000000065370e+01 1.305628363062973779e-02 -1.492063751733027459e-03
1.410000000000065512e+01 1.296297170056470022e-02 -1.441327241049678541e-03
1.420000000000065654e+01 1.287274902608841892e-02 -1.391438794341511888e-03
1.430000000000065796e+01 1.278556635854619095e-02 -1.342347898536171494e-03
1.440000000000065938e+01 1.270137719034562795e-02 -1.294005068327729741e-03
1.450000000000066080e+01 1.262013769969456967e-02 -1.246361736486866802e-03
1.460000000000066223e+01 1.254180670017682880e-02 -1.199370145852784661e-03
1.470000000000066365e+01 1.246634559504299772e-02 -1.152983242564633963e-03
1.480000000000066507e+01 1.239371833614804491e-02 -1.107154570113248228e-03
1.490000000000066649e+01 1.232389138743673201e-02 -1.061838163766269487e-03
1.500000000000066791e+01 1.225683369291635794e-02 -1.016988444928405670e-03
1.510000000000066933e+01 1.219251664906347010e-02 -9.725601149882922430e-04
1.520000000000067075e+01 1.213091408160137108e-02 -9.285080481764573790e-04
1.530000000000067217e+01 1.207200222662715289e-02 -8.847871829650013828e-04
1.540000000000067359e+01 1.201575971604365578e-02 -8.413524114974100035e-04
1.550000000000067502e+01 1.196216756728100267e-02 -7.981584665275459622e-04
1.560000000000067644e+01 1.191120917729823064e-02 -7.551598053187761131e-04
1.570000000000067786e+01 1.186287032084534093e-02 -7.123104899081711752e-04
1.580000000000067928e+01 1.181713915299924256e-02 -6.695640631252169558e-04
1.590000000000068070e+01 1.177400621596508962e-02 -6.268734196902174885e-04
1.600000000000068212e+01 1.173346445015548134e-02 -5.841906716829809929e-04
1.610000000000068354e+01 1.169550920956011902e-02 -5.414670076173948993e-04
1.620000000000068496e+01 1.166013828140612107e-02 -4.986525442817590220e-04
1.630000000000068638e+01 1.162735191012780056e-02 -4.556961704562734541e-04
1.640000000000068781e+01 1.159715282564081212e-02 -4.125453815187630352e-04
1.650000000000068923e+01 1.156954627592034213e-02 -3.691461038747680459e-04
1.660000000000069065e+01 1.154454006387103243e-02 -3.254425080485984223e-04
1.670000000000069207e+01 1.152214458845229883e-02 -2.813768091464571505e-04
1.680000000000069349e+01 1.150237289001529439e-02 -2.368890532989274475e-04
1.690000000000069491e+01 1.148524069976844530e-02 -1.919168885277265299e-04
1.700000000000069633e+01 1.147076649326210507e-02 -1.463953183374385597e-04
1.710000000000069775e+01 1.145897154773801302e-02 -1.002564361561918485e-04
1.720000000000069917e+01 1.144988000313002657e-02 -5.342913853592125284e-05
1.730000000000070060e+01 1.144351892644274865e-02 -5.838814822576796071e-06
1.740000000000070202e+01 1.143991837914450777e-02 4.259298926659414036e-05
1.750000000000070344e+01 1.143911148711308085e-02 9.194893698826443751e-05
1.760000000000070486e+01 1.144113451254667041e-02 1.423162979855689160e-04
1.770000000000070628e+01 1.144602692709942304e-02 1.937873812831478020e-04
1.780000000000070770e+01 1.145383148531643747e-02 2.464600077539008151e-04
1.790000000000070912e+01 1.146459429721866097e-02 3.004380264191430089e-04
1.800000000000071054e+01 1.147836489861490256e-02 3.558318794317713585e-04
1.810000000000071196e+01 1.149519631738775416e-02 4.127592211566424342e-04
1.820000000000071338e+01 1.151514513360345215e-02 4.713455974158882109e-04
1.830000000000071481e+01 1.153827153080817097e-02 5.317251916531259143e-04
1.840000000000071623e+01 1.156463933529463389e-02 5.940416456002473207e-04
1.850000000000071765e+01 1.159431603941458999e-02 6.584489629125130257e-04
1.860000000000071907e+01 1.162737280415568342e-02 7.251125052448845372e-04
1.870000000000072049e+01 1.166388443518011353e-02 7.942100913920068644e-04
1.880000000000072191e+01 1.170392932525949475e-02 8.659332113439108421e-04
1.890000000000072333e+01 1.174758935454557618e-02 9.404883685488240122e-04
1.900000000000072475e+01 1.179494973827985294e-02 1.018098565218610464e-03
1.910000000000072617e+01 1.184609880932878390e-02 1.099004947243568953e-03
1.920000000000072760e+01 1.190112772026503951e-02 1.183468627219225796e-03
1.930000000000072902e+01 1.196013004644028155e-02 1.271772706143642264e-03
1.940000000000073044e+01 1.202320126757439045e-02 1.364224516660698851e-03
1.950000000000073186e+01 1.209043810058497981e-02 1.461158113152255088e-03
1.960000000000073328e+01 1.216193765056552273e-02 1.562937036582416703e-03
1.970000000000073470e+01 1.223779633978162168e-02 1.669957384740405892e-03
1.980000000000073612e+01 1.231810856594255793e-02 1.782651221231279937e-03
1.990000000000073754e+01 1.240296503061324995e-02 1.901490359292354587e-03
2.000000000000073896e+01 1.249245066593990261e-02 2.026990558925482067e-03
2.010000000000074039e+01 1.258664207246668054e-02 2.159716177793147718e-03
2.020000000000074181e+01 1.268560436215752235e-02 2.300285317496656139e-03
2.030000000000074323e+01 1.278938727802007153e-02 2.449375506591242209e-03
2.040000000000074465e+01 1.289802043430916811e-02 2.607729959521963223e-03
2.050000000000074607e+01 1.301150748806114560e-02 2.776164445378710276e-03
2.060000000000074749e+01 1.312981901269324320e-02 2.955574790750128446e-03
2.070000000000074891e+01 1.325288379639807251e-02 3.146945025171144199e-03
2.080000000000075033e+01 1.338057823063134449e-02 3.351356152968712563e-03
2.090000000000075175e+01 1.351271338600457811e-02 3.569995498573890359e-03
2.100000000000075318e+01 1.364901929292496735e-02 3.804166518631523896e-03
2.110000000000075460e+01 1.378912585161914256e-02 4.055298897463417533e-03
2.120000000000075602e+01 1.393253969061346298e-02 4.324958634417808492e-03
2.130000000000075744e+01 1.407861617538864324e-02 4.614857681261017204e-03
2.140000000000075886e+01 1.422652564359848382e-02 4.926862481429841040e-03
2.150000000000076028e+01 1.437521281710606169e-02 5.263000482371965605e-03
2.160000000000076170e+01 1.452334822776805978e-02 5.625463315378324836e-03
2.170000000000076312e+01 1.466927041617079736e-02 6.016604837572721298e-03
2.180000000000076454e+01 1.481091765686590872e-02 6.438931577055259647e-03
2.190000000000076597e+01 1.494574808713589054e-02 6.895082282958119035e-03
2.200000000000076739e+01 1.507064745377738324e-02 7.387792227964127406e-03
2.210000000000076881e+01 1.518182436736220664e-02 7.919836626597788823e-03
2.220000000000077023e+01 1.527469413822788585e-02 8.493946033982948882e-03
2.230000000000077165e+01 1.534375419289674136e-02 9.112684951879343812e-03
2.240000000000077307e+01 1.538245702242775625e-02 9.778283273614348653e-03
2.250000000000077449e+01 1.538309092399323813e-02 1.049240899772189289e-02
2.260000000000077591e+01 1.533668477746122361e-02 1.125587043948835311e-02
2.270000000000077733e+01 1.523296092701136029e-02 1.206823792786077855e-02
2.280000000000077875e+01 1.506036973277317254e-02 1.292738007091658904e-02
2.290000000000078018e+01 1.480624962611649942e-02 1.382891988732596472e-02
2.300000000000078160e+01 1.445716545585038620e-02 1.476563337286480003e-02
2.310000000000078302e+01 1.399948174685436419e-02 1.572683886501699199e-02
2.320000000000078444e+01 1.342022040112600401e-02 1.669785965773414732e-02
2.330000000000078586e+01 1.270822701812386601e-02 1.765968095344234642e-02
2.340000000000078728e+01 1.185561949836555495e-02 1.858895611212128124e-02
2.350000000000078870e+01 1.085941453958276515e-02 1.945853032369108254e-02
2.360000000000079012e+01 9.723130029113055683e-03 2.023862167654495031e-02
2.370000000000079154e+01 8.458067823703778465e-03 2.089871199717234160e-02
2.380000000000079297e+01 7.083931159865414218e-03 2.141004969943877123e-02
2.390000000000079439e+01 5.628467714502066732e-03 2.174847946418476466e-02
2.400000000000079581e+01 4.125978875190082495e-03 2.189714649208517744e-02
2.410000000000079723e+01 2.614780704936842115e-03 2.184855061857299968e-02
2.420000000000079865e+01 1.133972779201165848e-03 2.160550312213242383e-02
2.430000000000080007e+01 -2.799322320507849349e-04 2.118076534810875780e-02
2.440000000000080149e+01 -1.595924278818952602e-03 2.059545346322618625e-02
2.450000000000080291e+01 -2.790495312529232136e-03 1.987656834891845040e-02
2.460000000000080433e+01 -3.848509996339968819e-03 1.905415994187095383e-02
2.470000000000080576e+01 -4.763003528629988770e-03 1.815862755572641984e-02
2.480000000000080718e+01 -5.534161102772688912e-03 1.721852501330126128e-02
2.490000000000080860e+01 -6.167820970630094601e-03 1.625905254418411397e-02
2.500000000000081002e+01 -6.673827802373247936e-03 1.530124496957787315e-02
2.510000000000081144e+01 -7.064483838168246488e-03 1.436174832629919657e-02
2.520000000000081286e+01 -7.353245623138014719e-03 1.345302332176436313e-02
2.530000000000081428e+01 -7.553725239679037751e-03 1.258381085715044867e-02
2.540000000000081570e+01 -7.678991613008945283e-03 1.175972158128439984e-02
2.550000000000081712e+01 -7.741131267854563236e-03 1.098384944166097207e-02
2.560000000000081855e+01 -7.751013392639637123e-03 1.025734613157099420e-02
2.570000000000081997e+01 -7.718203724151495582e-03 9.579923125997350311e-03
2.580000000000082139e+01 -7.650978961366992209e-03 8.950269067442458149e-03
2.590000000000082281e+01 -7.556403433840487571e-03 8.366383483657296311e-03
2.600000000000082423e+01 -7.440439770752722143e-03 7.825835024515734664e-03
2.610000000000082565e+01 -7.308073965676543937e-03 7.325955498189007722e-03
2.620000000000082707e+01 -7.163442053803634191e-03 6.863981541620777643e-03
2.630000000000082849e+01 -7.009950660614303747e-03 6.437154923988459149e-03
2.640000000000082991e+01 -6.850387214870141961e-03 6.042791010205607674e-03
2.650000000000083134e+01 -6.687017976258823743e-03 5.678323262099853851e-03
2.660000000000083276e+01 -6.521673520199635504e-03 5.341330078107280228e-03
2.670000000000083418e+01 -6.355822206487400650e-03 5.029548884685303319e-03
2.680000000000083560e+01 -6.190632632882931558e-03 4.740881233615724596e-03
2.690000000000083702e+01 -6.027026283814438529e-03 4.473391724460336512e-03
2.700000000000083844e+01 -5.865721629379504198e-03 4.225302836462224362e-03
2.710000000000083986e+01 -5.707270879683576381e-03 3.994987187931255818e-03
2.720000000000084128e+01 -5.552090498922652301e-03 3.780958311306682751e-03
2.730000000000084270e+01 -5.400486461295091883e-03 3.581860710499887301e-03
2.740000000000084412e+01 -5.252675103884711649e-03 3.396459729127263450e-03
2.750000000000084555e+01 -5.108800309965938480e-03 3.223631584085668092e-03
2.760000000000084697e+01 -4.968947645022502024e-03 3.062353793095180104e-03
2.770000000000084839e+01 -4.833155969021903087e-03 2.911696134753647552e-03
2.780000000000084981e+01 -4.701426962817063793e-03 2.770812216315348547e-03
2.790000000000085123e+01 -4.573732933179523730e-03 2.638931680498232592e-03
2.800000000000085265e+01 -4.450023198817158049e-03 2.515353052860216758e-03
2.810000000000085407e+01 -4.330229307635824476e-03 2.399437211857275570e-03
2.820000000000085549e+01 -4.214269291897367042e-03 2.290601451423492519e-03
2.830000000000085691e+01 -4.102051131784127669e-03 2.188314098903598216e-03
2.840000000000085834e+01 -3.993475567905951235e-03 2.092089647687978872e-03
2.850000000000085976e+01 -3.888438378485573749e-03 2.001484362836310898e-03
2.860000000000086118e+01 -3.786832216587487920e-03 1.916092318619962761e-03
2.870000000000086260e+01 -3.688548085868898624e-03 1.835541828494580011e-03
2.880000000000086402e+01 -3.593476519511754758e-03 1.759492230305542302e-03
2.890000000000086544e+01 -3.501508515589280002e-03 1.687630992121349777e-03
2.900000000000086686e+01 -3.412536272707520496e-03 1.619671106801755852e-03
2.910000000000086828e+01 -3.326453762088898980e-03 1.555348746187324620e-03
2.920000000000086970e+01 -3.243157165861713237e-03 1.494421148419873080e-03
2.930000000000087113e+01 -3.162545206116629953e-03 1.436664714453490116e-03
2.940000000000087255e+01 -3.084519384977810891e-03 1.381873292173454310e-03
2.950000000000087397e+01 -3.008984152357650071e-03 1.329856628702325147e-03
2.960000000000087539e+01 -2.935847015173673191e-03 1.280438973497313639e-03
2.970000000000087681e+01 -2.865018599348782835e-03 1.233457816629142433e-03
2.980000000000087823e+01 -2.796412673944446980e-03 1.188762748292553247e-03
2.990000000000087965e+01 -2.729946145126446039e-03 1.146214427075553091e-03
3.000000000000088107e+01 -2.665539026277717605e-03 1.105683645828368531e-03
3.010000000000088249e+01 -2.603114389480611079e-03 1.067050485185134200e-03
3.020000000000088392e+01 -2.542598302624307638e-03 1.030203545832597154e-03
3.030000000000088534e+01 -2.483919755644267008e-03 9.950392515839132871e-04
3.040000000000088676e+01 -2.427010578760446097e-03 9.614612161609685081e-04
3.050000000000088818e+01 -2.371805355034676405e-03 9.293796673322085155e-04
3.060000000000088960e+01 -2.318241329159739794e-03 8.987109227427568167e-04
3.070000000000089102e+01 -2.266258314001814295e-03 8.693769123545504619e-04
3.080000000000089244e+01 -2.215798596137893983e-03 8.413047429583412999e-04
3.090000000000089386e+01 -2.166806841380781307e-03 8.144263006927372414e-04
3.100000000000089528e+01 -2.119230001064988100e-03 7.886778879191583356e-04
3.110000000000089670e+01 -2.073017219723024412e-03 7.639998911919951069e-04
3.120000000000089813e+01 -2.028119744618191861e-03 7.403364773846418754e-04
3.130000000000089955e+01 -1.984490837501837190e-03 7.176353153400000934e-04
3.140000000000090097e+01 -1.942085688868517429e-03 6.958473206798915841e-04
3.150000000000090239e+01 -1.900861334892155891e-03 6.749264216386713063e-04
3.160000000000090381e+01 -1.860776577185762476e-03 6.548293440101888262e-04
3.170000000000090523e+01 -1.821791905454787225e-03 6.355154134758781185e-04
3.180000000000090665e+01 -1.783869423087332956e-03 6.169463737587545758e-04
3.190000000000090807e+01 -1.746972775690511237e-03 5.990862191994410181e-04
