-3.200000000000000000e+01 5.969164449619085346e-04
-3.189999999999999858e+01 6.017483846141429829e-04
-3.179999999999999716e+01 6.066438763418775630e-04
-3.169999999999999574e+01 6.116041065273860548e-04
-3.159999999999999432e+01 6.166302905081907015e-04
-3.149999999999999289e+01 6.217236734510748781e-04
-3.139999999999999147e+01 6.268855312584661324e-04
-3.129999999999999005e+01 6.321171715071568576e-04
-3.119999999999998863e+01 6.374199344211773331e-04
-3.109999999999998721e+01 6.427951938807569768e-04
-3.099999999999998579e+01 6.482443584674315966e-04
-3.089999999999998437e+01 6.537688725488124920e-04
-3.079999999999998295e+01 6.593702174032304523e-04
-3.069999999999998153e+01 6.650499123864717348e-04
-3.059999999999998010e+01 6.708095161429585267e-04
-3.049999999999997868e+01 6.766506278617342779e-04
-3.039999999999997726e+01 6.825748885813399383e-04
-3.029999999999997584e+01 6.885839825441380548e-04
-3.019999999999997442e+01 6.946796386028164820e-04
-3.009999999999997300e+01 7.008636316819625168e-04
-2.999999999999997158e+01 7.071377842954924180e-04
-2.989999999999997016e+01 7.135039681247265335e-04
-2.979999999999996874e+01 7.199641056581549889e-04
-2.969999999999996732e+01 7.265201718962847801e-04
-2.959999999999996589e+01 7.331741961251692303e-04
-2.949999999999996447e+01 7.399282637599753892e-04
-2.939999999999996305e+01 7.467845182642924955e-04
-2.929999999999996163e+01 7.537451631468864094e-04
-2.919999999999996021e+01 7.608124640401612562e-04
-2.909999999999995879e+01 7.679887508648548236e-04
-2.899999999999995737e+01 7.752764200831244092e-04
-2.889999999999995595e+01 7.826779370468866593e-04
-2.879999999999995453e+01 7.901958384440397210e-04
-2.869999999999995310e+01 7.978327348479703979e-04
-2.859999999999995168e+01 8.055913133761154546e-04
-2.849999999999995026e+01 8.134743404608180779e-04
-2.839999999999994884e+01 8.214846647408891077e-04
-2.829999999999994742e+01 8.296252200777389776e-04
-2.819999999999994600e+01 8.378990287030477734e-04
-2.809999999999994458e+01 8.463092045053792695e-04
-2.799999999999994316e+01 8.548589564605028196e-04
-2.789999999999994174e+01 8.635515922158599556e-04
-2.779999999999994031e+01 8.723905218347864426e-04
-2.769999999999993889e+01 8.813792617095395163e-04
-2.759999999999993747e+01 8.905214386527820873e-04
-2.749999999999993605e+01 8.998207941743940680e-04
-2.739999999999993463e+01 9.092811889567692417e-04
-2.729999999999993321e+01 9.189066075366392021e-04
-2.719999999999993179e+01 9.287011632053317201e-04
-2.709999999999993037e+01 9.386691031401762442e-04
-2.699999999999992895e+01 9.488148137768897053e-04
-2.689999999999992752e+01 9.591428264397988245e-04
-2.679999999999992610e+01 9.696578232413497270e-04
-2.669999999999992468e+01 9.803646432667704243e-04
-2.659999999999992326e+01 9.912682890608330057e-04
-2.649999999999992184e+01 1.002373933430743703e-03
-2.639999999999992042e+01 1.013686926587096084e-03
-2.629999999999991900e+01 1.025212803639185752e-03
-2.619999999999991758e+01 1.036957292466078508e-03
-2.609999999999991616e+01 1.048926321986317972e-03
-2.599999999999991473e+01 1.061126030846285071e-03
-2.589999999999991331e+01 1.073562776556235892e-03
-2.579999999999991189e+01 1.086243145097247993e-03
-2.569999999999991047e+01 1.099173961028303975e-03
-2.559999999999990905e+01 1.112362298124828196e-03
-2.549999999999990763e+01 1.125815490577303452e-03
-2.539999999999990621e+01 1.139541144789051833e-03
-2.529999999999990479e+01 1.153547151806430483e-03
-2.519999999999990337e+01 1.167841700421919223e-03
-2.509999999999990195e+01 1.182433290993547279e-03
-2.499999999999990052e+01 1.197330750021853574e-03
-2.489999999999989910e+01 1.212543245537906151e-03
-2.479999999999989768e+01 1.228080303350319790e-03
-2.469999999999989626e+01 1.243951824208122626e-03
-2.459999999999989484e+01 1.260168101940626175e-03
-2.449999999999989342e+01 1.276739842634039409e-03
-2.439999999999989200e+01 1.293678184919463134e-03
-2.429999999999989058e+01 1.310994721441989920e-03
-2.419999999999988916e+01 1.328701521591958050e-03
-2.409999999999988773e+01 1.346811155585773273e-03
-2.399999999999988631e+01 1.365336719983795220e-03
-2.389999999999988489e+01 1.384291864751288972e-03
-2.379999999999988347e+01 1.403690821964967200e-03
-2.369999999999988205e+01 1.423548436282530459e-03
-2.359999999999988063e+01 1.443880197302173547e-03
-2.349999999999987921e+01 1.464702273941780519e-03
-2.339999999999987779e+01 1.486031550991209977e-03
-2.329999999999987637e+01 1.507885667990403484e-03
-2.319999999999987494e+01 1.530283060606303083e-03
-2.309999999999987352e+01 1.553243004696206906e-03
-2.299999999999987210e+01 1.576785663252608253e-03
-2.289999999999987068e+01 1.600932136455951796e-03
-2.279999999999986926e+01 1.625704515066246766e-03
-2.269999999999986784e+01 1.651125937413092711e-03
-2.259999999999986642e+01 1.677220650266626452e-03
-2.249999999999986500e+01 1.704014073887331372e-03
-2.239999999999986358e+01 1.731532871596037568e-03
-2.229999999999986215e+01 1.759805024219244368e-03
-2.219999999999986073e+01 1.788859909806959870e-03
-2.209999999999985931e+01 1.818728389057099179e-03
-2.199999999999985789e+01 1.849442896909815268e-03
-2.189999999999985647e+01 1.881037540837929029e-03
-2.179999999999985505e+01 1.913548206389997916e-03
-2.169999999999985363e+01 1.947012670607077382e-03
-2.159999999999985221e+01 1.981470723994726083e-03
-2.149999999999985079e+01 2.016964301785838069e-03
-2.139999999999984936e+01 2.053537625324879361e-03
-2.129999999999984794e+01 2.091237354464648736e-03
-2.119999999999984652e+01 2.130112751969650154e-03
-2.109999999999984510e+01 2.170215861022219746e-03
-2.099999999999984368e+01 2.211601697026098837e-03
-2.089999999999984226e+01 2.254328455052893258e-03
-2.079999999999984084e+01 2.298457734392877518e-03
-2.069999999999983942e+01 2.344054781842902415e-03
-2.059999999999983800e+01 2.391188755541402700e-03
-2.049999999999983658e+01 2.439933011341272138e-03
-2.039999999999983515e+01 2.490365413962357475e-03
-2.029999999999983373e+01 2.542568675385826951e-03
-2.019999999999983231e+01 2.596630723249707465e-03
-2.009999999999983089e+01 2.652645102322702311e-03
-1.999999999999982947e+01 2.710711412470648111e-03
-1.989999999999982805e+01 2.770935786968423565e-03
-1.979999999999982663e+01 2.833431415433003506e-03
-1.969999999999982521e+01 2.898319116191106545e-03
-1.959999999999982379e+01 2.965727963485105968e-03
-1.949999999999982236e+01 3.035795975566386341e-03
-1.939999999999982094e+01 3.108670870529376025e-03
-1.929999999999981952e+01 3.184510897568462468e-03
-1.919999999999981810e+01 3.263485752359115109e-03
-1.909999999999981668e+01 3.345777586393444518e-03
-1.899999999999981526e+01 3.431582121418079011e-03
-1.889999999999981384e+01 3.521109881590871182e-03
-1.879999999999981242e+01 3.614587557752518918e-03
-1.869999999999981100e+01 3.712259520148662294e-03
-1.859999999999980957e+01 3.814389498268682885e-03
-1.849999999999980815e+01 3.921262449134856054e-03
-1.839999999999980673e+01 4.033186638428893321e-03
-1.829999999999980531e+01 4.150495962501937232e-03
-1.819999999999980389e+01 4.273552543436369595e-03
-1.809999999999980247e+01 4.402749634252888129e-03
-1.799999999999980105e+01 4.538514877081511155e-03
-1.789999999999979963e+01 4.681313963777876397e-03
-1.779999999999979821e+01 4.831654756438698468e-03
-1.769999999999979678e+01 4.990091934487381024e-03
-1.759999999999979536e+01 5.157232246033301680e-03
-1.749999999999979394e+01 5.333740454228144690e-03
-1.739999999999979252e+01 5.520346084736284589e-03
-1.729999999999979110e+01 5.717851098947878026e-03
-1.719999999999978968e+01 5.927138639433920074e-03
-1.709999999999978826e+01 6.149183020516178072e-03
-1.699999999999978684e+01 6.385061168432792922e-03
-1.689999999999978542e+01 6.635965753554916996e-03
-1.679999999999978400e+01 6.903220303223417571e-03
-1.669999999999978257e+01 7.188296639335310656e-03
-1.659999999999978115e+01 7.492835052586658759e-03
-1.649999999999977973e+01 7.818667707830975755e-03
-1.639999999999977831e+01 8.167845875854047241e-03
-1.629999999999977689e+01 8.542671710938067042e-03
-1.619999999999977547e+01 8.945735445889739859e-03
-1.609999999999977405e+01 9.379959064642475614e-03
-1.599999999999977263e+01 9.848647745891064495e-03
-1.589999999999977121e+01 1.035555066104663219e-02
-1.579999999999976978e+01 1.090493307159102511e-02
-1.569999999999976836e+01 1.150166212261709460e-02
-1.559999999999976694e+01 1.215130929609140563e-02
-1.549999999999976552e+01 1.286027319936630664e-02
-1.539999999999976410e+01 1.363592726054362915e-02
-1.529999999999976268e+01 1.448679803258734813e-02
-1.519999999999976126e+01 1.542278123257900639e-02
-1.509999999999975984e+01 1.645540443828822502e-02
-1.499999999999975842e+01 1.759814762122188098e-02
-1.489999999999975699e+01 1.886683551760045402e-02
-1.479999999999975557e+01 2.028011933883417869e-02
-1.469999999999975415e+01 2.186006959824622967e-02
-1.459999999999975273e+01 2.363290693107434129e-02
-1.449999999999975131e+01 2.562990362181388065e-02
-1.439999999999974989e+01 2.788849474048181801e-02
-1.429999999999974847e+01 3.045364333124621348e-02
-1.419999999999974705e+01 3.337950678492576650e-02
-1.409999999999974563e+01 3.673144685677106475e-02
-1.399999999999974420e+01 4.058840494203857369e-02
-1.389999999999974278e+01 4.504561047455060002e-02
-1.379999999999974136e+01 5.021747281866513479e-02
-1.369999999999973994e+01 5.624027047123156264e-02
-1.359999999999973852e+01 6.327380045242862738e-02
-1.349999999999973710e+01 7.150033092792822120e-02
-1.339999999999973568e+01 8.111778780678081946e-02
-1.329999999999973426e+01 9.232185399729936348e-02
-1.319999999999973284e+01 1.052685237794726697e-01
-1.309999999999973141e+01 1.200054760493860367e-01
-1.299999999999972999e+01 1.363606720336683620e-01
-1.289999999999972857e+01 1.537878061950004038e-01
-1.279999999999972715e+01 1.712033676821962946e-01
-1.269999999999972573e+01 1.869148815053099655e-01
-1.259999999999972431e+01 1.987989791532855655e-01
-1.249999999999972289e+01 2.048360887653292439e-01
-1.239999999999972147e+01 2.038573846161611525e-01
-1.229999999999972005e+01 1.960654943380200910e-01
-1.219999999999971863e+01 1.829399693536951366e-01
-1.209999999999971720e+01 1.666020304673824781e-01
-1.199999999999971578e+01 1.490925851858962425e-01
-1.189999999999971436e+01 1.319373629594373099e-01
-1.179999999999971294e+01 1.160553891811313132e-01
-1.169999999999971152e+01 1.018707117328868234e-01
-1.159999999999971010e+01 8.947979632631360147e-02
-1.149999999999970868e+01 7.879538635116550838e-02
-1.139999999999970726e+01 6.964505648929968096e-02
-1.129999999999970584e+01 6.182980069738335666e-02
-1.119999999999970441e+01 5.515493764649441466e-02
-1.109999999999970299e+01 4.944419545431667784e-02
-1.099999999999970157e+01 4.454448481099607809e-02
-1.089999999999970015e+01 4.032595444357826159e-02
-1.079999999999969873e+01 3.667992702594348453e-02
-1.069999999999969731e+01 3.351609347280922607e-02
-1.059999999999969589e+01 3.075964690892406261e-02
-1.049999999999969447e+01 2.834865951940067005e-02
-1.039999999999969305e+01 2.623180989849666772e-02
-1.029999999999969162e+01 2.436647319131518899e-02
-1.019999999999969020e+01 2.271714416435017050e-02
-1.009999999999968878e+01 2.125414828941296283e-02
-9.999999999999687361e+00 1.995259397492513825e-02
-9.899999999999685940e+00 1.879152289683515276e-02
-9.799999999999684519e+00 1.775322125872334442e-02
-9.699999999999683098e+00 1.682266096786385126e-02
-9.599999999999681677e+00 1.598704536570685897e-02
-9.499999999999680256e+00 1.523543902113590198e-02
-9.399999999999678835e+00 1.455846514531607301e-02
-9.299999999999677414e+00 1.394805748529720675e-02
-9.199999999999675993e+00 1.339725620728252076e-02
-9.099999999999674571e+00 1.290003939808598461e-02
-8.999999999999673150e+00 1.245118349693093672e-02
-8.899999999999671729e+00 1.204614730564804344e-02
-8.799999999999670308e+00 1.168097528441454022e-02
-8.699999999999668887e+00 1.135221668138203244e-02
-8.599999999999667466e+00 1.105685771287458034e-02
-8.499999999999666045e+00 1.079226454354247772e-02
-8.399999999999664624e+00 1.055613524153944417e-02
-8.299999999999663203e+00 1.034645922467948564e-02
-8.199999999999661782e+00 1.016148298801158346e-02
-8.099999999999660361e+00 9.999681124562087922e-03
-7.999999999999658939e+00 9.859731830507581160e-03
-7.899999999999657518e+00 9.740496232272704072e-03
-7.799999999999656097e+00 9.641000992614045043e-03
-7.699999999999654676e+00 9.560423751410411508e-03
-7.599999999999653255e+00 9.498081038558311290e-03
-7.499999999999651834e+00 9.453418364755881639e-03
-7.399999999999650413e+00 9.426002253754497615e-03
-7.299999999999648992e+00 9.415514029065137278e-03
-7.199999999999647571e+00 9.421745211128366992e-03
-7.099999999999646150e+00 9.444594419009423245e-03
-6.999999999999644729e+00 9.484065705204630659e-03
-6.899999999999643308e+00 9.540268284253299036e-03
-6.799999999999641886e+00 9.613417646657195642e-03
-6.699999999999640465e+00 9.703838080066976707e-03
-6.599999999999639044e+00 9.811966650839937590e-03
-6.499999999999637623e+00 9.938358731912599539e-03
-6.399999999999636202e+00 1.008369519849439122e-02
-6.299999999999634781e+00 1.024879145275713402e-02
-6.199999999999633360e+00 1.043460848361278323e-02
-6.099999999999631939e+00 1.064226621971991679e-02
-5.999999999999630518e+00 1.087305949487841865e-02
-5.899999999999629097e+00 1.112847701728003104e-02
-5.799999999999627676e+00 1.141022382092949858e-02
-5.699999999999626255e+00 1.172024778211139609e-02
-5.599999999999624833e+00 1.206077091107980725e-02
-5.499999999999623412e+00 1.243432628466951614e-02
-5.399999999999621991e+00 1.284380167640009930e-02
-5.299999999999620570e+00 1.329249117651692090e-02
-5.199999999999619149e+00 1.378415638612437780e-02
-5.099999999999617728e+00 1.432309913266522489e-02
-4.999999999999616307e+00 1.491424810689613231e-02
-4.899999999999614886e+00 1.556326238805924404e-02
-4.799999999999613465e+00 1.627665553549357755e-02
-4.699999999999612044e+00 1.706194481905751875e-02
-4.599999999999610623e+00 1.792783128773984755e-02
-4.499999999999609201e+00 1.888441779663108458e-02
-4.399999999999607780e+00 1.994347390301232439e-02
-4.299999999999606359e+00 2.111875879640676482e-02
-4.199999999999604938e+00 2.242641625135159689e-02
-4.099999999999603517e+00 2.388545910665075198e-02
-3.999999999999602096e+00 2.551836509603406730e-02
-3.899999999999600675e+00 2.735181106191071285e-02
-3.799999999999599254e+00 2.941757865245406972e-02
-3.699999999999597833e+00 3.175367125851433214e-02
-3.599999999999596412e+00 3.440568840939256523e-02
-3.499999999999594991e+00 3.742850830457712663e-02
-3.399999999999593570e+00 4.088832782588021353e-02
-3.299999999999592148e+00 4.486509474441813250e-02
-3.199999999999590727e+00 4.945532451315487465e-02
-3.099999999999589306e+00 5.477519720508235157e-02
-2.999999999999587885e+00 6.096363019317622284e-02
-2.899999999999586464e+00 6.818463389062029423e-02
-2.799999999999585043e+00 7.662753952275455638e-02
-2.699999999999583622e+00 8.650242359058851749e-02
-2.599999999999582201e+00 9.802597078039816669e-02
-2.499999999999580780e+00 1.113899352707835994e-01
-2.399999999999579359e+00 1.267007040742686719e-01
-2.299999999999577938e+00 1.438765464210155776e-01
-2.199999999999576517e+00 1.624954470502053272e-01
-2.099999999999575095e+00 1.816133557744109284e-01
-1.999999999999573674e+00 1.996322161192076172e-01
-1.899999999999572253e+00 2.143728495621628760e-01
-1.799999999999570832e+00 2.235123027080061497e-01
-1.699999999999569411e+00 2.253518888294593625e-01
-1.599999999999567990e+00 2.195366855977161080e-01
-1.499999999999566569e+00 2.072208717159245706e-01
-1.399999999999565148e+00 1.905488794249985129e-01
-1.299999999999563727e+00 1.718441949475626451e-01
-1.199999999999562306e+00 1.529974802418725410e-01
-1.099999999999560885e+00 1.352418994457437185e-01
-9.999999999995594635e-01 1.192147222578332361e-01
-8.999999999995580424e-01 1.051310424056823983e-01
-7.999999999995566213e-01 9.295461030714388673e-02
-6.999999999995552002e-01 8.252312196745251183e-02
-5.999999999995537792e-01 7.362629509906301606e-02
-4.999999999995523581e-01 6.604891184194904008e-02
-3.999999999995509370e-01 5.959167389522002090e-02
-2.999999999995495159e-01 5.407937355278048808e-02
-1.999999999995480948e-01 4.936241700652631986e-02
-9.999999999954667373e-02 4.531520390378336594e-02
4.547473508864641190e-13 4.183326522246757356e-02
1.000000000004561684e-01 3.883012651233661711e-02
2.000000000004575895e-01 3.623434708155841982e-02
3.000000000004590106e-01 3.398691365206002457e-02
4.000000000004604317e-01 3.203903114156775311e-02
5.000000000004618528e-01 3.035029051964348648e-02
6.000000000004632739e-01 2.888716885639221535e-02
7.000000000004646949e-01 2.762181057691532812e-02
8.000000000004661160e-01 2.653104142762262654e-02
9.000000000004675371e-01 2.559557255411559068e-02
1.000000000000468958e+00 2.479935883677958711e-02
1.100000000000470379e+00 2.412908206367959593e-02
1.200000000000471800e+00 2.357373518159555995e-02
1.300000000000473221e+00 2.312428864510898338e-02
1.400000000000474643e+00 2.277342382440014981e-02
1.500000000000476064e+00 2.251532164464343025e-02
1.600000000000477485e+00 2.234549723740838698e-02
1.700000000000478906e+00 2.226067350599202771e-02
1.800000000000480327e+00 2.225868824875055704e-02
1.900000000000481748e+00 2.233843093749168784e-02
2.000000000000483169e+00 2.249980648996139157e-02
2.100000000000484590e+00 2.274372447273225600e-02
2.200000000000486011e+00 2.307211318227134905e-02
2.300000000000487432e+00 2.348795903122781123e-02
2.400000000000488853e+00 2.399537266610646605e-02
2.500000000000490274e+00 2.459968431449268897e-02
2.600000000000491696e+00 2.530757206171651424e-02
2.700000000000493117e+00 2.612722815350778174e-02
2.800000000000494538e+00 2.706857008649469001e-02
2.900000000000495959e+00 2.814350527182375022e-02
3.000000000000497380e+00 2.936626054241080544e-02
3.100000000000498801e+00 3.075379084164882662e-02
3.200000000000500222e+00 3.232628521586403819e-02
3.300000000000501643e+00 3.410779286555384870e-02
3.400000000000503064e+00 3.612699759692743207e-02
3.500000000000504485e+00 3.841817556105270315e-02
3.600000000000505906e+00 4.102237845022813773e-02
3.700000000000507328e+00 4.398889163374892358e-02
3.800000000000508749e+00 4.737702236519560767e-02
3.900000000000510170e+00 5.125827359796719662e-02
4.000000000000511591e+00 5.571894692080356370e-02
4.100000000000513012e+00 6.086317982213558520e-02
4.200000000000514433e+00 6.681633197310858641e-02
4.300000000000515854e+00 7.372844517077101201e-02
4.400000000000517275e+00 8.177712852045133929e-02
4.500000000000518696e+00 9.116852375058182023e-02
4.600000000000520117e+00 1.021337664697476721e-01
4.700000000000521538e+00 1.149162873736963714e-01
4.800000000000522959e+00 1.297421522806959937e-01
4.900000000000524381e+00 1.467616838744693619e-01
5.000000000000525802e+00 1.659478035784557604e-01
5.100000000000527223e+00 1.869408587140626576e-01
5.200000000000528644e+00 2.088534846420584401e-01
5.300000000000530065e+00 2.301068154696802037e-01
5.400000000000531486e+00 2.484527879740962286e-01
5.500000000000532907e+00 2.613680624592883972e-01
5.600000000000534328e+00 2.668419478854944238e-01
5.700000000000535749e+00 2.642148393409369800e-01
5.800000000000537170e+00 2.545033458496706591e-01
5.900000000000538591e+00 2.399599064043960728e-01
6.000000000000540012e+00 2.232073799500782496e-01
6.100000000000541434e+00 2.065073127927196106e-01
6.200000000000542855e+00 1.914406664040116113e-01
6.300000000000544276e+00 1.789333192164026531e-01
6.400000000000545697e+00 1.694355331832101963e-01
6.500000000000547118e+00 1.631126739070695164e-01
6.600000000000548539e+00 1.599852982554963443e-01
6.700000000000549960e+00 1.600061779675312490e-01
6.800000000000551381e+00 1.630783961044675601e-01
6.900000000000552802e+00 1.690182747238007932e-01
7.000000000000554223e+00 1.774638798226800540e-01
7.100000000000555644e+00 1.877367084595691071e-01
7.200000000000557066e+00 1.986940165468888686e-01
7.300000000000558487e+00 2.086667243417836548e-01
7.400000000000559908e+00 2.156284438484370458e-01
7.500000000000561329e+00 2.176875426869332997e-01
7.600000000000562750e+00 2.137605631479951029e-01
7.700000000000564171e+00 2.040242959130357248e-01
7.800000000000565592e+00 1.898052469229105921e-01
7.900000000000567013e+00 1.729918691083537352e-01
8.000000000000568434e+00 1.553853567443828909e-01
8.100000000000569855e+00 1.383176937557019093e-01
8.200000000000571276e+00 1.225777080459008322e-01
8.300000000000572697e+00 1.085154346349437443e-01
8.400000000000574119e+00 9.619304103416642659e-02
8.500000000000575540e+00 8.551305322709851220e-02
8.600000000000576961e+00 7.630557449086772248e-02
8.700000000000578382e+00 6.837980293115369923e-02
8.800000000000579803e+00 6.155098305743610110e-02
8.900000000000581224e+00 5.565250138878564956e-02
9.000000000000582645e+00 5.053979709346274884e-02
9.100000000000584066e+00 4.609015280266078041e-02
9.200000000000585487e+00 4.220065705271979634e-02
9.300000000000586908e+00 3.878554913907723140e-02
9.400000000000588329e+00 3.577354174039796414e-02
9.500000000000589750e+00 3.310538348560188721e-02
9.600000000000591172e+00 3.073175181031222170e-02
9.700000000000592593e+00 2.861148311867653393e-02
9.800000000000594014e+00 2.671011075878497801e-02
9.900000000000595435e+00 2.499866862927369038e-02
1.000000000000059686e+01 2.345271699624192768e-02
1.010000000000059828e+01 2.205155086146529456e-02
1.020000000000059970e+01 2.077755672715232357e-02
1.030000000000060112e+01 1.961568928840953796e-02
1.040000000000060254e+01 1.855304477751016853e-02
1.050000000000060396e+01 1.757851214472817489e-02
1.060000000000060538e+01 1.668248696643651746e-02
1.070000000000060680e+01 1.585663598874715446e-02
1.080000000000060822e+01 1.509370264138616691e-02
1.090000000000060965e+01 1.438734579545876760e-02
1.100000000000061107e+01 1.373200558035810731e-02
1.110000000000061249e+01 1.312279129962930224e-02
1.120000000000061391e+01 1.255538745802115864e-02
1.130000000000061533e+01 1.202597468406794295e-02
1.140000000000061675e+01 1.153116294781936224e-02
1.150000000000061817e+01 1.106793496352112029e-02
1.160000000000061959e+01 1.063359805926268956e-02
1.170000000000062101e+01 1.022574311028457208e-02
1.180000000000062244e+01 9.842209385334310667e-03
1.190000000000062386e+01 9.481054359901677081e-03
1.200000000000062528e+01 9.140527715255322705e-03
1.210000000000062670e+01 8.819048876451070912e-03
1.220000000000062812e+01 8.515187551984109912e-03
1.230000000000062954e+01 8.227646826970459043e-03
1.240000000000063096e+01 7.955248435314194247e-03
1.250000000000063238e+01 7.696919896553469469e-03
1.260000000000063380e+01 7.451683252921990387e-03
1.270000000000063523e+01 7.218645183520654499e-03
1.280000000000063665e+01 6.996988306609722846e-03
1.290000000000063807e+01 6.785963509757736781e-03
1.300000000000063949e+01 6.584883171354149328e-03
1.310000000000064091e+01 6.393115157002879877e-03
1.320000000000064233e+01 6.210077491195437234e-03
1.330000000000064375e+01 6.035233618701511121e-03
1.340000000000064517e+01 5.868088182214558149e-03
1.350000000000064659e+01 5.708183252857606735e-03
1.360000000000064801e+01 5.555094958775647421e-03
1.370000000000064944e+01 5.408430464433707299e-03
1.380000000000065086e+01 5.267825259400328759e-03
1.390000000000065228e+01 5.132940720856271274e-03
1.400000000000065370e+01 5.003461918604090210e-03
1.410000000000065512e+01 4.879095635308250412e-03
1.420000000000065654e+01 4.759568578144081699e-03
1.430000000000065796e+01 4.644625760888831424e-03
1.440000000000065938e+01 4.534029038111778674e-03
1.450000000000066080e+01 4.427555775275068654e-03
1.460000000000066223e+01 4.324997640473397104e-03
1.470000000000066365e+01 4.226159505243614473e-03
1.480000000000066507e+01 4.130858443259380862e-03
1.490000000000066649e+01 4.038922817062003470e-03
1.500000000000066791e+01 3.950191444048845035e-03
1.510000000000066933e+01 3.864512833915966297e-03
1.520000000000067075e+01 3.781744490637555401e-03
1.530000000000067217e+01 3.701752272759605260e-03
1.540000000000067359e+01 3.624409806503906938e-03
1.550000000000067502e+01 3.549597946729657599e-03
1.560000000000067644e+01 3.477204281318293112e-03
1.570000000000067786e+01 3.407122675030739480e-03
1.580000000000067928e+01 3.339252849243883568e-03
1.590000000000068070e+01 3.273499994380327672e-03
1.600000000000068212e+01 3.209774412137533176e-03
1.610000000000068354e+01 3.147991184908655819e-03
1.620000000000068496e+01 3.088069870063829721e-03
1.630000000000068638e+01 3.029934216946650934e-03
1.640000000000068781e+01 2.973511904683621716e-03
1.650000000000068923e+01 2.918734299061944565e-03
1.660000000000069065e+01 2.865536226894629078e-03
1.670000000000069207e+01 2.813855766457075414e-03
1.680000000000069349e+01 2.763634052675276957e-03
1.690000000000069491e+01 2.714815095898316395e-03
1.700000000000069633e+01 2.667345613173469250e-03
1.710000000000069775e+01 2.621174871038702957e-03
1.720000000000069917e+01 2.576254538950475872e-03
1.730000000000070060e+01 2.532538552512272889e-03
1.740000000000070202e+01 2.489982985769950002e-03
1.750000000000070344e+01 2.448545931886039577e-03
1.760000000000070486e+01 2.408187391563706373e-03
1.770000000000070628e+01 2.368869168658184216e-03
1.780000000000070770e+01 2.330554772434642596e-03
1.790000000000070912e+01 2.293209326000974525e-03
1.800000000000071054e+01 2.256799480467958693e-03
1.810000000000071196e+01 2.221293334425672970e-03
1.820000000000071338e+01 2.186660358370629172e-03
1.830000000000071481e+01 2.152871323724625009e-03
1.840000000000071623e+01 2.119898236136608799e-03
1.850000000000071765e+01 2.087714272770158953e-03
1.860000000000071907e+01 2.056293723302435143e-03
1.870000000000072049e+01 2.025611934392680929e-03
1.880000000000072191e+01 1.995645257376853221e-03
1.890000000000072333e+01 1.966370998982864150e-03
1.900000000000072475e+01 1.937767374864963034e-03
1.910000000000072617e+01 1.909813465770968674e-03
1.920000000000072760e+01 1.882489176179723365e-03
1.930000000000072902e+01 1.855775195240349108e-03
1.940000000000073044e+01 1.829652959874437284e-03
1.950000000000073186e+01 1.804104619902264454e-03
1.960000000000073328e+01 1.779113005064189221e-03
1.970000000000073470e+01 1.754661593826442254e-03
1.980000000000073612e+01 1.730734483852478314e-03
1.990000000000073754e+01 1.707316364044908323e-03
2.000000000000073896e+01 1.684392488060608688e-03
2.010000000000074039e+01 1.661948649208444279e-03
2.020000000000074181e+01 1.639971156653264412e-03
2.030000000000074323e+01 1.618446812840760142e-03
2.040000000000074465e+01 1.597362892077533111e-03
2.050000000000074607e+01 1.576707120197001115e-03
2.060000000000074749e+01 1.556467655246528223e-03
2.070000000000074891e+01 1.536633069142646609e-03
2.080000000000075033e+01 1.517192330231902694e-03
2.090000000000075175e+01 1.498134786711546526e-03
2.100000000000075318e+01 1.479450150859943887e-03
2.110000000000075460e+01 1.461128484029930192e-03
2.120000000000075602e+01 1.443160182367862103e-03
2.130000000000075744e+01 1.425535963211886029e-03
2.140000000000075886e+01 1.408246852137286015e-03
2.150000000000076028e+01 1.391284170612206664e-03
2.160000000000076170e+01 1.374639524229415068e-03
2.170000000000076312e+01 1.358304791487857524e-03
2.180000000000076454e+01 1.342272113088839982e-03
2.190000000000076597e+01 1.326533881724190804e-03
2.200000000000076739e+01 1.311082732329163546e-03
2.210000000000076881e+01 1.295911532774549372e-03
2.220000000000077023e+01 1.281013374979463179e-03
2.230000000000077165e+01 1.266381566417746924e-03
2.240000000000077307e+01 1.252009622002025514e-03
2.250000000000077449e+01 1.237891256324933145e-03
2.260000000000077591e+01 1.224020376238301290e-03
2.270000000000077733e+01 1.210391073757209005e-03
2.280000000000077875e+01 1.196997619267760543e-03
2.290000000000078018e+01 1.183834455027349495e-03
2.300000000000078160e+01 1.170896188941835097e-03
2.310000000000078302e+01 1.158177588604991388e-03
2.320000000000078444e+01 1.145673575591016737e-03
2.330000000000078586e+01 1.133379219983335481e-03
2.340000000000078728e+01 1.121289735131837488e-03
2.350000000000078870e+01 1.109400472626554182e-03
2.360000000000079012e+01 1.097706917476509638e-03
2.370000000000079154e+01 1.086204683487305934e-03
2.380000000000079297e+01 1.074889508823953987e-03
2.390000000000079439e+01 1.063757251753521703e-03
2.400000000000079581e+01 1.052803886558260774e-03
2.410000000000079723e+01 1.042025499610432044e-03
2.420000000000079865e+01 1.031418285604413041e-03
2.430000000000080007e+01 1.020978543935073058e-03
2.440000000000080149e+01 1.010702675218742288e-03
2.450000000000080291e+01 1.000587177949432364e-03
2.460000000000080433e+01 9.906286452833884797e-04
2.470000000000080576e+01 9.808237619490221305e-04
2.480000000000080718e+01 9.711693012731082656e-04
2.490000000000080860e+01 9.616621223208583671e-04
2.500000000000081002e+01 9.522991671440193123e-04
2.510000000000081144e+01 9.430774581315000318e-04
2.520000000000081286e+01 9.339940954606312101e-04
2.530000000000081428e+01 9.250462546414292596e-04
2.540000000000081570e+01 9.162311841523966636e-04
2.550000000000081712e+01 9.075462031631634447e-04
2.560000000000081855e+01 8.989886993395431770e-04
2.570000000000081997e+01 8.905561267298934278e-04
2.580000000000082139e+01 8.822460037263066398e-04
2.590000000000082281e+01 8.740559110998487704e-04
2.600000000000082423e+01 8.659834901060252822e-04
2.610000000000082565e+01 8.580264406568861033e-04
2.620000000000082707e+01 8.501825195592250693e-04
2.630000000000082849e+01 8.424495388133220819e-04
2.640000000000082991e+01 8.348253639719398038e-04
2.650000000000083134e+01 8.273079125564412190e-04
2.660000000000083276e+01 8.198951525270858605e-04
2.670000000000083418e+01 8.125851008073734080e-04
2.680000000000083560e+01 8.053758218576253505e-04
2.690000000000083702e+01 7.982654262978764901e-04
2.700000000000083844e+01 7.912520695774776696e-04
2.710000000000083986e+01 7.843339506889748227e-04
2.720000000000084128e+01 7.775093109264368451e-04
2.730000000000084270e+01 7.707764326840224351e-04
2.740000000000084412e+01 7.641336382951146363e-04
2.750000000000084555e+01 7.575792889098552189e-04
2.760000000000084697e+01 7.511117834090377809e-04
2.770000000000084839e+01 7.447295573547553027e-04
2.780000000000084981e+01 7.384310819740808485e-04
2.790000000000085123e+01 7.322148631762979282e-04
2.800000000000085265e+01 7.260794406018509280e-04
2.810000000000085407e+01 7.200233867012927058e-04
2.820000000000085549e+01 7.140453058447796897e-04
2.830000000000085691e+01 7.081438334588032206e-04
2.840000000000085834e+01 7.023176351908028874e-04
2.850000000000085976e+01 6.965654061001019066e-04
2.860000000000086118e+01 6.908858698737031486e-04
2.870000000000086260e+01 6.852777780675978507e-04
2.880000000000086402e+01 6.797399093706233504e-04
2.890000000000086544e+01 6.742710688915999400e-04
2.900000000000086686e+01 6.688700874684085041e-04
2.910000000000086828e+01 6.635358209977570108e-04
2.920000000000086970e+01 6.582671497863570691e-04
2.930000000000087113e+01 6.530629779208389687e-04
2.940000000000087255e+01 6.479222326571908164e-04
2.950000000000087397e+01 6.428438638285647070e-04
2.960000000000087539e+01 6.378268432703654029e-04
2.970000000000087681e+01 6.328701642633926053e-04
2.980000000000087823e+01 6.279728409926064710e-04
2.990000000000087965e+01 6.231339080223417771e-04
3.000000000000088107e+01 6.183524197869577632e-04
3.010000000000088249e+01 6.136274500959801792e-04
3.020000000000088392e+01 6.089580916545330770e-04
3.030000000000088534e+01 6.043434555968401180e-04
3.040000000000088676e+01 5.997826710336415061e-04
3.050000000000088818e+01 5.952748846126331653e-04
3.060000000000088960e+01 5.908192600911003727e-04
3.070000000000089102e+01 5.864149779215561790e-04
3.080000000000089244e+01 5.820612348483495714e-04
3.090000000000089386e+01 5.777572435160878601e-04
3.100000000000089528e+01 5.735022320890919081e-04
3.110000000000089670e+01 5.692954438811418478e-04
3.120000000000089813e+01 5.651361369963340273e-04
3.130000000000089955e+01 5.610235839791673359e-04
3.140000000000090097e+01 5.569570714747044786e-04
3.150000000000090239e+01 5.529358998981059609e-04
3.160000000000090381e+01 5.489593831128827947e-04
3.170000000000090523e+01 5.450268481186759792e-04
3.180000000000090665e+01 5.411376347468238070e-04
3.190000000000090807e+01 5.372910953645508537e-04
