-3.200000000000000000e+01 5.290773826536148252e-04
-3.189999999999999858e+01 5.333794555513980944e-04
-3.179999999999999716e+01 5.377399250690540963e-04
-3.169999999999999574e+01 5.421599274602898399e-04
-3.159999999999999432e+01 5.466406278637542986e-04
-3.149999999999999289e+01 5.511832212078758130e-04
-3.139999999999999147e+01 5.557889331486709494e-04
-3.129999999999999005e+01 5.604590210429735925e-04
-3.119999999999998863e+01 5.651947749582000250e-04
-3.109999999999998721e+01 5.699975187197943698e-04
-3.099999999999998579e+01 5.748686109990890775e-04
-3.089999999999998437e+01 5.798094464420276923e-04
-3.079999999999998295e+01 5.848214568416670520e-04
-3.069999999999998153e+01 5.899061123559532762e-04
-3.059999999999998010e+01 5.950649227723213029e-04
-3.049999999999997868e+01 6.002994388223880338e-04
-3.039999999999997726e+01 6.056112535475776130e-04
-3.029999999999997584e+01 6.110020037191848203e-04
-3.019999999999997442e+01 6.164733713148825732e-04
-3.009999999999997300e+01 6.220270850537583471e-04
-2.999999999999997158e+01 6.276649219938392399e-04
-2.989999999999997016e+01 6.333887091934795781e-04
-2.979999999999996874e+01 6.392003254408783804e-04
-2.969999999999996732e+01 6.451017030544179895e-04
-2.959999999999996589e+01 6.510948297566176469e-04
-2.949999999999996447e+01 6.571817506265694277e-04
-2.939999999999996305e+01 6.633645701329558744e-04
-2.929999999999996163e+01 6.696454542529128081e-04
-2.919999999999996021e+01 6.760266326803518293e-04
-2.909999999999995879e+01 6.825104011274941724e-04
-2.899999999999995737e+01 6.890991237256674984e-04
-2.889999999999995595e+01 6.957952355284700201e-04
-2.879999999999995453e+01 7.026012451238862130e-04
-2.869999999999995310e+01 7.095197373602009274e-04
-2.859999999999995168e+01 7.165533761907827166e-04
-2.849999999999995026e+01 7.237049076453525758e-04
-2.839999999999994884e+01 7.309771629322312425e-04
-2.829999999999994742e+01 7.383730616799130892e-04
-2.819999999999994600e+01 7.458956153245002284e-04
-2.809999999999994458e+01 7.535479306498663347e-04
-2.799999999999994316e+01 7.613332134902704891e-04
-2.789999999999994174e+01 7.692547726018502579e-04
-2.779999999999994031e+01 7.773160237137128606e-04
-2.769999999999993889e+01 7.855204937674930936e-04
-2.759999999999993747e+01 7.938718253547216632e-04
-2.749999999999993605e+01 8.023737813645858774e-04
-2.739999999999993463e+01 8.110302498512265328e-04
-2.729999999999993321e+01 8.198452491345257619e-04
-2.719999999999993179e+01 8.288229331464977900e-04
-2.709999999999993037e+01 8.379675970360778115e-04
-2.699999999999992895e+01 8.472836830488325545e-04
-2.689999999999992752e+01 8.567757866945519994e-04
-2.679999999999992610e+01 8.664486632211728821e-04
-2.669999999999992468e+01 8.763072344116841798e-04
-2.659999999999992326e+01 8.863565957216762350e-04
-2.649999999999992184e+01 8.966020237795503016e-04
-2.639999999999992042e+01 9.070489842677805946e-04
-2.629999999999991900e+01 9.177031402099747803e-04
-2.619999999999991758e+01 9.285703606868347644e-04
-2.609999999999991616e+01 9.396567300056014090e-04
-2.599999999999991473e+01 9.509685573527551549e-04
-2.589999999999991331e+01 9.625123869561909426e-04
-2.579999999999991189e+01 9.742950087905387401e-04
-2.569999999999991047e+01 9.863234698580171812e-04
-2.559999999999990905e+01 9.986050860794749937e-04
-2.549999999999990763e+01 1.011147454835722038e-03
-2.539999999999990621e+01 1.023958468199112236e-03
-2.529999999999990479e+01 1.037046326897973119e-03
-2.519999999999990337e+01 1.050419555063713661e-03
-2.509999999999990195e+01 1.064087015807467116e-03
-2.499999999999990052e+01 1.078057927683210952e-03
-2.489999999999989910e+01 1.092341882094255640e-03
-2.479999999999989768e+01 1.106948861704067869e-03
-2.469999999999989626e+01 1.121889259921630922e-03
-2.459999999999989484e+01 1.137173901529483014e-03
-2.449999999999989342e+01 1.152814064535215332e-03
-2.439999999999989200e+01 1.168821503328652854e-03
-2.429999999999989058e+01 1.185208473233144389e-03
-2.419999999999988916e+01 1.201987756551539362e-03
-2.409999999999988773e+01 1.219172690207067419e-03
-2.399999999999988631e+01 1.236777195095696644e-03
-2.389999999999988489e+01 1.254815807270516764e-03
-2.379999999999988347e+01 1.273303711088274136e-03
-2.369999999999988205e+01 1.292256774464702745e-03
-2.359999999999988063e+01 1.311691586388018466e-03
-2.349999999999987921e+01 1.331625496861849750e-03
-2.339999999999987779e+01 1.352076659457159685e-03
-2.329999999999987637e+01 1.373064076667696075e-03
-2.319999999999987494e+01 1.394607648286824361e-03
-2.309999999999987352e+01 1.416728223031787828e-03
-2.299999999999987210e+01 1.439447653671852923e-03
-2.289999999999987068e+01 1.462788855932462733e-03
-2.279999999999986926e+01 1.486775871471405748e-03
-2.269999999999986784e+01 1.511433935257165510e-03
-2.259999999999986642e+01 1.536789547697391123e-03
-2.249999999999986500e+01 1.562870551909508170e-03
-2.239999999999986358e+01 1.589706216553804594e-03
-2.229999999999986215e+01 1.617327324688195385e-03
-2.219999999999986073e+01 1.645766269155920320e-03
-2.209999999999985931e+01 1.675057155052140376e-03
-2.199999999999985789e+01 1.705235909882066433e-03
-2.189999999999985647e+01 1.736340402073712494e-03
-2.179999999999985505e+01 1.768410568573067958e-03
-2.169999999999985363e+01 1.801488552331995422e-03
-2.159999999999985221e+01 1.835618850564226705e-03
-2.149999999999985079e+01 1.870848474750124455e-03
-2.139999999999984936e+01 1.907227123460931853e-03
-2.129999999999984794e+01 1.944807369183771881e-03
-2.119999999999984652e+01 1.983644860464569507e-03
-2.109999999999984510e+01 2.023798540806840546e-03
-2.099999999999984368e+01 2.065330885937952110e-03
-2.089999999999984226e+01 2.108308161217096674e-03
-2.079999999999984084e+01 2.152800701153511839e-03
-2.069999999999983942e+01 2.198883213236618034e-03
-2.059999999999983800e+01 2.246635108504945778e-03
-2.049999999999983658e+01 2.296140861580178629e-03
-2.039999999999983515e+01 2.347490403192349119e-03
-2.029999999999983373e+01 2.400779548574772868e-03
-2.019999999999983231e+01 2.456110465523882527e-03
-2.009999999999983089e+01 2.513592186346660581e-03
-1.999999999999982947e+01 2.573341168458224623e-03
-1.989999999999982805e+01 2.635481908959899817e-03
-1.979999999999982663e+01 2.700147619190954116e-03
-1.969999999999982521e+01 2.767480966024310571e-03
-1.959999999999982379e+01 2.837634887510013301e-03
-1.949999999999982236e+01 2.910773491489961323e-03
-1.939999999999982094e+01 2.987073046920090021e-03
-1.929999999999981952e+01 3.066723078933371056e-03
-1.919999999999981810e+01 3.149927580194988256e-03
-1.909999999999981668e+01 3.236906352783213998e-03
-1.899999999999981526e+01 3.327896496852878177e-03
-1.889999999999981384e+01 3.423154064609200235e-03
-1.879999999999981242e+01 3.522955900775593795e-03
-1.869999999999981100e+01 3.627601693855818984e-03
-1.859999999999980957e+01 3.737416266033629503e-03
-1.849999999999980815e+01 3.852752133786589532e-03
-1.839999999999980673e+01 3.973992376151109368e-03
-1.829999999999980531e+01 4.101553853298665203e-03
-1.819999999999980389e+01 4.235890824843781786e-03
-1.809999999999980247e+01 4.377499025152541481e-03
-1.799999999999980105e+01 4.526920262309018506e-03
-1.789999999999979963e+01 4.684747618387856069e-03
-1.779999999999979821e+01 4.851631341749535267e-03
-1.769999999999979678e+01 5.028285537664040419e-03
-1.759999999999979536e+01 5.215495782008127204e-03
-1.749999999999979394e+01 5.414127804990380259e-03
-1.739999999999979252e+01 5.625137418328978768e-03
-1.729999999999979110e+01 5.849581891172396693e-03
-1.719999999999978968e+01 6.088633018540849824e-03
-1.709999999999978826e+01 6.343592172411943557e-03
-1.699999999999978684e+01 6.615907682012358779e-03
-1.689999999999978542e+01 6.907194958339770569e-03
-1.679999999999978400e+01 7.219259861555631964e-03
-1.669999999999978257e+01 7.554125912364938016e-03
-1.659999999999978115e+01 7.914066074099964862e-03
-1.649999999999977973e+01 8.301639987312293967e-03
-1.639999999999977831e+01 8.719737730115608570e-03
-1.629999999999977689e+01 9.171631415016003736e-03
-1.619999999999977547e+01 9.661036228557448591e-03
-1.609999999999977405e+01 1.019218288854649608e-02
-1.599999999999977263e+01 1.076990395509898682e-02
-1.589999999999977121e+01 1.139973701028092028e-02
-1.579999999999976978e+01 1.208804844863963987e-02
-1.569999999999976836e+01 1.284218253748959683e-02
-1.559999999999976694e+01 1.367064156091630546e-02
-1.549999999999976552e+01 1.458330431876291890e-02
-1.539999999999976410e+01 1.559169208667932419e-02
-1.529999999999976268e+01 1.670929344711395009e-02
-1.519999999999976126e+01 1.795196227678461792e-02
-1.509999999999975984e+01 1.933840672789567325e-02
-1.499999999999975842e+01 2.089079135606456555e-02
-1.489999999999975699e+01 2.263547964457059483e-02
-1.479999999999975557e+01 2.460394990768879561e-02
-1.469999999999975415e+01 2.683392342653214552e-02
-1.459999999999975273e+01 2.937074846146163487e-02
-1.449999999999975131e+01 3.226908488859442370e-02
-1.439999999999974989e+01 3.559492636218976325e-02
-1.429999999999974847e+01 3.942796992707883752e-02
-1.419999999999974705e+01 4.386427774260141105e-02
-1.409999999999974563e+01 4.901903695911949410e-02
-1.399999999999974420e+01 5.502894957946425497e-02
-1.389999999999974278e+01 6.205326862895353679e-02
-1.379999999999974136e+01 7.027157314809136246e-02
-1.369999999999973994e+01 7.987481322012181251e-02
-1.359999999999973852e+01 9.104374233172554676e-02
-1.349999999999973710e+01 1.039056957487804467e-01
-1.339999999999973568e+01 1.184580533100231814e-01
-1.329999999999973426e+01 1.344488441719201566e-01
-1.319999999999973284e+01 1.512209969193297754e-01
-1.309999999999973141e+01 1.675689428915048407e-01
-1.299999999999972999e+01 1.817229846582830988e-01
-1.289999999999972857e+01 1.916152518916824643e-01
-1.279999999999972715e+01 1.954787480867963556e-01
-1.269999999999972573e+01 1.925486884856266456e-01
-1.259999999999972431e+01 1.834124840497310949e-01
-1.249999999999972289e+01 1.697385665795917431e-01
-1.239999999999972147e+01 1.535952266548558376e-01
-1.229999999999972005e+01 1.368165280108559201e-01
-1.219999999999971863e+01 1.206890374494732493e-01
-1.209999999999971720e+01 1.059377457453132554e-01
-1.199999999999971578e+01 9.286036424773551345e-02
-1.189999999999971436e+01 8.148558261034276329e-02
-1.179999999999971294e+01 7.169844385202651937e-02
-1.169999999999971152e+01 6.332234134823011562e-02
-1.159999999999971010e+01 5.616607916792105970e-02
-1.149999999999970868e+01 5.004779380800480210e-02
-1.139999999999970726e+01 4.480522246035210238e-02
-1.129999999999970584e+01 4.029859951022461001e-02
-1.119999999999970441e+01 3.640992675241426502e-02
-1.109999999999970299e+01 3.304069514935302487e-02
-1.099999999999970157e+01 3.010913952152623196e-02
-1.089999999999970015e+01 2.754754759019561322e-02
-1.079999999999969873e+01 2.529984501194164348e-02
-1.069999999999969731e+01 2.331952532966351244e-02
-1.059999999999969589e+01 2.156792100492153572e-02
-1.049999999999969447e+01 2.001278087941453857e-02
-1.039999999999969305e+01 1.862710969989838164e-02
-1.029999999999969162e+01 1.738822561120060076e-02
-1.019999999999969020e+01 1.627699600488130907e-02
-1.009999999999968878e+01 1.527721792821906850e-02
-9.999999999999687361e+00 1.437511505078869004e-02
-9.899999999999685940e+00 1.355892838358719113e-02
-9.799999999999684519e+00 1.281858236957323510e-02
-9.699999999999683098e+00 1.214541161637387214e-02
-9.599999999999681677e+00 1.153193650407422638e-02
-9.499999999999680256e+00 1.097167827673694446e-02
-9.399999999999678835e+00 1.045900611959351030e-02
-9.299999999999677414e+00 9.989010228025030705e-03
-9.199999999999675993e+00 9.557396066830326983e-03
-9.099999999999674571e+00 9.160395964329780955e-03
-8.999999999999673150e+00 8.794694936645549785e-03
-8.899999999999671729e+00 8.457368234380742075e-03
-8.799999999999670308e+00 8.145828579856465718e-03
-8.699999999999668887e+00 7.857781442936065744e-03
-8.599999999999667466e+00 7.591187008085369288e-03
-8.499999999999666045e+00 7.344227729973847908e-03
-8.399999999999664624e+00 7.115280572059934881e-03
-8.299999999999663203e+00 6.902893182215546694e-03
-8.199999999999661782e+00 6.705763388684972230e-03
-8.099999999999660361e+00 6.522721505049476620e-03
-7.999999999999658939e+00 6.352715018825430895e-03
-7.899999999999657518e+00 6.194795308684767320e-03
-7.799999999999656097e+00 6.048106093242223112e-03
-7.699999999999654676e+00 5.911873361959076208e-03
-7.599999999999653255e+00 5.785396578208629355e-03
-7.499999999999651834e+00 5.668040977247460095e-03
-7.399999999999650413e+00 5.559230809003681828e-03
-7.299999999999648992e+00 5.458443398355108771e-03
-7.199999999999647571e+00 5.365203914498010984e-03
-7.099999999999646150e+00 5.279080756981754420e-03
-6.999999999999644729e+00 5.199681479385571438e-03
-6.899999999999643308e+00 5.126649182898196204e-03
-6.799999999999641886e+00 5.059659321674281167e-03
-6.699999999999640465e+00 4.998416869916392710e-03
-6.599999999999639044e+00 4.942653807563758897e-03
-6.499999999999637623e+00 4.892126887353258693e-03
-6.399999999999636202e+00 4.846615651036844524e-03
-6.299999999999634781e+00 4.805920666886415865e-03
-6.199999999999633360e+00 4.769861964303582537e-03
-6.099999999999631939e+00 4.738277644573221127e-03
-5.999999999999630518e+00 4.711022649567876523e-03
-5.899999999999629097e+00 4.687967672606549799e-03
-5.799999999999627676e+00 4.668998197783815092e-03
-5.699999999999626255e+00 4.654013655903301537e-03
-5.599999999999624833e+00 4.642926686770760397e-03
-5.499999999999623412e+00 4.635662499021166866e-03
-5.399999999999621991e+00 4.632158319913908667e-03
-5.299999999999620570e+00 4.632362928664264523e-03
-5.199999999999619149e+00 4.636236267889858910e-03
-5.099999999999617728e+00 4.643749128676693400e-03
-4.999999999999616307e+00 4.654882905611813781e-03
-4.899999999999614886e+00 4.669629418915550480e-03
-4.799999999999613465e+00 4.687990801537263164e-03
-4.699999999999612044e+00 4.709979449780777282e-03
-4.599999999999610623e+00 4.735618036696912468e-03
-4.499999999999609201e+00 4.764939588137104276e-03
-4.399999999999607780e+00 4.797987622026350651e-03
-4.299999999999606359e+00 4.834816352063709376e-03
-4.199999999999604938e+00 4.875490957751776877e-03
-4.099999999999603517e+00 4.920087923356935254e-03
-3.999999999999602096e+00 4.968695449147701206e-03
-3.899999999999600675e+00 5.021413939073219972e-03
-3.799999999999599254e+00 5.078356569888043889e-03
-3.699999999999597833e+00 5.139649947698721189e-03
-3.599999999999596412e+00 5.205434858938366716e-03
-3.499999999999594991e+00 5.275867123933483324e-03
-3.399999999999593570e+00 5.351118562548362254e-03
-3.299999999999592148e+00 5.431378082823653045e-03
-3.199999999999590727e+00 5.516852905215891868e-03
-3.099999999999589306e+00 5.607769936908780888e-03
-2.999999999999587885e+00 5.704377312815222568e-03
-2.899999999999586464e+00 5.806946122384823092e-03
-2.799999999999585043e+00 5.915772344123055269e-03
-2.699999999999583622e+00 6.031179013046701100e-03
-2.599999999999582201e+00 6.153518650058587870e-03
-2.499999999999580780e+00 6.283175986614195074e-03
-2.399999999999579359e+00 6.420571023204985593e-03
-2.299999999999577938e+00 6.566162466087664511e-03
-2.199999999999576517e+00 6.720451593728114965e-03
-2.099999999999575095e+00 6.883986612574166664e-03
-1.999999999999573674e+00 7.057367571388206869e-03
-1.899999999999572253e+00 7.241251914768390141e-03
-1.799999999999570832e+00 7.436360769816833909e-03
-1.699999999999569411e+00 7.643486075891547937e-03
-1.599999999999567990e+00 7.863498686219820566e-03
-1.499999999999566569e+00 8.097357592658139050e-03
-1.399999999999565148e+00 8.346120451864218193e-03
-1.299999999999563727e+00 8.610955623291387251e-03
-1.199999999999562306e+00 8.893155968299861977e-03
-1.099999999999560885e+00 9.194154706359524212e-03
-9.999999999995594635e-01 9.515543680843428082e-03
-8.999999999995580424e-01 9.859094455592179104e-03
-7.999999999995566213e-01 1.022678274674097658e-02
-6.999999999995552002e-01 1.062081679634084563e-02
-5.999999999995537792e-01 1.104367041899454414e-02
-4.999999999995523581e-01 1.149812160602589617e-02
-3.999999999995509370e-01 1.198729776082250661e-02
-2.999999999995495159e-01 1.251472887248751380e-02
-1.999999999995480948e-01 1.308441022508039300e-02
-9.999999999954667373e-02 1.370087660039793001e-02
4.547473508864641190e-13 1.436929038256813153e-02
1.000000000004561684e-01 1.509554653656546355e-02
2.000000000004575895e-01 1.588639813999168787e-02
3.000000000004590106e-01 1.674960703702589940e-02
4.000000000004604317e-01 1.769412530435958072e-02
5.000000000004618528e-01 1.873031463161623292e-02
6.000000000004632739e-01 1.987021250086598231e-02
7.000000000004646949e-01 2.112785629283903815e-02
8.000000000004661160e-01 2.251967926186826743e-02
9.000000000004675371e-01 2.406499583052385677e-02
1.000000000000468958e+00 2.578659798037225004e-02
1.100000000000470379e+00 2.771148975443657805e-02
1.200000000000471800e+00 2.987179304080684120e-02
1.300000000000473221e+00 3.230586466192830047e-02
1.400000000000474643e+00 3.505967167161552767e-02
1.500000000000476064e+00 3.818847704631241069e-02
1.600000000000477485e+00 4.175888822848085324e-02
1.700000000000478906e+00 4.585130938226252700e-02
1.800000000000480327e+00 5.056280154805604943e-02
1.900000000000481748e+00 5.601026838748556641e-02
2.000000000000483169e+00 6.233370376268159568e-02
2.100000000000484590e+00 6.969888133585588896e-02
2.200000000000486011e+00 7.829820148242959410e-02
2.300000000000487432e+00 8.834722807356548691e-02
2.400000000000488853e+00 1.000724691615218626e-01
2.500000000000490274e+00 1.136829490788832525e-01
2.600000000000491696e+00 1.293143287796223173e-01
2.700000000000493117e+00 1.469316152446128732e-01
2.800000000000494538e+00 1.661805455360719219e-01
2.900000000000495959e+00 1.862002980623352066e-01
3.000000000000497380e+00 2.054652341766453894e-01
3.100000000000498801e+00 2.218033102415442326e-01
3.200000000000500222e+00 2.327692840389845585e-01
3.300000000000501643e+00 2.363965092506838117e-01
3.400000000000503064e+00 2.320011915579955064e-01
3.500000000000504485e+00 2.204985785973705703e-01
3.600000000000505906e+00 2.039847645930418785e-01
3.700000000000507328e+00 1.849063301922669877e-01
3.800000000000508749e+00 1.653539255280033204e-01
3.900000000000510170e+00 1.467503395089487239e-01
4.000000000000511591e+00 1.298705787520120780e-01
4.100000000000513012e+00 1.150119359517995654e-01
4.200000000000514433e+00 1.021780616259794078e-01
4.300000000000515854e+00 9.121987023623223667e-02
4.400000000000517275e+00 8.192579783778551616e-02
4.500000000000518696e+00 7.407275251994052678e-02
4.600000000000520117e+00 6.745154141229731115e-02
4.700000000000521538e+00 6.187744418088368670e-02
4.800000000000522959e+00 5.719287050546694590e-02
4.900000000000524381e+00 5.326619118540191350e-02
5.000000000000525802e+00 4.998899214040895822e-02
5.100000000000527223e+00 4.727291240984597687e-02
5.200000000000528644e+00 4.504662061763619468e-02
5.300000000000530065e+00 4.325316228207269631e-02
5.400000000000531486e+00 4.184774823988712117e-02
5.500000000000532907e+00 4.079597903684122756e-02
5.600000000000534328e+00 4.007247016358551905e-02
5.700000000000535749e+00 3.965983601638012335e-02
5.800000000000537170e+00 3.954799454754970994e-02
5.900000000000538591e+00 3.973376367131773584e-02
6.000000000000540012e+00 4.022073166094389945e-02
6.100000000000541434e+00 4.101939568719160933e-02
6.200000000000542855e+00 4.214757474773444396e-02
6.300000000000544276e+00 4.363111518868498240e-02
6.400000000000545697e+00 4.550491827282795304e-02
6.500000000000547118e+00 4.781432849635507826e-02
6.600000000000548539e+00 5.061692568759302430e-02
6.700000000000549960e+00 5.398475732719117820e-02
6.800000000000551381e+00 5.800701823068051682e-02
6.900000000000552802e+00 6.279311044069693648e-02
7.000000000000554223e+00 6.847585593001241644e-02
7.100000000000555644e+00 7.521431566168378102e-02
7.200000000000557066e+00 8.319506659213937727e-02
7.300000000000558487e+00 9.262970645998207242e-02
7.400000000000559908e+00 1.037445221322374211e-01
7.500000000000561329e+00 1.167554075211440501e-01
7.600000000000562750e+00 1.318173500868635439e-01
7.700000000000564171e+00 1.489345656710449883e-01
7.800000000000565592e+00 1.678194850563127227e-01
7.900000000000567013e+00 1.877070289597586872e-01
8.000000000000568434e+00 2.071796993483931704e-01
8.100000000000569855e+00 2.241384765149262992e-01
8.200000000000571276e+00 2.361045064618860490e-01
8.300000000000572697e+00 2.409235815517117019e-01
8.400000000000574119e+00 2.376128056728293025e-01
8.500000000000575540e+00 2.268085792207261420e-01
8.600000000000576961e+00 2.104718293400738571e-01
8.700000000000578382e+00 1.910806130128363256e-01
8.800000000000579803e+00 1.708575379188465582e-01
8.900000000000581224e+00 1.513760392891302098e-01
9.000000000000582645e+00 1.335316364093044605e-01
9.100000000000584066e+00 1.176990807878062900e-01
9.200000000000585487e+00 1.039229161513325755e-01
9.300000000000586908e+00 9.207009263135876309e-02
9.400000000000588329e+00 8.193042374118207627e-02
9.500000000000589750e+00 7.327453452951623869e-02
9.600000000000591172e+00 6.588348346848091341e-02
9.700000000000592593e+00 5.956160084660537535e-02
9.800000000000594014e+00 5.414023257711197967e-02
9.900000000000595435e+00 4.947699040636949208e-02
1.000000000000059686e+01 4.545306802978379968e-02
1.010000000000059828e+01 4.196995897344971138e-02
1.020000000000059970e+01 3.894622291160560607e-02
1.030000000000060112e+01 3.631457740112868648e-02
1.040000000000060254e+01 3.401940326309550733e-02
1.050000000000060396e+01 3.201466160976608466e-02
1.060000000000060538e+01 3.026218204770327741e-02
1.070000000000060680e+01 2.873026922584765580e-02
1.080000000000060822e+01 2.739257492708811748e-02
1.090000000000060965e+01 2.622718820470549758e-02
1.100000000000061107e+01 2.521590308034267480e-02
1.110000000000061249e+01 2.434363036406710437e-02
1.120000000000061391e+01 2.359792652243826797e-02
1.130000000000061533e+01 2.296861797990078224e-02
1.140000000000061675e+01 2.244750379604110863e-02
1.150000000000061817e+01 2.202812341769000079e-02
1.160000000000061959e+01 2.170557929228524030e-02
1.170000000000062101e+01 2.147640668397311423e-02
1.180000000000062244e+01 2.133848518087347670e-02
1.190000000000062386e+01 2.129098823288424341e-02
1.200000000000062528e+01 2.133436871402739909e-02
1.210000000000062670e+01 2.147038005147402367e-02
1.220000000000062812e+01 2.170213399031220569e-02
1.230000000000062954e+01 2.203419765206955649e-02
1.240000000000063096e+01 2.247273428253520125e-02
1.250000000000063238e+01 2.302569406275870728e-02
1.260000000000063380e+01 2.370306367805317602e-02
1.270000000000063523e+01 2.451718611355763189e-02
1.280000000000063665e+01 2.548316548703313464e-02
1.290000000000063807e+01 2.661937574704536721e-02
1.300000000000063949e+01 2.794809682207783155e-02
1.310000000000064091e+01 2.949630726177073295e-02
1.320000000000064233e+01 3.129666827724140316e-02
1.330000000000064375e+01 3.338873957349447474e-02
1.340000000000064517e+01 3.582047068672410128e-02
1.350000000000064659e+01 3.865000899189263706e-02
1.360000000000064801e+01 4.194784984130229405e-02
1.370000000000064944e+01 4.579931153547976697e-02
1.380000000000065086e+01 5.030722222860909559e-02
1.390000000000065228e+01 5.559451094565120988e-02
1.400000000000065370e+01 6.180601979675987012e-02
1.410000000000065512e+01 6.910816631205449201e-02
1.420000000000065654e+01 7.768388580426541234e-02
1.430000000000065796e+01 8.771833783987158240e-02
1.440000000000065938e+01 9.936805960719366504e-02
1.450000000000066080e+01 1.127031421951316115e-01
1.460000000000066223e+01 1.276110655620087964e-01
1.470000000000066365e+01 1.436585316543421698e-01
1.480000000000066507e+01 1.599353790693100463e-01
1.490000000000066649e+01 1.749608719445953642e-01
1.500000000000066791e+01 1.867946434402311118e-01
1.510000000000066933e+01 1.934750277066891455e-01
1.520000000000067075e+01 1.937062015251338476e-01
1.530000000000067217e+01 1.874218794803244603e-01
1.540000000000067359e+01 1.758161747595117508e-01
1.550000000000067502e+01 1.608172684368797400e-01
1.560000000000067644e+01 1.443920628675515183e-01
1.570000000000067786e+01 1.280752496735670931e-01
1.580000000000067928e+01 1.128301511703476007e-01
1.590000000000068070e+01 9.912942694950804823e-02
1.600000000000068212e+01 8.710972527097723961e-02
1.610000000000068354e+01 7.671333982192769796e-02
1.620000000000068496e+01 6.778855981188869340e-02
1.630000000000068638e+01 6.015075954069438319e-02
1.640000000000068781e+01 5.361536999340629078e-02
1.650000000000068923e+01 4.801340972480220431e-02
1.660000000000069065e+01 4.319720136662259097e-02
1.670000000000069207e+01 3.904102648209776399e-02
1.680000000000069349e+01 3.543944213833837703e-02
1.690000000000069491e+01 3.230472096963779571e-02
1.700000000000069633e+01 2.956414823050690019e-02
1.710000000000069775e+01 2.715751052031021434e-02
1.720000000000069917e+01 2.503490258428520826e-02
1.730000000000070060e+01 2.315487575827617633e-02
1.740000000000070202e+01 2.148290506169286962e-02
1.750000000000070344e+01 1.999013431436718127e-02
1.760000000000070486e+01 1.865235517376971977e-02
1.770000000000070628e+01 1.744917888362826699e-02
1.780000000000070770e+01 1.636336483253151772e-02
1.790000000000070912e+01 1.538027581187271717e-02
1.800000000000071054e+01 1.448743527451503733e-02
1.810000000000071196e+01 1.367416660092791308e-02
1.820000000000071338e+01 1.293129831348958751e-02
1.830000000000071481e+01 1.225092239466910558e-02
1.840000000000071623e+01 1.162619545464179359e-02
1.850000000000071765e+01 1.105117456408141047e-02
1.860000000000071907e+01 1.052068121406266911e-02
1.870000000000072049e+01 1.003018817107159504e-02
1.880000000000072191e+01 9.575725031195931464e-03
1.890000000000072333e+01 9.153799099032237929e-03
1.900000000000072475e+01 8.761328869860720431e-03
1.910000000000072617e+01 8.395587913262668109e-03
1.920000000000072760e+01 8.054157370863368817e-03
1.930000000000072902e+01 7.734885612808204726e-03
1.940000000000073044e+01 7.435853863557923167e-03
1.950000000000073186e+01 7.155346821942392549e-03
1.960000000000073328e+01 6.891827473359618539e-03
1.970000000000073470e+01 6.643915432015517347e-03
1.980000000000073612e+01 6.410368265082504180e-03
1.990000000000073754e+01 6.190065343320898424e-03
2.000000000000073896e+01 5.981993838697117517e-03
2.010000000000074039e+01 5.785236551794255278e-03
2.020000000000074181e+01 5.598961302997454773e-03
2.030000000000074323e+01 5.422411663853951222e-03
2.040000000000074465e+01 5.254898839942743864e-03
2.050000000000074607e+01 5.095794545757471178e-03
2.060000000000074749e+01 4.944524736340666880e-03
2.070000000000074891e+01 4.800564080608914728e-03
2.080000000000075033e+01 4.663431078353440055e-03
2.090000000000075175e+01 4.532683737072137724e-03
2.100000000000075318e+01 4.407915736842824700e-03
2.110000000000075460e+01 4.288753021578181265e-03
2.120000000000075602e+01 4.174850763544852260e-03
2.130000000000075744e+01 4.065890655374715390e-03
2.140000000000075886e+01 3.961578489930291970e-03
2.150000000000076028e+01 3.861641993709921932e-03
2.160000000000076170e+01 3.765828883991100082e-03
2.170000000000076312e+01 3.673905123747834775e-03
2.180000000000076454e+01 3.585653351749972743e-03
2.190000000000076597e+01 3.500871468060574691e-03
2.200000000000076739e+01 3.419371357643469569e-03
2.210000000000076881e+01 3.340977736919275784e-03
2.220000000000077023e+01 3.265527109925275753e-03
2.230000000000077165e+01 3.192866822373929304e-03
2.240000000000077307e+01 3.122854203253077558e-03
2.250000000000077449e+01 3.055355784846181585e-03
2.260000000000077591e+01 2.990246593103432476e-03
2.270000000000077733e+01 2.927409501194727388e-03
2.280000000000077875e+01 2.866734639915778909e-03
2.290000000000078018e+01 2.808118859291950167e-03
2.300000000000078160e+01 2.751465236366758445e-03
2.310000000000078302e+01 2.696682624706351478e-03
2.320000000000078444e+01 2.643685241614336830e-03
2.330000000000078586e+01 2.592392289504117514e-03
2.340000000000078728e+01 2.542727608222543779e-03
2.350000000000078870e+01 2.494619355468561707e-03
2.360000000000079012e+01 2.447999712743202747e-03
2.370000000000079154e+01 2.402804614512972330e-03
2.380000000000079297e+01 2.358973498524610801e-03
2.390000000000079439e+01 2.316449075391479023e-03
2.400000000000079581e+01 2.275177115770952475e-03
2.410000000000079723e+01 2.235106253615112577e-03
2.420000000000079865e+01 2.196187804110422831e-03
2.430000000000080007e+01 2.158375595073750396e-03
2.440000000000080149e+01 2.121625810668745487e-03
2.450000000000080291e+01 2.085896846424928688e-03
2.460000000000080433e+01 2.051149174635327407e-03
2.470000000000080576e+01 2.017345219281995589e-03
2.480000000000080718e+01 1.984449239732929363e-03
2.490000000000080860e+01 1.952427222504736059e-03
2.500000000000081002e+01 1.921246780458741405e-03
2.510000000000081144e+01 1.890877058853390920e-03
2.520000000000081286e+01 1.861288647716419784e-03
2.530000000000081428e+01 1.832453500061532927e-03
2.540000000000081570e+01 1.804344855500096372e-03
2.550000000000081712e+01 1.776937168845724863e-03
2.560000000000081855e+01 1.750206043342783816e-03
2.570000000000081997e+01 1.724128168173905042e-03
2.580000000000082139e+01 1.698681259936609842e-03
2.590000000000082281e+01 1.673844007804394787e-03
2.600000000000082423e+01 1.649596022102736009e-03
2.610000000000082565e+01 1.625917786064352876e-03
2.620000000000082707e+01 1.602790610534628049e-03
2.630000000000082849e+01 1.580196591423780684e-03
2.640000000000082991e+01 1.558118569717998952e-03
2.650000000000083134e+01 1.536540093869267478e-03
2.660000000000083276e+01 1.515445384408371050e-03
2.670000000000083418e+01 1.494819300626566054e-03
2.680000000000083560e+01 1.474647309189880883e-03
2.690000000000083702e+01 1.454915454559972546e-03
2.700000000000083844e+01 1.435610331098549110e-03
2.710000000000083986e+01 1.416719056751182407e-03
2.720000000000084128e+01 1.398229248204258110e-03
2.730000000000084270e+01 1.380128997422604576e-03
2.740000000000084412e+01 1.362406849481801558e-03
2.750000000000084555e+01 1.345051781609665981e-03
2.760000000000084697e+01 1.328053183366218522e-03
2.770000000000084839e+01 1.311400837887716350e-03
2.780000000000084981e+01 1.295084904130981403e-03
2.790000000000085123e+01 1.279095900058507167e-03
2.800000000000085265e+01 1.263424686703835693e-03
2.810000000000085407e+01 1.248062453068710023e-03
2.820000000000085549e+01 1.233000701798946368e-03
2.830000000000085691e+01 1.218231235594472925e-03
2.840000000000085834e+01 1.203746144311804590e-03
2.850000000000085976e+01 1.189537792715382762e-03
2.860000000000086118e+01 1.175598808844239120e-03
2.870000000000086260e+01 1.161922072955503963e-03
2.880000000000086402e+01 1.148500707013257616e-03
2.890000000000086544e+01 1.135328064693133564e-03
2.900000000000086686e+01 1.122397721870769128e-03
2.910000000000086828e+01 1.109703467570754111e-03
2.920000000000086970e+01 1.097239295347716406e-03
2.930000000000087113e+01 1.084999395077035442e-03
2.940000000000087255e+01 1.072978145133975407e-03
2.950000000000087397e+01 1.061170104937504818e-03
2.960000000000087539e+01 1.049570007842486963e-03
2.970000000000087681e+01 1.038172754358997326e-03
2.980000000000087823e+01 1.026973405682542065e-03
2.990000000000087965e+01 1.015967177519831732e-03
3.000000000000088107e+01 1.005149434192183612e-03
3.010000000000088249e+01 9.945156830051366751e-04
3.020000000000088392e+01 9.840615688681269169e-04
3.030000000000088534e+01 9.737828691524237201e-04
3.040000000000088676e+01 9.636754887761453088e-04
3.050000000000088818e+01 9.537354555025917427e-04
3.060000000000088960e+01 9.439589154439462920e-04
3.070000000000089102e+01 9.343421287578616927e-04
3.080000000000089244e+01 9.248814655283087291e-04
3.090000000000089386e+01 9.155734018224710594e-04
3.100000000000089528e+01 9.064145159129736095e-04
3.110000000000089670e+01 8.974014846599496879e-04
3.120000000000089813e+01 8.885310800431617901e-04
3.130000000000089955e+01 8.798001658378344853e-04
3.140000000000090097e+01 8.712056944281372853e-04
3.150000000000090239e+01 8.627447037498504195e-04
3.160000000000090381e+01 8.544143143584759454e-04
3.170000000000090523e+01 8.462117266150130917e-04
3.180000000000090665e+01 8.381342179847172270e-04
3.190000000000090807e+01 8.301791404443484334e-04
