-3.200000000000000000e+01 -4.142386421577821665e+00 -9.193098652613507227e-02
-3.189999999999999858e+01 -4.154669601692489778e+00 -9.256132253546744959e-02
-3.179999999999999716e+01 -4.167037035487986429e+00 -9.319819170984444678e-02
-3.169999999999999574e+01 -4.179489596146467534e+00 -9.384168497754707960e-02
-3.159999999999999432e+01 -4.192028169007979699e+00 -9.449189485921194454e-02
-3.149999999999999289e+01 -4.204653651759670652e+00 -9.514891550142901000e-02
-3.139999999999999147e+01 -4.217366954668129608e+00 -9.581284271128998054e-02
-3.129999999999999005e+01 -4.230169000797296519e+00 -9.648377399173413416e-02
-3.119999999999998863e+01 -4.243060726230531543e+00 -9.716180857778244917e-02
-3.109999999999998721e+01 -4.256043080317645888e+00 -9.784704747372618971e-02
-3.099999999999998579e+01 -4.269117025887052108e+00 -9.853959349116325761e-02
-3.089999999999998437e+01 -4.282283539503303871e+00 -9.923955128806249970e-02
-3.079999999999998295e+01 -4.295543611708612985e+00 -9.994702740882277503e-02
-3.069999999999998153e+01 -4.308898247271287119e+00 -1.006621303252946964e-01
-3.059999999999998010e+01 -4.322348465457988453e+00 -1.013849704789464568e-01
-3.049999999999997868e+01 -4.335895300273381991e+00 -1.021156603239743443e-01
-3.039999999999997726e+01 -4.349539800744029350e+00 -1.028543143716436070e-01
-3.029999999999997584e+01 -4.363283031188977645e+00 -1.036010492357173352e-01
-3.019999999999997442e+01 -4.377126071496277859e+00 -1.043559836790655115e-01
-3.009999999999997300e+01 -4.391070017425068528e+00 -1.051192386615452667e-01
-2.999999999999997158e+01 -4.405115980875407899e+00 -1.058909373890026817e-01
-2.989999999999997016e+01 -4.419265090203204238e+00 -1.066712053636946766e-01
-2.979999999999996874e+01 -4.433518490522789790e+00 -1.074601704359640086e-01
-2.969999999999996732e+01 -4.447877344015783052e+00 -1.082579628572882813e-01
-2.959999999999996589e+01 -4.462342830267331806e+00 -1.090647153347999998e-01
-2.949999999999996447e+01 -4.476916146569749344e+00 -1.098805630871154682e-01
-2.939999999999996305e+01 -4.491598508273142443e+00 -1.107056439018081484e-01
-2.929999999999996163e+01 -4.506391149124144846e+00 -1.115400981943319714e-01
-2.919999999999996021e+01 -4.521295321612157636e+00 -1.123840690685568022e-01
-2.909999999999995879e+01 -4.536312297343538802e+00 -1.132377023789944426e-01
-2.899999999999995737e+01 -4.551443367384685246e+00 -1.141011467945779456e-01
-2.889999999999995595e+01 -4.566689842653037346e+00 -1.149745538643212051e-01
-2.879999999999995453e+01 -4.582053054296956418e+00 -1.158580780846959479e-01
-2.869999999999995310e+01 -4.597534354084700681e+00 -1.167518769688773439e-01
-2.859999999999995168e+01 -4.613135114822185301e+00 -1.176561111179565966e-01
-2.849999999999995026e+01 -4.628856730740977810e+00 -1.185709442939792968e-01
-2.839999999999994884e+01 -4.644700617935360043e+00 -1.194965434951705818e-01
-2.829999999999994742e+01 -4.660668214789467356e+00 -1.204330790331796797e-01
-2.819999999999994600e+01 -4.676760982415107293e+00 -1.213807246124870565e-01
-2.809999999999994458e+01 -4.692980405119477894e+00 -1.223396574121393687e-01
-2.799999999999994316e+01 -4.709327990844538903e+00 -1.233100581696079390e-01
-2.789999999999994174e+01 -4.725805271656934536e+00 -1.242921112672104034e-01
-2.779999999999994031e+01 -4.742413804229492769e+00 -1.252860048209085697e-01
-2.769999999999993889e+01 -4.759155170334725682e+00 -1.262919307716385831e-01
-2.759999999999993747e+01 -4.776030977370318453e+00 -1.273100849793584732e-01
-2.749999999999993605e+01 -4.793042858857322841e+00 -1.283406673196250125e-01
-2.739999999999993463e+01 -4.810192474990689249e+00 -1.293838817831611809e-01
-2.729999999999993321e+01 -4.827481513183819573e+00 -1.304399365782044073e-01
-2.719999999999993179e+01 -4.844911688625813895e+00 -1.315090442358770595e-01
-2.709999999999993037e+01 -4.862484744873302844e+00 -1.325914217187167399e-01
-2.699999999999992895e+01 -4.880202454416799895e+00 -1.336872905322150640e-01
-2.689999999999992752e+01 -4.898066619301207680e+00 -1.347968768398726258e-01
-2.679999999999992610e+01 -4.916079071742352369e+00 -1.359204115815431102e-01
-2.669999999999992468e+01 -4.934241674758684582e+00 -1.370581305953336715e-01
-2.659999999999992326e+01 -4.952556322839434699e+00 -1.382102747432498724e-01
-2.649999999999992184e+01 -4.971024942589352236e+00 -1.393770900404195379e-01
-2.639999999999992042e+01 -4.989649493430881932e+00 -1.405588277884259885e-01
-2.629999999999991900e+01 -5.008431968303352022e+00 -1.417557447125992187e-01
-2.619999999999991758e+01 -5.027374394381165956e+00 -1.429681031034788496e-01
-2.609999999999991616e+01 -5.046478833830214228e+00 -1.441961709627357369e-01
-2.599999999999991473e+01 -5.065747384544078358e+00 -1.454402221533426243e-01
-2.589999999999991331e+01 -5.085182180939806784e+00 -1.467005365546324436e-01
-2.579999999999991189e+01 -5.104785394754195238e+00 -1.479774002220503037e-01
-2.569999999999991047e+01 -5.124559235861855910e+00 -1.492711055518755048e-01
-2.559999999999990905e+01 -5.144505953134409282e+00 -1.505819514512427570e-01
-2.549999999999990763e+01 -5.164627835282555424e+00 -1.519102435132684281e-01
-2.539999999999990621e+01 -5.184927211761653609e+00 -1.532562941979436211e-01
-2.529999999999990479e+01 -5.205406453680524237e+00 -1.546204230186752904e-01
-2.519999999999990337e+01 -5.226067974735805421e+00 -1.560029567347530621e-01
-2.509999999999990195e+01 -5.246914232191286942e+00 -1.574042295501378863e-01
-2.499999999999990052e+01 -5.267947727843758088e+00 -1.588245833183802302e-01
-2.489999999999989910e+01 -5.289171009056030215e+00 -1.602643677544375311e-01
-2.479999999999989768e+01 -5.310586669797945802e+00 -1.617239406532392509e-01
-2.469999999999989626e+01 -5.332197351716395417e+00 -1.632036681154037661e-01
-2.459999999999989484e+01 -5.354005745255445703e+00 -1.647039247804819029e-01
-2.449999999999989342e+01 -5.376014590766640566e+00 -1.662250940676446298e-01
-2.439999999999989200e+01 -5.398226679692218255e+00 -1.677675684245870658e-01
-2.429999999999989058e+01 -5.420644855760258451e+00 -1.693317495846182741e-01
-2.419999999999988916e+01 -5.443272016214759645e+00 -1.709180488323164271e-01
-2.409999999999988773e+01 -5.466111113100140528e+00 -1.725268872782946827e-01
-2.399999999999988631e+01 -5.489165154542448022e+00 -1.741586961429322233e-01
-2.389999999999988489e+01 -5.512437206108298682e+00 -1.758139170500351289e-01
-2.379999999999988347e+01 -5.535930392182194737e+00 -1.774930023303881166e-01
-2.369999999999988205e+01 -5.559647897384220272e+00 -1.791964153356887524e-01
-2.359999999999988063e+01 -5.583592968049654104e+00 -1.809246307634680972e-01
-2.349999999999987921e+01 -5.607768913710653891e+00 -1.826781349929493814e-01
-2.339999999999987779e+01 -5.632179108663130762e+00 -1.844574264329092994e-01
-2.329999999999987637e+01 -5.656826993559320726e+00 -1.862630158815459236e-01
-2.319999999999987494e+01 -5.681716077047774149e+00 -1.880954268990087108e-01
-2.309999999999987352e+01 -5.706849937483081447e+00 -1.899551961932515187e-01
-2.299999999999987210e+01 -5.732232224645589014e+00 -1.918428740192583692e-01
-2.289999999999987068e+01 -5.757866661555059551e+00 -1.937590245928552113e-01
-2.279999999999986926e+01 -5.783757046317973050e+00 -1.957042265192208141e-01
-2.269999999999986784e+01 -5.809907254031958956e+00 -1.976790732368308712e-01
-2.259999999999986642e+01 -5.836321238769052400e+00 -1.996841734777011768e-01
-2.249999999999986500e+01 -5.863003035578426392e+00 -2.017201517440504466e-01
-2.239999999999986358e+01 -5.889956762593790529e+00 -2.037876488027663413e-01
-2.229999999999986215e+01 -5.917186623184669259e+00 -2.058873221979532486e-01
-2.219999999999986073e+01 -5.944696908175821193e+00 -2.080198467824263542e-01
-2.209999999999985931e+01 -5.972491998157195781e+00 -2.101859152692143740e-01
-2.199999999999985789e+01 -6.000576365825150305e+00 -2.123862388033175286e-01
-2.189999999999985647e+01 -6.028954578440647083e+00 -2.146215475553828744e-01
-2.179999999999985505e+01 -6.057631300344834102e+00 -2.168925913376541503e-01
-2.169999999999985363e+01 -6.086611295555645285e+00 -2.192001402433702006e-01
-2.159999999999985221e+01 -6.115899430469760034e+00 -2.215449853108356626e-01
-2.149999999999985079e+01 -6.145500676610122781e+00 -2.239279392126350965e-01
-2.139999999999984936e+01 -6.175420113505687425e+00 -2.263498369719426639e-01
-2.129999999999984794e+01 -6.205662931645097302e+00 -2.288115367064942340e-01
-2.119999999999984652e+01 -6.236234435527709508e+00 -2.313139204016753103e-01
-2.109999999999984510e+01 -6.267140046837713641e+00 -2.338578947142765374e-01
-2.099999999999984368e+01 -6.298385307681657608e+00 -2.364443918075884721e-01
-2.089999999999984226e+01 -6.329975883977979834e+00 -2.390743702202291487e-01
-2.079999999999984084e+01 -6.361917568939567502e+00 -2.417488157695126816e-01
-2.069999999999983942e+01 -6.394216286675101557e+00 -2.444687424912184159e-01
-2.059999999999983800e+01 -6.426878095934991819e+00 -2.472351936176636622e-01
-2.049999999999983658e+01 -6.459909193943261130e+00 -2.500492425951541531e-01
-2.039999999999983515e+01 -6.493315920405734687e+00 -2.529119941436188679e-01
-2.029999999999983373e+01 -6.527104761635566632e+00 -2.558245853597274078e-01
-2.019999999999983231e+01 -6.561282354823962493e+00 -2.587881868657213591e-01
-2.009999999999983089e+01 -6.595855492482655791e+00 -2.618040040064977259e-01
-1.999999999999982947e+01 -6.630831127000675451e+00 -2.648732780963936051e-01
-1.989999999999982805e+01 -6.666216375407195471e+00 -2.679972877191869607e-01
-1.979999999999982663e+01 -6.702018524283531065e+00 -2.711773500830757522e-01
-1.969999999999982521e+01 -6.738245034852351267e+00 -2.744148224336014907e-01
-1.959999999999982379e+01 -6.774903548273572440e+00 -2.777111035276657036e-01
-1.949999999999982236e+01 -6.812001891089963124e+00 -2.810676351707668275e-01
-1.939999999999982094e+01 -6.849548080917095660e+00 -2.844859038218275904e-01
-1.929999999999981952e+01 -6.887550332321499269e+00 -2.879674422680735812e-01
-1.919999999999981810e+01 -6.926017062917765088e+00 -2.915138313738224740e-01
-1.909999999999981668e+01 -6.964956899716028715e+00 -2.951267019072515430e-01
-1.899999999999981526e+01 -7.004378685664327975e+00 -2.988077364481606102e-01
-1.889999999999981384e+01 -7.044291486483931664e+00 -3.025586713822062679e-01
-1.879999999999981242e+01 -7.084704597742739196e+00 -3.063812989851046886e-01
-1.869999999999981100e+01 -7.125627552205269666e+00 -3.102774696018856249e-01
-1.859999999999980957e+01 -7.167070127462233486e+00 -3.142490939260496052e-01
-1.849999999999980815e+01 -7.209042353879326015e+00 -3.182981453843355402e-01
-1.839999999999980673e+01 -7.251554522812408976e+00 -3.224266626316389939e-01
-1.829999999999980531e+01 -7.294617195191877457e+00 -3.266367521634269133e-01
-1.819999999999980389e+01 -7.338241210424842009e+00 -3.309305910508849591e-01
-1.809999999999980247e+01 -7.382437695653168319e+00 -3.353104298058189325e-01
-1.799999999999980105e+01 -7.427218075406003095e+00 -3.397785953828310612e-01
-1.789999999999979963e+01 -7.472594081598312954e+00 -3.443374943250621101e-01
-1.779999999999979821e+01 -7.518577763982197126e+00 -3.489896160631261735e-01
-1.769999999999979678e+01 -7.565181501004165199e+00 -3.537375363745530743e-01
-1.759999999999979536e+01 -7.612418011111390825e+00 -3.585839210131235300e-01
-1.749999999999979394e+01 -7.660300364550788998e+00 -3.635315295182045547e-01
-1.739999999999979252e+01 -7.708841995616843690e+00 -3.685832192129822049e-01
-1.729999999999979110e+01 -7.758056715462243957e+00 -3.737419494042160117e-01
-1.719999999999978968e+01 -7.807958725429379854e+00 -3.790107857938493918e-01
-1.709999999999978826e+01 -7.858562630952572903e+00 -3.843929051152056298e-01
-1.699999999999978684e+01 -7.909883456082297926e+00 -3.898916000074938992e-01
-1.689999999999978542e+01 -7.961936658593273819e+00 -3.955102841411779480e-01
-1.679999999999978400e+01 -8.014738145800054170e+00 -4.012524976111576658e-01
-1.669999999999978257e+01 -8.068304291045173215e+00 -4.071219126123140075e-01
-1.659999999999978115e+01 -8.122651950918845287e+00 -4.131223394149670103e-01
-1.649999999999977973e+01 -8.177798483271761398e+00 -4.192577326590662956e-01
-1.639999999999977831e+01 -8.233761765991165049e+00 -4.255321979850076319e-01
-1.629999999999977689e+01 -8.290560216676334804e+00 -4.319499990241052467e-01
-1.619999999999977547e+01 -8.348212813189215709e+00 -4.385155647694337633e-01
-1.609999999999977405e+01 -8.406739115151154351e+00 -4.452334973514781025e-01
-1.599999999999977263e+01 -8.466159286460881006e+00 -4.521085802448274737e-01
-1.589999999999977121e+01 -8.526494118817353751e+00 -4.591457869314999884e-01
-1.579999999999976978e+01 -8.587765056399156549e+00 -4.663502900527739525e-01
-1.569999999999976836e+01 -8.649994221691420293e+00 -4.737274710792547250e-01
-1.559999999999976694e+01 -8.713204442548928341e+00 -4.812829305336111529e-01
-1.549999999999976552e+01 -8.777419280588707906e+00 -4.890224988030857922e-01
-1.539999999999976410e+01 -8.842663060914743411e+00 -4.969522475787273574e-01
-1.529999999999976268e+01 -8.908960903348353000e+00 -5.050785019661243602e-01
-1.519999999999976126e+01 -8.976338755177645012e+00 -5.134078533106964937e-01
-1.509999999999975984e+01 -9.044823425538238482e+00 -5.219471727867941446e-01
-1.499999999999975842e+01 -9.114442621545977730e+00 -5.307036258036861298e-01
-1.489999999999975699e+01 -9.185224986210172915e+00 -5.396846872823982677e-01
-1.479999999999975557e+01 -9.257200138333974593e+00 -5.488981578671743300e-01
-1.469999999999975415e+01 -9.330398714445390596e+00 -5.583521811346082719e-01
-1.459999999999975273e+01 -9.404852412907681369e+00 -5.680552618717803481e-01
-1.449999999999975131e+01 -9.480594040368455211e+00 -5.780162855003478928e-01
-1.439999999999974989e+01 -9.557657560615755443e+00 -5.882445387262207337e-01
-1.429999999999974847e+01 -9.636078146095563568e+00 -5.987497315072211057e-01
-1.419999999999974705e+01 -9.715892232182030241e+00 -6.095420204324355495e-01
-1.409999999999974563e+01 -9.797137574404924720e+00 -6.206320336187143294e-01
-1.399999999999974420e+01 -9.879853308855501837e+00 -6.320308972395237701e-01
-1.389999999999974278e+01 -9.964080015905070198e+00 -6.437502638086348705e-01
-1.379999999999974136e+01 -1.004985978757138199e+01 -6.558023423623198234e-01
-1.369999999999973994e+01 -1.013723629871005372e+01 -6.681999306950312523e-01
-1.359999999999973852e+01 -1.022625488233605751e+01 -6.809564498337782323e-01
-1.349999999999973710e+01 -1.031696260940697663e+01 -6.940859809737566222e-01
-1.339999999999973568e+01 -1.040940837331440605e+01 -7.076033051498735738e-01
-1.329999999999973426e+01 -1.050364297951416681e+01 -7.215239460080058453e-01
-1.319999999999973284e+01 -1.059971924049156300e+01 -7.358642161411217408e-01
-1.309999999999973141e+01 -1.069769207620745988e+01 -7.506412675716123140e-01
-1.299999999999972999e+01 -1.079761861984363236e+01 -7.658731469835021732e-01
-1.289999999999972857e+01 -1.089955832804618474e+01 -7.815788560058640755e-01
-1.279999999999972715e+01 -1.100357309462636124e+01 -7.977784158786852542e-01
-1.269999999999972573e+01 -1.110972736700414210e+01 -8.144929339948933089e-01
-1.259999999999972431e+01 -1.121808826756740807e+01 -8.317446681567939315e-01
-1.249999999999972289e+01 -1.132872572709048242e+01 -8.495570859113497075e-01
-1.239999999999972147e+01 -1.144171263994450349e+01 -8.679549235698892362e-01
-1.229999999999972005e+01 -1.155712504481708081e+01 -8.869642580130454590e-01
-1.219999999999971863e+01 -1.167504232160256095e+01 -9.066126030034663552e-01
-1.209999999999971720e+01 -1.179554738984925066e+01 -9.269290284960086668e-01
-1.199999999999971578e+01 -1.191872690323621065e+01 -9.479442906149483372e-01
-1.189999999999971436e+01 -1.204467144667315814e+01 -9.696909623312788273e-01
-1.179999999999971294e+01 -1.217347574627686946e+01 -9.922035640791637690e-01
-1.169999999999971152e+01 -1.230523889834733353e+01 -1.015518699259639002e+00
-1.159999999999971010e+01 -1.244006461914972839e+01 -1.039675199903383307e+00
-1.149999999999970868e+01 -1.257806151542541606e+01 -1.064714285916983805e+00
-1.139999999999970726e+01 -1.271934337546861293e+01 -1.090679739808841475e+00
-1.129999999999970584e+01 -1.286402948149326875e+01 -1.117618098171667462e+00
-1.119999999999970441e+01 -1.301224494444876889e+01 -1.145578861146418159e+00
-1.109999999999970299e+01 -1.316412106302921714e+01 -1.174614721324112931e+00
-1.099999999999970157e+01 -1.331979570894863230e+01 -1.204781813845021254e+00
-1.089999999999970015e+01 -1.347941374068079767e+01 -1.236139989760798974e+00
-1.079999999999969873e+01 -1.364312744832106361e+01 -1.268753115064794157e+00
-1.069999999999969731e+01 -1.381109703224635865e+01 -1.302689398111787078e+00
-1.059999999999969589e+01 -1.398349111864028949e+01 -1.338021748518971599e+00
-1.049999999999969447e+01 -1.416048731524766424e+01 -1.374828171038637858e+00
-1.039999999999969305e+01 -1.434227281091526685e+01 -1.413192198326790994e+00
-1.029999999999969162e+01 -1.452904502308044243e+01 -1.453203367060589946e+00
-1.019999999999969020e+01 -1.472101229754343699e+01 -1.494957742412048152e+00
-1.009999999999968878e+01 -1.491839466545238402e+01 -1.538558496557935751e+00
-9.999999999999687361e+00 -1.512142466294573673e+01 -1.584116547663746211e+00
-9.899999999999685940e+00 -1.533034821932291791e+01 -1.631751266633199693e+00
-9.799999999999684519e+00 -1.554542562050427712e+01 -1.681591259944310357e+00
-9.699999999999683098e+00 -1.576693255500130775e+01 -1.733775238021087794e+00
-9.599999999999681677e+00 -1.599516125055547988e+01 -1.788452979941979049e+00
-9.499999999999680256e+00 -1.623042171049646498e+01 -1.845786406835714377e+00
-9.399999999999678835e+00 -1.647304305970445171e+01 -1.905950778092298847e+00
-9.299999999999677414e+00 -1.672337501144093963e+01 -1.969136026642454684e+00
-9.199999999999675993e+00 -1.698178946727563599e+01 -2.035548251961508903e+00
-9.099999999999674571e+00 -1.724868226387123826e+01 -2.105411392320900354e+00
-8.999999999999673150e+00 -1.752447508193099424e+01 -2.178969101147672838e+00
-8.899999999999671729e+00 -1.780961753415665072e+01 -2.256486856240372596e+00
-8.799999999999670308e+00 -1.810458945126888253e+01 -2.338254335240172122e+00
-8.699999999999668887e+00 -1.840990338696190065e+01 -2.424588096143047267e+00
-8.599999999999667466e+00 -1.872610736517737706e+01 -2.515834608086206181e+00
-8.499999999999666045e+00 -1.905378789567670594e+01 -2.612373685258080336e+00
-8.399999999999664624e+00 -1.939357328654426738e+01 -2.714622385795789850e+00
-8.299999999999663203e+00 -1.974613728568662907e+01 -2.823039448375641136e+00
-8.199999999999661782e+00 -2.011220308642712240e+01 -2.938130352031044890e+00
-8.099999999999660361e+00 -2.049254773608311098e+01 -3.060453100207602084e+00
-7.999999999999658939e+00 -2.088800699022547036e+01 -3.190624848630035260e+00
-7.899999999999657518e+00 -2.129948065903655419e+01 -3.329329518883108907e+00
-7.799999999999656097e+00 -2.172793849649038478e+01 -3.477326566736111069e+00
-7.699999999999654676e+00 -2.217442668646293669e+01 -3.635461106966937805e+00
-7.599999999999653255e+00 -2.264007498336668078e+01 -3.804675636390583815e+00
-7.499999999999651834e+00 -2.312610456728432240e+01 -3.986023645503741886e+00
-7.399999999999650413e+00 -2.363383667414691303e+01 -4.180685468714285591e+00
-7.299999999999648992e+00 -2.416470206025489986e+01 -4.389986796460128460e+00
-7.199999999999647571e+00 -2.472025135449822386e+01 -4.615420362643007479e+00
-7.099999999999646150e+00 -2.530216634054215774e+01 -4.858671432398603329e+00
-6.999999999999644729e+00 -2.591227219129848791e+01 -5.121647853551429819e+00
-6.899999999999643308e+00 -2.655255064504367368e+01 -5.406515607073086649e+00
-6.799999999999641886e+00 -2.722515406181430819e+01 -5.715741006702042881e+00
-6.699999999999640465e+00 -2.793242021998651126e+01 -6.052140966354892626e+00
-6.599999999999639044e+00 -2.867688759582707192e+01 -6.418943091036193316e+00
-6.499999999999637623e+00 -2.946131069465332075e+01 -6.819857770678284581e+00
-6.399999999999636202e+00 -3.028867474540653149e+01 -7.259164989871659479e+00
-6.299999999999634781e+00 -3.116220869510800284e+01 -7.741819239561187338e+00
-6.199999999999633360e+00 -3.208539488944985152e+01 -8.273576765056144922e+00
-6.099999999999631939e+00 -3.306197302336614996e+01 -8.861150453475989508e+00
-5.999999999999630518e+00 -3.409593477278755103e+01 -9.512399005452447653e+00
-5.899999999999629097e+00 -3.519150380339657147e+01 -1.023655871011263585e+01
-5.799999999999627676e+00 -3.635309334067883924e+01 -1.104452821126519879e+01
-5.699999999999626255e+00 -3.758522979687174370e+01 -1.194921916495850667e+01
-5.599999999999624833e+00 -3.889242552526940244e+01 -1.296598865624433472e+01
-5.499999999999623412e+00 -4.027897577503841831e+01 -1.411317258023488108e+01
-5.399999999999621991e+00 -4.174864311575991138e+01 -1.541274260746703995e+01
-5.299999999999620570e+00 -4.330417518005712196e+01 -1.689111213846321036e+01
-5.199999999999619149e+00 -4.494657590830446736e+01 -1.858011728220091641e+01
-5.099999999999617728e+00 -4.667401287672528554e+01 -2.051819430307213921e+01
-4.999999999999616307e+00 -4.848018877849388275e+01 -2.275175923041686232e+01
-4.899999999999614886e+00 -5.035192764062983883e+01 -2.533675724399876117e+01
-4.799999999999613465e+00 -5.226562005339129513e+01 -2.834026859344328386e+01
-4.699999999999612044e+00 -5.418203522600542499e+01 -3.184189789157742467e+01
-4.599999999999610623e+00 -5.603885557838187026e+01 -3.593437303048138176e+01
-4.499999999999609201e+00 -5.774017880150088899e+01 -4.072224138931783699e+01
-4.399999999999607780e+00 -5.914231887779532570e+01 -4.631664097342715536e+01
-4.299999999999606359e+00 -6.003588233710647870e+01 -5.282271768901807008e+01
-4.199999999999604938e+00 -6.012602120202261347e+01 -6.031442111269478801e+01
-4.099999999999603517e+00 -5.901715294175642157e+01 -6.878989016901820719e+01
-3.999999999999602096e+00 -5.621652276983078877e+01 -7.810188965470949540e+01
-3.899999999999600675e+00 -5.118197420586129454e+01 -8.786713524751039017e+01
-3.799999999999599254e+00 -4.344526120502622746e+01 -9.738296290339246752e+01
-3.699999999999597833e+00 -3.282257519945623159e+01 -1.056186339347864873e+02
-3.599999999999596412e+00 -1.965533516163880989e+01 -1.113707639814424653e+02
-3.499999999999594991e+00 -4.928314940772031250e+00 -1.136124479670126846e+02
-3.399999999999593570e+00 9.898855533915092764e+00 -1.119011563962211540e+02
-3.299999999999592148e+00 2.333353497742907479e+01 -1.065813114356408562e+02
-3.199999999999590727e+00 3.431249989989830596e+01 -9.862533180504132702e+01
-3.099999999999589306e+00 4.241245908690108024e+01 -8.923690326872406331e+01
-2.999999999999587885e+00 4.776174638463653821e+01 -7.948245949529416521e+01
-2.899999999999586464e+00 5.080509873686721534e+01 -7.010956573228776278e+01
-2.799999999999585043e+00 5.208390935126746513e+01 -6.153917052793710241e+01
-2.699999999999583622e+00 5.210131496589003319e+01 -5.394390079423396145e+01
-2.599999999999582201e+00 5.126632191212898704e+01 -4.734012577048646619e+01
-2.499999999999580780e+00 4.988616253956350022e+01 -4.166083095911663747e+01
-2.399999999999579359e+00 4.818015478148444686e+01 -3.680325507297816046e+01
-2.299999999999577938e+00 4.629935507898438374e+01 -3.265621976261508763e+01
-2.199999999999576517e+00 4.434488948191333435e+01 -2.911401629348345210e+01
-2.099999999999575095e+00 4.238265964315669265e+01 -2.608236245284359711e+01
-1.999999999999573674e+00 4.045429011255266971e+01 -2.348007923909656114e+01
-1.899999999999572253e+00 3.858494417571208146e+01 -2.123866267193780288e+01
-1.799999999999570832e+00 3.678876806381781250e+01 -1.930095716305169873e+01
-1.699999999999569411e+00 3.507262617650705749e+01 -1.761955834687241307e+01
-1.599999999999567990e+00 3.343863874004119197e+01 -1.615524848350678155e+01
-1.499999999999566569e+00 3.188589397710470763e+01 -1.487559363177964755e+01
-1.399999999999565148e+00 3.041159697012072627e+01 -1.375374269747539380e+01
-1.299999999999563727e+00 2.901183627038080459e+01 -1.276742562441085482e+01
-1.199999999999562306e+00 2.768209158727369612e+01 -1.189813001425926586e+01
-1.099999999999560885e+00 2.641756607696689585e+01 -1.113043020823906204e+01
-9.999999999995594635e-01 2.521339986196094429e+01 -1.045144339042664683e+01
-8.999999999995580424e-01 2.406480331102223502e+01 -9.850389992962881536e+00
-7.999999999995566213e-01 2.296713632558267548e+01 -9.318239023271656762e+00
-6.999999999995552002e-01 2.191595149835531942e+01 -8.847422248897951036e+00
-5.999999999995537792e-01 2.090701329017905863e+01 -8.431604187900466840e+00
-4.999999999995523581e-01 1.993630147835864008e+01 -8.065497455798107396e+00
-3.999999999995509370e-01 1.900000448740158987e+01 -7.744715201872303112e+00
-2.999999999995495159e-01 1.809450642366403983e+01 -7.465654166859390095e+00
-1.999999999995480948e-01 1.721637043368498254e+01 -7.225403371837624711e+00
-9.999999999954667373e-02 1.636232021025506000e+01 -7.021674667596136565e+00
4.547473508864641190e-13 1.552922096508833150e+01 -6.852752395842925281e+00
1.000000000004561684e-01 1.471406089845911325e+01 -6.717460292016991907e+00
2.000000000004575895e-01 1.391393408092766393e+01 -6.615144541594025540e+00
3.000000000004590106e-01 1.312602570596085627e+01 -6.545672630434153483e+00
4.000000000004604317e-01 1.234760087857736366e+01 -6.509448342725052683e+00
5.000000000004618528e-01 1.157599850572343314e+01 -6.507443992528916255e+00
6.000000000004632739e-01 1.080863250811711751e+01 -6.541251757379857423e+00
7.000000000004646949e-01 1.004300357749393058e+01 -6.613156838167765450e+00
8.000000000004661160e-01 9.276726212359006851e+00 -6.726236107122422148e+00
9.000000000004675371e-01 8.507578008540738423e+00 -6.884486901913376755e+00
1.000000000000468958e+00 7.733581504500551596e+00 -7.092991591762697112e+00
1.100000000000470379e+00 6.953133793373063476e+00 -7.358124267568832977e+00
1.200000000000471800e+00 6.165206346291734363e+00 -7.687805936182078526e+00
1.300000000000473221e+00 5.369648074164345530e+00 -8.091813013857093395e+00
1.400000000000474643e+00 4.567639946437813236e+00 -8.582138952714458924e+00
1.500000000000476064e+00 3.762371097386945529e+00 -9.173397196793498409e+00
1.600000000000477485e+00 2.960035692886911818e+00 -9.883229343301451308e+00
1.700000000000478906e+00 2.171286728246029973e+00 -1.073263480077857679e+01
1.800000000000480327e+00 1.413322077409237210e+00 -1.174604963317572270e+01
1.900000000000481748e+00 7.128009117088831559e-01 -1.295084520704461895e+01
2.000000000000483169e+00 1.097461865503062128e-01 -1.437565580171985680e+01
2.100000000000484590e+00 -3.376285176179658620e-01 -1.604655043750900845e+01
2.200000000000486011e+00 -5.478342885265545803e-01 -1.797957695026499891e+01
2.300000000000487432e+00 -4.127507684193236770e-01 -2.016788619727062581e+01
2.400000000000488853e+00 1.997015409948810216e-01 -2.256226460724160887e+01
2.500000000000490274e+00 1.429706717288729223e+00 -2.504702152511629620e+01
2.600000000000491696e+00 3.388636374660486617e+00 -2.742053171260646849e+01
2.700000000000493117e+00 6.100574295512982914e+00 -2.939996859459545320e+01
2.800000000000494538e+00 9.442295750373761010e+00 -3.067263980700534987e+01
2.900000000000495959e+00 1.312520854797015524e+01 -3.099454554754088065e+01
3.000000000000497380e+00 1.675650538769826170e+01 -3.029132524829249817e+01
3.100000000000498801e+00 1.996206872010591837e+01 -2.869264760177711793e+01
3.200000000000500222e+00 2.249774240686798521e+01 -2.647314896429506348e+01
3.300000000000501643e+00 2.428672596038323661e+01 -2.394515063949774358e+01
3.400000000000503064e+00 2.538463174157811153e+01 -2.137105134581389976e+01
3.500000000000504485e+00 2.591629186785421979e+01 -1.892680724782488610e+01
3.600000000000505906e+00 2.602248956038258854e+01 -1.670651563076616597e+01
3.700000000000507328e+00 2.582960961320316073e+01 -1.474473297532983729e+01
3.800000000000508749e+00 2.543837750281327104e+01 -1.303980523462220198e+01
3.900000000000510170e+00 2.492350382621842897e+01 -1.157145996123406917e+01
4.000000000000511591e+00 2.433784903145424039e+01 -1.031196735198517089e+01
4.100000000000513012e+00 2.371756438951451784e+01 -9.232388735413362468e+00
4.200000000000514433e+00 2.308669049806255202e+01 -8.305662491045248785e+00
4.300000000000515854e+00 2.246077491981247221e+01 -7.507860353701037326e+00
4.400000000000517275e+00 2.184953666002690653e+01 -6.818473668175247582e+00
4.500000000000518696e+00 2.125875668897007387e+01 -6.220233541141062084e+00
4.600000000000520117e+00 2.069158988733383353e+01 -5.698740720705755436e+00
4.700000000000521538e+00 2.014946315628004569e+01 -5.242046733710276740e+00
4.800000000000522959e+00 1.963268483731844327e+01 -4.840253145271709023e+00
4.900000000000524381e+00 1.914085561830277982e+01 -4.485156225607487279e+00
5.000000000000525802e+00 1.867314404635468605e+01 -4.169944386125563618e+00
5.100000000000527223e+00 1.822847011790121741e+01 -3.888946430234473617e+00
5.200000000000528644e+00 1.780562661796486879e+01 -3.637424867932582018e+00
5.300000000000530065e+00 1.740335837375470618e+01 -3.411407495520498045e+00
5.400000000000531486e+00 1.702041310266864116e+01 -3.207550670758680056e+00
5.500000000000532907e+00 1.665557313443380139e+01 -3.023028461764810881e+00
5.600000000000534328e+00 1.630767430666874418e+01 -2.855442739266386809e+00
5.700000000000535749e+00 1.597561631228195367e+01 -2.702750142793515664e+00
5.800000000000537170e+00 1.565836740442595243e+01 -2.563202614043834426e+00
5.900000000000538591e+00 1.535496543008687098e+01 -2.435298837095139390e+00
6.000000000000540012e+00 1.506451652875627545e+01 -2.317744458328709012e+00
6.100000000000541434e+00 1.478619240204361418e+01 -2.209419388768113279e+00
6.200000000000542855e+00 1.451922676529231637e+01 -2.109350833241480760e+00
6.300000000000544276e+00 1.426291138951313187e+01 -2.016690962351892491e+00
6.400000000000545697e+00 1.401659200175905440e+01 -1.930698359531774155e+00
6.500000000000547118e+00 1.377966421638328143e+01 -1.850722547806505469e+00
6.600000000000548539e+00 1.355156960455823700e+01 -1.776191037793778627e+00
6.700000000000549960e+00 1.333179196569839320e+01 -1.706598447136628449e+00
6.800000000000551381e+00 1.311985383465734856e+01 -1.641497327821254792e+00
6.900000000000552802e+00 1.291531323921082652e+01 -1.580490406620864263e+00
7.000000000000554223e+00 1.271776070930065039e+01 -1.523223998809880797e+00
7.100000000000555644e+00 1.252681653128163219e+01 -1.469382399375627202e+00
7.200000000000557066e+00 1.234212823552841343e+01 -1.418683091528908147e+00
7.300000000000558487e+00 1.216336830279175807e+01 -1.370872641108382695e+00
7.400000000000559908e+00 1.199023207402177960e+01 -1.325723168858251810e+00
7.500000000000561329e+00 1.182243584857238616e+01 -1.283029311065440270e+00
7.600000000000562750e+00 1.165971515631227717e+01 -1.242605593279818121e+00
7.700000000000564171e+00 1.150182318900711564e+01 -1.204284153171453653e+00
7.800000000000565592e+00 1.134852937514518345e+01 -1.167912759067487372e+00
7.900000000000567013e+00 1.119961808290889138e+01 -1.133353081079295777e+00
8.000000000000568434e+00 1.105488743823469733e+01 -1.100479180147621250e+00
8.100000000000569855e+00 1.091414824763796076e+01 -1.069176185688750058e+00
8.200000000000571276e+00 1.077722301702367247e+01 -1.039339136008243347e+00
8.300000000000572697e+00 1.064394505783544886e+01 -1.010871958829524520e+00
8.400000000000574119e+00 1.051415767235889298e+01 -9.836865726094752294e-01
8.500000000000575540e+00 1.038771341040920326e+01 -9.577020923559318444e-01
8.600000000000576961e+00 1.026447339037062001e+01 -9.328441262205002804e-01
8.700000000000578382e+00 1.014430667842577094e+01 -9.090441512152400705e-01
8.800000000000579803e+00 1.002708972028599099e+01 -8.862389580651777177e-01
8.900000000000581224e+00 9.912705820535755663e+00 -8.643701566178860762e-01
9.000000000000582645e+00 9.801044665101578346e+00 -8.433837343947938603e-01
9.100000000000584066e+00 9.692001882812617097e+00 -8.232296618669477928e-01
9.200000000000585487e+00 9.585478642535726124e+00 -8.038615388974530429e-01
9.300000000000586908e+00 9.481381282529241616e+00 -7.852362775093755243e-01
9.400000000000588329e+00 9.379620969179590872e+00 -7.673138167776683005e-01
9.500000000000589750e+00 9.280113382458750948e+00 -7.500568661742581522e-01
9.600000000000591172e+00 9.182778425701165759e+00 -7.334306741595495449e-01
9.700000000000592593e+00 9.087539957637769561e+00 -7.174028192195043285e-01
9.800000000000594014e+00 8.994325544642414627e+00 -7.019430208819624761e-01
9.900000000000595435e+00 8.903066231522458907e+00 -6.870229685558585375e-01
1.000000000000059686e+01 8.813696329243182248e+00 -6.726161662898958449e-01
1.010000000000059828e+01 8.726153218126645683e+00 -6.586977917729656129e-01
1.020000000000059970e+01 8.640377165305762830e+00 -6.452445680997597188e-01
1.030000000000060112e+01 8.556311155150341463e+00 -6.322346469869394303e-01
1.040000000000060254e+01 8.473900731675533038e+00 -6.196475022836867019e-01
1.050000000000060396e+01 8.393093851935178762e+00 -6.074638327458560250e-01
1.060000000000060538e+01 8.313840749491696158e+00 -5.956654731578430173e-01
1.070000000000060680e+01 8.236093807235647546e+00 -5.842353129911581622e-01
1.080000000000060822e+01 8.159807438720758199e+00 -5.731572218694499510e-01
1.090000000000060965e+01 8.084937977423999556e+00 -5.624159811953474142e-01
1.100000000000061107e+01 8.011443573295762732e+00 -5.519972213587541754e-01
1.110000000000061249e+01 7.939284096019384229e+00 -5.418873640072049414e-01
1.120000000000061391e+01 7.868421044546073162e+00 -5.320735689162842119e-01
1.130000000000061533e+01 7.798817462340664086e+00 -5.225436850392010113e-01
1.140000000000061675e+01 7.730437857986530048e+00 -5.132862053634050792e-01
1.150000000000061817e+01 7.663248130734458208e+00 -5.042902252359183768e-01
1.160000000000061959e+01 7.597215500612950478e+00 -4.955454038525838323e-01
1.170000000000062101e+01 7.532308442843872243e+00 -4.870419286395186731e-01
1.180000000000062244e+01 7.468496626164404795e+00 -4.787704822757838929e-01
1.190000000000062386e+01 7.405750854849626919e+00 -4.707222121359101452e-01
1.200000000000062528e+01 7.344043014156360627e+00 -4.628887019486289667e-01
1.210000000000062670e+01 7.283346018928160248e+00 -4.552619454875245220e-01
1.220000000000062812e+01 7.223633765216243674e+00 -4.478343221290320697e-01
1.230000000000062954e+01 7.164881084620198237e+00 -4.405985741236164710e-01
1.240000000000063096e+01 7.107063701235453834e+00 -4.335477854446546653e-01
1.250000000000063238e+01 7.050158191011913544e+00 -4.266753620890982868e-01
1.260000000000063380e+01 6.994141943343061385e+00 -4.199750137151999629e-01
1.270000000000063523e+01 6.938993124808758850e+00 -4.134407365151718805e-01
1.280000000000063665e+01 6.884690644843152185e+00 -4.070667972252989264e-01
1.290000000000063807e+01 6.831214123271822203e+00 -4.008477181886791474e-01
1.300000000000063949e+01 6.778543859578743280e+00 -3.947782633905337901e-01
1.310000000000064091e+01 6.726660803771480346e+00 -3.888534253930366891e-01
1.320000000000064233e+01 6.675546528813747216e+00 -3.830684131046726559e-01
1.330000000000064375e+01 6.625183204439625939e+00 -3.774186403210018081e-01
1.340000000000064517e+01 6.575553572331823915e+00 -3.718997149824472270e-01
1.350000000000064659e+01 6.526640922560289937e+00 -3.665074290971356286e-01
1.360000000000064801e+01 6.478429071183169796e+00 -3.612377492810132651e-01
1.370000000000064944e+01 6.430902339008154556e+00 -3.560868078732341013e-01
1.380000000000065086e+01 6.384045531358147230e+00 -3.510508945847761186e-01
1.390000000000065228e+01 6.337843918848463431e+00 -3.461264486448686339e-01
1.400000000000065370e+01 6.292283219095656577e+00 -3.413100514106828243e-01
1.410000000000065512e+01 6.247349579282772680e+00 -3.365984194084316039e-01
1.420000000000065654e+01 6.203029559598352449e+00 -3.319883977781696860e-01
1.430000000000065796e+01 6.159310117413108188e+00 -3.274769540937418899e-01
1.440000000000065938e+01 6.116178592218108889e+00 -3.230611725343571772e-01
1.450000000000066080e+01 6.073622691261279627e+00 -3.187382483843754777e-01
1.460000000000066223e+01 6.031630475821858184e+00 -3.145054828396792734e-01
1.470000000000066365e+01 5.990190348153577204e+00 -3.103602781020445844e-01
1.480000000000066507e+01 5.949291038974564572e+00 -3.063001327416757791e-01
1.490000000000066649e+01 5.908921595538693339e+00 -3.023226373120982968e-01
1.500000000000066791e+01 5.869071370236756735e+00 -2.984254702012423266e-01
1.510000000000066933e+01 5.829730009678058877e+00 -2.946063937037030067e-01
1.520000000000067075e+01 5.790887444291620056e+00 -2.908632503016229665e-01
1.530000000000067217e+01 5.752533878335190920e+00 -2.871939591400953784e-01
1.540000000000067359e+01 5.714659780354661933e+00 -2.835965126863204677e-01
1.550000000000067502e+01 5.677255874049963680e+00 -2.800689735611898712e-01
1.560000000000067644e+01 5.640313129505891254e+00 -2.766094715326758990e-01
1.570000000000067786e+01 5.603822754832851416e+00 -2.732162006624729855e-01
1.580000000000067928e+01 5.567776188113249702e+00 -2.698874165956294258e-01
1.590000000000068070e+01 5.532165089701397420e+00 -2.666214339858228310e-01
1.600000000000068212e+01 5.496981334838631383e+00 -2.634166240481435883e-01
1.610000000000068354e+01 5.462217006547318121e+00 -2.602714122318229295e-01
1.620000000000068496e+01 5.427864388853720357e+00 -2.571842760069554812e-01
1.630000000000068638e+01 5.393915960239962004e+00 -2.541537427576884278e-01
1.640000000000068781e+01 5.360364387377083872e+00 -2.511783877767419515e-01
1.650000000000068923e+01 5.327202519104901057e+00 -2.482568323554307232e-01
1.660000000000069065e+01 5.294423380626668063e+00 -2.453877419636001367e-01
1.670000000000069207e+01 5.262020167970710816e+00 -2.425698245154358501e-01
1.680000000000069349e+01 5.229986242624246273e+00 -2.398018287153919070e-01
1.690000000000069491e+01 5.198315126392904162e+00 -2.370825424807702086e-01
1.700000000000069633e+01 5.167000496455932179e+00 -2.344107914365541889e-01
1.710000000000069775e+01 5.136036180586959432e+00 -2.317854374784625859e-01
1.720000000000069917e+01 5.105416152594855816e+00 -2.292053774013651513e-01
1.730000000000070060e+01 5.075134527893528258e+00 -2.266695415886621490e-01
1.740000000000070202e+01 5.045185559255175534e+00 -2.241768927602436623e-01
1.750000000000070344e+01 5.015563632719736376e+00 -2.217264247757072537e-01
1.760000000000070486e+01 4.986263263632373821e+00 -2.193171614898603572e-01
1.770000000000070628e+01 4.957279092865501724e+00 -2.169481556584750281e-01
1.780000000000070770e+01 4.928605883135386279e+00 -2.146184878909233040e-01
1.790000000000070912e+01 4.900238515470832112e+00 -2.123272656479775478e-01
1.800000000000071054e+01 4.872171985806673433e+00 -2.100736222823361699e-01
1.810000000000071196e+01 4.844401401676842411e+00 -2.078567161195603585e-01
1.820000000000071338e+01 4.816921979063781833e+00 -2.056757295780553552e-01
1.830000000000071481e+01 4.789729039316775072e+00 -2.035298683253906615e-01
1.840000000000071623e+01 4.762818006196621212e+00 -2.014183604698132068e-01
1.850000000000071765e+01 4.736184403021907130e+00 -1.993404557850588787e-01
1.860000000000071907e+01 4.709823849891764169e+00 -1.972954249666902804e-01
1.870000000000072049e+01 4.683732061043514250e+00 -1.952825589190472222e-01
1.880000000000072191e+01 4.657904842258462352e+00 -1.933011680705983837e-01
1.890000000000072333e+01 4.632338088374750029e+00 -1.913505817169536272e-01
1.900000000000072475e+01 4.607027780882598123e+00 -1.894301473900513733e-01
1.910000000000072617e+01 4.581969985578732363e+00 -1.875392302521470267e-01
1.920000000000072760e+01 4.557160850337972136e+00 -1.856772125139914964e-01
1.930000000000072902e+01 4.532596602917447370e+00 -1.838434928754002495e-01
1.940000000000073044e+01 4.508273548851683188e+00 -1.820374859877319507e-01
1.950000000000073186e+01 4.484188069415708355e+00 -1.802586219371027365e-01
1.960000000000073328e+01 4.460336619632993660e+00 -1.785063457472663151e-01
1.970000000000073470e+01 4.436715726386918135e+00 -1.767801169017616525e-01
1.980000000000073612e+01 4.413321986552151799e+00 -1.750794088838372176e-01
1.990000000000073754e+01 4.390152065204365073e+00 -1.734037087338696770e-01
2.000000000000073896e+01 4.367202693886206077e+00 -1.717525166233192513e-01
2.010000000000074039e+01 4.344470668906762256e+00 -1.701253454444089375e-01
2.020000000000074181e+01 4.321952849733733615e+00 -1.685217204152467119e-01
2.030000000000074323e+01 4.299646157395127233e+00 -1.669411786991725766e-01
2.040000000000074465e+01 4.277547572949419674e+00 -1.653832690381602522e-01
2.050000000000074607e+01 4.255654136002384291e+00 -1.638475513995223398e-01
2.060000000000074749e+01 4.233962943248418043e+00 -1.623335966352426052e-01
2.070000000000074891e+01 4.212471147095747881e+00 -1.608409861537971608e-01
2.080000000000075033e+01 4.191175954292951644e+00 -1.593693116034154977e-01
2.090000000000075175e+01 4.170074624615612180e+00 -1.579181745667267434e-01
2.100000000000075318e+01 4.149164469592395932e+00 -1.564871862661564306e-01
2.110000000000075460e+01 4.128442851247967837e+00 -1.550759672795449795e-01
2.120000000000075602e+01 4.107907180922843793e+00 -1.536841472659196128e-01
2.130000000000075744e+01 4.087554918087388245e+00 -1.523113647005478466e-01
2.140000000000075886e+01 4.067383569210321070e+00 -1.509572666192307011e-01
2.150000000000076028e+01 4.047390686659316117e+00 -1.496215083713761107e-01
2.160000000000076170e+01 4.027573867613316594e+00 -1.483037533813722497e-01
2.170000000000076312e+01 4.007930753045499728e+00 -1.470036729182809809e-01
2.180000000000076454e+01 3.988459026695078791e+00 -1.457209458730915896e-01
2.190000000000076597e+01 3.969156414088210738e+00 -1.444552585435286973e-01
2.200000000000076739e+01 3.950020681585748150e+00 -1.432063044260756257e-01
2.210000000000076881e+01 3.931049635438469636e+00 -1.419737840147526908e-01
2.220000000000077023e+01 3.912241120906866598e+00 -1.407574046067944229e-01
2.230000000000077165e+01 3.893593021366921647e+00 -1.395568801144629889e-01
2.240000000000077307e+01 3.875103257459194595e+00 -1.383719308831289352e-01
2.250000000000077449e+01 3.856769786261438071e+00 -1.372022835152659770e-01
2.260000000000077591e+01 3.838590600464097946e+00 -1.360476707000146668e-01
2.270000000000077733e+01 3.820563727606867133e+00 -1.349078310484587151e-01
2.280000000000077875e+01 3.802687229297131211e+00 -1.337825089339391704e-01
2.290000000000078018e+01 3.784959200468609453e+00 -1.326714543375692168e-01
2.300000000000078160e+01 3.767377768659386561e+00 -1.315744226986415022e-01
2.310000000000078302e+01 3.749941093289873351e+00 -1.304911747696418933e-01
2.320000000000078444e+01 3.732647364998914696e+00 -1.294214764760045489e-01
2.330000000000078586e+01 3.715494804957806707e+00 -1.283650987800547538e-01
2.340000000000078728e+01 3.698481664222178722e+00 -1.273218175492606408e-01
2.350000000000078870e+01 3.681606223100384767e+00 -1.262914134285630929e-01
2.360000000000079012e+01 3.664866790518750861e+00 -1.252736717165261471e-01
2.370000000000079154e+01 3.648261703442262416e+00 -1.242683822454645481e-01
2.380000000000079297e+01 3.631789326270812523e+00 -1.232753392650407509e-01
2.390000000000079439e+01 3.615448050270710922e+00 -1.222943413294651505e-01
2.400000000000079581e+01 3.599236293020318556e+00 -1.213251911880988132e-01
2.410000000000079723e+01 3.583152497850004892e+00 -1.203676956792703034e-01
2.420000000000079865e+01 3.567195133335552271e+00 -1.194216656273981991e-01
2.430000000000080007e+01 3.551362692765017925e+00 -1.184869157430272768e-01
2.440000000000080149e+01 3.535653693638298734e+00 -1.175632645258984921e-01
2.450000000000080291e+01 3.520066677179254810e+00 -1.166505341708637955e-01
2.460000000000080433e+01 3.504600207840226744e+00 -1.157485504764821371e-01
2.470000000000080576e+01 3.489252872857687038e+00 -1.148571427564358816e-01
2.480000000000080718e+01 3.474023281779704320e+00 -1.139761437533743926e-01
2.490000000000080860e+01 3.458910066024813545e+00 -1.131053895552940336e-01
2.500000000000081002e+01 3.443911878450983011e+00 -1.122447195143601029e-01
2.510000000000081144e+01 3.429027392915848793e+00 -1.113939761679428875e-01
2.520000000000081286e+01 3.414255303886172044e+00 -1.105530051620796650e-01
2.530000000000081428e+01 3.399594326018135604e+00 -1.097216551769422122e-01
2.540000000000081570e+01 3.385043193766559710e+00 -1.088997778544908979e-01
2.550000000000081712e+01 3.370600661003848586e+00 -1.080872277281592631e-01
2.560000000000081855e+01 3.356265500628232701e+00 -1.072838621544336402e-01
2.570000000000081997e+01 3.342036504219816351e+00 -1.064895412464894608e-01
2.580000000000082139e+01 3.327912481666473354e+00 -1.057041278095153247e-01
2.590000000000082281e+01 3.313892260817187463e+00 -1.049274872779043521e-01
2.600000000000082423e+01 3.299974687144025864e+00 -1.041594876541668269e-01
2.610000000000082565e+01 3.286158623392136491e+00 -1.033999994494458896e-01
2.620000000000082707e+01 3.272442949276420876e+00 -1.026488956257941565e-01
2.630000000000082849e+01 3.258826561146950240e+00 -1.019060515398866329e-01
2.640000000000082991e+01 3.245308371680923898e+00 -1.011713448883101441e-01
2.650000000000083134e+01 3.231887309581729539e+00 -1.004446556543352465e-01
2.660000000000083276e+01 3.218562319265643623e+00 -9.972586605604516485e-02
2.670000000000083418e+01 3.205332360593875052e+00 -9.901486049597862937e-02
2.680000000000083560e+01 3.192196408572385735e+00 -9.831152551198707457e-02
2.690000000000083702e+01 3.179153453077319114e+00 -9.761574972945141759e-02
2.700000000000083844e+01 3.166202498587207259e+00 -9.692742381475150104e-02
2.710000000000083986e+01 3.153342563900736195e+00 -9.624644042992092086e-02
2.720000000000084128e+01 3.140572681900543728e+00 -9.557269418856773058e-02
2.730000000000084270e+01 3.127891899282474242e+00 -9.490608161286862021e-02
2.740000000000084412e+01 3.115299276311198184e+00 -9.424650109169507850e-02
2.750000000000084555e+01 3.102793886580027305e+00 -9.359385283985677262e-02
2.760000000000084697e+01 3.090374816757716303e+00 -9.294803885830460466e-02
2.770000000000084839e+01 3.078041166378355342e+00 -9.230896289548828904e-02
2.780000000000084981e+01 3.065792047597831527e+00 -9.167653040958412269e-02
2.790000000000085123e+01 3.053626584974786340e+00 -9.105064853172550876e-02
2.800000000000085265e+01 3.041543915255893182e+00 -9.043122603017528238e-02
2.810000000000085407e+01 3.029543187146860106e+00 -8.981817327534968864e-02
2.820000000000085549e+01 3.017623561126349330e+00 -8.921140220581558200e-02
2.830000000000085691e+01 3.005784209225765835e+00 -8.861082629504557495e-02
2.840000000000085834e+01 2.994024314832671507e+00 -8.801636051904193625e-02
2.850000000000085976e+01 2.982343072498579772e+00 -8.742792132476984168e-02
2.860000000000086118e+01 2.970739687731047241e+00 -8.684542659932437125e-02
2.870000000000086260e+01 2.959213376829051612e+00 -8.626879563994882538e-02
2.880000000000086402e+01 2.947763366683048503e+00 -8.569794912469352877e-02
2.890000000000086544e+01 2.936388894598618293e+00 -8.513280908383913381e-02
2.900000000000086686e+01 2.925089208123459628e+00 -8.457329887202036378e-02
2.910000000000086828e+01 2.913863564858875321e+00 -8.401934314097148082e-02
2.920000000000086970e+01 2.902711232313521350e+00 -8.347086781302925917e-02
2.930000000000087113e+01 2.891631487721795679e+00 -8.292780005517641495e-02
2.940000000000087255e+01 2.880623617884815246e+00 -8.239006825376382626e-02
2.950000000000087397e+01 2.869686919015123294e+00 -8.185760198981917313e-02
2.960000000000087539e+01 2.858820696564940533e+00 -8.133033201491013386e-02
2.970000000000087681e+01 2.848024265096050556e+00 -8.080819022767737891e-02
2.980000000000087823e+01 2.837296948114502726e+00 -8.029110965081076579e-02
2.990000000000087965e+01 2.826638077927420056e+00 -7.977902440863349209e-02
3.000000000000088107e+01 2.816046995502833994e+00 -7.927186970519639608e-02
3.010000000000088249e+01 2.805523050312785927e+00 -7.876958180285176248e-02
3.020000000000088392e+01 2.795065600218087809e+00 -7.827209800140866314e-02
3.030000000000088534e+01 2.784674011317115117e+00 -7.777935661768242692e-02
3.040000000000088676e+01 2.774347657816701229e+00 -7.729129696556413798e-02
3.050000000000088818e+01 2.764085921905273580e+00 -7.680785933654676878e-02
3.060000000000088960e+01 2.753888193609604684e+00 -7.632898498066320592e-02
3.070000000000089102e+01 2.743753870692419383e+00 -7.585461608793131472e-02
3.080000000000089244e+01 2.733682358513966904e+00 -7.538469577014650369e-02
3.090000000000089386e+01 2.723673069915054867e+00 -7.491916804313314415e-02
3.100000000000089528e+01 2.713725425102595068e+00 -7.445797780939211741e-02
3.110000000000089670e+01 2.703838851518135300e+00 -7.400107084109630584e-02
3.120000000000089813e+01 2.694012783746988049e+00 -7.354839376355459812e-02
3.130000000000089955e+01 2.684246663391071763e+00 -7.309989403896577365e-02
3.140000000000090097e+01 2.674539938963246044e+00 -7.265551995057306645e-02
3.150000000000090239e+01 2.664892065783281083e+00 -7.221522058717122494e-02
3.160000000000090381e+01 2.655302505857520146e+00 -7.177894582791632949e-02
3.170000000000090523e+01 2.645770727797703614e+00 -7.134664632755749469e-02
3.180000000000090665e+01 2.636296206704393796e+00 -7.091827350190416102e-02
3.190000000000090807e+01 2.626878424071072970e+00 -7.049377951365554118e-02
