-3.200000000000000000e+01 6.852635305966655373e-04
-3.189999999999999858e+01 6.906651100024842555e-04
-3.179999999999999716e+01 6.961382559936294062e-04
-3.169999999999999574e+01 7.016843398695672218e-04
-3.159999999999999432e+01 7.073047675048653969e-04
-3.149999999999999289e+01 7.130009804284600811e-04
-3.139999999999999147e+01 7.187744569421777125e-04
-3.129999999999999005e+01 7.246267132815008370e-04
-3.119999999999998863e+01 7.305593048198802571e-04
-3.109999999999998721e+01 7.365738273179356452e-04
-3.099999999999998579e+01 7.426719182208691089e-04
-3.089999999999998437e+01 7.488552580045524949e-04
-3.079999999999998295e+01 7.551255715738270508e-04
-3.069999999999998153e+01 7.614846297147809598e-04
-3.059999999999998010e+01 7.679342506028242555e-04
-3.049999999999997868e+01 7.744763013705285382e-04
-3.039999999999997726e+01 7.811126997361600042e-04
-3.029999999999997584e+01 7.878454156971503300e-04
-3.019999999999997442e+01 7.946764732908789472e-04
-3.009999999999997300e+01 8.016079524252307754e-04
-2.999999999999997158e+01 8.086419907837211511e-04
-2.989999999999997016e+01 8.157807858067533252e-04
-2.979999999999996874e+01 8.230265967541714996e-04
-2.969999999999996732e+01 8.303817468522976071e-04
-2.959999999999996589e+01 8.378486255287677592e-04
-2.949999999999996447e+01 8.454296907410466895e-04
-2.939999999999996305e+01 8.531274714010529236e-04
-2.929999999999996163e+01 8.609445699022573190e-04
-2.919999999999996021e+01 8.688836647535394140e-04
-2.909999999999995879e+01 8.769475133242748965e-04
-2.899999999999995737e+01 8.851389547079483800e-04
-2.889999999999995595e+01 8.934609127079283335e-04
-2.879999999999995453e+01 9.019163989533534286e-04
-2.869999999999995310e+01 9.105085161508914273e-04
-2.859999999999995168e+01 9.192404614784272909e-04
-2.849999999999995026e+01 9.281155301298509063e-04
-2.839999999999994884e+01 9.371371190162525785e-04
-2.829999999999994742e+01 9.463087306335852969e-04
-2.819999999999994600e+01 9.556339771045903840e-04
-2.809999999999994458e+01 9.651165844031964289e-04
-2.799999999999994316e+01 9.747603967730913499e-04
-2.789999999999994174e+01 9.845693813481065475e-04
-2.779999999999994031e+01 9.945476329873150466e-04
-2.769999999999993889e+01 1.004699379335456883e-03
-2.759999999999993747e+01 1.015028986119862918e-03
-2.749999999999993605e+01 1.025540962699041710e-03
-2.739999999999993463e+01 1.036239967873808007e-03
-2.729999999999993321e+01 1.047130815977772612e-03
-2.719999999999993179e+01 1.058218483261699630e-03
-2.709999999999993037e+01 1.069508114587062108e-03
-2.699999999999992895e+01 1.081005030448706824e-03
-2.689999999999992752e+01 1.092714734342113215e-03
-2.679999999999992610e+01 1.104642920497471512e-03
-2.669999999999992468e+01 1.116795482000570387e-03
-2.659999999999992326e+01 1.129178519321693934e-03
-2.649999999999992184e+01 1.141798349279053671e-03
-2.639999999999992042e+01 1.154661514458820998e-03
-2.629999999999991900e+01 1.167774793121557908e-03
-2.619999999999991758e+01 1.181145209622858766e-03
-2.609999999999991616e+01 1.194780045377735527e-03
-2.599999999999991473e+01 1.208686850404677498e-03
-2.589999999999991331e+01 1.222873455480882800e-03
-2.579999999999991189e+01 1.237347984949285513e-03
-2.569999999999991047e+01 1.252118870216402174e-03
-2.559999999999990905e+01 1.267194863982741603e-03
-2.549999999999990763e+01 1.282585055254199802e-03
-2.539999999999990621e+01 1.298298885182622544e-03
-2.529999999999990479e+01 1.314346163786927254e-03
-2.519999999999990337e+01 1.330737087615005984e-03
-2.509999999999990195e+01 1.347482258402935007e-03
-2.499999999999990052e+01 1.364592702800355431e-03
-2.489999999999989910e+01 1.382079893230771716e-03
-2.479999999999989768e+01 1.399955769960472152e-03
-2.469999999999989626e+01 1.418232764461061684e-03
-2.459999999999989484e+01 1.436923824148013829e-03
-2.449999999999989342e+01 1.456042438593117177e-03
-2.439999999999989200e+01 1.475602667310394562e-03
-2.429999999999989058e+01 1.495619169222674617e-03
-2.419999999999988916e+01 1.516107233930792967e-03
-2.409999999999988773e+01 1.537082814906979514e-03
-2.399999999999988631e+01 1.558562564753964829e-03
-2.389999999999988489e+01 1.580563872676192267e-03
-2.379999999999988347e+01 1.603104904321254109e-03
-2.369999999999988205e+01 1.626204644169849858e-03
-2.359999999999988063e+01 1.649882940655972036e-03
-2.349999999999987921e+01 1.674160554225793355e-03
-2.339999999999987779e+01 1.699059208553938601e-03
-2.329999999999987637e+01 1.724601645154240880e-03
-2.319999999999987494e+01 1.750811681650629508e-03
-2.309999999999987352e+01 1.777714273984009209e-03
-2.299999999999987210e+01 1.805335582868278308e-03
-2.289999999999987068e+01 1.833703044828015544e-03
-2.279999999999986926e+01 1.862845448179812615e-03
-2.269999999999986784e+01 1.892793014361259397e-03
-2.259999999999986642e+01 1.923577485033741135e-03
-2.249999999999986500e+01 1.955232215439473877e-03
-2.239999999999986358e+01 1.987792274528382610e-03
-2.229999999999986215e+01 2.021294552418608122e-03
-2.219999999999986073e+01 2.055777875818718282e-03
-2.209999999999985931e+01 2.091283132083192244e-03
-2.199999999999985789e+01 2.127853402655149103e-03
-2.189999999999985647e+01 2.165534106713361013e-03
-2.179999999999985505e+01 2.204373155921216399e-03
-2.169999999999985363e+01 2.244421121277799785e-03
-2.159999999999985221e+01 2.285731413153127209e-03
-2.149999999999985079e+01 2.328360475720601171e-03
-2.139999999999984936e+01 2.372367997112886841e-03
-2.129999999999984794e+01 2.417817136766055135e-03
-2.119999999999984652e+01 2.464774771586983413e-03
-2.109999999999984510e+01 2.513311762731674105e-03
-2.099999999999984368e+01 2.563503245000039316e-03
-2.089999999999984226e+01 2.615428941058398678e-03
-2.079999999999984084e+01 2.669173502946577993e-03
-2.069999999999983942e+01 2.724826883620721368e-03
-2.059999999999983800e+01 2.782484741569919619e-03
-2.049999999999983658e+01 2.842248881923766131e-03
-2.039999999999983515e+01 2.904227737850406318e-03
-2.029999999999983373e+01 2.968536896494449774e-03
-2.019999999999983231e+01 3.035299674235389291e-03
-2.009999999999983089e+01 3.104647746596830675e-03
-1.999999999999982947e+01 3.176721838827982307e-03
-1.989999999999982805e+01 3.251672483910937952e-03
-1.979999999999982663e+01 3.329660855602635961e-03
-1.969999999999982521e+01 3.410859685123974073e-03
-1.959999999999982379e+01 3.495454271192415582e-03
-1.949999999999982236e+01 3.583643594417927278e-03
-1.939999999999982094e+01 3.675641548535556278e-03
-1.929999999999981952e+01 3.771678302645692892e-03
-1.919999999999981810e+01 3.872001810623326625e-03
-1.909999999999981668e+01 3.976879486077724950e-03
-1.899999999999981526e+01 4.086600063914212592e-03
-1.889999999999981384e+01 4.201475672565807389e-03
-1.879999999999981242e+01 4.321844144500469782e-03
-1.869999999999981100e+01 4.448071596774225145e-03
-1.859999999999980957e+01 4.580555318165907726e-03
-1.849999999999980815e+01 4.719727005134718122e-03
-1.839999999999980673e+01 4.866056395435981383e-03
-1.829999999999980531e+01 5.020055356029225029e-03
-1.819999999999980389e+01 5.182282491167495425e-03
-1.809999999999980247e+01 5.353348347378578120e-03
-1.799999999999980105e+01 5.533921305048360509e-03
-1.789999999999979963e+01 5.724734261650397081e-03
-1.779999999999979821e+01 5.926592230012336926e-03
-1.769999999999979678e+01 6.140380997039378112e-03
-1.759999999999979536e+01 6.367077014598074985e-03
-1.749999999999979394e+01 6.607758726136290887e-03
-1.739999999999979252e+01 6.863619570962353408e-03
-1.729999999999979110e+01 7.135982954680030257e-03
-1.719999999999978968e+01 7.426319531059342137e-03
-1.709999999999978826e+01 7.736267209770636422e-03
-1.699999999999978684e+01 8.067654389498602266e-03
-1.689999999999978542e+01 8.422527020484521162e-03
-1.679999999999978400e+01 8.803180229868081894e-03
-1.669999999999978257e+01 9.212195403902109087e-03
-1.659999999999978115e+01 9.652483821206146383e-03
-1.649999999999977973e+01 1.012733818229718044e-02
-1.639999999999977831e+01 1.064049369632332973e-02
-1.629999999999977689e+01 1.119620078533724306e-02
-1.619999999999977547e+01 1.179931197438158740e-02
-1.609999999999977405e+01 1.245538618426592081e-02
-1.599999999999977263e+01 1.317081447779461408e-02
-1.589999999999977121e+01 1.395297238698166645e-02
-1.579999999999976978e+01 1.481040534795857039e-02
-1.569999999999976836e+01 1.575305559910492731e-02
-1.559999999999976694e+01 1.679254130153894076e-02
-1.549999999999976552e+01 1.794250182122725940e-02
-1.539999999999976410e+01 1.921902734333769472e-02
-1.529999999999976268e+01 2.064119665539859358e-02
-1.519999999999976126e+01 2.223175456872249212e-02
-1.509999999999975984e+01 2.401797078816120951e-02
-1.499999999999975842e+01 2.603273612785782926e-02
-1.489999999999975699e+01 2.831597124975921559e-02
-1.479999999999975557e+01 3.091644958161747850e-02
-1.469999999999975415e+01 3.389417250669480436e-02
-1.459999999999975273e+01 3.732348499473592263e-02
-1.449999999999975131e+01 4.129718828703204947e-02
-1.439999999999974989e+01 4.593199853635743235e-02
-1.429999999999974847e+01 5.137582136682941614e-02
-1.419999999999974705e+01 5.781746250546623139e-02
-1.409999999999974563e+01 6.549955900380283191e-02
-1.399999999999974420e+01 7.473563734382995816e-02
-1.389999999999974278e+01 8.593212187526685919e-02
-1.379999999999974136e+01 9.961541572288520885e-02
-1.369999999999973994e+01 1.164618650905310526e-01
-1.359999999999973852e+01 1.373222504037419356e-01
-1.349999999999973710e+01 1.632177029296246473e-01
-1.339999999999973568e+01 1.952520189040730658e-01
-1.329999999999973426e+01 2.343256308815084843e-01
-1.319999999999973284e+01 2.804562465323990894e-01
-1.309999999999973141e+01 3.315105079694864454e-01
-1.299999999999972999e+01 3.815636493770945270e-01
-1.289999999999972857e+01 4.203534140943744890e-01
-1.279999999999972715e+01 4.364478848303033898e-01
-1.269999999999972573e+01 4.241434599605549138e-01
-1.259999999999972431e+01 3.878616978129788562e-01
-1.249999999999972289e+01 3.386915437314475530e-01
-1.239999999999972147e+01 2.873516601647195245e-01
-1.229999999999972005e+01 2.403829891449804079e-01
-1.219999999999971863e+01 2.003423208273406864e-01
-1.209999999999971720e+01 1.674172442012528406e-01
-1.199999999999971578e+01 1.407763652504064877e-01
-1.189999999999971436e+01 1.193204136689774986e-01
-1.179999999999971294e+01 1.020088816784784913e-01
-1.169999999999971152e+01 8.796635383618661708e-02
-1.159999999999971010e+01 7.649377361509020201e-02
-1.149999999999970868e+01 6.704601079106659034e-02
-1.139999999999970726e+01 5.920194097587956616e-02
-1.129999999999970584e+01 5.263675747522556653e-02
-1.119999999999970441e+01 4.709924761728619819e-02
-1.109999999999970299e+01 4.239409951638062335e-02
-1.099999999999970157e+01 3.836846115409800473e-02
-1.089999999999970015e+01 3.490183904577320168e-02
-1.079999999999969873e+01 3.189853068407612346e-02
-1.069999999999969731e+01 2.928194829878682376e-02
-1.059999999999969589e+01 2.699034503691913681e-02
-1.049999999999969447e+01 2.497357988186593020e-02
-1.039999999999969305e+01 2.319065360648263352e-02
-1.029999999999969162e+01 2.160781942852864346e-02
-1.019999999999969020e+01 2.019712432542115216e-02
-1.009999999999968878e+01 1.893527502668900658e-02
-9.999999999999687361e+00 1.780275036272768382e-02
-9.899999999999685940e+00 1.678310177948516210e-02
-9.799999999999684519e+00 1.586239853046604240e-02
-9.699999999999683098e+00 1.502878484147777277e-02
-9.599999999999681677e+00 1.427212429760896240e-02
-9.499999999999680256e+00 1.358371260151539084e-02
-9.399999999999678835e+00 1.295604425429520458e-02
-9.299999999999677414e+00 1.238262201593975063e-02
-9.199999999999675993e+00 1.185780049883611298e-02
-9.099999999999674571e+00 1.137665714568869731e-02
-8.999999999999673150e+00 1.093488529407973114e-02
-8.899999999999671729e+00 1.052870514557368263e-02
-8.799999999999670308e+00 1.015478932058248678e-02
-8.699999999999668887e+00 9.810200351252606685e-03
-8.599999999999667466e+00 9.492337989727943695e-03
-8.499999999999666045e+00 9.198894621770049504e-03
-8.399999999999664624e+00 8.927817401647683213e-03
-8.299999999999663203e+00 8.677275983222761807e-03
-8.199999999999661782e+00 8.445634928497933527e-03
-8.099999999999660361e+00 8.231430040476335475e-03
-7.999999999999658939e+00 8.033348000373677703e-03
-7.899999999999657518e+00 7.850208796837990569e-03
-7.799999999999656097e+00 7.680950522350386660e-03
-7.699999999999654676e+00 7.524616183112130090e-03
-7.599999999999653255e+00 7.380342227076067824e-03
-7.499999999999651834e+00 7.247348542634518727e-03
-7.399999999999650413e+00 7.124929719881541862e-03
-7.299999999999648992e+00 7.012447399070906306e-03
-7.199999999999647571e+00 6.909323557901800479e-03
-7.099999999999646150e+00 6.815034611862808012e-03
-6.999999999999644729e+00 6.729106220698793765e-03
-6.899999999999643308e+00 6.651108709827054100e-03
-6.799999999999641886e+00 6.580653028853107080e-03
-6.699999999999640465e+00 6.517387180485831495e-03
-6.599999999999639044e+00 6.460993062653037217e-03
-6.499999999999637623e+00 6.411183674648923518e-03
-6.399999999999636202e+00 6.367700644967012533e-03
-6.299999999999634781e+00 6.330312044339961655e-03
-6.199999999999633360e+00 6.298810452481109178e-03
-6.099999999999631939e+00 6.273011251338718279e-03
-5.999999999999630518e+00 6.252751121375756636e-03
-5.899999999999629097e+00 6.237886720588687456e-03
-5.799999999999627676e+00 6.228293528780735541e-03
-5.699999999999626255e+00 6.223864842027377470e-03
-5.599999999999624833e+00 6.224510904417120127e-03
-5.499999999999623412e+00 6.230158166032570902e-03
-5.399999999999621991e+00 6.240748657812720049e-03
-5.299999999999620570e+00 6.256239475436725823e-03
-5.199999999999619149e+00 6.276602365723491471e-03
-5.099999999999617728e+00 6.301823410275159132e-03
-4.999999999999616307e+00 6.331902802225882441e-03
-4.899999999999614886e+00 6.366854713026542240e-03
-4.799999999999613465e+00 6.406707247187270853e-03
-4.699999999999612044e+00 6.451502483875961452e-03
-4.599999999999610623e+00 6.501296605202757858e-03
-4.499999999999609201e+00 6.556160111948155719e-03
-4.399999999999607780e+00 6.616178128446648619e-03
-4.299999999999606359e+00 6.681450799273852201e-03
-4.199999999999604938e+00 6.752093781409024970e-03
-4.099999999999603517e+00 6.828238836582963857e-03
-3.999999999999602096e+00 6.910034529643599606e-03
-3.899999999999600675e+00 6.997647040014470972e-03
-3.799999999999599254e+00 7.091261094615293643e-03
-3.699999999999597833e+00 7.191081032122098593e-03
-3.599999999999596412e+00 7.297332010055489551e-03
-3.499999999999594991e+00 7.410261368012835068e-03
-3.399999999999593570e+00 7.530140162459042150e-03
-3.299999999999592148e+00 7.657264890777653460e-03
-3.199999999999590727e+00 7.791959425001973930e-03
-3.099999999999589306e+00 7.934577178659524624e-03
-2.999999999999587885e+00 8.085503533655179903e-03
-2.899999999999586464e+00 8.245158558193159057e-03
-2.799999999999585043e+00 8.414000051323550916e-03
-2.699999999999583622e+00 8.592526955169392869e-03
-2.599999999999582201e+00 8.781283182122699704e-03
-2.499999999999580780e+00 8.980861911611254939e-03
-2.399999999999579359e+00 9.191910419658937126e-03
-2.299999999999577938e+00 9.415135514407748860e-03
-2.199999999999576517e+00 9.651309662671667816e-03
-2.099999999999575095e+00 9.901277906457856687e-03
-1.999999999999573674e+00 1.016596568485145929e-02
-1.899999999999572253e+00 1.044638769627674602e-02
-1.799999999999570832e+00 1.074365795926661600e-02
-1.699999999999569411e+00 1.105900125773656879e-02
-1.599999999999567990e+00 1.139376618988655748e-02
-1.499999999999566569e+00 1.174944007971954335e-02
-1.399999999999565148e+00 1.212766605832243244e-02
-1.299999999999563727e+00 1.253026267998141180e-02
-1.199999999999562306e+00 1.295924650885512536e-02
-1.099999999999560885e+00 1.341685819764878822e-02
-9.999999999995594635e-01 1.390559268461173843e-02
-8.999999999995580424e-01 1.442823426403351365e-02
-7.999999999995566213e-01 1.498789744373645733e-02
-6.999999999995552002e-01 1.558807469941928502e-02
-5.999999999995537792e-01 1.623269247920824943e-02
-4.999999999995523581e-01 1.692617711576585929e-02
-3.999999999995509370e-01 1.767353268461286514e-02
-2.999999999995495159e-01 1.848043332698833668e-02
-1.999999999995480948e-01 1.935333316340842602e-02
-9.999999999954667373e-02 2.029959769669974212e-02
4.547473508864641190e-13 2.132766159150793414e-02
1.000000000004561684e-01 2.244721898811291583e-02
2.000000000004575895e-01 2.366945415091926269e-02
3.000000000004590106e-01 2.500732238795252624e-02
4.000000000004604317e-01 2.647589397187296786e-02
5.000000000004618528e-01 2.809277746844951809e-02
6.000000000004632739e-01 2.987864374544961510e-02
7.000000000004646949e-01 3.185787841633779677e-02
8.000000000004661160e-01 3.405939915948284769e-02
9.000000000004675371e-01 3.651768606514783910e-02
1.000000000000468958e+00 3.927408904124334715e-02
1.100000000000470379e+00 4.237849795672138375e-02
1.200000000000471800e+00 4.589149084423793656e-02
1.300000000000473221e+00 4.988711621355777781e-02
1.400000000000474643e+00 5.445652157267802385e-02
1.500000000000476064e+00 5.971271724627060656e-02
1.600000000000477485e+00 6.579686966845377238e-02
1.700000000000478906e+00 7.288665961859841502e-02
1.800000000000480327e+00 8.120742515320086841e-02
1.900000000000481748e+00 9.104703486622012232e-02
2.000000000000483169e+00 1.027756770291215205e-01
2.100000000000484590e+00 1.168719061362262779e-01
2.200000000000486011e+00 1.339560866909091374e-01
2.300000000000487432e+00 1.548311231384170428e-01
2.400000000000488853e+00 1.805264208513700785e-01
2.500000000000490274e+00 2.123306943131546831e-01
2.600000000000491696e+00 2.517748785639554177e-01
2.700000000000493117e+00 3.004745135107528831e-01
2.800000000000494538e+00 3.596468151469604524e-01
2.900000000000495959e+00 4.290018532096400161e-01
3.000000000000497380e+00 5.047529708961964179e-01
3.100000000000498801e+00 5.772466095177805068e-01
3.200000000000500222e+00 6.307044389385046967e-01
3.300000000000501643e+00 6.488625446823717002e-01
3.400000000000503064e+00 6.253173487122244412e-01
3.500000000000504485e+00 5.685374110049685736e-01
3.600000000000505906e+00 4.953414371525480253e-01
3.700000000000507328e+00 4.207769027694735486e-01
3.800000000000508749e+00 3.535095263790006270e-01
3.900000000000510170e+00 2.966482206422054180e-01
4.000000000000511591e+00 2.501562147463854968e-01
4.100000000000513012e+00 2.127090042571014306e-01
4.200000000000514433e+00 1.826878216816839040e-01
4.300000000000515854e+00 1.585972961511988577e-01
4.400000000000517275e+00 1.391931418737277215e-01
4.500000000000518696e+00 1.234877655684798459e-01
4.600000000000520117e+00 1.107142332881903141e-01
4.700000000000521538e+00 1.002823403550881926e-01
4.800000000000522959e+00 9.173897792587075439e-02
4.900000000000524381e+00 8.473598175457672244e-02
5.000000000000525802e+00 7.900527679466014253e-02
5.100000000000527223e+00 7.434011135656296010e-02
5.200000000000528644e+00 7.058105784375065528e-02
5.300000000000530065e+00 6.760563917691742031e-02
5.400000000000531486e+00 6.532068448318471832e-02
5.500000000000532907e+00 6.365674189139125527e-02
5.600000000000534328e+00 6.256405893289374021e-02
5.700000000000535749e+00 6.200978312982739771e-02
5.800000000000537170e+00 6.197614472290872284e-02
5.900000000000538591e+00 6.245946904762316593e-02
6.000000000000540012e+00 6.346993591429005155e-02
6.100000000000541434e+00 6.503206453864220082e-02
6.200000000000542855e+00 6.718596143969673973e-02
6.300000000000544276e+00 6.998943140026891996e-02
6.400000000000545697e+00 7.352112456808912455e-02
6.500000000000547118e+00 7.788498344460217937e-02
6.600000000000548539e+00 8.321637048024588257e-02
6.700000000000549960e+00 8.969040983804253686e-02
6.800000000000551381e+00 9.753327421808584419e-02
6.900000000000552802e+00 1.070373909703590393e-01
7.000000000000554223e+00 1.185818089781559420e-01
7.100000000000555644e+00 1.326591722081379987e-01
7.200000000000557066e+00 1.499106375936989921e-01
7.300000000000558487e+00 1.711690135937017909e-01
7.400000000000559908e+00 1.975068431753190246e-01
7.500000000000561329e+00 2.302766169327896961e-01
7.600000000000562750e+00 2.711074050431360738e-01
7.700000000000564171e+00 3.217723837825648414e-01
7.800000000000565592e+00 3.837477861514619892e-01
7.900000000000567013e+00 4.571546108431387423e-01
8.000000000000568434e+00 5.387603616750357149e-01
8.100000000000569855e+00 6.193368429113392803e-01
8.200000000000571276e+00 6.826234784608602446e-01
8.300000000000572697e+00 7.101047819577073206e-01
8.400000000000574119e+00 6.919924616049536459e-01
8.500000000000575540e+00 6.347302431791697064e-01
8.600000000000576961e+00 5.559354463256908074e-01
8.700000000000578382e+00 4.730548774303837134e-01
8.800000000000579803e+00 3.969210475662138249e-01
8.900000000000581224e+00 3.318687879236706384e-01
9.000000000000582645e+00 2.783103302155198744e-01
9.100000000000584066e+00 2.349468274462652440e-01
9.200000000000585487e+00 2.000137838301464521e-01
9.300000000000586908e+00 1.718280713123352954e-01
9.400000000000588329e+00 1.489690370306080702e-01
9.500000000000589750e+00 1.303005727466671482e-01
9.600000000000591172e+00 1.149362080140247377e-01
9.700000000000592593e+00 1.021910570532503781e-01
9.800000000000594014e+00 9.153699223018622877e-02
9.900000000000595435e+00 8.256573538113966271e-02
1.000000000000059686e+01 7.496007753791959771e-02
1.010000000000059828e+01 6.847200209798666448e-02
1.020000000000059970e+01 6.290624144014472785e-02
1.030000000000060112e+01 5.810796053923127785e-02
1.040000000000060254e+01 5.395352304968489138e-02
1.050000000000060396e+01 5.034354397942360226e-02
1.060000000000060538e+01 4.719763661108029862e-02
1.070000000000060680e+01 4.445041764340760398e-02
1.080000000000060822e+01 4.204845089628909266e-02
1.090000000000060965e+01 3.994789524628049315e-02
1.100000000000061107e+01 3.811268461476264441e-02
1.110000000000061249e+01 3.651311304608655800e-02
1.120000000000061391e+01 3.512473087792288701e-02
1.130000000000061533e+01 3.392748214668157153e-02
1.140000000000061675e+01 3.290503116723612897e-02
1.150000000000061817e+01 3.204423946290973352e-02
1.160000000000061959e+01 3.133476418004799147e-02
1.170000000000062101e+01 3.076875673352578652e-02
1.180000000000062244e+01 3.034064637408965051e-02
1.190000000000062386e+01 3.004699815394345358e-02
1.200000000000062528e+01 2.988643878475885640e-02
1.210000000000062670e+01 2.985964744658684694e-02
1.220000000000062812e+01 2.996941199030078024e-02
1.230000000000062954e+01 3.022075443633260791e-02
1.240000000000063096e+01 3.062113347626840495e-02
1.250000000000063238e+01 3.118073613606532624e-02
1.260000000000063380e+01 3.191287623508421573e-02
1.270000000000063523e+01 3.283452425853052026e-02
1.280000000000063665e+01 3.396700240133679327e-02
1.290000000000063807e+01 3.533689072583501289e-02
1.300000000000063949e+01 3.697720682523560065e-02
1.310000000000064091e+01 3.892894379248103276e-02
1.320000000000064233e+01 4.124308198392610814e-02
1.330000000000064375e+01 4.398323219141701823e-02
1.340000000000064517e+01 4.722912552830690891e-02
1.350000000000064659e+01 5.108124366811041261e-02
1.360000000000064801e+01 5.566698739897442405e-02
1.370000000000064944e+01 6.114891503660682681e-02
1.380000000000065086e+01 6.773573963464762926e-02
1.390000000000065228e+01 7.569692416910681065e-02
1.400000000000065370e+01 8.538175948949980332e-02
1.410000000000065512e+01 9.724349082128340427e-02
1.420000000000065654e+01 1.118677343883022063e-01
1.430000000000065796e+01 1.300006045230039653e-01
1.440000000000065938e+01 1.525623883177907869e-01
1.450000000000066080e+01 1.806107990466863933e-01
1.460000000000066223e+01 2.151736117419905392e-01
1.470000000000066365e+01 2.567978404472853748e-01
1.480000000000066507e+01 3.046013435509600797e-01
1.490000000000066649e+01 3.547630723496361105e-01
1.500000000000066791e+01 3.991931572606201573e-01
1.510000000000066933e+01 4.265904174141411098e-01
1.520000000000067075e+01 4.278149723305353369e-01
1.530000000000067217e+01 4.023645714415117758e-01
1.540000000000067359e+01 3.587746534130737408e-01
1.550000000000067502e+01 3.084375873432791404e-01
1.560000000000067644e+01 2.598655020126995341e-01
1.570000000000067786e+01 2.172535745176946143e-01
1.580000000000067928e+01 1.816965915510271312e-01
1.590000000000068070e+01 1.527347398057348205e-01
1.600000000000068212e+01 1.293602239519917041e-01
1.610000000000068354e+01 1.105069425683715412e-01
1.620000000000068496e+01 9.523742151143349544e-02
1.630000000000068638e+01 8.278780949098707431e-02
1.640000000000068781e+01 7.255702997939382504e-02
1.650000000000068923e+01 6.407920335035026393e-02
1.660000000000069065e+01 5.699495306511648263e-02
1.670000000000069207e+01 5.102678239939554411e-02
1.680000000000069349e+01 4.595950786261685655e-02
1.690000000000069491e+01 4.162525291339420896e-02
1.700000000000069633e+01 3.789212564742643063e-02
1.710000000000069775e+01 3.465572948682617282e-02
1.720000000000069917e+01 3.183280180106860813e-02
1.730000000000070060e+01 2.935643404856976002e-02
1.740000000000070202e+01 2.717246333986807205e-02
1.750000000000070344e+01 2.523673235387607211e-02
1.760000000000070486e+01 2.351299508768671734e-02
1.770000000000070628e+01 2.197130527642515707e-02
1.780000000000070770e+01 2.058676762666725862e-02
1.790000000000070912e+01 1.933856348723113350e-02
1.800000000000071054e+01 1.820918547125399689e-02
1.810000000000071196e+01 1.718383222853669956e-02
1.820000000000071338e+01 1.624992677878023956e-02
1.830000000000071481e+01 1.539673079966968894e-02
1.840000000000071623e+01 1.461503390754331257e-02
1.850000000000071765e+01 1.389690191251598261e-02
1.860000000000071907e+01 1.323547173072206831e-02
1.870000000000072049e+01 1.262478342357910635e-02
1.880000000000072191e+01 1.205964194669315558e-02
1.890000000000072333e+01 1.153550280111652858e-02
1.900000000000072475e+01 1.104837701498563238e-02
1.910000000000072617e+01 1.059475183624568675e-02
1.920000000000072760e+01 1.017152425606818351e-02
1.930000000000072902e+01 9.775945059265352469e-03
1.940000000000073044e+01 9.405571549784825028e-03
1.950000000000073186e+01 9.058227455799388109e-03
1.960000000000073328e+01 8.731968801098565630e-03
1.970000000000073470e+01 8.425054754003001925e-03
1.980000000000073612e+01 8.135922644816346444e-03
1.990000000000073754e+01 7.863166486934157484e-03
2.000000000000073896e+01 7.605518453235056604e-03
2.010000000000074039e+01 7.361832853660848185e-03
2.020000000000074181e+01 7.131072236512869637e-03
2.030000000000074323e+01 6.912295298756664964e-03
2.040000000000074465e+01 6.704646341841129058e-03
2.050000000000074607e+01 6.507346051860528682e-03
2.060000000000074749e+01 6.319683417753381785e-03
2.070000000000074891e+01 6.141008630062183733e-03
2.080000000000075033e+01 5.970726826892538801e-03
2.090000000000075175e+01 5.808292573637567624e-03
2.100000000000075318e+01 5.653204979847302469e-03
2.110000000000075460e+01 5.505003370670159997e-03
2.120000000000075602e+01 5.363263442069935404e-03
2.130000000000075744e+01 5.227593839078010195e-03
2.140000000000075886e+01 5.097633104705884440e-03
2.150000000000076028e+01 4.973046954355405530e-03
2.160000000000076170e+01 4.853525836651691530e-03
2.170000000000076312e+01 4.738782746779392208e-03
2.180000000000076454e+01 4.628551262905866194e-03
2.190000000000076597e+01 4.522583780017125701e-03
2.200000000000076739e+01 4.420649918799310525e-03
2.210000000000076881e+01 4.322535090006855880e-03
2.220000000000077023e+01 4.228039197151673735e-03
2.230000000000077165e+01 4.136975462495230682e-03
2.240000000000077307e+01 4.049169363090208106e-03
2.250000000000077449e+01 3.964457665226749777e-03
2.260000000000077591e+01 3.882687547005955406e-03
2.270000000000077733e+01 3.803715799930197650e-03
2.280000000000077875e+01 3.727408101484259995e-03
2.290000000000078018e+01 3.653638351550068421e-03
2.300000000000078160e+01 3.582288066322714994e-03
2.310000000000078302e+01 3.513245824093660409e-03
2.320000000000078444e+01 3.446406757859731950e-03
2.330000000000078586e+01 3.381672090294035767e-03
2.340000000000078728e+01 3.318948707056899525e-03
2.350000000000078870e+01 3.258148764869465714e-03
2.360000000000079012e+01 3.199189331143995757e-03
2.370000000000079154e+01 3.141992052276086373e-03
2.380000000000079297e+01 3.086482848027525573e-03
2.390000000000079439e+01 3.032591629658502701e-03
2.400000000000079581e+01 2.980252039718799505e-03
2.410000000000079723e+01 2.929401211612532065e-03
2.420000000000079865e+01 2.879979547218400760e-03
2.430000000000080007e+01 2.831930511037854259e-03
2.440000000000080149e+01 2.785200439464354926e-03
2.450000000000080291e+01 2.739738363915078870e-03
2.460000000000080433e+01 2.695495846683192316e-03
2.470000000000080576e+01 2.652426828460232103e-03
2.480000000000080718e+01 2.610487486595911011e-03
2.490000000000080860e+01 2.569636103225430082e-03
2.500000000000081002e+01 2.529832942485873287e-03
2.510000000000081144e+01 2.491040136111746794e-03
2.520000000000081286e+01 2.453221576749741069e-03
2.530000000000081428e+01 2.416342818409308348e-03
2.540000000000081570e+01 2.380370983496902116e-03
2.550000000000081712e+01 2.345274675940736599e-03
2.560000000000081855e+01 2.311023899953850748e-03
2.570000000000081997e+01 2.277589984012638302e-03
2.580000000000082139e+01 2.244945509671553152e-03
2.590000000000082281e+01 2.213064244865764214e-03
2.600000000000082423e+01 2.181921081371762054e-03
2.610000000000082565e+01 2.151491976138272810e-03
2.620000000000082707e+01 2.121753896207195789e-03
2.630000000000082849e+01 2.092684766976328839e-03
2.640000000000082991e+01 2.064263423574781361e-03
2.650000000000083134e+01 2.036469565130797580e-03
2.660000000000083276e+01 2.009283711742731755e-03
2.670000000000083418e+01 1.982687163964475148e-03
2.680000000000083560e+01 1.956661964639694676e-03
2.690000000000083702e+01 1.931190862931439576e-03
2.700000000000083844e+01 1.906257280397010692e-03
2.710000000000083986e+01 1.881845278981667457e-03
2.720000000000084128e+01 1.857939530801548189e-03
2.730000000000084270e+01 1.834525289603446954e-03
2.740000000000084412e+01 1.811588363796979564e-03
2.750000000000084555e+01 1.789115090954844110e-03
2.760000000000084697e+01 1.767092313695646120e-03
2.770000000000084839e+01 1.745507356858497054e-03
2.780000000000084981e+01 1.724348005892061258e-03
2.790000000000085123e+01 1.703602486385858697e-03
2.800000000000085265e+01 1.683259444670024210e-03
2.810000000000085407e+01 1.663307929425009764e-03
2.820000000000085549e+01 1.643737374236507818e-03
2.830000000000085691e+01 1.624537581041630508e-03
2.840000000000085834e+01 1.605698704415821050e-03
2.850000000000085976e+01 1.587211236647317024e-03
2.860000000000086118e+01 1.569065993558827355e-03
2.870000000000086260e+01 1.551254101029439763e-03
2.880000000000086402e+01 1.533766982178667382e-03
2.890000000000086544e+01 1.516596345176841583e-03
2.900000000000086686e+01 1.499734171642886716e-03
2.910000000000086828e+01 1.483172705601479638e-03
2.920000000000086970e+01 1.466904442964934042e-03
2.930000000000087113e+01 1.450922121512615830e-03
2.940000000000087255e+01 1.435218711342288716e-03
2.950000000000087397e+01 1.419787405764334287e-03
2.960000000000087539e+01 1.404621612619389457e-03
2.970000000000087681e+01 1.389714945993379778e-03
2.980000000000087823e+01 1.375061218310378577e-03
2.990000000000087965e+01 1.360654432784789329e-03
3.000000000000088107e+01 1.346488776210856076e-03
3.010000000000088249e+01 1.332558612075976454e-03
3.020000000000088392e+01 1.318858473977963007e-03
3.030000000000088534e+01 1.305383059332070311e-03
3.040000000000088676e+01 1.292127223354300452e-03
3.050000000000088818e+01 1.279085973304082196e-03
3.060000000000088960e+01 1.266254462976950908e-03
3.070000000000089102e+01 1.253627987431868039e-03
3.080000000000089244e+01 1.241201977942813688e-03
3.090000000000089386e+01 1.228971997164771037e-03
3.100000000000089528e+01 1.216933734500897507e-03
3.110000000000089670e+01 1.205083001664468715e-03
3.120000000000089813e+01 1.193415728423517222e-03
3.130000000000089955e+01 1.181927958520555613e-03
3.140000000000090097e+01 1.170615845760108716e-03
3.150000000000090239e+01 1.159475650253579803e-03
3.160000000000090381e+01 1.148503734817156712e-03
3.170000000000090523e+01 1.137696561513111071e-03
3.180000000000090665e+01 1.127050688328891164e-03
3.190000000000090807e+01 1.116562765988632095e-03
