-3.200000000000000000e+01 -1.411342205883534717e+01 3.399946181870450168e-02
-3.189999999999999858e+01 -1.410722454709798157e+01 3.333723096743645975e-02
-3.179999999999999716e+01 -1.410114913891232291e+01 3.266891523515758067e-02
-3.169999999999999574e+01 -1.409519695708959475e+01 3.199443853592520703e-02
-3.159999999999999432e+01 -1.408936913848134154e+01 3.131372353751349369e-02
-3.149999999999999289e+01 -1.408366683422306664e+01 3.062669163481801515e-02
-3.139999999999999147e+01 -1.407809120995739960e+01 2.993326292265108268e-02
-3.129999999999999005e+01 -1.407264344607917295e+01 2.923335616770006418e-02
-3.119999999999998863e+01 -1.406732473798589922e+01 2.852688877970044334e-02
-3.109999999999998721e+01 -1.406213629631609763e+01 2.781377678186802704e-02
-3.099999999999998579e+01 -1.405707934721952768e+01 2.709393478039057168e-02
-3.089999999999998437e+01 -1.405215513260604965e+01 2.636727593313603624e-02
-3.079999999999998295e+01 -1.404736491041865065e+01 2.563371191739638455e-02
-3.069999999999998153e+01 -1.404270995491199869e+01 2.489315289669569164e-02
-3.059999999999998010e+01 -1.403819155691949305e+01 2.414550748669019864e-02
-3.049999999999997868e+01 -1.403381102415325898e+01 2.339068271994748649e-02
-3.039999999999997726e+01 -1.402956968148392036e+01 2.262858400980061191e-02
-3.029999999999997584e+01 -1.402546887124495001e+01 2.185911511302807142e-02
-3.019999999999997442e+01 -1.402150995354359964e+01 2.108217809140877641e-02
-3.009999999999997300e+01 -1.401769430656162996e+01 2.029767327218057194e-02
-2.999999999999997158e+01 -1.401402332688929064e+01 1.950549920715982655e-02
-2.989999999999997016e+01 -1.401049842984131288e+01 1.870555263072759544e-02
-2.979999999999996874e+01 -1.400712104979687922e+01 1.789772841638426204e-02
-2.969999999999996732e+01 -1.400389264054903649e+01 1.708191953198234803e-02
-2.959999999999996589e+01 -1.400081467564373128e+01 1.625801699356865804e-02
-2.949999999999996447e+01 -1.399788864875432282e+01 1.542590981765079583e-02
-2.939999999999996305e+01 -1.399511607403809776e+01 1.458548497202971639e-02
-2.929999999999996163e+01 -1.399249848651980699e+01 1.373662732494651539e-02
-2.919999999999996021e+01 -1.399003744248450687e+01 1.287921959255244886e-02
-2.909999999999995879e+01 -1.398773451986210148e+01 1.201314228471195289e-02
-2.899999999999995737e+01 -1.398559131864884719e+01 1.113827364886865734e-02
-2.889999999999995595e+01 -1.398360946131222349e+01 1.025448961212938048e-02
-2.879999999999995453e+01 -1.398179059322469087e+01 9.361663721296098473e-03
-2.869999999999995310e+01 -1.398013638310783691e+01 8.459667080817467877e-03
-2.859999999999995168e+01 -1.397864852347087350e+01 7.548368288676665649e-03
-2.849999999999995026e+01 -1.397732873108720497e+01 6.627633369900576277e-03
-2.839999999999994884e+01 -1.397617874745648692e+01 5.697325707830436237e-03
-2.829999999999994742e+01 -1.397520033929751904e+01 4.757305972869052546e-03
-2.819999999999994600e+01 -1.397439529905386024e+01 3.807432048625658538e-03
-2.809999999999994458e+01 -1.397376544539539012e+01 2.847558955487383692e-03
-2.799999999999994316e+01 -1.397331262376091843e+01 1.877538771225539804e-03
-2.789999999999994174e+01 -1.397303870688807592e+01 8.972205487933759827e-04
-2.779999999999994031e+01 -1.397294559537659708e+01 -9.354976905140421906e-05
-2.769999999999993889e+01 -1.397303521826749417e+01 -1.094929438350988882e-03
-2.759999999999993747e+01 -1.397330953361987937e+01 -2.107079005864154198e-03
-2.749999999999993605e+01 -1.397377052913263640e+01 -3.130162404648251240e-03
-2.739999999999993463e+01 -1.397442022275552276e+01 -4.164347053255967879e-03
-2.729999999999993321e+01 -1.397526066333768924e+01 -5.209803958908576504e-03
-2.719999999999993179e+01 -1.397629393129433950e+01 -6.266707824790995751e-03
-2.709999999999993037e+01 -1.397752213927532239e+01 -7.335237161554264418e-03
-2.699999999999992895e+01 -1.397894743288145847e+01 -8.415574403492276367e-03
-2.689999999999992752e+01 -1.398057199137483053e+01 -9.507906029331048003e-03
-2.679999999999992610e+01 -1.398239802842953949e+01 -1.061242268812367939e-02
-2.669999999999992468e+01 -1.398442779290558846e+01 -1.172931933041321262e-02
-2.659999999999992326e+01 -1.398666356962844759e+01 -1.285879534483569397e-02
-2.649999999999992184e+01 -1.398910768022141582e+01 -1.400105470071333347e-02
-2.639999999999992042e+01 -1.399176248393640520e+01 -1.515630609664375683e-02
-2.629999999999991900e+01 -1.399463037853045222e+01 -1.632476311567765404e-02
-2.619999999999991758e+01 -1.399771380117068098e+01 -1.750664438732474348e-02
-2.609999999999991616e+01 -1.400101522935057119e+01 -1.870217375667748705e-02
-2.599999999999991473e+01 -1.400453718186507501e+01 -1.991158046128949088e-02
-2.589999999999991331e+01 -1.400828221978995991e+01 -2.113509931595247693e-02
-2.579999999999991189e+01 -1.401225294751410644e+01 -2.237297090605905314e-02
-2.569999999999991047e+01 -1.401645201380680739e+01 -2.362544178995107380e-02
-2.559999999999990905e+01 -1.402088211290574549e+01 -2.489276471066359520e-02
-2.549999999999990763e+01 -1.402554598566026733e+01 -2.617519881781404933e-02
-2.539999999999990621e+01 -1.403044642071527903e+01 -2.747300990014212019e-02
-2.529999999999990479e+01 -1.403558625571912089e+01 -2.878647062919070798e-02
-2.519999999999990337e+01 -1.404096837860408087e+01 -3.011586081511541391e-02
-2.509999999999990195e+01 -1.404659572888562025e+01 -3.146146767497359775e-02
-2.499999999999990052e+01 -1.405247129902923220e+01 -3.282358611458024988e-02
-2.489999999999989910e+01 -1.405859813586901730e+01 -3.420251902462156934e-02
-2.479999999999989768e+01 -1.406497934206156053e+01 -3.559857759180229397e-02
-2.469999999999989626e+01 -1.407161807762473771e+01 -3.701208162627322995e-02
-2.459999999999989484e+01 -1.407851756150799005e+01 -3.844335990601432940e-02
-2.449999999999989342e+01 -1.408568107324465046e+01 -3.989275053952745509e-02
-2.439999999999989200e+01 -1.409311195467009625e+01 -4.136060134795216392e-02
-2.429999999999989058e+01 -1.410081361169082115e+01 -4.284727026770251967e-02
-2.419999999999988916e+01 -1.410878951615527122e+01 -4.435312577530592382e-02
-2.409999999999988773e+01 -1.411704320777367627e+01 -4.587854733554641573e-02
-2.399999999999988631e+01 -1.412557829613845151e+01 -4.742392587477528565e-02
-2.389999999999988489e+01 -1.413439846283076129e+01 -4.898966428099915671e-02
-2.379999999999988347e+01 -1.414350746359915334e+01 -5.057617793240654080e-02
-2.369999999999988205e+01 -1.415290913066272083e+01 -5.218389525666711215e-02
-2.359999999999988063e+01 -1.416260737508730116e+01 -5.381325832272676468e-02
-2.349999999999987921e+01 -1.417260618928857241e+01 -5.546472346773001494e-02
-2.339999999999987779e+01 -1.418290964964861800e+01 -5.713876196146172592e-02
-2.329999999999987637e+01 -1.419352191923417017e+01 -5.883586071080948443e-02
-2.319999999999987494e+01 -1.420444725067123137e+01 -6.055652300758773698e-02
-2.309999999999987352e+01 -1.421568998912655957e+01 -6.230126932238966297e-02
-2.299999999999987210e+01 -1.422725457545217154e+01 -6.407063814831193138e-02
-2.289999999999987068e+01 -1.423914554948231270e+01 -6.586518689812148608e-02
-2.279999999999986926e+01 -1.425136755347395123e+01 -6.768549285871128252e-02
-2.269999999999986784e+01 -1.426392533574837529e+01 -6.953215420769687238e-02
-2.259999999999986642e+01 -1.427682375448752161e+01 -7.140579109640554645e-02
-2.249999999999986500e+01 -1.429006778174529302e+01 -7.330704680487765135e-02
-2.239999999999986358e+01 -1.430366250766706138e+01 -7.523658897440455018e-02
-2.229999999999986215e+01 -1.431761314491215842e+01 -7.719511092358211091e-02
-2.219999999999986073e+01 -1.433192503334212375e+01 -7.918333305509595021e-02
-2.209999999999985931e+01 -1.434660364493335472e+01 -8.120200436002622535e-02
-2.199999999999985789e+01 -1.436165458897940717e+01 -8.325190402822324476e-02
-2.189999999999985647e+01 -1.437708361758262043e+01 -8.533384317335279690e-02
-2.179999999999985505e+01 -1.439289663143580889e+01 -8.744866668207884608e-02
-2.169999999999985363e+01 -1.440909968596486301e+01 -8.959725519844308206e-02
-2.159999999999985221e+01 -1.442569899779731557e+01 -9.178052725445462467e-02
-2.149999999999985079e+01 -1.444270095163160583e+01 -9.399944156013506635e-02
-2.139999999999984936e+01 -1.446011210751584919e+01 -9.625499946682092300e-02
-2.129999999999984794e+01 -1.447793920854655170e+01 -9.854824761894465102e-02
-2.119999999999984652e+01 -1.449618918906968723e+01 -1.008802808117756911e-01
-2.109999999999984510e+01 -1.451486918336120624e+01 -1.032522450732441532e-01
-2.099999999999984368e+01 -1.453398653487549730e+01 -1.056653409909994457e-01
-2.089999999999984226e+01 -1.455354880608469514e+01 -1.081208273073935855e-01
-2.079999999999984084e+01 -1.457356378893597437e+01 -1.106200248073700987e-01
-2.069999999999983942e+01 -1.459403951602755889e+01 -1.131643205278284325e-01
-2.059999999999983800e+01 -1.461498427249905419e+01 -1.157551723188121606e-01
-2.049999999999983658e+01 -1.463640660874759192e+01 -1.183941137915200947e-01
-2.039999999999983515e+01 -1.465831535401627050e+01 -1.210827596911914217e-01
-2.029999999999983373e+01 -1.468071963090835652e+01 -1.238228117372264236e-01
-2.019999999999983231e+01 -1.470362887095800630e+01 -1.266160649785914583e-01
-2.009999999999983089e+01 -1.472705283128534859e+01 -1.294644147167356429e-01
-1.999999999999982947e+01 -1.475100161248398223e+01 -1.323698640557656736e-01
-1.989999999999982805e+01 -1.477548567782735311e+01 -1.353345321458254702e-01
-1.979999999999982663e+01 -1.480051587389252710e+01 -1.383606631935047071e-01
-1.969999999999982521e+01 -1.482610345278179587e+01 -1.414506363230836339e-01
-1.959999999999982379e+01 -1.485226009602556374e+01 -1.446069763812283249e-01
-1.949999999999982236e+01 -1.487899794037684664e+01 -1.478323657908608979e-01
-1.939999999999982094e+01 -1.490632960565311471e+01 -1.511296575723929392e-01
-1.929999999999981952e+01 -1.493426822480114780e+01 -1.545018896656057406e-01
-1.919999999999981810e+01 -1.496282747645337707e+01 -1.579523007040012361e-01
-1.909999999999981668e+01 -1.499202162015549078e+01 -1.614843474117465538e-01
-1.899999999999981526e+01 -1.502186553458600216e+01 -1.651017238179542934e-01
-1.889999999999981384e+01 -1.505237475904683286e+01 -1.688083825083851464e-01
-1.879999999999981242e+01 -1.508356553853906590e+01 -1.726085581650829148e-01
-1.869999999999981100e+01 -1.511545487284918821e+01 -1.765067936808292215e-01
-1.859999999999980957e+01 -1.514806057000289208e+01 -1.805079691741536818e-01
-1.849999999999980815e+01 -1.518140130460690607e+01 -1.846173342798148598e-01
-1.839999999999980673e+01 -1.521549668158548663e+01 -1.888405441434686249e-01
-1.829999999999980531e+01 -1.525036730588184497e+01 -1.931836996131792716e-01
-1.819999999999980389e+01 -1.528603485884451629e+01 -1.976533921966473484e-01
-1.809999999999980247e+01 -1.532252218198621385e+01 -2.022567544385373006e-01
-1.799999999999980105e+01 -1.535985336901722853e+01 -2.070015164772223137e-01
-1.789999999999979963e+01 -1.539805386709249646e+01 -2.118960696599359039e-01
-1.779999999999979821e+01 -1.543715058833764964e+01 -2.169495382380203230e-01
-1.769999999999979678e+01 -1.547717203294266142e+01 -2.221718603343034726e-01
-1.759999999999979536e+01 -1.551814842516041182e+01 -2.275738795725850139e-01
-1.749999999999979394e+01 -1.556011186386139045e+01 -2.331674489998249999e-01
-1.739999999999979252e+01 -1.560309648944284611e+01 -2.389655492144497906e-01
-1.729999999999979110e+01 -1.564713866915064067e+01 -2.449824229540530363e-01
-1.719999999999978968e+01 -1.569227720324701458e+01 -2.512337288060381146e-01
-1.709999999999978826e+01 -1.573855355468413109e+01 -2.577367171934861201e-01
-1.699999999999978684e+01 -1.578601210546705857e+01 -2.645104323855657080e-01
-1.689999999999978542e+01 -1.583470044328053028e+01 -2.715759450003314424e-01
-1.679999999999978400e+01 -1.588466968249589861e+01 -2.789566203440840830e-01
-1.669999999999978257e+01 -1.593597482438770463e+01 -2.866784290041795025e-01
-1.659999999999978115e+01 -1.598867516200013661e+01 -2.947703074210829000e-01
-1.649999999999977973e+01 -1.604283473608687771e+01 -3.032645777842504220e-01
-1.639999999999977831e+01 -1.609852284946541801e+01 -3.121974385906334248e-01
-1.629999999999977689e+01 -1.615581464828753155e+01 -3.216095396818077212e-01
-1.619999999999977547e+01 -1.621479178015530209e+01 -3.315466586672292104e-01
-1.609999999999977405e+01 -1.627554314044390082e+01 -3.420604995040409380e-01
-1.599999999999977263e+01 -1.633816572011743773e+01 -3.532096388742091975e-01
-1.589999999999977121e+01 -1.640276557030047400e+01 -3.650606521482471223e-01
-1.579999999999976978e+01 -1.646945890120256095e+01 -3.776894585405028426e-01
-1.569999999999976836e+01 -1.653837333568982615e+01 -3.911829350471670574e-01
-1.559999999999976694e+01 -1.660964934053096442e+01 -4.056408615707423060e-01
-1.549999999999976552e+01 -1.668344186151765740e+01 -4.211782761910559669e-01
-1.539999999999976410e+01 -1.675992219163160968e+01 -4.379283410306287205e-01
-1.529999999999976268e+01 -1.683928010420135379e+01 -4.560458472313174694e-01
-1.519999999999976126e+01 -1.692172628503436727e+01 -4.757115244460002890e-01
-1.509999999999975984e+01 -1.700749509759817357e+01 -4.971373689940031815e-01
-1.499999999999975842e+01 -1.709684771241730061e+01 -5.205732696800492443e-01
-1.489999999999975699e+01 -1.719007562289218782e+01 -5.463152970419996590e-01
-1.479999999999975557e+01 -1.728750455079669734e+01 -5.747161386094102875e-01
-1.469999999999975415e+01 -1.738949870878048287e+01 -6.061983209520519500e-01
-1.459999999999975273e+01 -1.749646532236176455e+01 -6.412710746638412562e-01
-1.449999999999975131e+01 -1.760885920146217387e+01 -6.805519930864708522e-01
-1.439999999999974989e+01 -1.772718695894844387e+01 -7.247950401475473647e-01
-1.429999999999974847e+01 -1.785201014758348137e+01 -7.749270193171486909e-01
-1.419999999999974705e+01 -1.798394603678732295e+01 -8.320953809825012426e-01
-1.409999999999974563e+01 -1.812366382269110687e+01 -8.977312922962801256e-01
-1.399999999999974420e+01 -1.827187249723588991e+01 -9.736333076149178423e-01
-1.389999999999974278e+01 -1.842929394303318702e+01 -1.062078839279874565e+00
-1.379999999999974136e+01 -1.859661029382110087e+01 -1.165972955257657429e+00
-1.369999999999973994e+01 -1.877436686922842313e+01 -1.289046622927863206e+00
-1.359999999999973852e+01 -1.896279878063645086e+01 -1.436118577424781106e+00
-1.349999999999973710e+01 -1.916152683505363186e+01 -1.613434199452763451e+00
-1.339999999999973568e+01 -1.936903072459331909e+01 -1.829085170963440810e+00
-1.329999999999973426e+01 -1.958174667052247031e+01 -2.093480856149944280e+00
-1.319999999999973284e+01 -1.979254615091015879e+01 -2.419753555073851814e+00
-1.309999999999973141e+01 -1.998824339938292738e+01 -2.823765479324943151e+00
-1.299999999999972999e+01 -2.014573621853607577e+01 -3.322916293102299967e+00
-1.289999999999972857e+01 -2.022671385109934405e+01 -3.932056250006326970e+00
-1.279999999999972715e+01 -2.017238957168956404e+01 -4.653545948556931933e+00
-1.269999999999972573e+01 -1.990389670483046558e+01 -5.458213979050637654e+00
-1.259999999999972431e+01 -1.934095720286613584e+01 -6.259477967910799912e+00
-1.249999999999972289e+01 -1.845204545953503228e+01 -6.901298132604038571e+00
-1.239999999999972147e+01 -1.731950851107339417e+01 -7.200978559430359027e+00
-1.229999999999972005e+01 -1.614783424676292611e+01 -7.055052486616860463e+00
-1.219999999999971863e+01 -1.516432707247050260e+01 -6.518030229822949551e+00
-1.209999999999971720e+01 -1.449633927754581286e+01 -5.759436782718870163e+00
-1.199999999999971578e+01 -1.414388246169774810e+01 -4.952688989851624868e+00
-1.189999999999971436e+01 -1.403571587389073549e+01 -4.207920422059440391e+00
-1.179999999999971294e+01 -1.408905259066224147e+01 -3.570520603350750832e+00
-1.169999999999971152e+01 -1.423781325546340959e+01 -3.046004928150496838e+00
-1.159999999999971010e+01 -1.443735872675086362e+01 -2.622176904507438344e+00
-1.149999999999970868e+01 -1.466017033875598941e+01 -2.281814482075378514e+00
-1.139999999999970726e+01 -1.489026844784712011e+01 -2.008314163977630962e+00
-1.129999999999970584e+01 -1.511884539775401137e+01 -1.787599208224520897e+00
-1.119999999999970441e+01 -1.534135884189138110e+01 -1.608388709153561802e+00
-1.109999999999970299e+01 -1.555573163451530938e+01 -1.461871621927125942e+00
-1.099999999999970157e+01 -1.576127598140130992e+01 -1.341237236334916982e+00
-1.089999999999970015e+01 -1.595806252492846866e+01 -1.241232320748194340e+00
-1.079999999999969873e+01 -1.614655481845447582e+01 -1.157794857259223376e+00
-1.069999999999969731e+01 -1.632739995269449906e+01 -1.087767834572926917e+00
-1.059999999999969589e+01 -1.650131049033655728e+01 -1.028681462682796255e+00
-1.049999999999969447e+01 -1.666899960420241911e+01 -9.785893893077869388e-01
-1.039999999999969305e+01 -1.683114709197536030e+01 -9.359459850976015183e-01
-1.029999999999969162e+01 -1.698838318043244300e+01 -8.995143170484944939e-01
-1.019999999999969020e+01 -1.714128243947310892e+01 -8.682968852268936333e-01
-1.009999999999968878e+01 -1.729036329829488494e+01 -8.414832183794466181e-01
-9.999999999999687361e+00 -1.743609052416013583e+01 -8.184099792863485101e-01
-9.899999999999685940e+00 -1.757887912854126711e+01 -7.985303897370313875e-01
-9.799999999999684519e+00 -1.771909881968996459e+01 -7.813906350226308417e-01
-9.699999999999683098e+00 -1.785707850892031701e+01 -7.666115267605541073e-01
-9.599999999999681677e+00 -1.799311060729762346e+01 -7.538741526789540792e-01
-9.499999999999680256e+00 -1.812745498417439549e+01 -7.429085692778303329e-01
-9.399999999999678835e+00 -1.826034253709237021e+01 -7.334848321926974446e-01
-9.299999999999677414e+00 -1.839197836636069638e+01 -7.254058342729350350e-01
-9.199999999999675993e+00 -1.852254457144176314e+01 -7.185015505049220375e-01
-9.099999999999674571e+00 -1.865220269779852202e+01 -7.126243846368768287e-01
-8.999999999999673150e+00 -1.878109586747500259e+01 -7.076453837489651288e-01
-8.899999999999671729e+00 -1.890935062742264350e+01 -7.034511405756470603e-01
-8.799999999999670308e+00 -1.903707854789844589e+01 -6.999412438296169769e-01
-8.699999999999668887e+00 -1.916437760083547914e+01 -6.970261674904364435e-01
-8.599999999999667466e+00 -1.929133334496146901e+01 -6.946255134947734167e-01
-8.499999999999666045e+00 -1.941801994135669673e+01 -6.926665403065688231e-01
-8.399999999999664624e+00 -1.954450102029565883e+01 -6.910829237932103464e-01
-8.299999999999663203e+00 -1.967083041733597426e+01 -6.898137076789585542e-01
-8.199999999999661782e+00 -1.979705279433780163e+01 -6.888024093233259260e-01
-8.099999999999660361e+00 -1.992320415882904427e+01 -6.879962532351971971e-01
-7.999999999999658939e+00 -2.004931229323620556e+01 -6.873455099973345694e-01
-7.899999999999657518e+00 -2.017539710395585928e+01 -6.868029224557133938e-01
-7.799999999999656097e+00 -2.030147089865182508e+01 -6.863232043653116898e-01
-7.699999999999654676e+00 -2.042753859909619507e+01 -6.858625993602758264e-01
-7.599999999999653255e+00 -2.055359789571020457e+01 -6.853784902750443830e-01
-7.499999999999651834e+00 -2.067963934905339585e+01 -6.848290505925758165e-01
-7.399999999999650413e+00 -2.080564644283425224e+01 -6.841729312214974712e-01
-7.299999999999648992e+00 -2.093159559218764443e+01 -6.833689769730589836e-01
-7.199999999999647571e+00 -2.105745611055890976e+01 -6.823759680724789112e-01
-7.099999999999646150e+00 -2.118319013794736705e+01 -6.811523828400007918e-01
-6.999999999999644729e+00 -2.130875253285292814e+01 -6.796561783471360974e-01
-6.899999999999643308e+00 -2.143409073002784027e+01 -6.778445864187302439e-01
-6.799999999999641886e+00 -2.155914456568628168e+01 -6.756739228347221626e-01
-6.699999999999640465e+00 -2.168384607175002543e+01 -6.730994080006655889e-01
-6.599999999999639044e+00 -2.180811924041547911e+01 -6.700749977205560093e-01
-6.499999999999637623e+00 -2.193187976017955521e+01 -6.665532230281706605e-01
-6.399999999999636202e+00 -2.205503472445596813e+01 -6.624850383233903406e-01
-6.299999999999634781e+00 -2.217748231368100420e+01 -6.578196773283602194e-01
-6.199999999999633360e+00 -2.229911145193279509e+01 -6.525045166264582530e-01
-6.099999999999631939e+00 -2.241980143898576472e+01 -6.464849467854958398e-01
-5.999999999999630518e+00 -2.253942155875452613e+01 -6.397042512971441441e-01
-5.899999999999629097e+00 -2.265783066525356659e+01 -6.321034937893381667e-01
-5.799999999999627676e+00 -2.277487674714322097e+01 -6.236214141978300152e-01
-5.699999999999626255e+00 -2.289039647223387419e+01 -6.141943348089442534e-01
-5.599999999999624833e+00 -2.300421471339928914e+01 -6.037560773215742138e-01
-5.499999999999623412e+00 -2.311614405757154600e+01 -5.922378923174443921e-01
-5.399999999999621991e+00 -2.322598429985386659e+01 -5.795684027744152367e-01
-5.299999999999620570e+00 -2.333352192494060517e+01 -5.656735635203319346e-01
-5.199999999999619149e+00 -2.343852957854691965e+01 -5.504766387870858591e-01
-5.099999999999617728e+00 -2.354076553186036591e+01 -5.338982003043560853e-01
-4.999999999999616307e+00 -2.363997314249009207e+01 -5.158561486586606959e-01
-4.899999999999614886e+00 -2.373588031600509041e+01 -4.962657609303701145e-01
-4.799999999999613465e+00 -2.382819897258043440e+01 -4.750397679267482909e-01
-4.699999999999612044e+00 -2.391662452406252015e+01 -4.520884646196019485e-01
-4.599999999999610623e+00 -2.400083536737222900e+01 -4.273198576974881480e-01
-4.499999999999609201e+00 -2.408049240093796683e+01 -4.006398544319900168e-01
-4.399999999999607780e+00 -2.415523857177756284e+01 -3.719524973230332598e-01
-4.299999999999606359e+00 -2.422469846160486640e+01 -3.411602492508151174e-01
-4.199999999999604938e+00 -2.428847792144544826e+01 -3.081643340668900333e-01
-4.099999999999603517e+00 -2.434616376517652725e+01 -2.728651377373351172e-01
-3.999999999999602096e+00 -2.439732353348759375e+01 -2.351626752666962084e-01
-3.899999999999600675e+00 -2.444150534096182881e+01 -1.949571286605914500e-01
-3.799999999999599254e+00 -2.447823782000219239e+01 -1.521494611508630856e-01
-3.699999999999597833e+00 -2.450703017662796412e+01 -1.066421127267719871e-01
-3.599999999999596412e+00 -2.452737237425410655e+01 -5.833978173059295447e-02
-3.499999999999594991e+00 -2.453873546271488237e+01 -7.150296825337798534e-03
-3.399999999999593570e+00 -2.454057207095282322e+01 4.701441700759101394e-02
-3.299999999999592148e+00 -2.453231708268104683e+01 1.042372756007483026e-01
-3.199999999999590727e+00 -2.451338851530099561e+01 1.645948741233683177e-01
-3.099999999999589306e+00 -2.448318862297471910e+01 2.281562265744139784e-01
-2.999999999999587885e+00 -2.444110524520598204e+01 2.949814074425290422e-01
-2.899999999999586464e+00 -2.438651342249120546e+01 3.651200986725015030e-01
-2.799999999999585043e+00 -2.431877730030386076e+01 4.386100472891198421e-01
-2.699999999999583622e+00 -2.423725234210319712e+01 5.154754416339228928e-01
-2.599999999999582201e+00 -2.414128787083172512e+01 5.957252170525008106e-01
-2.499999999999580780e+00 -2.403022995659734917e+01 6.793513050888092542e-01
-2.399999999999579359e+00 -2.390342466580325009e+01 7.663268437838107738e-01
-2.299999999999577938e+00 -2.376022168370511878e+01 8.566043704028576400e-01
-2.199999999999576517e+00 -2.359997831834634852e+01 9.501140219154345923e-01
-2.099999999999575095e+00 -2.342206388879596091e+01 1.046761772593065576e+00
-1.999999999999573674e+00 -2.322586449467508629e+01 1.146427742159841223e+00
-1.899999999999572253e+00 -2.301078815701517755e+01 1.248964611905160949e+00
-1.799999999999570832e+00 -2.277627031253969747e+01 1.354196189782933324e+00
-1.699999999999569411e+00 -2.252177963457027232e+01 1.461916168773272018e+00
-1.599999999999567990e+00 -2.224682414396193053e+01 1.571887125297834586e+00
-1.499999999999566569e+00 -2.195095756294295342e+01 1.683839806152438889e+00
-1.399999999999565148e+00 -2.163378585357883921e+01 1.797472753036677418e+00
-1.299999999999563727e+00 -2.129497387115092977e+01 1.912452312971640644e+00
-1.199999999999562306e+00 -2.093425205118483490e+01 2.028413080693948434e+00
-1.099999999999560885e+00 -2.055142303769356005e+01 2.144958815113892747e+00
-9.999999999995594635e-01 -2.014636814975131429e+01 2.261663866109017818e+00
-8.999999999995580424e-01 -1.971905357418670235e+01 2.378075140209819693e+00
-7.999999999995566213e-01 -1.926953616469618424e+01 2.493714623974433664e+00
-6.999999999995552002e-01 -1.879796872220996917e+01 2.608082472329007917e+00
-5.999999999995537792e-01 -1.830460462872369121e+01 2.720660655829921559e+00
-4.999999999995523581e-01 -1.778980170732498323e+01 2.830917146095590198e+00
-3.999999999995509370e-01 -1.725402518511450367e+01 2.938310602943277949e+00
-2.999999999995495159e-01 -1.669784964380925629e+01 3.042295510414487314e+00
-1.999999999995480948e-01 -1.612195985465868375e+01 3.142327692668435812e+00
-9.999999999954667373e-02 -1.552715041045744293e+01 3.237870125117138898e+00
4.547473508864641190e-13 -1.491432408741805204e+01 3.328398941995883042e+00
1.000000000004561684e-01 -1.428448889310178416e+01 3.413409529496842953e+00
2.000000000004575895e-01 -1.363875378323534804e+01 3.492422584241935191e+00
3.000000000004590106e-01 -1.297832305908516659e+01 3.564990010910420892e+00
4.000000000004604317e-01 -1.230448948712917101e+01 3.630700530739048748e+00
5.000000000004618528e-01 -1.161862621356556780e+01 3.689184874615079046e+00
6.000000000004632739e-01 -1.092217757581047088e+01 3.740120440865645435e+00
7.000000000004646949e-01 -1.021664894123873069e+01 3.783235308396613039e+00
8.000000000004661160e-01 -9.503595728422343569e+00 3.818311510362869754e+00
9.000000000004675371e-01 -8.784611786972956082e+00 3.845187491544814762e+00
1.000000000000468958e+00 -8.061317328542862981e+00 3.863759693345009349e+00
1.100000000000470379e+00 -7.335346612012571654e+00 3.873983233055184883e+00
1.200000000000471800e+00 -6.608335590917494784e+00 3.875871667770422579e+00
1.300000000000473221e+00 -5.881909730028593408e+00 3.869495857119028326e+00
1.400000000000474643e+00 -5.157672190825365988e+00 3.854981961832722792e+00
1.500000000000476064e+00 -4.437192573380221106e+00 3.832508636194639440e+00
1.600000000000477485e+00 -3.721996384579200789e+00 3.802303490774882722e+00
1.700000000000478906e+00 -3.013555381407498679e+00 3.764638916941995817e+00
1.800000000000480327e+00 -2.313278913582054841e+00 3.719827375963626004e+00
1.900000000000481748e+00 -1.622506363166383858e+00 3.668216262782761472e+00
2.000000000000483169e+00 -9.425007515911074663e-01 3.610182457747484808e+00
2.100000000000484590e+00 -2.744435568348229104e-01 3.546126678721302383e+00
2.200000000000486011e+00 3.805692427324158800e-01 3.476467741439716708e+00
2.300000000000487432e+00 1.021529905928872051e+00 3.401636828062922557e+00
2.400000000000488853e+00 1.647520478055448878e+00 3.322071853063109259e+00
2.500000000000490274e+00 2.257713200985477897e+00 3.238212002490785224e+00
2.600000000000491696e+00 2.851369848978754007e+00 3.150492507692964850e+00
2.700000000000493117e+00 3.427840067037340788e+00 3.059339698331352331e+00
2.800000000000494538e+00 3.986558797041848567e+00 2.965166362419500157e+00
2.900000000000495959e+00 4.527042881905686045e+00 2.868367423370845160e+00
3.000000000000497380e+00 5.048886939351911352e+00 2.769315926014069618e+00
3.100000000000498801e+00 5.551758595634826321e+00 2.668359305041487772e+00
3.200000000000500222e+00 6.035393165281385919e+00 2.565815890397076693e+00
3.300000000000501643e+00 6.499587856586918733e+00 2.461971584172754746e+00
3.400000000000503064e+00 6.944195574594052012e+00 2.357076621970244812e+00
3.500000000000504485e+00 7.369118383862404364e+00 2.251342307492451233e+00
3.600000000000505906e+00 7.774300683684236546e+00 2.144937580705968294e+00
3.700000000000507328e+00 8.159722138853576112e+00 2.037985245426756187e+00
3.800000000000508749e+00 8.525390401160146681e+00 1.930557638726633440e+00
3.900000000000510170e+00 8.871333652100478417e+00 1.822671468321976906e+00
4.000000000000511591e+00 9.197592998301693967e+00 1.714281469963685689e+00
4.100000000000513012e+00 9.504214762325885246e+00 1.605272437360524052e+00
4.200000000000514433e+00 9.791242739234395032e+00 1.495449042486944435e+00
4.300000000000515854e+00 1.005871054475037063e+01 1.384522680174685050e+00
4.400000000000517275e+00 1.030663428216051258e+01 1.272094318289568760e+00
4.500000000000518696e+00 1.053500593241853522e+01 1.157631986940632185e+00
4.600000000000520117e+00 1.074378817621088444e+01 1.040441060486327007e+00
4.700000000000521538e+00 1.093291187375881890e+01 9.196248267166686752e-01
4.800000000000522959e+00 1.110227830422848783e+01 7.940319384078772247e-01
4.900000000000524381e+00 1.125176975229630116e+01 6.621861377109341529e-01
5.000000000000525802e+00 1.138127455587995485e+01 5.221920856335917627e-01
5.100000000000527223e+00 1.149073703923190948e+01 3.716092540781461562e-01
5.200000000000528644e+00 1.158025012375530594e+01 2.072839430679693784e-01
5.300000000000530065e+00 1.165022098655609284e+01 2.512855220319065719e-02
5.400000000000531486e+00 1.170166142390215924e+01 -1.801600652236633460e-01
5.500000000000532907e+00 1.173668980074715584e+01 -4.154383454424002142e-01
5.600000000000534328e+00 1.175938683098751980e+01 -6.894660917278369050e-01
5.700000000000535749e+00 1.177722454872730395e+01 -1.013125512686262830e+00
5.800000000000537170e+00 1.180336215280419410e+01 -1.399135255969972569e+00
5.900000000000538591e+00 1.186005719285579652e+01 -1.860406155113994320e+00
6.000000000000540012e+00 1.198290663205033013e+01 -2.405356258999018060e+00
6.100000000000541434e+00 1.222375348961760722e+01 -3.027635205810077501e+00
6.200000000000542855e+00 1.264582466983342179e+01 -3.688748784235062139e+00
6.300000000000544276e+00 1.329992189738230302e+01 -4.300026451777564596e+00
6.400000000000545697e+00 1.417763158598280882e+01 -4.727762034565804683e+00
6.500000000000547118e+00 1.517275748446086325e+01 -4.849528629271373958e+00
6.600000000000548539e+00 1.611104618908271391e+01 -4.637054640703722086e+00
6.700000000000549960e+00 1.684607423553978833e+01 -4.178710549706726951e+00
6.800000000000551381e+00 1.732666419942459157e+01 -3.613397579959533701e+00
6.900000000000552802e+00 1.758310143903237943e+01 -3.053845577061929717e+00
7.000000000000554223e+00 1.767731744352405343e+01 -2.560010389236833550e+00
7.100000000000555644e+00 1.766766169080428739e+01 -2.150580820548422700e+00
7.200000000000557066e+00 1.759685913504288379e+01 -1.822343915254913682e+00
7.300000000000558487e+00 1.749251343028735661e+01 -1.563758105275556476e+00
7.400000000000559908e+00 1.737120207242049474e+01 -1.361851611792953110e+00
7.500000000000561329e+00 1.724237028322237109e+01 -1.204985183975225693e+00
7.600000000000562750e+00 1.711111927028244040e+01 -1.083610972891634994e+00
7.700000000000564171e+00 1.697999217368791847e+01 -9.902165100446741475e-01
7.800000000000565592e+00 1.685005926992268854e+01 -9.190073847437919552e-01
7.900000000000567013e+00 1.672155971193719992e+01 -8.655550302851753308e-01
8.000000000000568434e+00 1.659427498047624283e+01 -8.264881928385321430e-01
8.100000000000569855e+00 1.646774336026163965e+01 -7.992460289498405368e-01
8.200000000000571276e+00 1.634138105349333969e+01 -7.818887321096033016e-01
8.300000000000572697e+00 1.621454863834256344e+01 -7.729554142991489352e-01
8.400000000000574119e+00 1.608658555282728742e+01 -7.713587605555856097e-01
8.500000000000575540e+00 1.595682586606000442e+01 -7.763076471406891166e-01
8.600000000000576961e+00 1.582460308417988593e+01 -7.872508948953289565e-01
8.700000000000578382e+00 1.568924850477078259e+01 -8.038370888193672181e-01
8.800000000000579803e+00 1.555008572958487179e+01 -8.258868121197547874e-01
8.900000000000581224e+00 1.540642281859244633e+01 -8.533747435940355341e-01
9.000000000000582645e+00 1.525754289921307816e+01 -8.864199186945380671e-01
9.100000000000584066e+00 1.510269364730969599e+01 -9.252831280076235787e-01
9.200000000000585487e+00 1.494107582533569456e+01 -9.703709854602093898e-01
9.300000000000586908e+00 1.477183093812018555e+01 -1.022246697114572278e+00
9.400000000000588329e+00 1.459402801832591301e+01 -1.081648049189867455e+00
9.500000000000589750e+00 1.440664957318572803e+01 -1.149513658995083620e+00
9.600000000000591172e+00 1.420857682048317372e+01 -1.227019146874380962e+00
9.700000000000592593e+00 1.399857454558263470e+01 -1.315625652703875215e+00
9.800000000000594014e+00 1.377527628082768629e+01 -1.417144115267132687e+00
9.900000000000595435e+00 1.353717114685466072e+01 -1.533820060014248421e+00
1.000000000000059686e+01 1.328259477899242924e+01 -1.668445437270032805e+00
1.010000000000059828e+01 1.300972858980224345e+01 -1.824506499256121961e+00
1.020000000000059970e+01 1.271661470237853919e+01 -2.006380026901763536e+00
1.030000000000060112e+01 1.240119910240999346e+01 -2.219594673352611292e+00
1.040000000000060254e+01 1.206142440447756670e+01 -2.471179995499807269e+00
1.050000000000060396e+01 1.169540870272817656e+01 -2.770132856104828623e+00
1.060000000000060538e+01 1.130177273051183384e+01 -3.128038436555719670e+00
1.070000000000060680e+01 1.088022154142571196e+01 -3.559888034065621376e+00
1.080000000000060822e+01 1.043256155603816104e+01 -4.085129548386162490e+00
1.090000000000060965e+01 9.964458072503671104e+00 -4.728947408580383538e+00
1.100000000000061107e+01 9.488436369808260551e+00 -5.523645098423082267e+00
1.110000000000061249e+01 9.028914901832711948e+00 -6.509679610095571611e+00
1.120000000000061391e+01 8.630369368815678399e+00 -7.735133132692989300e+00
1.130000000000061533e+01 8.369714604584912010e+00 -9.250779186657274167e+00
1.140000000000061675e+01 8.372490482866158601e+00 -1.109494345797096670e+01
1.150000000000061817e+01 8.826544913868705322e+00 -1.325871339645609659e+01
1.160000000000061959e+01 9.972271370474176777e+00 -1.562344492833824461e+01
1.170000000000062101e+01 1.202824996797622248e+01 -1.788613691919920612e+01
1.180000000000062244e+01 1.502334836183868205e+01 -1.955081857530582568e+01
1.190000000000062386e+01 1.862174569070106145e+01 -2.010513532152110727e+01
1.200000000000062528e+01 2.217192990388334550e+01 -1.934576571943148693e+01
1.210000000000062670e+01 2.505112410372301213e+01 -1.753739710740747171e+01
1.220000000000062812e+01 2.698012907386690529e+01 -1.520867331665521505e+01
1.230000000000062954e+01 2.802743118103325060e+01 -1.283347746029682312e+01
1.240000000000063096e+01 2.842297172763816349e+01 -1.068504192727977653e+01
1.250000000000063238e+01 2.840230332316851047e+01 -8.861478156835705278e+00
1.260000000000063380e+01 2.814426442408408491e+01 -7.361617035207878246e+00
1.270000000000063523e+01 2.776664185663427631e+01 -6.143566819312000327e+00
1.280000000000063665e+01 2.734103373138853144e+01 -5.156053274437731204e+00
1.290000000000063807e+01 2.690867165646015025e+01 -4.351601788772870627e+00
1.300000000000063949e+01 2.649216896129643217e+01 -3.690566974063441030e+00
1.310000000000064091e+01 2.610317030092171109e+01 -3.141304750963263004e+00
1.320000000000064233e+01 2.574704093326418786e+01 -2.679024939056304788e+00
1.330000000000064375e+01 2.542565657662439094e+01 -2.284388936921986524e+00
1.340000000000064517e+01 2.513903715276926221e+01 -1.942236617429200507e+00
1.350000000000064659e+01 2.488629387339398136e+01 -1.640541759061471261e+00
1.360000000000064801e+01 2.466617279314230160e+01 -1.369588282437816718e+00
1.370000000000064944e+01 2.447736180818027663e+01 -1.121326573291135276e+00
1.380000000000065086e+01 2.431865819745314283e+01 -8.888644445931356275e-01
1.390000000000065228e+01 2.418905202194914139e+01 -6.660516397841476088e-01
1.400000000000065370e+01 2.408775513242363786e+01 -4.471226179100165066e-01
1.410000000000065512e+01 2.401418868699226650e+01 -2.263669424934092733e-01
1.420000000000065654e+01 2.396792898733975008e+01 2.200866417689129051e-03
1.430000000000065796e+01 2.394859827042702705e+01 2.451995844568354288e-01
1.440000000000065938e+01 2.395566998443887030e+01 5.102958175250690287e-01
1.450000000000066080e+01 2.398813205946014548e+01 8.067026816160823843e-01
1.460000000000066223e+01 2.404390949180778847e+01 1.145783953605839178e+00
1.470000000000066365e+01 2.411887872550611434e+01 1.541759397975148271e+00
1.480000000000066507e+01 2.420519838143908231e+01 2.012432230342299899e+00
1.490000000000066649e+01 2.428852969595406464e+01 2.579669221398862788e+00
1.500000000000066791e+01 2.434357022758906197e+01 3.268922354249185425e+00
1.510000000000066933e+01 2.432739454735046181e+01 4.106158808557682782e+00
1.520000000000067075e+01 2.417108556692171817e+01 5.108954073820553887e+00
1.530000000000067217e+01 2.377369763896193433e+01 6.266749896276541776e+00
1.540000000000067359e+01 2.301083057896815376e+01 7.507027005604840930e+00
1.550000000000067502e+01 2.177972273661949032e+01 8.659061971999337359e+00
1.560000000000067644e+01 2.009041822496818952e+01 9.460888439782054959e+00
1.570000000000067786e+01 1.814502949577062552e+01 9.666267701046342253e+00
1.580000000000067928e+01 1.628601009023785906e+01 9.209429477543302767e+00
1.590000000000068070e+01 1.480894057657423524e+01 8.257256809587314450e+00
1.600000000000068212e+01 1.382337055535248993e+01 7.083599985995334691e+00
1.610000000000068354e+01 1.327437380831693581e+01 5.915104351271323502e+00
1.620000000000068496e+01 1.304058734513875883e+01 4.874312594748492877e+00
1.630000000000068638e+01 1.300584559065013934e+01 4.000625208182232662e+00
1.640000000000068781e+01 1.308451179204247872e+01 3.288720073786923770e+00
1.650000000000068923e+01 1.322107517236140772e+01 2.715981722222867489e+00
1.660000000000069065e+01 1.338214175835552311e+01 2.256586538413722920e+00
1.670000000000069207e+01 1.354866109825012011e+01 1.887202370844360821e+00
1.680000000000069349e+01 1.371032098407141575e+01 1.588592907798471288e+00
1.690000000000069491e+01 1.386194502107317206e+01 1.345544103909536826e+00
1.700000000000069633e+01 1.400129907400850016e+01 1.146244702182635411e+00
1.710000000000069775e+01 1.412779159688594888e+01 9.815862978556493257e-01
1.720000000000069917e+01 1.424171526080671590e+01 8.445458829866615558e-01
1.730000000000070060e+01 1.434380930915327390e+01 7.296892368574444676e-01
1.740000000000070202e+01 1.443501007184519125e+01 6.327879222585836017e-01
1.750000000000070344e+01 1.451631135418620566e+01 5.505296222863325095e-01
1.760000000000070486e+01 1.458868877572411549e+01 4.803008268601525188e-01
1.770000000000070628e+01 1.465306115095885886e+01 4.200240646923577015e-01
1.780000000000070770e+01 1.471027313107799728e+01 3.680357342773693530e-01
1.790000000000070912e+01 1.476108984232611654e+01 3.229940119779997065e-01
1.800000000000071054e+01 1.480619808529266201e+01 2.838090426579686909e-01
1.810000000000071196e+01 1.484621091771745860e+01 2.495896852064346527e-01
1.820000000000071338e+01 1.488167378001250007e+01 2.196026136129564099e-01
1.830000000000071481e+01 1.491307111546587905e+01 1.932406909917873117e-01
1.840000000000071623e+01 1.494083290688119448e+01 1.699983460236317301e-01
1.850000000000071765e+01 1.496534082880162408e+01 1.494522715500561372e-01
1.860000000000071907e+01 1.498693387660784637e+01 1.312461949786347115e-01
1.870000000000072049e+01 1.500591342680900020e+01 1.150787844795604919e-01
1.880000000000072191e+01 1.502254773468363780e+01 1.006939858859355330e-01
1.890000000000072333e+01 1.503707590247048209e+01 8.787325577330701298e-02
1.900000000000072475e+01 1.504971136398530795e+01 7.642928293421819008e-02
1.910000000000072617e+01 1.506064493577120977e+01 6.620088519337968824e-02
1.920000000000072760e+01 1.507004748436278874e+01 5.704883974910907041e-02
1.930000000000072902e+01 1.507807225639519544e+01 4.885245913988350841e-02
1.940000000000073044e+01 1.508485691408879248e+01 4.150676596581737154e-02
1.950000000000073186e+01 1.509052531420323007e+01 3.492015092319961100e-02
1.960000000000073328e+01 1.509518906409294203e+01 2.901242291343458790e-02
1.970000000000073470e+01 1.509894888423818315e+01 2.371317873370981655e-02
1.980000000000073612e+01 1.510189580290165701e+01 1.896043446197942517e-02
1.990000000000073754e+01 1.510411220505119090e+01 1.469947207864824579e-02
2.000000000000073896e+01 1.510567275474668136e+01 1.088186386812611817e-02
2.010000000000074039e+01 1.510664520756932916e+01 7.464644260509190055e-03
2.020000000000074181e+01 1.510709112733511184e+01 4.409604429647218105e-03
2.030000000000074323e+01 1.510706651947222845e+01 1.682689482978450002e-03
2.040000000000074465e+01 1.510662239165368526e+01 -7.465183000051611728e-04
2.050000000000074607e+01 1.510580525088795056e+01 -2.905243803730583885e-03
2.060000000000074749e+01 1.510465754502530977e+01 -4.817902248782868213e-03
2.070000000000074891e+01 1.510321805550355379e+01 -6.506430544924168835e-03
2.080000000000075033e+01 1.510152224733961646e+01 -7.990574604161526651e-03
2.090000000000075175e+01 1.509960258148440104e+01 -9.288139113956983550e-03
2.100000000000075318e+01 1.509748879404551580e+01 -1.041520521820704648e-02
2.110000000000075460e+01 1.509520814629890317e+01 -1.138632068661082908e-02
2.120000000000075602e+01 1.509278564884544593e+01 -1.221466643610769065e-02
2.130000000000075744e+01 1.509024426293599852e+01 -1.291220267206505401e-02
2.140000000000075886e+01 1.508760508151464741e+01 -1.348979742176559249e-02
2.150000000000076028e+01 1.508488749227091397e+01 -1.395733981829816450e-02
2.160000000000076170e+01 1.508210932471189913e+01 -1.432384014624765722e-02
2.170000000000076312e+01 1.507928698295920533e+01 -1.459751836929268354e-02
2.180000000000076454e+01 1.507643556586594968e+01 -1.478588261406543758e-02
2.190000000000076597e+01 1.507356897576404542e+01 -1.489579887750869247e-02
2.200000000000076739e+01 1.507070001705864115e+01 -1.493355304906651693e-02
2.210000000000076881e+01 1.506784048574539803e+01 -1.490490619002859951e-02
2.220000000000077023e+01 1.506500125074221330e+01 -1.481514388524363124e-02
2.230000000000077165e+01 1.506219232792050988e+01 -1.466912037417122949e-02
2.240000000000077307e+01 1.505942294752711774e+01 -1.447129807543823254e-02
2.250000000000077449e+01 1.505670161567113396e+01 -1.422578303965749136e-02
2.260000000000077591e+01 1.505403617047669940e+01 -1.393635679706384245e-02
2.270000000000077733e+01 1.505143383337675367e+01 -1.360650500758320280e-02
2.280000000000077875e+01 1.504890125606576134e+01 -1.323944327047710257e-02
2.290000000000078018e+01 1.504644456348252213e+01 -1.283814040656416910e-02
2.300000000000078160e+01 1.504406939321063064e+01 -1.240533948833255629e-02
2.310000000000078302e+01 1.504178093164937380e+01 -1.194357686013902686e-02
2.320000000000078444e+01 1.503958394720701008e+01 -1.145519936200012356e-02
2.330000000000078586e+01 1.503748282083996735e+01 -1.094237994568814099e-02
2.340000000000078728e+01 1.503548157413372266e+01 -1.040713184983654838e-02
2.350000000000078870e+01 1.503358389516036731e+01 -9.851321481904595778e-03
2.360000000000079012e+01 1.503179316232741058e+01 -9.276680138116888408e-03
2.370000000000079154e+01 1.503011246634930664e+01 -8.684814677747398903e-03
2.380000000000079297e+01 1.502854463055514422e+01 -8.077217255563873266e-03
2.390000000000079439e+01 1.502709222963272495e+01 -7.455274204567485796e-03
2.400000000000079581e+01 1.502575760695690299e+01 -6.820274151544070129e-03
2.410000000000079723e+01 1.502454289063972581e+01 -6.173415439002405414e-03
2.420000000000079865e+01 1.502345000836438693e+01 -5.515812919194895692e-03
2.430000000000080007e+01 1.502248070115492062e+01 -4.848504179388091195e-03
2.440000000000080149e+01 1.502163653612530503e+01 -4.172455251045592561e-03
2.450000000000080291e+01 1.502091891830704462e+01 -3.488565850459535156e-03
2.460000000000080433e+01 1.502032910164675528e+01 -2.797674193568688850e-03
2.470000000000080576e+01 1.501986819919608607e+01 -2.100561423159064134e-03
2.480000000000080718e+01 1.501953719260873932e+01 -1.397955683240748037e-03
2.490000000000080860e+01 1.501933694095608196e+01 -6.905358716216003501e-04
2.500000000000081002e+01 1.501926818893011806e+01 2.106490111186687386e-05
2.510000000000081144e+01 1.501933157449900946e+01 7.362561206841755634e-04
2.520000000000081286e+01 1.501952763601241969e+01 1.454486923444409108e-03
2.530000000000081428e+01 1.501985681885069113e+01 2.175243374859414658e-03
2.540000000000081570e+01 1.502031948160819930e+01 2.898045953437122790e-03
2.550000000000081712e+01 1.502091590186167913e+01 3.622447222883184992e-03
2.560000000000081855e+01 1.502164628157179571e+01 4.348029676861209225e-03
2.570000000000081997e+01 1.502251075211113829e+01 5.074403742316824228e-03
2.580000000000082139e+01 1.502350937896199490e+01 5.801205928395058997e-03
2.590000000000082281e+01 1.502464216612548142e+01 6.528097109218200522e-03
2.600000000000082423e+01 1.502590906021787198e+01 7.254760929922499102e-03
2.610000000000082565e+01 1.502730995432939665e+01 7.980902326061634078e-03
2.620000000000082707e+01 1.502884469161808667e+01 8.706246147609397745e-03
2.630000000000082849e+01 1.503051306867418546e+01 9.430535879349055683e-03
2.640000000000082991e+01 1.503231483868911766e+01 1.015353245017946993e-02
2.650000000000083134e+01 1.503424971439780222e+01 1.087501312463479142e-02
2.660000000000083276e+01 1.503631737086290343e+01 1.159477047024093377e-02
2.670000000000083418e+01 1.503851744806774704e+01 1.231261139511985458e-02
2.680000000000083560e+01 1.504084955334761098e+01 1.302835625052611856e-02
2.690000000000083702e+01 1.504331326368850519e+01 1.374183799347705737e-02
2.700000000000083844e+01 1.504590812785753151e+01 1.445290140514388089e-02
2.710000000000083986e+01 1.504863366842944217e+01 1.516140236083851622e-02
2.720000000000084128e+01 1.505148938367115896e+01 1.586720714790590403e-02
2.730000000000084270e+01 1.505447474931206564e+01 1.657019182812247138e-02
2.740000000000084412e+01 1.505758922022399204e+01 1.727024164128621031e-02
2.750000000000084555e+01 1.506083223197359544e+01 1.796725044726188436e-02
2.760000000000084697e+01 1.506420320230716925e+01 1.866112020359700363e-02
2.770000000000084839e+01 1.506770153252924693e+01 1.935176047638753616e-02
2.780000000000084981e+01 1.507132660879775443e+01 2.003908798198361652e-02
2.790000000000085123e+01 1.507507780335974346e+01 2.072302615740873044e-02
2.800000000000085265e+01 1.507895447568742497e+01 2.140350475766017446e-02
2.810000000000085407e+01 1.508295597357198403e+01 2.208045947785153285e-02
2.820000000000085549e+01 1.508708163413538017e+01 2.275383159872690353e-02
2.830000000000085691e+01 1.509133078478268075e+01 2.342356765390507523e-02
2.840000000000085834e+01 1.509570274411411006e+01 2.408961911731721806e-02
2.850000000000085976e+01 1.510019682275810382e+01 2.475194210969555719e-02
2.860000000000086118e+01 1.510481232418064934e+01 2.541049712267318128e-02
2.870000000000086260e+01 1.510954854542944403e+01 2.606524875946791830e-02
2.880000000000086402e+01 1.511440477783449410e+01 2.671616549106625715e-02
2.890000000000086544e+01 1.511938030768383356e+01 2.736321942679664776e-02
2.900000000000086686e+01 1.512447441683404037e+01 2.800638609856853645e-02
2.910000000000086828e+01 1.512968638331020799e+01 2.864564425768922895e-02
2.920000000000086970e+01 1.513501548185333334e+01 2.928097568364751435e-02
2.930000000000087113e+01 1.514046098443495225e+01 2.991236500402294496e-02
2.940000000000087255e+01 1.514602216075869023e+01 3.053979952479524140e-02
2.950000000000087397e+01 1.515169827870575503e+01 3.116326907052013873e-02
2.960000000000087539e+01 1.515748860478029769e+01 3.178276583363637275e-02
2.970000000000087681e+01 1.516339240451037540e+01 3.239828423244772715e-02
2.980000000000087823e+01 1.516940894282498675e+01 3.300982077719372132e-02
2.990000000000087965e+01 1.517553748442550088e+01 3.361737394370190035e-02
3.000000000000088107e+01 1.518177729410904320e+01 3.422094405425590846e-02
3.010000000000088249e+01 1.518812763709793145e+01 3.482053316512334629e-02
3.020000000000088392e+01 1.519458777933163773e+01 3.541614496043710147e-02
3.030000000000088534e+01 1.520115698774091939e+01 3.600778465203724465e-02
3.040000000000088676e+01 1.520783453052225553e+01 3.659545888486470666e-02
3.050000000000088818e+01 1.521461967736919618e+01 3.717917564768236094e-02
3.060000000000088960e+01 1.522151169971530038e+01 3.775894418869230051e-02
3.070000000000089102e+01 1.522850987094442132e+01 3.833477493586845419e-02
3.080000000000089244e+01 1.523561346658755866e+01 3.890667942169978577e-02
3.090000000000089386e+01 1.524282176452384263e+01 3.947467021201189752e-02
3.100000000000089528e+01 1.525013404514341175e+01 4.003876083879620573e-02
3.110000000000089670e+01 1.525754959152498103e+01 4.059896573664478758e-02
3.120000000000089813e+01 1.526506768958420679e+01 4.115530018270141532e-02
3.130000000000089955e+01 1.527268762821274706e+01 4.170778023991517092e-02
3.140000000000090097e+01 1.528040869942369895e+01 4.225642270331353423e-02
3.150000000000090239e+01 1.528823019846295139e+01 4.280124504931037688e-02
3.160000000000090381e+01 1.529615142393688387e+01 4.334226538766750014e-02
3.170000000000090523e+01 1.530417167791475563e+01 4.387950241612925684e-02
3.180000000000090665e+01 1.531229026602299825e+01 4.441297537751365265e-02
3.190000000000090807e+01 1.532050649755002780e+01 4.494270401910005486e-02
