-3.200000000000000000e+01 8.260739005188141165e-03 1.705896970808969387e-03
-3.189999999999999858e+01 8.367976873027564363e-03 1.747789928763314113e-03
-3.179999999999999716e+01 8.477663956619944582e-03 1.791222204490721748e-03
-3.169999999999999574e+01 8.589880505781095216e-03 1.836269403838647818e-03
-3.159999999999999432e+01 8.704710073299967710e-03 1.883011772865790003e-03
-3.149999999999999289e+01 8.822239667145986841e-03 1.931534538555619096e-03
-3.139999999999999147e+01 8.942559909130589485e-03 1.981928278547070814e-03
-3.129999999999999005e+01 9.065765200093580528e-03 2.034289322693709316e-03
-3.119999999999998863e+01 9.191953891591421455e-03 2.088720189548675006e-03
-3.109999999999998721e+01 9.321228463990121477e-03 2.145330061206483004e-03
-3.099999999999998579e+01 9.453695710815513895e-03 2.204235300324836749e-03
-3.089999999999998437e+01 9.589466929038613016e-03 2.265560013541345358e-03
-3.079999999999998295e+01 9.728658114899750575e-03 2.329436665996320859e-03
-3.069999999999998153e+01 9.871390164666048878e-03 2.396006752180664546e-03
-3.059999999999998010e+01 1.001778907950809545e-02 2.465421528914395980e-03
-3.049999999999997868e+01 1.016798617347561620e-02 2.537842816942248881e-03
-3.039999999999997726e+01 1.032211828317458613e-02 2.613443878339469315e-03
-3.029999999999997584e+01 1.048032797744855894e-02 2.692410377784760622e-03
-3.019999999999997442e+01 1.064276376487126655e-02 2.774941436668451784e-03
-3.009999999999997300e+01 1.080958029630925063e-02 2.861250790048398308e-03
-2.999999999999997158e+01 1.098093855920553863e-02 2.951568057668092857e-03
-2.989999999999997016e+01 1.115700605935627740e-02 3.046140141530776814e-03
-2.979999999999996874e+01 1.133795698506959160e-02 3.145232764047780748e-03
-2.969999999999996732e+01 1.152397234737913972e-02 3.249132162418191805e-03
-2.959999999999996589e+01 1.171524008857338303e-02 3.358146956762084277e-03
-2.949999999999996447e+01 1.191195514965954182e-02 3.472610211657629897e-03
-2.939999999999996305e+01 1.211431948523174901e-02 3.592881713027120880e-03
-2.929999999999996163e+01 1.232254201182038378e-02 3.719350484993756700e-03
-2.919999999999996021e+01 1.253683847273337482e-02 3.852437574228234195e-03
-2.909999999999995879e+01 1.275743119875810683e-02 3.992599132562598373e-03
-2.899999999999995737e+01 1.298454873975630336e-02 4.140329832313132362e-03
-2.889999999999995595e+01 1.321842533674267781e-02 4.296166652691788337e-03
-2.879999999999995453e+01 1.345930019768034128e-02 4.460693080156024129e-03
-2.869999999999995310e+01 1.370741653231835784e-02 4.634543770314953834e-03
-2.859999999999995168e+01 1.396302029188010822e-02 4.818409724211420060e-03
-2.849999999999995026e+01 1.422635854794400412e-02 5.013044037428039321e-03
-2.839999999999994884e+01 1.449767743071226495e-02 5.219268286248970705e-03
-2.829999999999994742e+01 1.477721952995226379e-02 5.437979621245406583e-03
-2.819999999999994600e+01 1.506522064111527962e-02 5.670158644633863446e-03
-2.809999999999994458e+01 1.536190571397345536e-02 5.916878153475820142e-03
-2.799999999999994316e+01 1.566748383063748876e-02 6.179312835844623722e-03
-2.789999999999994174e+01 1.598214200254191586e-02 6.458750010571093561e-03
-2.779999999999994031e+01 1.630603753106034393e-02 6.756601502603445941e-03
-2.769999999999993889e+01 1.663928862168385925e-02 7.074416743667860837e-03
-2.759999999999993747e+01 1.698196287556356238e-02 7.413897180237007632e-03
-2.749999999999993605e+01 1.733406320249127053e-02 7.776912055350643747e-03
-2.739999999999993463e+01 1.769551060316072733e-02 8.165515603751909504e-03
-2.729999999999993321e+01 1.806612315363934768e-02 8.581965656943206858e-03
-2.719999999999993179e+01 1.844559038784193694e-02 9.028743589094835945e-03
-2.709999999999993037e+01 1.883344211192833351e-02 9.508575437865793983e-03
-2.699999999999992895e+01 1.922901049554511660e-02 1.002445389446857994e-02
-2.689999999999992752e+01 1.963138406693925100e-02 1.057966065856215387e-02
-2.679999999999992610e+01 2.003935199374244983e-02 1.117778837594714074e-02
-2.669999999999992468e+01 2.045133676272363477e-02 1.182276099279106103e-02
-2.659999999999992326e+01 2.086531309173264570e-02 1.251885083502714789e-02
-2.649999999999992184e+01 2.127871063719223577e-02 1.327069001204881325e-02
-2.639999999999992042e+01 2.168829783845627884e-02 1.408327279544909633e-02
-2.629999999999991900e+01 2.209004412972088299e-02 1.496194437423058882e-02
-2.619999999999991758e+01 2.247895784950068934e-02 1.591236976634536476e-02
-2.609999999999991616e+01 2.284889763892147124e-02 1.694047460373314037e-02
-2.599999999999991473e+01 2.319235616683480716e-02 1.805234695085921118e-02
-2.589999999999991331e+01 2.350021697047646740e-02 1.925408625520032627e-02
-2.579999999999991189e+01 2.376148849261421753e-02 2.055158204925012014e-02
-2.569999999999991047e+01 2.396302459735515089e-02 2.195020138449546576e-02
-2.559999999999990905e+01 2.408924864362793627e-02 2.345436073096879986e-02
-2.549999999999990763e+01 2.412190932005587110e-02 2.506695623070864798e-02
-2.539999999999990621e+01 2.403991149563790980e-02 2.678862741801078806e-02
-2.529999999999990479e+01 2.381928442282283537e-02 2.861683634245288169e-02
-2.519999999999990337e+01 2.343337173829191170e-02 3.054475992867038484e-02
-2.509999999999990195e+01 2.285334980660743559e-02 3.256002257514167830e-02
-2.499999999999990052e+01 2.204919682781222162e-02 3.464334247810576389e-02
-2.489999999999989910e+01 2.099123437244185958e-02 3.676723090043368392e-02
-2.479999999999989768e+01 1.965233096850378669e-02 3.889496508967472954e-02
-2.469999999999989626e+01 1.801077750138856126e-02 4.098013939742635448e-02
-2.459999999999989484e+01 1.605370444451698075e-02 4.296715811636606791e-02
-2.449999999999989342e+01 1.378071484841872363e-02 4.479302659120302371e-02
-2.439999999999989200e+01 1.120718703861233942e-02 4.639067854888103554e-02
-2.429999999999989058e+01 8.366526240093444255e-03 4.769381863994315296e-02
-2.419999999999988916e+01 5.310610645394816046e-03 4.864287874386751670e-02
-2.409999999999988773e+01 2.107870371650392288e-03 4.919127428985423101e-02
-2.399999999999988631e+01 -1.161123770343629180e-03 4.931085405825991891e-02
-2.389999999999988489e+01 -4.410093213243466634e-03 4.899541977510517982e-02
-2.379999999999988347e+01 -7.554487782772324744e-03 4.826152341975217808e-02
-2.369999999999988205e+01 -1.051861460878507869e-02 4.714635622107758717e-02
-2.359999999999988063e+01 -1.324123999409666103e-02 4.570321666514513131e-02
-2.349999999999987921e+01 -1.567887840569342009e-02 4.399554410307940366e-02
-2.339999999999987779e+01 -1.780657998306504203e-02 4.209067562992681311e-02
-2.329999999999987637e+01 -1.961656833765886010e-02 4.005432404966222104e-02
-2.319999999999987494e+01 -2.111541034688738452e-02 3.794640611777787970e-02
-2.309999999999987352e+01 -2.232048078637624555e-02 3.581843675259507170e-02
-2.299999999999987210e+01 -2.325637378181523440e-02 3.371237366041931333e-02
-2.289999999999987068e+01 -2.395170674507291972e-02 3.166060355234433243e-02
-2.279999999999986926e+01 -2.443654711186537404e-02 2.968669901564530492e-02
-2.269999999999986784e+01 -2.474051998618202741e-02 2.780660415176813491e-02
-2.259999999999986642e+01 -2.489154335001045326e-02 2.602998182636239929e-02
-2.249999999999986500e+01 -2.491508156028583720e-02 2.436154061729546572e-02
-2.239999999999986358e+01 -2.483379220894268297e-02 2.280223475723729132e-02
-2.229999999999986215e+01 -2.466744988149544709e-02 2.135028727668842122e-02
-2.219999999999986073e+01 -2.443305010394268909e-02 2.000202465973489538e-02
-2.209999999999985931e+01 -2.414501942354049108e-02 1.875253386047519635e-02
-2.199999999999985789e+01 -2.381547851769208468e-02 1.759616377081700891e-02
-2.189999999999985647e+01 -2.345452249669269934e-02 1.652689710957774144e-02
-2.179999999999985505e+01 -2.307049576082840017e-02 1.553861826021168610e-02
-2.169999999999985363e+01 -2.267024828098731723e-02 1.462529993295134251e-02
-2.159999999999985221e+01 -2.225936668676072386e-02 1.378112800765922928e-02
-2.149999999999985079e+01 -2.184237779187921460e-02 1.300058030003577864e-02
-2.139999999999984936e+01 -2.142292480086091522e-02 1.227847168742695304e-02
-2.129999999999984794e+01 -2.100391792994196066e-02 1.160997519705389905e-02
-2.119999999999984652e+01 -2.058766191986260291e-02 1.099062633359327613e-02
-2.109999999999984510e+01 -2.017596319056561005e-02 1.041631607141640416e-02
-2.099999999999984368e+01 -1.977021937534047258e-02 9.883276494615469976e-03
-2.089999999999984226e+01 -1.937149380048439062e-02 9.388061965365736630e-03
-2.079999999999984084e+01 -1.898057722652888440e-02 8.927527869787533002e-03
-2.069999999999983942e+01 -1.859803888875211086e-02 8.498808371410194323e-03
-2.059999999999983800e+01 -1.822426859823576134e-02 8.099294147088216544e-03
-2.049999999999983658e+01 -1.785951140575401525e-02 7.726610748454276929e-03
-2.039999999999983515e+01 -1.750389609790626438e-02 7.378597993656718299e-03
-2.029999999999983373e+01 -1.715745859037016985e-02 7.053290624739606655e-03
-2.019999999999983231e+01 -1.682016110667936687e-02 6.748900347472439228e-03
-2.009999999999983089e+01 -1.649190788098339744e-02 6.463799289373910358e-03
-1.999999999999982947e+01 -1.617255799648185596e-02 6.196504857213071607e-03
-1.989999999999982805e+01 -1.586193586534535849e-02 5.945665940438133769e-03
-1.979999999999982663e+01 -1.555983976764616430e-02 5.710050385762481355e-03
-1.969999999999982521e+01 -1.526604879347669488e-02 5.488533656485362032e-03
-1.959999999999982379e+01 -1.498032847199494248e-02 5.280088585323119456e-03
-1.949999999999982236e+01 -1.470243532095511126e-02 5.083776128959912981e-03
-1.939999999999982094e+01 -1.443212050914166079e-02 4.898737035101937212e-03
-1.929999999999981952e+01 -1.416913279015485742e-02 4.724184337139697432e-03
-1.919999999999981810e+01 -1.391322083795477893e-02 4.559396596855789900e-03
-1.909999999999981668e+01 -1.366413509170161591e-02 4.403711821622887171e-03
-1.899999999999981526e+01 -1.342162919836581772e-02 4.256521988515921118e-03
-1.889999999999981384e+01 -1.318546112608882763e-02 4.117268113807360554e-03
-1.879999999999981242e+01 -1.295539400844460294e-02 3.985435812053058323e-03
-1.869999999999981100e+01 -1.273119676911446500e-02 3.860551294343954852e-03
-1.859999999999980957e+01 -1.251264456790237775e-02 3.742177760396787813e-03
-1.849999999999980815e+01 -1.229951910172447788e-02 3.629912143711196051e-03
-1.839999999999980673e+01 -1.209160878836241203e-02 3.523382173283851927e-03
-1.829999999999980531e+01 -1.188870885588073044e-02 3.422243719191805228e-03
-1.819999999999980389e+01 -1.169062135650762377e-02 3.326178392777897827e-03
-1.809999999999980247e+01 -1.149715512054936759e-02 3.234891375331817864e-03
-1.799999999999980105e+01 -1.130812566304877087e-02 3.148109451893877850e-03
-1.789999999999979963e+01 -1.112335505368559387e-02 3.065579229336741138e-03
-1.779999999999979821e+01 -1.094267175852759594e-02 2.987065520104959654e-03
-1.769999999999979678e+01 -1.076591046062231639e-02 2.912349874954647637e-03
-1.759999999999979536e+01 -1.059291186522081166e-02 2.841229249849763945e-03
-1.749999999999979394e+01 -1.042352249426376290e-02 2.773514793709758001e-03
-1.739999999999979252e+01 -1.025759447393447682e-02 2.709030745136339641e-03
-1.729999999999979110e+01 -1.009498531834910479e-02 2.647613427496972767e-03
-1.719999999999978968e+01 -9.935557711796202951e-03 2.589110332837626753e-03
-1.709999999999978826e+01 -9.779179291521271356e-03 2.533379286123006897e-03
-1.699999999999978684e+01 -9.625722432555645566e-03 2.480287682154954342e-03
-1.689999999999978542e+01 -9.475064035801724488e-03 2.429711788328700259e-03
-1.679999999999978400e+01 -9.327085320303740712e-03 2.381536107087208962e-03
-1.669999999999978257e+01 -9.181671620354818486e-03 2.335652792544770824e-03
-1.659999999999978115e+01 -9.038712187977620410e-03 2.291961116335673211e-03
-1.649999999999977973e+01 -8.898100001085949839e-03 2.250366978218122128e-03
-1.639999999999977831e+01 -8.759731577556594331e-03 2.210782457426037698e-03
-1.629999999999977689e+01 -8.623506795336624217e-03 2.173125401158886201e-03
-1.619999999999977547e+01 -8.489328718584756781e-03 2.137319046944438292e-03
-1.609999999999977405e+01 -8.357103429848310866e-03 2.103291675949236009e-03
-1.599999999999977263e+01 -8.226739868155478336e-03 2.070976294578689980e-03
-1.589999999999977121e+01 -8.098149672904703111e-03 2.040310341978780403e-03
-1.579999999999976978e+01 -7.971247033399275414e-03 2.011235421281202737e-03
-1.569999999999976836e+01 -7.845948543809207892e-03 1.983697052631998563e-03
-1.559999999999976694e+01 -7.722173063388165087e-03 1.957644446246223704e-03
-1.549999999999976552e+01 -7.599841581695222781e-03 1.933030293884479330e-03
-1.539999999999976410e+01 -7.478877088602519513e-03 1.909810577308994513e-03
-1.529999999999976268e+01 -7.359204448862441406e-03 1.887944392413164153e-03
-1.519999999999976126e+01 -7.240750280965921326e-03 1.867393787835327536e-03
-1.509999999999975984e+01 -7.123442840082394936e-03 1.848123616991687685e-03
-1.499999999999975842e+01 -7.007211904811672804e-03 1.830101402553743805e-03
-1.489999999999975699e+01 -6.891988667517825670e-03 1.813297212495649721e-03
-1.479999999999975557e+01 -6.777705628016778526e-03 1.797683546920275351e-03
-1.469999999999975415e+01 -6.664296490355562687e-03 1.783235234944318109e-03
-1.459999999999975273e+01 -6.551696062482501026e-03 1.769929341001464426e-03
-1.449999999999975131e+01 -6.439840158553792118e-03 1.757745079978528151e-03
-1.439999999999974989e+01 -6.328665503662475253e-03 1.746663740663884903e-03
-1.429999999999974847e+01 -6.218109640779328345e-03 1.736668617040956547e-03
-1.419999999999974705e+01 -6.108110839663566036e-03 1.727744947006142583e-03
-1.409999999999974563e+01 -5.998608007560841601e-03 1.719879858142620227e-03
-1.399999999999974420e+01 -5.889540601453654642e-03 1.713062320219079773e-03
-1.389999999999974278e+01 -5.780848541668145990e-03 1.707283104126308898e-03
-1.379999999999974136e+01 -5.672472126643561541e-03 1.702534747001521092e-03
-1.369999999999973994e+01 -5.564351948638543086e-03 1.698811523324071085e-03
-1.359999999999973852e+01 -5.456428810205127961e-03 1.696109421802857948e-03
-1.349999999999973710e+01 -5.348643641208203001e-03 1.694426127904941591e-03
-1.339999999999973568e+01 -5.240937416204214522e-03 1.693761011907551125e-03
-1.329999999999973426e+01 -5.133251071993336773e-03 1.694115122384529538e-03
-1.319999999999973284e+01 -5.025525425125137655e-03 1.695491185066954308e-03
-1.309999999999973141e+01 -4.917701089191452851e-03 1.697893607046169206e-03
-1.299999999999972999e+01 -4.809718391685228675e-03 1.701328486315042705e-03
-1.289999999999972857e+01 -4.701517290237105726e-03 1.705803626671005113e-03
-1.279999999999972715e+01 -4.593037288038913368e-03 1.711328558031502975e-03
-1.269999999999972573e+01 -4.484217348230489994e-03 1.717914562240190892e-03
-1.259999999999972431e+01 -4.374995807062468517e-03 1.725574704473698462e-03
-1.249999999999972289e+01 -4.265310285619432207e-03 1.734323870378993993e-03
-1.239999999999972147e+01 -4.155097599880488990e-03 1.744178809113463603e-03
-1.229999999999972005e+01 -4.044293668919042573e-03 1.755158182478879815e-03
-1.219999999999971863e+01 -3.932833420995020257e-03 1.767282620380436920e-03
-1.209999999999971720e+01 -3.820650697318787870e-03 1.780574782872146279e-03
-1.199999999999971578e+01 -3.707678153259001685e-03 1.795059429084623192e-03
-1.189999999999971436e+01 -3.593847156724058051e-03 1.810763493373216369e-03
-1.179999999999971294e+01 -3.479087683494374444e-03 1.827716169057684581e-03
-1.169999999999971152e+01 -3.363328209217652381e-03 1.845949000174055589e-03
-1.159999999999971010e+01 -3.246495597805564015e-03 1.865495981700797693e-03
-1.149999999999970868e+01 -3.128514985960690470e-03 1.886393668769651734e-03
-1.139999999999970726e+01 -3.009309663514328492e-03 1.908681295430708288e-03
-1.129999999999970584e+01 -2.888800949302799959e-03 1.932400903588854047e-03
-1.119999999999970441e+01 -2.766908062239240018e-03 1.957597482800605207e-03
-1.109999999999970299e+01 -2.643547987261945370e-03 1.984319121681582358e-03
-1.099999999999970157e+01 -2.518635335828254065e-03 2.012617171747129070e-03
-1.089999999999970015e+01 -2.392082200569623646e-03 2.042546424597031264e-03
-1.079999999999969873e+01 -2.263798003770925438e-03 2.074165303429222930e-03
-1.069999999999969731e+01 -2.133689339260610301e-03 2.107536069976261028e-03
-1.059999999999969589e+01 -2.001659807322347245e-03 2.142725048054317308e-03
-1.049999999999969447e+01 -1.867609842225531613e-03 2.179802865027769248e-03
-1.039999999999969305e+01 -1.731436531914466725e-03 2.218844712629415312e-03
-1.029999999999969162e+01 -1.593033429447592714e-03 2.259930628696976262e-03
-1.019999999999969020e+01 -1.452290355698097890e-03 2.303145801556317779e-03
-1.009999999999968878e+01 -1.309093192855173560e-03 2.348580898938162475e-03
-9.999999999999687361e+00 -1.163323668255920179e-03 2.396332423498131244e-03
-9.899999999999685940e+00 -1.014859128021041584e-03 2.446503097228285364e-03
-9.799999999999684519e+00 -8.635723000321206266e-04 2.499202277250727432e-03
-9.699999999999683098e+00 -7.093310457108523148e-04 2.554546405755597511e-03
-9.599999999999681677e+00 -5.519981001060915438e-04 2.612659497106888887e-03
-9.499999999999680256e+00 -3.914307998001305411e-04 2.673673665442726638e-03
-9.399999999999678835e+00 -2.274807981062568207e-04 2.737729696453654240e-03
-9.299999999999677414e+00 -5.999376712610693385e-05 2.804977667368748102e-03
-9.199999999999675993e+00 1.111909138157771149e-04 2.875577619625663099e-03
-9.099999999999674571e+00 2.862404837539675451e-04 2.949700289145613680e-03
-8.999999999999673150e+00 4.653291400179560000e-04 3.027527899647519151e-03
-8.899999999999671729e+00 6.486383928442814029e-04 3.109255025033042050e-03
-8.799999999999670308e+00 8.363574348082998544e-04 3.195089527477019443e-03
-8.699999999999668887e+00 1.028683525188842790e-03 3.285253578608030110e-03
-8.599999999999667466e+00 1.225822389176480648e-03 3.379984771936663836e-03
-8.499999999999666045e+00 1.427988631646295858e-03 3.479537335574827469e-03
-8.399999999999664624e+00 1.635406165050382055e-03 3.584183455313533738e-03
-8.299999999999663203e+00 1.848308650601999253e-03 3.694214719190886450e-03
-8.199999999999661782e+00 2.066939951674361120e-03 3.809943695973877151e-03
-8.099999999999660361e+00 2.291554597847828001e-03 3.931705661341568930e-03
-7.999999999999658939e+00 2.522418257515323531e-03 4.059860487115385559e-03
-7.899999999999657518e+00 2.759808216394724067e-03 4.194794710673323095e-03
-7.799999999999656097e+00 3.004013858417611121e-03 4.336923803590552948e-03
-7.699999999999654676e+00 3.255337144645910341e-03 4.486694660817924958e-03
-7.599999999999653255e+00 3.514093084671814082e-03 4.644588334151739106e-03
-7.499999999999651834e+00 3.780610193591341095e-03 4.811123036529920197e-03
-7.399999999999650413e+00 4.055230926081638404e-03 4.986857446873253601e-03
-7.299999999999648992e+00 4.338312077001544448e-03 5.172394348634794942e-03
-7.199999999999647571e+00 4.630225135673030068e-03 5.368384639261395037e-03
-7.099999999999646150e+00 4.931356578035610283e-03 5.575531752176664593e-03
-6.999999999999644729e+00 5.242108077380999709e-03 5.794596537895872757e-03
-6.899999999999643308e+00 5.562896610276757414e-03 6.026402656578598062e-03
-6.799999999999641886e+00 5.894154429076210733e-03 6.271842540544627850e-03
-6.699999999999640465e+00 6.236328866457307996e-03 6.531883992478864330e-03
-6.599999999999639044e+00 6.589881929965839269e-03 6.807577492940549042e-03
-6.499999999999637623e+00 6.955289635628872369e-03 7.100064299684827850e-03
-6.399999999999636202e+00 7.333041019059769600e-03 7.410585431336823813e-03
-6.299999999999634781e+00 7.723636749295346993e-03 7.740491638899355681e-03
-6.199999999999633360e+00 8.127587255049396886e-03 8.091254481013995109e-03
-6.099999999999631939e+00 8.545410253909226789e-03 8.464478632406317524e-03
-5.999999999999630518e+00 8.977627551922377769e-03 8.861915569881591292e-03
-5.899999999999629097e+00 9.424760953188164592e-03 9.285478796675565583e-03
-5.799999999999627676e+00 9.887327084943157984e-03 9.737260783429341551e-03
-5.699999999999626255e+00 1.036583090267636370e-02 1.021955182310049434e-02
-5.599999999999624833e+00 1.086075758969695659e-02 1.073486101681447868e-02
-5.499999999999623412e+00 1.137256250485076808e-02 1.128593962796769698e-02
-5.399999999999621991e+00 1.190165875846663918e-02 1.187580706221230686e-02
-5.299999999999620570e+00 1.244840190670844574e-02 1.250777974961662757e-02
-5.199999999999619149e+00 1.301307114580819990e-02 1.318550322167053729e-02
-5.099999999999617728e+00 1.359584625514819248e-02 1.391298768667494426e-02
-4.999999999999616307e+00 1.419677937748009544e-02 1.469464740970868530e-02
-4.899999999999614886e+00 1.481576052992926093e-02 1.553534419333651648e-02
-4.799999999999613465e+00 1.545247550327899858e-02 1.644043522520696743e-02
-4.699999999999612044e+00 1.610635452244766827e-02 1.741582550107297067e-02
-4.599999999999610623e+00 1.677650969791209812e-02 1.846802493290149866e-02
-4.499999999999609201e+00 1.746165888668217703e-02 1.960421009550892060e-02
-4.399999999999607780e+00 1.816003309166447366e-02 2.083229032877817813e-02
-4.299999999999606359e+00 1.886926394851441008e-02 2.216097756362149160e-02
-4.199999999999604938e+00 1.958624717145398403e-02 2.359985873852923910e-02
-4.099999999999603517e+00 2.030697704739634069e-02 2.515946896206667019e-02
-3.999999999999602096e+00 2.102634618388221632e-02 2.685136258235810633e-02
-3.899999999999600675e+00 2.173790374628941507e-02 2.868817795125811962e-02
-3.799999999999599254e+00 2.243356440074564806e-02 3.068368979230316762e-02
-3.699999999999597833e+00 2.310325918702714476e-02 3.285284054311921054e-02
-3.599999999999596412e+00 2.373451871078394865e-02 3.521173864785274304e-02
-3.499999999999594991e+00 2.431197858596190892e-02 3.777760729452937782e-02
-3.399999999999593570e+00 2.481679732310509284e-02 4.056866126803809758e-02
-3.299999999999592148e+00 2.522597837819465227e-02 4.360388215657087785e-02
-3.199999999999590727e+00 2.551159163942069708e-02 4.690265289780114200e-02
-3.099999999999589306e+00 2.563989636530415728e-02 5.048420150806697676e-02
-2.999999999999587885e+00 2.557037905747166356e-02 5.436679105302162640e-02
-2.899999999999586464e+00 2.525473800340043151e-02 5.856657933143085554e-02
-2.799999999999585043e+00 2.463587376913144861e-02 6.309605920148664282e-02
-2.699999999999583622e+00 2.364698451141804270e-02 6.796198244034125369e-02
-2.599999999999582201e+00 2.221091901548803010e-02 7.316267228361830743e-02
-2.499999999999580780e+00 2.024000969001343853e-02 7.868465125727464038e-02
-2.399999999999579359e+00 1.763668951132835866e-02 8.449856406564978939e-02
-2.299999999999577938e+00 1.429528129284014792e-02 9.055447560199714196e-02
-2.199999999999576517e+00 1.010541365643569112e-02 9.677678731772323961e-02
-2.099999999999575095e+00 4.957529429382746822e-03 1.030592506419872739e-01
-1.999999999999573674e+00 -1.249143797564578051e-03 1.092608554277655075e-01
-1.899999999999572253e+00 -8.596056856089780152e-03 1.152036919058511411e-01
-1.799999999999570832e+00 -1.713261813128314631e-02 1.206741335755744521e-01
-1.699999999999569411e+00 -2.686237864759838737e-02 1.254287191466695317e-01
-1.599999999999567990e+00 -3.773004293613501509e-02 1.292057502840254779e-01
-1.499999999999566569e+00 -4.961194152542026253e-02 1.317427407956721364e-01
-1.399999999999565148e+00 -6.231285334742577703e-02 1.327984822080193472e-01
-1.299999999999563727e+00 -7.557151151084724738e-02 1.321769169320580750e-01
-1.199999999999562306e+00 -8.907563097167828237e-02 1.297487704915386286e-01
-1.099999999999560885e+00 -1.024851267399571469e-01 1.254665939616750880e-01
-9.999999999995594635e-01 -1.154600194102543137e-01 1.193698608998241262e-01
-8.999999999995580424e-01 -1.276881737313385334e-01 1.115788792469899482e-01
-7.999999999995566213e-01 -1.389080360624288801e-01 1.022788194398736999e-01
-6.999999999995552002e-01 -1.489228933459726401e-01 9.169722582477282669e-02
-5.999999999995537792e-01 -1.576052784352725555e-01 8.007933117880292051e-02
-4.999999999995523581e-01 -1.648921976365432529e-01 6.766524185145877945e-02
-3.999999999995509370e-01 -1.707732725924028250e-01 5.467199696203662446e-02
-2.999999999995495159e-01 -1.752745142238578135e-01 4.128219382954590594e-02
-1.999999999995480948e-01 -1.784404794232659630e-01 2.763972714178696000e-02
-9.999999999954667373e-02 -1.803173095985831920e-01 1.385233579355892031e-02
4.547473508864641190e-13 -1.809388096437060667e-01 -2.775557561562891351e-17
1.000000000004561684e-01 -1.803173095985718399e-01 -1.385233579368469470e-02
2.000000000004575895e-01 -1.784404794232430924e-01 -2.763972714191179070e-02
3.000000000004590106e-01 -1.752745142238230081e-01 -4.128219382966900192e-02
4.000000000004604317e-01 -1.707732725923556960e-01 -5.467199696215684773e-02
5.000000000004618528e-01 -1.648921976364833841e-01 -6.766524185157458959e-02
6.000000000004632739e-01 -1.576052784351998914e-01 -8.007933117891255503e-02
7.000000000004646949e-01 -1.489228933458874859e-01 -9.169722582487416229e-02
8.000000000004661160e-01 -1.389080360623320687e-01 -1.022788194399644190e-01
9.000000000004675371e-01 -1.276881737312315634e-01 -1.115788792470679552e-01
1.000000000000468958e+00 -1.154600194101392530e-01 -1.193698608998874783e-01
1.100000000000470379e+00 -1.024851267398366739e-01 -1.254665939617223835e-01
1.200000000000471800e+00 -8.907563097155535292e-02 -1.297487704915691320e-01
1.300000000000473221e+00 -7.557151151072503958e-02 -1.321769169320718140e-01
1.400000000000474643e+00 -6.231285334730728154e-02 -1.327984822080170990e-01
1.500000000000476064e+00 -4.961194152530813695e-02 -1.317427407956554275e-01
1.600000000000477485e+00 -3.773004293603129944e-02 -1.292057502839963901e-01
1.700000000000478906e+00 -2.686237864750458393e-02 -1.254287191466303408e-01
1.800000000000480327e+00 -1.713261813120004612e-02 -1.206741335755276007e-01
1.900000000000481748e+00 -8.596056856017580960e-03 -1.152036919057989051e-01
2.000000000000483169e+00 -1.249143797503016184e-03 -1.092608554277099964e-01
2.100000000000484590e+00 4.957529429434240353e-03 -1.030592506419302778e-01
2.200000000000486011e+00 1.010541365647799755e-02 -9.677678731766617415e-02
2.300000000000487432e+00 1.429528129287422483e-02 -9.055447560194118672e-02
2.400000000000488853e+00 1.763668951135523993e-02 -8.449856406559569377e-02
2.500000000000490274e+00 2.024000969003408867e-02 -7.868465125722304276e-02
2.600000000000491696e+00 2.221091901550339281e-02 -7.316267228356952701e-02
2.700000000000493117e+00 2.364698451142893676e-02 -6.796198244029545699e-02
2.800000000000494538e+00 2.463587376913865812e-02 -6.309605920144391311e-02
2.900000000000495959e+00 2.525473800340456015e-02 -5.856657933139116506e-02
3.000000000000497380e+00 2.557037905747332890e-02 -5.436679105298487108e-02
3.100000000000498801e+00 2.563989636530381727e-02 -5.048420150803306639e-02
3.200000000000500222e+00 2.551159163941873337e-02 -4.690265289776986146e-02
3.300000000000501643e+00 2.522597837819140487e-02 -4.360388215654209532e-02
3.400000000000503064e+00 2.481679732310089481e-02 -4.056866126801163264e-02
3.500000000000504485e+00 2.431197858595694761e-02 -3.777760729450502925e-02
3.600000000000505906e+00 2.373451871077841835e-02 -3.521173864783035817e-02
3.700000000000507328e+00 2.310325918702119813e-02 -3.285284054309865059e-02
3.800000000000508749e+00 2.243356440073943081e-02 -3.068368979228425913e-02
3.900000000000510170e+00 2.173790374628300354e-02 -2.868817795124070646e-02
4.000000000000511591e+00 2.102634618387569376e-02 -2.685136258234207401e-02
4.100000000000513012e+00 2.030697704738977649e-02 -2.515946896205189035e-02
4.200000000000514433e+00 1.958624717144745453e-02 -2.359985873851562846e-02
4.300000000000515854e+00 1.886926394850790140e-02 -2.216097756360891832e-02
4.400000000000517275e+00 1.816003309165808294e-02 -2.083229032876656589e-02
4.500000000000518696e+00 1.746165888667591121e-02 -1.960421009549818266e-02
4.600000000000520117e+00 1.677650969790592944e-02 -1.846802493289155522e-02
4.700000000000521538e+00 1.610635452244164184e-02 -1.741582550106376276e-02
4.800000000000522959e+00 1.545247550327311439e-02 -1.644043522519842218e-02
4.900000000000524381e+00 1.481576052992355022e-02 -1.553534419332858879e-02
5.000000000000525802e+00 1.419677937747455126e-02 -1.469464740970131272e-02
5.100000000000527223e+00 1.359584625514280443e-02 -1.391298768666808863e-02
5.200000000000528644e+00 1.301307114580300614e-02 -1.318550322166415351e-02
5.300000000000530065e+00 1.244840190670339075e-02 -1.250777974961067573e-02
5.400000000000531486e+00 1.190165875846175073e-02 -1.187580706220675401e-02
5.500000000000532907e+00 1.137256250484604617e-02 -1.128593962796251710e-02
5.600000000000534328e+00 1.086075758969237692e-02 -1.073486101680963187e-02
5.700000000000535749e+00 1.036583090267195750e-02 -1.021955182309595977e-02
5.800000000000537170e+00 9.887327084938862809e-03 -9.737260783425093214e-03
5.900000000000538591e+00 9.424760953184039419e-03 -9.285478796671579188e-03
6.000000000000540012e+00 8.977627551918391374e-03 -8.861915569877861637e-03
6.100000000000541434e+00 8.545410253905351416e-03 -8.464478632402815117e-03
6.200000000000542855e+00 8.127587255045642944e-03 -8.091254481010700869e-03
6.300000000000544276e+00 7.723636749291742237e-03 -7.740491638896263536e-03
6.400000000000545697e+00 7.333041019056268928e-03 -7.410585431333912079e-03
6.500000000000547118e+00 6.955289635625496597e-03 -7.100064299682091323e-03
6.600000000000548539e+00 6.589881929962588397e-03 -6.807577492937971243e-03
6.700000000000549960e+00 6.236328866454147329e-03 -6.531883992476428778e-03
6.800000000000551381e+00 5.894154429073150681e-03 -6.271842540542334546e-03
6.900000000000552802e+00 5.562896610273794507e-03 -6.026402656576430525e-03
7.000000000000554223e+00 5.242108077378127007e-03 -5.794596537893822313e-03
7.100000000000555644e+00 4.931356578032820848e-03 -5.575531752174726907e-03
7.200000000000557066e+00 4.630225135670330838e-03 -5.368384639259564037e-03
7.300000000000558487e+00 4.338312076998925015e-03 -5.172394348633061953e-03
7.400000000000559908e+00 4.055230926079102238e-03 -4.986857446871611685e-03
7.500000000000561329e+00 3.780610193588874318e-03 -4.811123036528364150e-03
7.600000000000562750e+00 3.514093084669437511e-03 -4.644588334150268061e-03
7.700000000000564171e+00 3.255337144643578873e-03 -4.486694660816525904e-03
7.800000000000565592e+00 3.004013858415359450e-03 -4.336923803589225017e-03
7.900000000000567013e+00 2.759808216392534846e-03 -4.194794710672061083e-03
8.000000000000568434e+00 2.522418257513193290e-03 -4.059860487114189467e-03
8.100000000000569855e+00 2.291554597845756741e-03 -3.931705661340430084e-03
8.200000000000571276e+00 2.066939951672334963e-03 -3.809943695972794250e-03
8.300000000000572697e+00 1.848308650600025138e-03 -3.694214719189858626e-03
8.400000000000574119e+00 1.635406165048466920e-03 -3.584183455312557956e-03
8.500000000000575540e+00 1.427988631644429296e-03 -3.479537335573899826e-03
8.600000000000576961e+00 1.225822389174659188e-03 -3.379984771935780428e-03
8.700000000000578382e+00 1.028683525187073372e-03 -3.285253578607188769e-03
8.800000000000579803e+00 8.363574348065651309e-04 -3.195089527476219302e-03
8.900000000000581224e+00 6.486383928425987211e-04 -3.109255025032280073e-03
9.000000000000582645e+00 4.653291400163080127e-04 -3.027527899646792735e-03
9.100000000000584066e+00 2.862404837523577217e-04 -2.949700289144923694e-03
9.200000000000585487e+00 1.111909138142089248e-04 -2.875577619625004772e-03
9.300000000000586908e+00 -5.999376712764736830e-05 -2.804977667368123168e-03
9.400000000000588329e+00 -2.274807981077660302e-04 -2.737729696453058362e-03
9.500000000000589750e+00 -3.914307998016189338e-04 -2.673673665442158950e-03
9.600000000000591172e+00 -5.519981001075417726e-04 -2.612659497106345052e-03
9.700000000000592593e+00 -7.093310457122747881e-04 -2.554546405755082298e-03
9.800000000000594014e+00 -8.635723000335188138e-04 -2.499202277250233903e-03
9.900000000000595435e+00 -1.014859128022412016e-03 -2.446503097227817856e-03
1.000000000000059686e+01 -1.163323668257248977e-03 -2.396332423497688022e-03
1.010000000000059828e+01 -1.309093192856495419e-03 -2.348580898937737034e-03
1.020000000000059970e+01 -1.452290355699381585e-03 -2.303145801555914890e-03
1.030000000000060112e+01 -1.593033429448862531e-03 -2.259930628696592888e-03
1.040000000000060254e+01 -1.731436531915705318e-03 -2.218844712629052321e-03
1.050000000000060396e+01 -1.867609842226763267e-03 -2.179802865027423604e-03
1.060000000000060538e+01 -2.001659807323554613e-03 -2.142725048053987710e-03
1.070000000000060680e+01 -2.133689339261800322e-03 -2.107536069975949212e-03
1.080000000000060822e+01 -2.263798003772108519e-03 -2.074165303428927160e-03
1.090000000000060965e+01 -2.392082200570778971e-03 -2.042546424596751106e-03
1.100000000000061107e+01 -2.518635335829395513e-03 -2.012617171746864525e-03
1.110000000000061249e+01 -2.643547987263079879e-03 -1.984319121681332124e-03
1.120000000000061391e+01 -2.766908062240364119e-03 -1.957597482800367984e-03
1.130000000000061533e+01 -2.888800949303899773e-03 -1.932400903588632002e-03
1.140000000000061675e+01 -3.009309663515410960e-03 -1.908681295430499037e-03
1.150000000000061817e+01 -3.128514985961765998e-03 -1.886393668769456361e-03
1.160000000000061959e+01 -3.246495597806634339e-03 -1.865495981700613813e-03
1.170000000000062101e+01 -3.363328209218714032e-03 -1.845949000173883418e-03
1.180000000000062244e+01 -3.479087683495425687e-03 -1.827716169057524336e-03
1.190000000000062386e+01 -3.593847156725102354e-03 -1.810763493373067617e-03
1.200000000000062528e+01 -3.707678153260025172e-03 -1.795059429084485715e-03
1.210000000000062670e+01 -3.820650697319811356e-03 -1.780574782872019861e-03
1.220000000000062812e+01 -3.932833420996043744e-03 -1.767282620380321561e-03
1.230000000000062954e+01 -4.044293668920055651e-03 -1.755158182478773346e-03
1.240000000000063096e+01 -4.155097599881498599e-03 -1.744178809113369061e-03
1.250000000000063238e+01 -4.265310285620427938e-03 -1.734323870378910292e-03
1.260000000000063380e+01 -4.374995807063472922e-03 -1.725574704473623868e-03
1.270000000000063523e+01 -4.484217348231480521e-03 -1.717914562240126924e-03
1.280000000000063665e+01 -4.593037288039981958e-03 -1.711328558031109844e-03
1.290000000000063807e+01 -4.701517290238092783e-03 -1.705803626670960227e-03
1.300000000000063949e+01 -4.809718391686212263e-03 -1.701328486315007360e-03
1.310000000000064091e+01 -4.917701089192438174e-03 -1.697893607046141885e-03
1.320000000000064233e+01 -5.025525425126117773e-03 -1.695491185066937178e-03
1.330000000000064375e+01 -5.133251071994315157e-03 -1.694115122384522165e-03
1.340000000000064517e+01 -5.240937416205191171e-03 -1.693761011907552860e-03
1.350000000000064659e+01 -5.348643641209181385e-03 -1.694426127904951783e-03
1.360000000000064801e+01 -5.456428810206106345e-03 -1.696109421802877030e-03
1.370000000000064944e+01 -5.564351948639526674e-03 -1.698811523324100575e-03
1.380000000000065086e+01 -5.672472126644545129e-03 -1.702534747001559689e-03
1.390000000000065228e+01 -5.780848541669129578e-03 -1.707283104126357037e-03
1.400000000000065370e+01 -5.889540601454638230e-03 -1.713062320219135935e-03
1.410000000000065512e+01 -5.998608007561832128e-03 -1.719879858142687014e-03
1.420000000000065654e+01 -6.108110839664570441e-03 -1.727744947006218477e-03
1.430000000000065796e+01 -6.218109640780331016e-03 -1.736668617041042199e-03
1.440000000000065938e+01 -6.328665503663483995e-03 -1.746663740663981397e-03
1.450000000000066080e+01 -6.439840158554806064e-03 -1.757745079978634186e-03
1.460000000000066223e+01 -6.551696062483521044e-03 -1.769929341001580218e-03
1.470000000000066365e+01 -6.664296490356586174e-03 -1.783235234944444744e-03
1.480000000000066507e+01 -6.777705628017818493e-03 -1.797683546920411527e-03
1.490000000000066649e+01 -6.891988667518866504e-03 -1.813297212495797173e-03
1.500000000000066791e+01 -7.007211904812724046e-03 -1.830101402553902532e-03
1.510000000000066933e+01 -7.123442840083456587e-03 -1.848123616991857038e-03
1.520000000000067075e+01 -7.240750280966991650e-03 -1.867393787835507730e-03
1.530000000000067217e+01 -7.359204448863523873e-03 -1.887944392413356490e-03
1.540000000000067359e+01 -7.478877088603612389e-03 -1.909810577309199210e-03
1.550000000000067502e+01 -7.599841581696329534e-03 -1.933030293884697689e-03
1.560000000000067644e+01 -7.722173063389280515e-03 -1.957644446246454856e-03
1.570000000000067786e+01 -7.845948543810335463e-03 -1.983697052632241858e-03
1.580000000000067928e+01 -7.971247033400418597e-03 -2.011235421281461211e-03
1.590000000000068070e+01 -8.098149672905863641e-03 -2.040310341979052755e-03
1.600000000000068212e+01 -8.226739868156657948e-03 -2.070976294578975342e-03
1.610000000000068354e+01 -8.357103429849509560e-03 -2.103291675949536550e-03
1.620000000000068496e+01 -8.489328718585965883e-03 -2.137319046944755312e-03
1.630000000000068638e+01 -8.623506795337857606e-03 -2.173125401159220135e-03
1.640000000000068781e+01 -8.759731577557843332e-03 -2.210782457426388545e-03
1.650000000000068923e+01 -8.898100001087221392e-03 -2.250366978218490757e-03
1.660000000000069065e+01 -9.038712187978907575e-03 -2.291961116336061356e-03
1.670000000000069207e+01 -9.181671620356128202e-03 -2.335652792545177617e-03
1.680000000000069349e+01 -9.327085320305078184e-03 -2.381536107087637005e-03
1.690000000000069491e+01 -9.475064035803086246e-03 -2.429711788329149118e-03
1.700000000000069633e+01 -9.625722432557026406e-03 -2.480287682155425319e-03
1.710000000000069775e+01 -9.779179291522681686e-03 -2.533379286123500426e-03
1.720000000000069917e+01 -9.935557711797635833e-03 -2.589110332838145869e-03
1.730000000000070060e+01 -1.009498531835056716e-02 -2.647613427497517470e-03
1.740000000000070202e+01 -1.025759447393597909e-02 -2.709030745136911666e-03
1.750000000000070344e+01 -1.042352249426528946e-02 -2.773514793710357782e-03
1.760000000000070486e+01 -1.059291186522236770e-02 -2.841229249850394951e-03
1.770000000000070628e+01 -1.076591046062389846e-02 -2.912349874955311169e-03
1.780000000000070770e+01 -1.094267175852922484e-02 -2.987065520105655278e-03
1.790000000000070912e+01 -1.112335505368725573e-02 -3.065579229337473191e-03
1.800000000000071054e+01 -1.130812566305047263e-02 -3.148109451894647633e-03
1.810000000000071196e+01 -1.149715512055110231e-02 -3.234891375332626245e-03
1.820000000000071338e+01 -1.169062135650940533e-02 -3.326178392778748709e-03
1.830000000000071481e+01 -1.188870885588254843e-02 -3.422243719192701213e-03
1.840000000000071623e+01 -1.209160878836428206e-02 -3.523382173284797352e-03
1.850000000000071765e+01 -1.229951910172638954e-02 -3.629912143712189180e-03
1.860000000000071907e+01 -1.251264456790434493e-02 -3.742177760397837321e-03
1.870000000000072049e+01 -1.273119676911647902e-02 -3.860551294345061606e-03
1.880000000000072191e+01 -1.295539400844667073e-02 -3.985435812054225792e-03
1.890000000000072333e+01 -1.318546112609094920e-02 -4.117268113808593075e-03
1.900000000000072475e+01 -1.342162919836799653e-02 -4.256521988517222160e-03
1.910000000000072617e+01 -1.366413509170385024e-02 -4.403711821624263674e-03
1.920000000000072760e+01 -1.391322083795708091e-02 -4.559396596857245333e-03
1.930000000000072902e+01 -1.416913279015721318e-02 -4.724184337141239601e-03
1.940000000000073044e+01 -1.443212050914408420e-02 -4.898737035103570454e-03
1.950000000000073186e+01 -1.470243532095760579e-02 -5.083776128961645102e-03
1.960000000000073328e+01 -1.498032847199750467e-02 -5.280088585324959130e-03
1.970000000000073470e+01 -1.526604879347932819e-02 -5.488533656487314463e-03
1.980000000000073612e+01 -1.555983976764887568e-02 -5.710050385764558686e-03
1.990000000000073754e+01 -1.586193586534814445e-02 -5.945665940440344674e-03
2.000000000000073896e+01 -1.617255799648471826e-02 -6.196504857215425627e-03
2.010000000000074039e+01 -1.649190788098634647e-02 -6.463799289376421370e-03
2.020000000000074181e+01 -1.682016110668239917e-02 -6.748900347475116773e-03
2.030000000000074323e+01 -1.715745859037328541e-02 -7.053290624742468082e-03
2.040000000000074465e+01 -1.750389609790945628e-02 -7.378597993659777483e-03
2.050000000000074607e+01 -1.785951140575729040e-02 -7.726610748457549485e-03
2.060000000000074749e+01 -1.822426859823911283e-02 -8.099294147091720686e-03
2.070000000000074891e+01 -1.859803888875555256e-02 -8.498808371413956939e-03
2.080000000000075033e+01 -1.898057722653239549e-02 -8.927527869791573173e-03
2.090000000000075175e+01 -1.937149380048798150e-02 -9.388061965370080378e-03
2.100000000000075318e+01 -1.977021937534413284e-02 -9.883276494620139851e-03
2.110000000000075460e+01 -2.017596319056933624e-02 -1.041631607142143659e-02
2.120000000000075602e+01 -2.058766191986637073e-02 -1.099062633359869715e-02
2.130000000000075744e+01 -2.100391792994576318e-02 -1.160997519705975027e-02
2.140000000000075886e+01 -2.142292480086472467e-02 -1.227847168743327090e-02
2.150000000000076028e+01 -2.184237779188301365e-02 -1.300058030004260477e-02
2.160000000000076170e+01 -2.225936668676450209e-02 -1.378112800766660880e-02
2.170000000000076312e+01 -2.267024828099101566e-02 -1.462529993295932744e-02
2.180000000000076454e+01 -2.307049576083197023e-02 -1.553861826022032155e-02
2.190000000000076597e+01 -2.345452249669609593e-02 -1.652689710958708813e-02
2.200000000000076739e+01 -2.381547851769523494e-02 -1.759616377082712235e-02
2.210000000000076881e+01 -2.414501942354332215e-02 -1.875253386048612858e-02
2.220000000000077023e+01 -2.443305010394509341e-02 -2.000202465974670885e-02
2.230000000000077165e+01 -2.466744988149729284e-02 -2.135028727670114368e-02
2.240000000000077307e+01 -2.483379220894383482e-02 -2.280223475725097482e-02
2.250000000000077449e+01 -2.491508156028613211e-02 -2.436154061731014842e-02
2.260000000000077591e+01 -2.489154335000970386e-02 -2.602998182637807079e-02
2.270000000000077733e+01 -2.474051998617999432e-02 -2.780660415178477091e-02
2.280000000000077875e+01 -2.443654711186182132e-02 -2.968669901566284297e-02
2.290000000000078018e+01 -2.395170674506759412e-02 -3.166060355236265805e-02
2.300000000000078160e+01 -2.325637378180785836e-02 -3.371237366043825651e-02
2.310000000000078302e+01 -2.232048078636655192e-02 -3.581843675261438265e-02
2.320000000000078444e+01 -2.111541034687512697e-02 -3.794640611779721145e-02
2.330000000000078586e+01 -1.961656833764383046e-02 -4.005432404968114340e-02
2.340000000000078728e+01 -1.780657998304713968e-02 -4.209067562994483341e-02
2.350000000000078870e+01 -1.567887840567264157e-02 -4.399554410309594599e-02
2.360000000000079012e+01 -1.324123999407313991e-02 -4.570321666515956421e-02
2.370000000000079154e+01 -1.051861460875913763e-02 -4.714635622108931390e-02
2.380000000000079297e+01 -7.554487782744441667e-03 -4.826152341976065047e-02
2.390000000000079439e+01 -4.410093213214271238e-03 -4.899541977511000235e-02
2.400000000000079581e+01 -1.161123770313852652e-03 -4.931085405826080709e-02
2.410000000000079723e+01 2.107870371679950242e-03 -4.919127428985117095e-02
2.420000000000079865e+01 5.310610645423393880e-03 -4.864287874386065413e-02
2.430000000000080007e+01 8.366526240120348082e-03 -4.769381863993282095e-02
2.440000000000080149e+01 1.120718703863702280e-02 -4.639067854886773368e-02
2.450000000000080291e+01 1.378071484844079798e-02 -4.479302659118736263e-02
2.460000000000080433e+01 1.605370444453622578e-02 -4.296715811634863047e-02
2.470000000000080576e+01 1.801077750140491623e-02 -4.098013939740775130e-02
2.480000000000080718e+01 1.965233096851731059e-02 -3.889496508965549493e-02
2.490000000000080860e+01 2.099123437245271895e-02 -3.676723090041428971e-02
2.500000000000081002e+01 2.204919682782065238e-02 -3.464334247808658479e-02
2.510000000000081144e+01 2.285334980661368753e-02 -3.256002257512301268e-02
2.520000000000081286e+01 2.343337173829626238e-02 -3.054475992865242698e-02
2.530000000000081428e+01 2.381928442282556235e-02 -2.861683634243578425e-02
2.540000000000081570e+01 2.403991149563924901e-02 -2.678862741799463779e-02
2.550000000000081712e+01 2.412190932005605845e-02 -2.506695623069348650e-02
2.560000000000081855e+01 2.408924864362656931e-02 -2.345436073094048224e-02
2.570000000000081997e+01 2.396302459735363127e-02 -2.195020138448226799e-02
2.580000000000082139e+01 2.376148849261209076e-02 -2.055158204923786605e-02
2.590000000000082281e+01 2.350021697047385838e-02 -1.925408625518897077e-02
2.600000000000082423e+01 2.319235616683183038e-02 -1.805234695084869875e-02
2.610000000000082565e+01 2.284889763891822384e-02 -1.694047460372341551e-02
2.620000000000082707e+01 2.247895784949722336e-02 -1.591236976633638237e-02
2.630000000000082849e+01 2.209004412971728865e-02 -1.496194437422227776e-02
2.640000000000082991e+01 2.168829783845258041e-02 -1.408327279544141324e-02
2.650000000000083134e+01 2.127871063718848876e-02 -1.327069001204171129e-02
2.660000000000083276e+01 2.086531309172887788e-02 -1.251885083502057329e-02
2.670000000000083418e+01 2.045133676271988429e-02 -1.182276099278496868e-02
2.680000000000083560e+01 2.003935199373872364e-02 -1.117778837594149248e-02
2.690000000000083702e+01 1.963138406693556992e-02 -1.057966065855691501e-02
2.700000000000083844e+01 1.922901049554149450e-02 -1.002445389446371231e-02
2.710000000000083986e+01 1.883344211192477385e-02 -9.508575437861268090e-03
2.720000000000084128e+01 1.844559038783844668e-02 -9.028743589090627505e-03
2.730000000000084270e+01 1.806612315363593721e-02 -8.581965656939284648e-03
2.740000000000084412e+01 1.769551060315740360e-02 -8.165515603748252707e-03
2.750000000000084555e+01 1.733406320248802313e-02 -7.776912055347228077e-03
2.760000000000084697e+01 1.698196287556040865e-02 -7.413897180233816608e-03
2.770000000000084839e+01 1.663928862168078879e-02 -7.074416743664874510e-03
2.780000000000084981e+01 1.630603753105735673e-02 -6.756601502600646965e-03
2.790000000000085123e+01 1.598214200253901193e-02 -6.458750010568471527e-03
2.800000000000085265e+01 1.566748383063466810e-02 -6.179312835842160415e-03
2.810000000000085407e+01 1.536190571397071450e-02 -5.916878153473508622e-03
2.820000000000085549e+01 1.506522064111261855e-02 -5.670158644631686368e-03
2.830000000000085691e+01 1.477721952994967905e-02 -5.437979621243357008e-03
2.840000000000085834e+01 1.449767743070975654e-02 -5.219268286247039958e-03
2.850000000000085976e+01 1.422635854794157204e-02 -5.013044037426217861e-03
2.860000000000086118e+01 1.396302029187774726e-02 -4.818409724209700949e-03
2.870000000000086260e+01 1.370741653231606801e-02 -4.634543770313328398e-03
2.880000000000086402e+01 1.345930019767811736e-02 -4.460693080154486297e-03
2.890000000000086544e+01 1.321842533674052328e-02 -4.296166652690332904e-03
2.900000000000086686e+01 1.298454873975420781e-02 -4.140329832311752389e-03
2.910000000000086828e+01 1.275743119875607720e-02 -3.992599132561291259e-03
2.920000000000086970e+01 1.253683847273139550e-02 -3.852437574226993434e-03
2.930000000000087113e+01 1.232254201181846691e-02 -3.719350484992577088e-03
2.940000000000087255e+01 1.211431948522988938e-02 -3.592881713026000248e-03
2.950000000000087397e+01 1.191195514965772556e-02 -3.472610211656563476e-03
2.960000000000087539e+01 1.171524008857162055e-02 -3.358146956761069030e-03
2.970000000000087681e+01 1.152397234737742582e-02 -3.249132162417224263e-03
2.980000000000087823e+01 1.133795698506791932e-02 -3.145232764046857442e-03
2.990000000000087965e+01 1.115700605935465543e-02 -3.046140141529896442e-03
3.000000000000088107e+01 1.098093855920394962e-02 -2.951568057667251950e-03
3.010000000000088249e+01 1.080958029630771193e-02 -2.861250790047595131e-03
3.020000000000088392e+01 1.064276376486976775e-02 -2.774941436667683736e-03
3.030000000000088534e+01 1.048032797744710004e-02 -2.692410377784026400e-03
3.040000000000088676e+01 1.032211828317316366e-02 -2.613443878338767186e-03
3.050000000000088818e+01 1.016798617347423189e-02 -2.537842816941575375e-03
3.060000000000088960e+01 1.001778907950675104e-02 -2.465421528913751530e-03
3.070000000000089102e+01 9.871390164664732222e-03 -2.396006752180045683e-03
3.080000000000089244e+01 9.728658114898466880e-03 -2.329436665995728017e-03
3.090000000000089386e+01 9.589466929037365750e-03 -2.265560013540776369e-03
3.100000000000089528e+01 9.453695710814292649e-03 -2.204235300324289444e-03
3.110000000000089670e+01 9.321228463988931456e-03 -2.145330061205958250e-03
3.120000000000089813e+01 9.191953891590252251e-03 -2.088720189548169334e-03
3.130000000000089955e+01 9.065765200092446019e-03 -2.034289322693224461e-03
3.140000000000090097e+01 8.942559909129486201e-03 -1.981928278546603306e-03
3.150000000000090239e+01 8.822239667144904374e-03 -1.931534538555168936e-03
3.160000000000090381e+01 8.704710073298912998e-03 -1.883011772865357189e-03
3.170000000000090523e+01 8.589880505780059586e-03 -1.836269403838230833e-03
3.180000000000090665e+01 8.477663956618934973e-03 -1.791222204490319292e-03
3.190000000000090807e+01 8.367976873026580775e-03 -1.747789928762926402e-03
