-3.000000000000000000e+01 2.021661679075626144e-03 5.195583239422975515e-03
-2.989999999999999858e+01 2.037814794883136514e-03 5.221305681403355485e-03
-2.979999999999999716e+01 2.054172652955058020e-03 5.247311984792765727e-03
-2.969999999999999574e+01 2.070738884460271434e-03 5.273607107088960563e-03
-2.959999999999999432e+01 2.087517204350651523e-03 5.300196124173583816e-03
-2.949999999999999289e+01 2.104511413757103114e-03 5.327084233891422882e-03
-2.939999999999999147e+01 2.121725402467637862e-03 5.354276759760532092e-03
-2.929999999999999005e+01 2.139163151490762124e-03 5.381779154818862321e-03
-2.919999999999998863e+01 2.156828735707601134e-03 5.409597005613268894e-03
-2.909999999999998721e+01 2.174726326616359048e-03 5.437736036337083821e-03
-2.899999999999998579e+01 2.192860195172845368e-03 5.466202113122780974e-03
-2.889999999999998437e+01 2.211234714731003838e-03 5.495001248496497043e-03
-2.879999999999998295e+01 2.229854364087540796e-03 5.524139606001629912e-03
-2.869999999999998153e+01 2.248723730634966805e-03 5.553623504999000669e-03
-2.859999999999998010e+01 2.267847513627539724e-03 5.583459425651519925e-03
-2.849999999999997868e+01 2.287230527564832437e-03 5.613654014101671259e-03
-2.839999999999997726e+01 2.306877705697879186e-03 5.644214087850558254e-03
-2.829999999999997584e+01 2.326794103663040042e-03 5.675146641347739510e-03
-2.819999999999997442e+01 2.346984903249075237e-03 5.706458851801535746e-03
-2.809999999999997300e+01 2.367455416303060681e-03 5.738158085220007414e-03
-2.799999999999997158e+01 2.388211088781155497e-03 5.770251902693372854e-03
-2.789999999999997016e+01 2.409257504950474381e-03 5.802748066929168738e-03
-2.779999999999996874e+01 2.430600391748635042e-03 5.835654549052091133e-03
-2.769999999999996732e+01 2.452245623307889710e-03 5.868979535681117382e-03
-2.759999999999996589e+01 2.474199225651086201e-03 5.902731436297141247e-03
-2.749999999999996447e+01 2.496467381567065314e-03 5.936918890915162186e-03
-2.739999999999996305e+01 2.519056435673495964e-03 5.971550778075764357e-03
-2.729999999999996163e+01 2.541972899675543247e-03 6.006636223171503940e-03
-2.719999999999996021e+01 2.565223457829227376e-03 6.042184607124674242e-03
-2.709999999999995879e+01 2.588814972618728658e-03 6.078205575433840054e-03
-2.699999999999995737e+01 2.612754490657436673e-03 6.114709047607549269e-03
-2.689999999999995595e+01 2.637049248823009756e-03 6.151705227004665433e-03
-2.679999999999995453e+01 2.661706680637277670e-03 6.189204611101883739e-03
-2.669999999999995310e+01 2.686734422902360350e-03 6.227218002210212558e-03
-2.659999999999995168e+01 2.712140322605022160e-03 6.265756518663446323e-03
-2.649999999999995026e+01 2.737932444101881350e-03 6.304831606503039088e-03
-2.639999999999994884e+01 2.764119076598799130e-03 6.344455051685234798e-03
-2.629999999999994742e+01 2.790708741938486594e-03 6.384638992837837757e-03
-2.619999999999994600e+01 2.817710202711135384e-03 6.425395934595673833e-03
-2.609999999999994458e+01 2.845132470703683712e-03 6.466738761545584926e-03
-2.599999999999994316e+01 2.872984815704189825e-03 6.508680752813612858e-03
-2.589999999999994174e+01 2.901276774678702205e-03 6.551235597329127872e-03
-2.579999999999994031e+01 2.930018161339007637e-03 6.594417409802752483e-03
-2.569999999999993889e+01 2.959219076120611896e-03 6.638240747457277609e-03
-2.559999999999993747e+01 2.988889916591485653e-03 6.682720627553224296e-03
-2.549999999999993605e+01 3.019041388313197655e-03 6.727872545753353292e-03
-2.539999999999993463e+01 3.049684516177359958e-03 6.773712495373268756e-03
-2.529999999999993321e+01 3.080830656241587227e-03 6.820256987568312952e-03
-2.519999999999993179e+01 3.112491508090594553e-03 6.867523072510205683e-03
-2.509999999999993037e+01 3.144679127749585267e-03 6.915528361610401992e-03
-2.499999999999992895e+01 3.177405941178592860e-03 6.964291050850907744e-03
-2.489999999999992752e+01 3.210684758378248328e-03 7.013829945287337192e-03
-2.479999999999992610e+01 3.244528788139178048e-03 7.064164484793388973e-03
-2.469999999999992468e+01 3.278951653469189785e-03 7.115314771120546077e-03
-2.459999999999992326e+01 3.313967407734497335e-03 7.167301596351916687e-03
-2.449999999999992184e+01 3.349590551553391880e-03 7.220146472834557301e-03
-2.439999999999992042e+01 3.385836050483159027e-03 7.273871664680455970e-03
-2.429999999999991900e+01 3.422719353543516793e-03 7.328500220932707837e-03
-2.419999999999991758e+01 3.460256412622567286e-03 7.384056010500276816e-03
-2.409999999999991616e+01 3.498463702814113598e-03 7.440563758972044799e-03
-2.399999999999991473e+01 3.537358243738242692e-03 7.498049087428878060e-03
-2.389999999999991331e+01 3.576957621900390093e-03 7.556538553381056053e-03
-2.379999999999991189e+01 3.617280014147616733e-03 7.616059693967737118e-03
-2.369999999999991047e+01 3.658344212284547585e-03 7.676641071565230845e-03
-2.359999999999990905e+01 3.700169648915537304e-03 7.738312321961851939e-03
-2.349999999999990763e+01 3.742776424583849591e-03 7.801104205268928268e-03
-2.339999999999990621e+01 3.786185336283374482e-03 7.865048659750547080e-03
-2.329999999999990479e+01 3.830417907423274565e-03 7.930178858768503758e-03
-2.319999999999990337e+01 3.875496419331382961e-03 7.996529271054254179e-03
-2.309999999999990195e+01 3.921443944387805955e-03 8.064135724536141206e-03
-2.299999999999990052e+01 3.968284380886400418e-03 8.133035473968269410e-03
-2.289999999999989910e+01 4.016042489728349069e-03 8.203267272626962869e-03
-2.279999999999989768e+01 4.064743933059167258e-03 8.274871448362232373e-03
-2.269999999999989626e+01 4.114415314968101686e-03 8.347889984314963568e-03
-2.259999999999989484e+01 4.165084224377062390e-03 8.422366604636116055e-03
-2.249999999999989342e+01 4.216779280255050430e-03 8.498346865572103948e-03
-2.239999999999989200e+01 4.269530179303537842e-03 8.575878252310964109e-03
-2.229999999999989058e+01 4.323367746268454853e-03 8.655010282017443560e-03
-2.219999999999988916e+01 4.378323987045447049e-03 8.735794613521669083e-03
-2.209999999999988773e+01 4.434432144756860449e-03 8.818285164166207030e-03
-2.199999999999988631e+01 4.491726758991725944e-03 8.902538234360476976e-03
-2.189999999999988489e+01 4.550243728413701574e-03 8.988612640439864326e-03
-2.179999999999988347e+01 4.610020376956756871e-03 9.076569856480243975e-03
-2.169999999999988205e+01 4.671095523844334338e-03 9.166474165777236532e-03
-2.159999999999988063e+01 4.733509557684936753e-03 9.258392822764263674e-03
-2.149999999999987921e+01 4.797304514915610649e-03 9.352396226214854807e-03
-2.139999999999987779e+01 4.862524162884819361e-03 9.448558104653375506e-03
-2.129999999999987637e+01 4.929214087887729551e-03 9.546955714985686306e-03
-2.119999999999987494e+01 4.997421788490183023e-03 9.647670055457545357e-03
-2.109999999999987352e+01 5.067196774502673307e-03 9.750786094155604322e-03
-2.099999999999987210e+01 5.138590671992653534e-03 9.856393014384384060e-03
-2.089999999999987068e+01 5.211657334752544876e-03 9.964584478384382743e-03
-2.079999999999986926e+01 5.286452962672168188e-03 1.007545891100294216e-02
-2.069999999999986784e+01 5.363036227498015930e-03 1.018911980509263314e-02
-2.059999999999986642e+01 5.441468406498005048e-03 1.030567605059365052e-02
-2.049999999999986500e+01 5.521813524589342867e-03 1.042524228945975254e-02
-2.039999999999986358e+01 5.604138505528892880e-03 1.054793929881394678e-02
-2.029999999999986215e+01 5.688513332810327117e-03 1.067389440497406965e-02
-2.019999999999986073e+01 5.775011220960231915e-03 1.080324193127267865e-02
-2.009999999999985931e+01 5.863708797976640956e-03 1.093612368291502039e-02
-1.999999999999985789e+01 5.954686299708035133e-03 1.107268947247727967e-02
-1.989999999999985647e+01 6.048027777028906586e-03 1.121309769005126786e-02
-1.979999999999985505e+01 6.143821316729386472e-03 1.135751592249640597e-02
-1.969999999999985363e+01 6.242159277101200221e-03 1.150612162677352480e-02
-1.959999999999985221e+01 6.343138539270211720e-03 1.165910286291574338e-02
-1.949999999999985079e+01 6.446860775396431528e-03 1.181665909284898217e-02
-1.939999999999984936e+01 6.553432734935586007e-03 1.197900205202063334e-02
-1.929999999999984794e+01 6.662966550230914851e-03 1.214635670164216849e-02
-1.919999999999984652e+01 6.775580062779078608e-03 1.231896227031591302e-02
-1.909999999999984510e+01 6.891397171588381151e-03 1.249707339491570521e-02
-1.899999999999984368e+01 7.010548205118864729e-03 1.268096137184723804e-02
-1.889999999999984226e+01 7.133170318359707829e-03 1.287091553125105023e-02
-1.879999999999984084e+01 7.259407916656148395e-03 1.306724474835910255e-02
-1.869999999999983942e+01 7.389413107941314798e-03 1.327027910810909053e-02
-1.859999999999983800e+01 7.523346185051677307e-03 1.348037174129974869e-02
-1.849999999999983658e+01 7.661376139800531518e-03 1.369790085308438855e-02
-1.839999999999983515e+01 7.803681210441651764e-03 1.392327196750567375e-02
-1.829999999999983373e+01 7.950449464061475069e-03 1.415692041514117483e-02
-1.819999999999983231e+01 8.101879415275757557e-03 1.439931409483805047e-02
-1.809999999999983089e+01 8.258180682352825666e-03 1.465095654506409079e-02
-1.799999999999982947e+01 8.419574681511249326e-03 1.491239036570911856e-02
-1.789999999999982805e+01 8.586295359607204122e-03 1.518420103737589885e-02
-1.779999999999982663e+01 8.758589964686843213e-03 1.546702119247463786e-02
-1.769999999999982521e+01 8.936719852867838071e-03 1.576153540098497799e-02
-1.759999999999982379e+01 9.120961328649547159e-03 1.606848554382541219e-02
-1.749999999999982236e+01 9.311606513924446452e-03 1.638867685867574989e-02
-1.739999999999982094e+01 9.508964238534395319e-03 1.672298475720611355e-02
-1.729999999999981952e+01 9.713360941999578044e-03 1.707236252943064928e-02
-1.719999999999981810e+01 9.925141571804158014e-03 1.743785007088492073e-02
-1.709999999999981668e+01 1.014467045803312678e-02 1.782058379221176242e-02
-1.699999999999981526e+01 1.037233213680077704e-02 1.822180789938235984e-02
-1.689999999999981384e+01 1.060853208523760208e-02 1.864288726723472775e-02
-1.679999999999981242e+01 1.085369731807249265e-02 1.908532217059327740e-02
-1.669999999999981100e+01 1.110827677907782335e-02 1.955076518758342569e-02
-1.659999999999980957e+01 1.137274143851971578e-02 2.004104065092780773e-02
-1.649999999999980815e+01 1.164758397850321203e-02 2.055816709758884892e-02
-1.639999999999980673e+01 1.193331790932893044e-02 2.110438325836223872e-02
-1.629999999999980531e+01 1.223047590843240502e-02 2.168217824104237343e-02
-1.619999999999980389e+01 1.253960710472158853e-02 2.229432669879573281e-02
-1.609999999999980247e+01 1.286127293906908463e-02 2.294392994602690444e-02
-1.599999999999980105e+01 1.319604110794195088e-02 2.363446419576236898e-02
-1.589999999999979963e+01 1.354447692998132780e-02 2.436983735620358582e-02
-1.579999999999979821e+01 1.390713124844812111e-02 2.515445615340641469e-02
-1.569999999999979678e+01 1.428452367285975091e-02 2.599330575965073248e-02
-1.559999999999979536e+01 1.467711953831807303e-02 2.689204462545496596e-02
-1.549999999999979394e+01 1.508529837455336794e-02 2.785711786594297079e-02
-1.539999999999979252e+01 1.550931086187309557e-02 2.889589337546765238e-02
-1.529999999999979110e+01 1.594922011140538151e-02 3.001682588306772009e-02
-1.519999999999978968e+01 1.640482150127433453e-02 3.122965547058998911e-02
-1.509999999999978826e+01 1.687553302121886853e-02 3.254564872038093887e-02
-1.499999999999978684e+01 1.736024481805580402e-02 3.397789271300151459e-02
-1.489999999999978542e+01 1.785711193341777206e-02 3.554165462878744464e-02
-1.479999999999978400e+01 1.836326739047453027e-02 3.725482276877666726e-02
-1.469999999999978257e+01 1.887442276618161996e-02 3.913844837873150379e-02
-1.459999999999978115e+01 1.938430857327450019e-02 4.121741154283444647e-02
-1.449999999999977973e+01 1.988388470454597462e-02 4.352123804550881575e-02
-1.439999999999977831e+01 2.036021806211806701e-02 4.608509613091565926e-02
-1.429999999999977689e+01 2.079487446447097002e-02 4.895099956490228665e-02
-1.419999999999977547e+01 2.116159608060719580e-02 5.216923012503379281e-02
-1.409999999999977405e+01 2.142292065195593870e-02 5.579995590614608703e-02
-1.399999999999977263e+01 2.152522553091940766e-02 5.991493593884021640e-02
-1.389999999999977121e+01 2.139142325983467083e-02 6.459901510971240157e-02
-1.379999999999976978e+01 2.091017138975343609e-02 6.995072421114392758e-02
-1.369999999999976836e+01 1.991998800198005112e-02 7.608050925644438411e-02
-1.359999999999976694e+01 1.818619151108046006e-02 8.310354698937258422e-02
-1.349999999999976552e+01 1.536854549498760034e-02 9.112110072038807906e-02
-1.339999999999976410e+01 1.097923462982645752e-02 1.001789540833243758e-01
-1.329999999999976268e+01 4.337890198109602136e-03 1.101828622432796528e-01
-1.319999999999976126e+01 -5.449201017700924798e-03 1.207414200817535921e-01
-1.309999999999975984e+01 -1.941191988967065282e-02 1.309108376640504001e-01
-1.299999999999975842e+01 -3.839219799589824872e-02 1.388806985319412379e-01
-1.289999999999975699e+01 -6.229802635256312393e-02 1.418483815415804150e-01
-1.279999999999975557e+01 -8.905541930034527320e-02 1.366506626246335454e-01
-1.269999999999975415e+01 -1.142186811159811161e-01 1.215720280723902730e-01
-1.259999999999975273e+01 -1.325932166152004321e-01 9.827789807456614735e-02
-1.249999999999975131e+01 -1.412353135193182563e-01 7.149720355070675326e-02
-1.239999999999974989e+01 -1.408241235993176188e-01 4.624247048256528020e-02
-1.229999999999974847e+01 -1.342703595202991707e-01 2.545900404303316419e-02
-1.219999999999974705e+01 -1.246350442835554573e-01 9.819538031919351762e-03
-1.209999999999974563e+01 -1.140873630928644772e-01 -1.298590020464185976e-03
-1.199999999999974420e+01 -1.038414056088663023e-01 -8.914758369395292190e-03
-1.189999999999974278e+01 -9.444865957269862888e-02 -1.398808897319690769e-02
-1.179999999999974136e+01 -8.608525523073042029e-02 -1.727443260757501736e-02
-1.169999999999973994e+01 -7.874199725617198053e-02 -1.932455185399412426e-02
-1.159999999999973852e+01 -7.233071883459916973e-02 -2.052538375528941902e-02
-1.149999999999973710e+01 -6.673814962251371774e-02 -2.114452199857176640e-02
-1.139999999999973568e+01 -6.185094271995944526e-02 -2.136612678709314678e-02
-1.129999999999973426e+01 -5.756598448151874214e-02 -2.131704282437598547e-02
-1.119999999999973284e+01 -5.379360712856042642e-02 -2.108495170718382647e-02
-1.109999999999973141e+01 -5.045759531231705508e-02 -2.073074415025923448e-02
-1.099999999999972999e+01 -4.749389846534250031e-02 -2.029689854959316683e-02
-1.089999999999972857e+01 -4.484895191672331333e-02 -1.981315859157777026e-02
-1.079999999999972715e+01 -4.247800901505369153e-02 -1.930039799968837066e-02
-1.069999999999972573e+01 -4.034364406236500694e-02 -1.877326867901556173e-02
-1.059999999999972431e+01 -3.841447235815175637e-02 -1.824202911753156769e-02
-1.049999999999972289e+01 -3.666408352123050329e-02 -1.771381692898401500e-02
-1.039999999999972147e+01 -3.507016466013233857e-02 -1.719354160181651991e-02
-1.029999999999972005e+01 -3.361378460434511634e-02 -1.668451562119838139e-02
-1.019999999999971863e+01 -3.227881129475584226e-02 -1.618890385564093065e-02
-1.009999999999971720e+01 -3.105143771368364808e-02 -1.570804565860772078e-02
-9.999999999999715783e+00 -2.991979562265185272e-02 -1.524268710751863938e-02
-9.899999999999714362e+00 -2.887364009022946876e-02 -1.479314931637527343e-02
-9.799999999999712941e+00 -2.790409104050592046e-02 -1.435945094646072159e-02
-9.699999999999711520e+00 -2.700342076867302821e-02 -1.394139768228272805e-02
-9.599999999999710099e+00 -2.616487858490952959e-02 -1.353864773534857631e-02
-9.499999999999708677e+00 -2.538254552802096664e-02 -1.315075985574871986e-02
-9.399999999999707256e+00 -2.465121350974506728e-02 -1.277722851685847601e-02
-9.299999999999705835e+00 -2.396628437765886688e-02 -1.241750965370181682e-02
-9.199999999999704414e+00 -2.332368527797668706e-02 -1.207103941931103770e-02
-9.099999999999702993e+00 -2.271979740768830663e-02 -1.173724776551662852e-02
-8.999999999999701572e+00 -2.215139580752446477e-02 -1.141556817909166605e-02
-8.899999999999700151e+00 -2.161559829420317894e-02 -1.110544455836628454e-02
-8.799999999999698730e+00 -2.110982198678123742e-02 -1.080633596248220182e-02
-8.699999999999697309e+00 -2.063174616691323612e-02 -1.051771977943193742e-02
-8.599999999999695888e+00 -2.017928044144190122e-02 -1.023909372152588364e-02
-8.499999999999694467e+00 -1.975053735977363306e-02 -9.969976954819544795e-03
-8.399999999999693046e+00 -1.934380878714579352e-02 -9.709910592878309363e-03
-8.299999999999691624e+00 -1.895754545539309749e-02 -9.458457728237851941e-03
-8.199999999999690203e+00 -1.859033921084767352e-02 -9.215203132075940398e-03
-8.099999999999688782e+00 -1.824090755903522848e-02 -8.979752720321572054e-03
-7.999999999999687361e+00 -1.790808017139210867e-02 -8.751732860024705879e-03
-7.899999999999685940e+00 -1.759078707312605044e-02 -8.530789571327392073e-03
-7.799999999999684519e+00 -1.728804827580313064e-02 -8.316587666353129210e-03
-7.699999999999683098e+00 -1.699896465504027732e-02 -8.108809855678102835e-03
-7.599999999999681677e+00 -1.672270990423708331e-02 -7.907155844949109724e-03
-7.499999999999680256e+00 -1.645852342073297198e-02 -7.711341438056995221e-03
-7.399999999999678835e+00 -1.620570400204374845e-02 -7.521097658597805657e-03
-7.299999999999677414e+00 -1.596360424765801839e-02 -7.336169897807656368e-03
-7.199999999999675993e+00 -1.573162557685936491e-02 -7.156317094474989177e-03
-7.099999999999674571e+00 -1.550921378567436323e-02 -6.981310950313310802e-03
-6.999999999999673150e+00 -1.529585507672829095e-02 -6.810935182764042348e-03
-6.899999999999671729e+00 -1.509107250484589997e-02 -6.644984816074062974e-03
-6.799999999999670308e+00 -1.489442278893261459e-02 -6.483265510665327941e-03
-6.699999999999668887e+00 -1.470549344723177422e-02 -6.325592930214741713e-03
-6.599999999999667466e+00 -1.452390021865894443e-02 -6.171792145437107399e-03
-6.499999999999666045e+00 -1.434928473771533534e-02 -6.021697073271679856e-03
-6.399999999999664624e+00 -1.418131243460431928e-02 -5.875149949980935579e-03
-6.299999999999663203e+00 -1.401967063572223671e-02 -5.732000836554515012e-03
-6.199999999999661782e+00 -1.386406684275429298e-02 -5.592107154752551726e-03
-6.099999999999660361e+00 -1.371422717125100714e-02 -5.455333252106193270e-03
-5.999999999999658939e+00 -1.356989493185173715e-02 -5.321549994207697143e-03
-5.899999999999657518e+00 -1.343082933931077222e-02 -5.190634382659421904e-03
-5.799999999999656097e+00 -1.329680433621137706e-02 -5.062469197103537481e-03
-5.699999999999654676e+00 -1.316760751976115730e-02 -4.936942659817320292e-03
-5.599999999999653255e+00 -1.304303916137888701e-02 -4.813948121428691940e-03
-5.499999999999651834e+00 -1.292291130993500348e-02 -4.693383766380041650e-03
-5.399999999999650413e+00 -1.280704697051789076e-02 -4.575152336843423678e-03
-5.299999999999648992e+00 -1.269527935148473050e-02 -4.459160873865089872e-03
-5.199999999999647571e+00 -1.258745117333587987e-02 -4.345320474591047623e-03
-5.099999999999646150e+00 -1.248341403363883474e-02 -4.233546064496786741e-03
-4.999999999999644729e+00 -1.238302782283468711e-02 -4.123756183613302637e-03
-4.899999999999643308e+00 -1.228616018629609050e-02 -4.015872785807290957e-03
-4.799999999999641886e+00 -1.219268602848071550e-02 -3.909821050235916945e-03
-4.699999999999640465e+00 -1.210248705544523726e-02 -3.805529204155759342e-03
-4.599999999999639044e+00 -1.201545135235890238e-02 -3.702928356321124378e-03
-4.499999999999637623e+00 -1.193147299298846428e-02 -3.601952340259360463e-03
-4.399999999999636202e+00 -1.185045167842254180e-02 -3.502537566759645737e-03
-4.299999999999634781e+00 -1.177229240256790800e-02 -3.404622884957684333e-03
-4.199999999999633360e+00 -1.169690514218622510e-02 -3.308149451441321203e-03
-4.099999999999631939e+00 -1.162420456945113291e-02 -3.213060606841998748e-03
-3.999999999999630518e+00 -1.155410978519467308e-02 -3.119301759413981023e-03
-3.899999999999629097e+00 -1.148654407118175798e-02 -3.026820275137688619e-03
-3.799999999999627676e+00 -1.142143465990386533e-02 -2.935565373915522466e-03
-3.699999999999626255e+00 -1.135871252051997952e-02 -2.845488031458195174e-03
-3.599999999999624833e+00 -1.129831215969638591e-02 -2.756540886487158885e-03
-3.499999999999623412e+00 -1.124017143620797618e-02 -2.668678152904259849e-03
-3.399999999999621991e+00 -1.118423138826413199e-02 -2.581855536603393751e-03
-3.299999999999620570e+00 -1.113043607261296475e-02 -2.496030156620919569e-03
-3.199999999999619149e+00 -1.107873241455972421e-02 -2.411160470341869918e-03
-3.099999999999617728e+00 -1.102907006810949740e-02 -2.327206202497837575e-03
-2.999999999999616307e+00 -1.098140128551171671e-02 -2.244128277709870906e-03
-2.899999999999614886e+00 -1.093568079554519713e-02 -2.161888756345809164e-03
-2.799999999999613465e+00 -1.089186568993803957e-02 -2.080450773476474023e-03
-2.699999999999612044e+00 -1.084991531736734932e-02 -1.999778480728953839e-03
-2.599999999999610623e+00 -1.080979118452985582e-02 -1.919836990848021972e-03
-2.499999999999609201e+00 -1.077145686381657773e-02 -1.840592324788572175e-03
-2.399999999999607780e+00 -1.073487790716316434e-02 -1.762011361172951748e-03
-2.299999999999606359e+00 -1.070002176568264282e-02 -1.684061787957189665e-03
-2.199999999999604938e+00 -1.066685771471954577e-02 -1.606712056159482170e-03
-2.099999999999603517e+00 -1.063535678399386147e-02 -1.529931335513046164e-03
-1.999999999999602096e+00 -1.060549169253045647e-02 -1.453689471913365353e-03
-1.899999999999600675e+00 -1.057723678809445456e-02 -1.377956946537345524e-03
-1.799999999999599254e+00 -1.055056799087610020e-02 -1.302704836518672055e-03
-1.699999999999597833e+00 -1.052546274118982411e-02 -1.227904777070007447e-03
-1.599999999999596412e+00 -1.050189995097172008e-02 -1.153528924948432968e-03
-1.499999999999594991e+00 -1.047985995887796770e-02 -1.079549923165936016e-03
-1.399999999999593570e+00 -1.045932448880335791e-02 -1.005940866851623774e-03
-1.299999999999592148e+00 -1.044027661165486398e-02 -9.326752701768487724e-04
-1.199999999999590727e+00 -1.042270071022972401e-02 -8.597270342586092046e-04
-1.099999999999589306e+00 -1.040658244706111658e-02 -7.870704159603052197e-04
-9.999999999995878852e-01 -1.039190873510728585e-02 -7.146799975124174670e-04
-8.999999999995864641e-01 -1.037866771117195580e-02 -6.425306568787576486e-04
-7.999999999995850430e-01 -1.036684871195513342e-02 -5.705975387967892470e-04
-6.999999999995836220e-01 -1.035644225264411786e-02 -4.988560264230432195e-04
-5.999999999995822009e-01 -1.034744000796461103e-02 -4.272817135168999192e-04
-4.999999999995807798e-01 -1.033983479562152787e-02 -3.558503770980528738e-04
-3.999999999995793587e-01 -1.033362056206828944e-02 -2.845379505146987051e-04
-2.999999999995779376e-01 -1.032879237055226232e-02 -2.133204968609962726e-04
-1.999999999995765165e-01 -1.032534639139256506e-02 -1.421741826836721290e-04
-9.999999999957509544e-02 -1.032327989445477184e-02 -7.107525191868760417e-05
4.263256414560601115e-13 -1.032259124379511853e-02 3.027092465579528380e-16
1.000000000004277467e-01 -1.032327989445478572e-02 7.107525191929302266e-05
2.000000000004291678e-01 -1.032534639139258761e-02 1.421741826842784148e-04
3.000000000004305889e-01 -1.032879237055229701e-02 2.133204968616025585e-04
4.000000000004320100e-01 -1.033362056206833454e-02 2.845379505153058583e-04
5.000000000004334311e-01 -1.033983479562158511e-02 3.558503770986617618e-04
6.000000000004348522e-01 -1.034744000796468215e-02 4.272817135175088071e-04
7.000000000004362732e-01 -1.035644225264420112e-02 4.988560264236547095e-04
8.000000000004376943e-01 -1.036684871195522883e-02 5.705975387974016044e-04
9.000000000004391154e-01 -1.037866771117206162e-02 6.425306568793700060e-04
1.000000000000440536e+00 -1.039190873510740382e-02 7.146799975130332938e-04
1.100000000000441958e+00 -1.040658244706124669e-02 7.870704159609236486e-04
1.200000000000443379e+00 -1.042270071022986799e-02 8.597270342592285008e-04
1.300000000000444800e+00 -1.044027661165502011e-02 9.326752701774715382e-04
1.400000000000446221e+00 -1.045932448880352618e-02 1.005940866852250010e-03
1.500000000000447642e+00 -1.047985995887814811e-02 1.079549923166564854e-03
1.600000000000449063e+00 -1.050189995097191437e-02 1.153528924949063540e-03
1.700000000000450484e+00 -1.052546274119003228e-02 1.227904777070642356e-03
1.800000000000451905e+00 -1.055056799087632224e-02 1.302704836519312168e-03
1.900000000000453326e+00 -1.057723678809468874e-02 1.377956946537989107e-03
2.000000000000454747e+00 -1.060549169253070627e-02 1.453689471914014139e-03
2.100000000000456168e+00 -1.063535678399412342e-02 1.529931335513698420e-03
2.200000000000457590e+00 -1.066685771471982160e-02 1.606712056160139630e-03
2.300000000000459011e+00 -1.070002176568293425e-02 1.684061787957851462e-03
2.400000000000460432e+00 -1.073487790716346618e-02 1.762011361173620484e-03
2.500000000000461853e+00 -1.077145686381689518e-02 1.840592324789244380e-03
2.600000000000463274e+00 -1.080979118453018889e-02 1.919836990848700249e-03
2.700000000000464695e+00 -1.084991531736769974e-02 1.999778480729640789e-03
2.800000000000466116e+00 -1.089186568993840559e-02 2.080450773477165310e-03
2.900000000000467537e+00 -1.093568079554557877e-02 2.161888756346507390e-03
3.000000000000468958e+00 -1.098140128551211570e-02 2.244128277710576939e-03
3.100000000000470379e+00 -1.102907006810991547e-02 2.327206202498550112e-03
3.200000000000471800e+00 -1.107873241456015789e-02 2.411160470342590262e-03
3.300000000000473221e+00 -1.113043607261341231e-02 2.496030156621648153e-03
3.400000000000474643e+00 -1.118423138826459863e-02 2.581855536604128840e-03
3.500000000000476064e+00 -1.124017143620846364e-02 2.668678152905004479e-03
3.600000000000477485e+00 -1.129831215969689245e-02 2.756540886487913056e-03
3.700000000000478906e+00 -1.135871252052050341e-02 2.845488031458958886e-03
3.800000000000480327e+00 -1.142143465990441177e-02 2.935565373916295285e-03
3.900000000000481748e+00 -1.148654407118232523e-02 3.026820275138471846e-03
4.000000000000483169e+00 -1.155410978519525941e-02 3.119301759414775093e-03
4.100000000000484590e+00 -1.162420456945174353e-02 3.213060606842804093e-03
4.200000000000486011e+00 -1.169690514218685827e-02 3.308149451442137824e-03
4.300000000000487432e+00 -1.177229240256856199e-02 3.404622884958513965e-03
4.400000000000488853e+00 -1.185045167842322181e-02 3.502537566760487078e-03
4.500000000000490274e+00 -1.193147299298916511e-02 3.601952340260213513e-03
4.600000000000491696e+00 -1.201545135235963443e-02 3.702928356321993474e-03
4.700000000000493117e+00 -1.210248705544599360e-02 3.805529204156639714e-03
4.800000000000494538e+00 -1.219268602848149786e-02 3.909821050236814664e-03
4.900000000000495959e+00 -1.228616018629690061e-02 4.015872785808201686e-03
5.000000000000497380e+00 -1.238302782283552672e-02 4.123756183614230714e-03
5.100000000000498801e+00 -1.248341403363970731e-02 4.233546064497729564e-03
5.200000000000500222e+00 -1.258745117333678193e-02 4.345320474592009527e-03
5.300000000000501643e+00 -1.269527935148566898e-02 4.459160873866069991e-03
5.400000000000503064e+00 -1.280704697051886047e-02 4.575152336844419410e-03
5.500000000000504485e+00 -1.292291130993601135e-02 4.693383766381059065e-03
5.600000000000505906e+00 -1.304303916137992958e-02 4.813948121429728437e-03
5.700000000000507328e+00 -1.316760751976223803e-02 4.936942659818376739e-03
5.800000000000508749e+00 -1.329680433621249769e-02 5.062469197104619949e-03
5.900000000000510170e+00 -1.343082933931193622e-02 5.190634382660526923e-03
6.000000000000511591e+00 -1.356989493185294798e-02 5.321549994208826448e-03
6.100000000000513012e+00 -1.371422717125226134e-02 5.455333252107348596e-03
6.200000000000514433e+00 -1.386406684275559228e-02 5.592107154753731338e-03
6.300000000000515854e+00 -1.401967063572358806e-02 5.732000836555721512e-03
6.400000000000517275e+00 -1.418131243460572267e-02 5.875149949982172437e-03
6.500000000000518696e+00 -1.434928473771679945e-02 6.021697073272946205e-03
6.600000000000520117e+00 -1.452390021866046405e-02 6.171792145438404972e-03
6.700000000000521538e+00 -1.470549344723335455e-02 6.325592930216067909e-03
6.800000000000522959e+00 -1.489442278893425911e-02 6.483265510666690566e-03
6.900000000000524381e+00 -1.509107250484760694e-02 6.644984816075457691e-03
7.000000000000525802e+00 -1.529585507673007078e-02 6.810935182765476964e-03
7.100000000000527223e+00 -1.550921378567621939e-02 6.981310950314782715e-03
7.200000000000528644e+00 -1.573162557686130086e-02 7.156317094476503590e-03
7.300000000000530065e+00 -1.596360424766003760e-02 7.336169897809210680e-03
7.400000000000531486e+00 -1.620570400204585787e-02 7.521097658599405072e-03
7.500000000000532907e+00 -1.645852342073517161e-02 7.711341438058639738e-03
7.600000000000534328e+00 -1.672270990423938702e-02 7.907155844950802814e-03
7.700000000000535749e+00 -1.699896465504268511e-02 8.108809855679847967e-03
7.800000000000537170e+00 -1.728804827580565293e-02 8.316587666354929853e-03
7.900000000000538591e+00 -1.759078707312869069e-02 8.530789571329244758e-03
8.000000000000540012e+00 -1.790808017139487729e-02 8.751732860026621014e-03
8.100000000000541434e+00 -1.824090755903813588e-02 8.979752720323546170e-03
8.200000000000542855e+00 -1.859033921085072663e-02 9.215203132077982168e-03
8.300000000000544276e+00 -1.895754545539630673e-02 9.458457728239959630e-03
8.400000000000545697e+00 -1.934380878714917623e-02 9.709910592880489910e-03
8.500000000000547118e+00 -1.975053735977718578e-02 9.969976954821799936e-03
8.600000000000548539e+00 -2.017928044144565516e-02 1.023909372152821858e-02
8.700000000000549960e+00 -2.063174616691720517e-02 1.051771977943435389e-02
8.800000000000551381e+00 -2.110982198678542851e-02 1.080633596248470676e-02
8.900000000000552802e+00 -2.161559829420761636e-02 1.110544455836888315e-02
9.000000000000554223e+00 -2.215139580752917281e-02 1.141556817909435660e-02
9.100000000000555644e+00 -2.271979740769330611e-02 1.173724776551942489e-02
9.200000000000557066e+00 -2.332368527798199184e-02 1.207103941931393642e-02
9.300000000000558487e+00 -2.396628437766452208e-02 1.241750965370482830e-02
9.400000000000559908e+00 -2.465121350975110065e-02 1.277722851686160024e-02
9.500000000000561329e+00 -2.538254552802740940e-02 1.315075985575196379e-02
9.600000000000562750e+00 -2.616487858491643725e-02 1.353864773535194688e-02
9.700000000000564171e+00 -2.700342076868043895e-02 1.394139768228623046e-02
9.800000000000565592e+00 -2.790409104051388284e-02 1.435945094646435237e-02
9.900000000000567013e+00 -2.887364009023805217e-02 1.479314931637904125e-02
1.000000000000056843e+01 -2.991979562266111961e-02 1.524268710752253730e-02
1.010000000000056986e+01 -3.105143771369368519e-02 1.570804565861175228e-02
1.020000000000057128e+01 -3.227881129476675021e-02 1.618890385564509746e-02
1.030000000000057270e+01 -3.361378460435698878e-02 1.668451562120266615e-02
1.040000000000057412e+01 -3.507016466014532124e-02 1.719354160182091223e-02
1.050000000000057554e+01 -3.666408352124473496e-02 1.771381692898849058e-02
1.060000000000057696e+01 -3.841447235816740358e-02 1.824202911753609879e-02
1.070000000000057838e+01 -4.034364406238228479e-02 1.877326867902008936e-02
1.080000000000057980e+01 -4.247800901507284982e-02 1.930039799969281850e-02
1.090000000000058122e+01 -4.484895191674464349e-02 1.981315859158204115e-02
1.100000000000058265e+01 -4.749389846536634929e-02 2.029689854959711506e-02
1.110000000000058407e+01 -5.045759531234383921e-02 2.073074415026264841e-02
1.120000000000058549e+01 -5.379360712859062449e-02 2.108495170718639386e-02
1.130000000000058691e+01 -5.756598448155297865e-02 2.131704282437728651e-02
1.140000000000058833e+01 -6.185094271999841409e-02 2.136612678709255697e-02
1.150000000000058975e+01 -6.673814962255822381e-02 2.114452199856839756e-02
1.160000000000059117e+01 -7.233071883465017060e-02 2.052538375528197359e-02
1.170000000000059259e+01 -7.874199725623047541e-02 1.932455185398072525e-02
1.180000000000059401e+01 -8.608525523079732511e-02 1.727443260755292739e-02
1.190000000000059543e+01 -9.444865957277440160e-02 1.398808897316219067e-02
1.200000000000059686e+01 -1.038414056089504711e-01 8.914758369342428226e-03
1.210000000000059828e+01 -1.140873630929542804e-01 1.298590020385800761e-03
1.220000000000059970e+01 -1.246350442836438172e-01 -9.819538032032056746e-03
1.230000000000060112e+01 -1.342703595203720290e-01 -2.545900404318816868e-02
1.240000000000060254e+01 -1.408241235993520080e-01 -4.624247048276391298e-02
1.250000000000060396e+01 -1.412353135192863651e-01 -7.149720355093464041e-02
1.260000000000060538e+01 -1.325932166150837199e-01 -9.827789807478748418e-02
1.270000000000060680e+01 -1.142186811157889087e-01 -1.215720280725589714e-01
1.280000000000060822e+01 -8.905541930011627583e-02 -1.366506626247196154e-01
1.290000000000060965e+01 -6.229802635234238384e-02 -1.418483815415857996e-01
1.300000000000061107e+01 -3.839219799571418068e-02 -1.388806985318900566e-01
1.310000000000061249e+01 -1.941191988953102493e-02 -1.309108376639697424e-01
1.320000000000061391e+01 -5.449201017601142637e-03 -1.207414200816633726e-01
1.330000000000061533e+01 4.337890198178227796e-03 -1.101828622431911264e-01
1.340000000000061675e+01 1.097923462987237045e-02 -1.001789540832428022e-01
1.350000000000061817e+01 1.536854549501751044e-02 -9.112110072031529007e-02
1.360000000000061959e+01 1.818619151109929916e-02 -8.310354698930860762e-02
1.370000000000062101e+01 1.991998800199126091e-02 -7.608050925638848438e-02
1.380000000000062244e+01 2.091017138975943476e-02 -6.995072421109514715e-02
1.390000000000062386e+01 2.139142325983710638e-02 -6.459901510966975513e-02
1.400000000000062528e+01 2.152522553091941113e-02 -5.991493593880283658e-02
1.410000000000062670e+01 2.142292065195429765e-02 -5.579995590611317585e-02
1.420000000000062812e+01 2.116159608060445840e-02 -5.216923012500469803e-02
1.430000000000062954e+01 2.079487446446750057e-02 -4.895099956487641846e-02
1.440000000000063096e+01 2.036021806211415347e-02 -4.608509613089257356e-02
1.450000000000063238e+01 1.988388470454179047e-02 -4.352123804548812397e-02
1.460000000000063380e+01 1.938430857327018420e-02 -4.121741154281580860e-02
1.470000000000063523e+01 1.887442276617725886e-02 -3.913844837871464227e-02
1.480000000000063665e+01 1.836326739047018305e-02 -3.725482276876136006e-02
1.490000000000063807e+01 1.785711193341350117e-02 -3.554165462877350440e-02
1.500000000000063949e+01 1.736024481805161640e-02 -3.397789271298876784e-02
1.510000000000064091e+01 1.687553302121479540e-02 -3.254564872036924683e-02
1.520000000000064233e+01 1.640482150127037589e-02 -3.122965547057921648e-02
1.530000000000064375e+01 1.594922011140155818e-02 -3.001682588305778360e-02
1.540000000000064517e+01 1.550931086186941102e-02 -2.889589337545845835e-02
1.550000000000064659e+01 1.508529837454981870e-02 -2.785711786593444289e-02
1.560000000000064801e+01 1.467711953831465910e-02 -2.689204462544702787e-02
1.570000000000064944e+01 1.428452367285646535e-02 -2.599330575964332521e-02
1.580000000000065086e+01 1.390713124844496912e-02 -2.515445615339950702e-02
1.590000000000065228e+01 1.354447692997829376e-02 -2.436983735619711530e-02
1.600000000000065370e+01 1.319604110793903828e-02 -2.363446419575629398e-02
1.610000000000065512e+01 1.286127293906628305e-02 -2.294392994602119720e-02
1.620000000000065654e+01 1.253960710471890144e-02 -2.229432669879035864e-02
1.630000000000065796e+01 1.223047590842982202e-02 -2.168217824103731151e-02
1.640000000000065938e+01 1.193331790932644632e-02 -2.110438325835745088e-02
1.650000000000066080e+01 1.164758397850082158e-02 -2.055816709758431782e-02
1.660000000000066223e+01 1.137274143851741900e-02 -2.004104065092351949e-02
1.670000000000066365e+01 1.110827677907560984e-02 -1.955076518757935949e-02
1.680000000000066507e+01 1.085369731807036414e-02 -1.908532217058940897e-02
1.690000000000066649e+01 1.060853208523555337e-02 -1.864288726723105014e-02
1.700000000000066791e+01 1.037233213679879945e-02 -1.822180789937885223e-02
1.710000000000066933e+01 1.014467045803121859e-02 -1.782058379220841787e-02
1.720000000000067075e+01 9.925141571802319207e-03 -1.743785007088173231e-02
1.730000000000067217e+01 9.713360941997805156e-03 -1.707236252942760310e-02
1.740000000000067359e+01 9.508964238532679678e-03 -1.672298475720320268e-02
1.750000000000067502e+01 9.311606513922793260e-03 -1.638867685867296045e-02
1.760000000000067644e+01 9.120961328647952948e-03 -1.606848554382274072e-02
1.770000000000067786e+01 8.936719852866294167e-03 -1.576153540098241407e-02
1.780000000000067928e+01 8.758589964685347881e-03 -1.546702119247217629e-02
1.790000000000068070e+01 8.586295359605762567e-03 -1.518420103737353616e-02
1.800000000000068212e+01 8.419574681509847669e-03 -1.491239036570684781e-02
1.810000000000068354e+01 8.258180682351470847e-03 -1.465095654506190503e-02
1.820000000000068496e+01 8.101879415274446106e-03 -1.439931409483594452e-02
1.830000000000068638e+01 7.950449464060201782e-03 -1.415692041513914520e-02
1.840000000000068781e+01 7.803681210440420978e-03 -1.392327196750371351e-02
1.850000000000068923e+01 7.661376139799338028e-03 -1.369790085308250117e-02
1.860000000000069065e+01 7.523346185050517644e-03 -1.348037174129792723e-02
1.870000000000069207e+01 7.389413107940190698e-03 -1.327027910810733152e-02
1.880000000000069349e+01 7.259407916655056386e-03 -1.306724474835739905e-02
1.890000000000069491e+01 7.133170318358647913e-03 -1.287091553124940224e-02
1.900000000000069633e+01 7.010548205117834303e-03 -1.268096137184564730e-02
1.910000000000069775e+01 6.891397171587380216e-03 -1.249707339491416304e-02
1.920000000000069917e+01 6.775580062778106295e-03 -1.231896227031441943e-02
1.930000000000070060e+01 6.662966550229970294e-03 -1.214635670164072173e-02
1.940000000000070202e+01 6.553432734934664869e-03 -1.197900205201922648e-02
1.950000000000070344e+01 6.446860775395535544e-03 -1.181665909284762214e-02
1.960000000000070486e+01 6.343138539269339155e-03 -1.165910286291442152e-02
1.970000000000070628e+01 6.242159277100350206e-03 -1.150612162677223937e-02
1.980000000000070770e+01 6.143821316728557275e-03 -1.135751592249515524e-02
1.990000000000070912e+01 6.048027777028100807e-03 -1.121309769005005702e-02
2.000000000000071054e+01 5.954686299707250170e-03 -1.107268947247610005e-02
2.010000000000071196e+01 5.863708797975875076e-03 -1.093612368291387200e-02
2.020000000000071338e+01 5.775011220959485117e-03 -1.080324193127156322e-02
2.030000000000071481e+01 5.688513332809597665e-03 -1.067389440497297851e-02
2.040000000000071623e+01 5.604138505528182511e-03 -1.054793929881288859e-02
2.050000000000071765e+01 5.521813524588648978e-03 -1.042524228945871864e-02
2.060000000000071907e+01 5.441468406497329373e-03 -1.030567605059264612e-02
2.070000000000072049e+01 5.363036227497354133e-03 -1.018911980509165302e-02
2.080000000000072191e+01 5.286452962671522871e-03 -1.007545891100198633e-02
2.090000000000072333e+01 5.211657334751915172e-03 -9.964584478383447727e-03
2.100000000000072475e+01 5.138590671992037708e-03 -9.856393014383471596e-03
2.110000000000072617e+01 5.067196774502071357e-03 -9.750786094154714409e-03
2.120000000000072760e+01 4.997421788489594952e-03 -9.647670055456674526e-03
2.130000000000072902e+01 4.929214087887155357e-03 -9.546955714984838026e-03
2.140000000000073044e+01 4.862524162884258178e-03 -9.448558104652548043e-03
2.150000000000073186e+01 4.797304514915059874e-03 -9.352396226214044692e-03
2.160000000000073328e+01 4.733509557684399856e-03 -9.258392822763472640e-03
2.170000000000073470e+01 4.671095523843808717e-03 -9.166474165776461111e-03
2.180000000000073612e+01 4.610020376956240791e-03 -9.076569856479485901e-03
2.190000000000073754e+01 4.550243728413197637e-03 -8.988612640439121865e-03
2.200000000000073896e+01 4.491726758991231548e-03 -8.902538234359748393e-03
2.210000000000074039e+01 4.434432144756377328e-03 -8.818285164165497528e-03
2.220000000000074181e+01 4.378323987044974337e-03 -8.735794613520973459e-03
2.230000000000074323e+01 4.323367746267991682e-03 -8.655010282016763548e-03
2.240000000000074465e+01 4.269530179303082477e-03 -8.575878252310294506e-03
2.250000000000074607e+01 4.216779280254606341e-03 -8.498346865571451692e-03
2.260000000000074749e+01 4.165084224376626107e-03 -8.422366604635475942e-03
2.270000000000074891e+01 4.114415314967673210e-03 -8.347889984314333864e-03
2.280000000000075033e+01 4.064743933058747455e-03 -8.274871448361616547e-03
2.290000000000075175e+01 4.016042489727937072e-03 -8.203267272626357451e-03
2.300000000000075318e+01 3.968284380885997095e-03 -8.133035473967676135e-03
2.310000000000075460e+01 3.921443944387410438e-03 -8.064135724535560074e-03
2.320000000000075602e+01 3.875496419330994816e-03 -7.996529271053683455e-03
2.330000000000075744e+01 3.830417907422895094e-03 -7.930178858767945177e-03
2.340000000000075886e+01 3.786185336283001517e-03 -7.865048659749997173e-03
2.350000000000076028e+01 3.742776424583484432e-03 -7.801104205268388769e-03
2.360000000000076170e+01 3.700169648915177349e-03 -7.738312321961320246e-03
2.370000000000076312e+01 3.658344212284193701e-03 -7.676641071564708693e-03
2.380000000000076454e+01 3.617280014147269789e-03 -7.616059693967224507e-03
2.390000000000076597e+01 3.576957621900050087e-03 -7.556538553380552116e-03
2.400000000000076739e+01 3.537358243737908324e-03 -7.498049087428383663e-03
2.410000000000076881e+01 3.498463702813784867e-03 -7.440563758971559076e-03
2.420000000000077023e+01 3.460256412622243760e-03 -7.384056010499798900e-03
2.430000000000077165e+01 3.422719353543198471e-03 -7.328500220932236860e-03
2.440000000000077307e+01 3.385836050482846343e-03 -7.273871664679991932e-03
2.450000000000077449e+01 3.349590551553084834e-03 -7.220146472834103671e-03
2.460000000000077591e+01 3.313967407734195493e-03 -7.167301596351469128e-03
2.470000000000077733e+01 3.278951653468893147e-03 -7.115314771120105457e-03
2.480000000000077875e+01 3.244528788138886614e-03 -7.064164484792956160e-03
2.490000000000078018e+01 3.210684758377962099e-03 -7.013829945286912185e-03
2.500000000000078160e+01 3.177405941178310968e-03 -6.964291050850487941e-03
2.510000000000078302e+01 3.144679127749308578e-03 -6.915528361609990862e-03
2.520000000000078444e+01 3.112491508090322635e-03 -6.867523072509800625e-03
2.530000000000078586e+01 3.080830656241318778e-03 -6.820256987567913098e-03
2.540000000000078728e+01 3.049684516177097147e-03 -6.773712495372875841e-03
2.550000000000078870e+01 3.019041388312938314e-03 -6.727872545752966449e-03
2.560000000000079012e+01 2.988889916591230649e-03 -6.682720627552840922e-03
2.570000000000079154e+01 2.959219076120361662e-03 -6.638240747456901174e-03
2.580000000000079297e+01 2.930018161338760439e-03 -6.594417409802381252e-03
2.590000000000079439e+01 2.901276774678458910e-03 -6.551235597328762712e-03
2.600000000000079581e+01 2.872984815703950000e-03 -6.508680752813253770e-03
2.610000000000079723e+01 2.845132470703448657e-03 -6.466738761545230176e-03
2.620000000000079865e+01 2.817710202710903365e-03 -6.425395934595323419e-03
2.630000000000080007e+01 2.790708741938257610e-03 -6.384638992837492547e-03
2.640000000000080149e+01 2.764119076598574049e-03 -6.344455051684895659e-03
2.650000000000080291e+01 2.737932444101660607e-03 -6.304831606502702551e-03
2.660000000000080433e+01 2.712140322604804886e-03 -6.265756518663114991e-03
2.670000000000080576e+01 2.686734422902146112e-03 -6.227218002209886430e-03
2.680000000000080718e+01 2.661706680637064733e-03 -6.189204611101561948e-03
2.690000000000080860e+01 2.637049248822802457e-03 -6.151705227004347978e-03
2.700000000000081002e+01 2.612754490657231976e-03 -6.114709047607235284e-03
2.710000000000081144e+01 2.588814972618526562e-03 -6.078205575433531273e-03
2.720000000000081286e+01 2.565223457829027449e-03 -6.042184607124368931e-03
2.730000000000081428e+01 2.541972899675345923e-03 -6.006636223171202965e-03
2.740000000000081570e+01 2.519056435673300374e-03 -5.971550778075465984e-03
2.750000000000081712e+01 2.496467381566874061e-03 -5.936918890914868151e-03
2.760000000000081855e+01 2.474199225650897116e-03 -5.902731436296851548e-03
2.770000000000081997e+01 2.452245623307702793e-03 -5.868979535680831153e-03
2.780000000000082139e+01 2.430600391748451161e-03 -5.835654549051808374e-03
2.790000000000082281e+01 2.409257504950294837e-03 -5.802748066928891182e-03
2.800000000000082423e+01 2.388211088780977688e-03 -5.770251902693098768e-03
2.810000000000082565e+01 2.367455416302885474e-03 -5.738158085219735929e-03
2.820000000000082707e+01 2.346984903248902632e-03 -5.706458851801265997e-03
2.830000000000082849e+01 2.326794103662869172e-03 -5.675146641347474964e-03
2.840000000000082991e+01 2.306877705697710050e-03 -5.644214087850296310e-03
2.850000000000083134e+01 2.287230527564667205e-03 -5.613654014101411918e-03
2.860000000000083276e+01 2.267847513627374925e-03 -5.583459425651264053e-03
2.870000000000083418e+01 2.248723730634804609e-03 -5.553623504998747400e-03
2.880000000000083560e+01 2.229854364087380768e-03 -5.524139606001380112e-03
2.890000000000083702e+01 2.211234714730845978e-03 -5.495001248496249845e-03
2.900000000000083844e+01 2.192860195172690544e-03 -5.466202113122536378e-03
2.910000000000083986e+01 2.174726326616205525e-03 -5.437736036336842695e-03
2.920000000000084128e+01 2.156828735707449346e-03 -5.409597005613030370e-03
2.930000000000084270e+01 2.139163151490612071e-03 -5.381779154818627266e-03
2.940000000000084412e+01 2.121725402467491278e-03 -5.354276759760298772e-03
2.950000000000084555e+01 2.104511413756956963e-03 -5.327084233891190429e-03
2.960000000000084697e+01 2.087517204350507107e-03 -5.300196124173355700e-03
2.970000000000084839e+01 2.070738884460129187e-03 -5.273607107088735917e-03
2.980000000000084981e+01 2.054172652954918375e-03 -5.247311984792543682e-03
2.990000000000085123e+01 2.037814794882997736e-03 -5.221305681403134308e-03
